   0.101148E-04   0.194936E+08   0.194936E+08   0.259776E+08   0.259776E+08   0.000000E+00   0.194936E+08   0.194936E+08   0.194981E+08  -0.464194E+00   0.982692E+07   0.982692E+07   0.680198E-02
   0.161830E-04   0.194936E+08   0.194936E+08   0.259560E+08   0.259559E+08   0.000000E+00   0.194936E+08   0.194936E+08   0.194981E+08  -0.464193E+00   0.982691E+07   0.982691E+07   0.108824E-01
   0.258918E-04   0.194935E+08   0.194935E+08   0.259006E+08   0.259004E+08   0.000000E+00   0.194935E+08   0.194935E+08   0.194980E+08  -0.464191E+00   0.982688E+07   0.982688E+07   0.174097E-01
   0.414254E-04   0.194934E+08   0.194934E+08   0.257594E+08   0.257590E+08   0.000000E+00   0.194934E+08   0.194934E+08   0.194978E+08  -0.464186E+00   0.982679E+07   0.982679E+07   0.278482E-01
   0.662782E-04   0.194929E+08   0.194929E+08   0.254012E+08   0.254001E+08   0.000000E+00   0.194929E+08   0.194929E+08   0.194973E+08  -0.464173E+00   0.982657E+07   0.982657E+07   0.445302E-01
   0.106041E-03   0.194918E+08   0.194918E+08   0.245048E+08   0.245020E+08   0.000000E+00   0.194918E+08   0.194918E+08   0.194961E+08  -0.464140E+00   0.982601E+07   0.982601E+07   0.711427E-01
   0.169659E-03   0.194890E+08   0.194890E+08   0.223400E+08   0.223340E+08   0.000000E+00   0.194890E+08   0.194890E+08   0.194929E+08  -0.464056E+00   0.982458E+07   0.982458E+07   0.113411E+00
   0.271445E-03   0.194820E+08   0.194820E+08   0.175721E+08   0.175622E+08   0.000000E+00   0.194820E+08   0.194820E+08   0.194851E+08  -0.463851E+00   0.982099E+07   0.982099E+07   0.179846E+00
   0.434296E-03   0.194649E+08   0.194648E+08   0.933078E+07   0.932881E+07   0.000000E+00   0.194649E+08   0.194649E+08   0.194665E+08  -0.463369E+00   0.981218E+07   0.981218E+07   0.281965E+00
   0.694848E-03   0.194250E+08   0.194250E+08   0.199653E+07   0.203483E+07   0.000000E+00   0.194250E+08   0.194250E+08   0.194254E+08  -0.462333E+00   0.979178E+07   0.979178E+07   0.433603E+00
   0.111171E-02   0.193400E+08   0.193398E+08   0.682607E+06   0.720902E+06   0.000000E+00   0.193399E+08   0.193399E+08   0.193401E+08  -0.460270E+00   0.974847E+07   0.974847E+07   0.653908E+00
   0.177868E-02   0.191712E+08   0.191707E+08   0.991580E+05  -0.182191E+06   0.000000E+00   0.191711E+08   0.191711E+08   0.191711E+08  -0.456239E+00   0.966317E+07   0.966316E+07   0.973912E+00
   0.284578E-02   0.188550E+08   0.188537E+08  -0.255623E+05  -0.699902E+05   0.000000E+00   0.188548E+08   0.188548E+08   0.188548E+08  -0.448707E+00   0.950365E+07   0.950364E+07   0.143564E+01
   0.455307E-02   0.182935E+08   0.182904E+08  -0.202486E+05  -0.265261E+05   0.000000E+00   0.182930E+08   0.182930E+08   0.182930E+08  -0.435336E+00   0.922045E+07   0.922042E+07   0.209208E+01
   0.728465E-02   0.173402E+08   0.173326E+08  -0.831175E+04  -0.982197E+04   0.000000E+00   0.173390E+08   0.173390E+08   0.173390E+08  -0.412632E+00   0.873957E+07   0.873951E+07   0.299017E+01
   0.109270E-01   0.160323E+08   0.160166E+08  -0.422600E+04  -0.403574E+04   0.000000E+00   0.160299E+08   0.160299E+08   0.160299E+08  -0.381477E+00   0.807972E+07   0.807960E+07   0.393074E+01
   0.145693E-01   0.147242E+08   0.146992E+08  -0.425974E+03  -0.208467E+04   0.000000E+00   0.147203E+08   0.147203E+08   0.147203E+08  -0.350313E+00   0.741967E+07   0.741947E+07   0.456949E+01
   0.182116E-01   0.134370E+08   0.134026E+08  -0.206604E+03  -0.121740E+04   0.000000E+00   0.134316E+08   0.134316E+08   0.134316E+08  -0.319643E+00   0.677010E+07   0.676983E+07   0.490411E+01
   0.218539E-01   0.122070E+08   0.121644E+08  -0.200776E+03  -0.767928E+03   0.000000E+00   0.122003E+08   0.122003E+08   0.122003E+08  -0.290341E+00   0.614949E+07   0.614916E+07   0.494763E+01
   0.254963E-01   0.110661E+08   0.110175E+08  -0.158045E+03  -0.511398E+03   0.000000E+00   0.110585E+08   0.110585E+08   0.110585E+08  -0.263169E+00   0.557399E+07   0.557363E+07   0.473499E+01
   0.291386E-01   0.100411E+08   0.998911E+07  -0.154605E+03  -0.355231E+03   0.000000E+00   0.100329E+08   0.100329E+08   0.100329E+08  -0.238762E+00   0.505705E+07   0.505667E+07   0.431879E+01
   0.327809E-01   0.914810E+07   0.909565E+07  -0.110949E+03  -0.255694E+03   0.000000E+00   0.913985E+07   0.913985E+07   0.913985E+07  -0.217509E+00   0.460692E+07   0.460655E+07   0.376304E+01
   0.364232E-01   0.839155E+07   0.834126E+07  -0.667056E+02  -0.189976E+03   0.000000E+00   0.838364E+07   0.838364E+07   0.838364E+07  -0.199513E+00   0.422575E+07   0.422540E+07   0.313552E+01
   0.400656E-01   0.776414E+07   0.771809E+07  -0.530532E+02  -0.145267E+03   0.000000E+00   0.775690E+07   0.775690E+07   0.775690E+07  -0.184598E+00   0.390984E+07   0.390954E+07   0.250027E+01
   0.437079E-01   0.724811E+07   0.720761E+07  -0.113957E+03  -0.113957E+03   0.000000E+00   0.724174E+07   0.724174E+07   0.724174E+07  -0.172338E+00   0.365017E+07   0.364992E+07   0.191144E+01
   0.473502E-01   0.682559E+07   0.679111E+07  -0.914456E+02  -0.914458E+02   0.000000E+00   0.682017E+07   0.682017E+07   0.682017E+07  -0.162306E+00   0.343767E+07   0.343747E+07   0.140830E+01
   0.509925E-01   0.646581E+07   0.643701E+07  -0.746984E+02  -0.746986E+02   0.000000E+00   0.646128E+07   0.646128E+07   0.646128E+07  -0.153765E+00   0.325677E+07   0.325662E+07   0.101444E+01
   0.546349E-01   0.614547E+07   0.612138E+07  -0.618514E+02  -0.618515E+02   0.000000E+00   0.614168E+07   0.614168E+07   0.614168E+07  -0.146159E+00   0.309567E+07   0.309555E+07   0.736684E+00
   0.582772E-01   0.584785E+07   0.582713E+07  -0.517316E+02  -0.517317E+02   0.000000E+00   0.584459E+07   0.584459E+07   0.584459E+07  -0.139089E+00   0.294593E+07   0.294583E+07   0.567394E+00
   0.619195E-01   0.555937E+07   0.554054E+07  -0.435650E+02  -0.435651E+02   0.000000E+00   0.555641E+07   0.555641E+07   0.555641E+07  -0.132231E+00   0.280067E+07   0.280058E+07   0.488466E+00
   0.655618E-01   0.527262E+07   0.525433E+07  -0.368542E+02  -0.368543E+02   0.000000E+00   0.526975E+07   0.526975E+07   0.526975E+07  -0.125409E+00   0.265618E+07   0.265609E+07   0.475397E+00
   0.692042E-01   0.498578E+07   0.496699E+07  -0.312762E+02  -0.312763E+02   0.000000E+00   0.498282E+07   0.498282E+07   0.498282E+07  -0.118581E+00   0.251156E+07   0.251146E+07   0.501676E+00
   0.728465E-01   0.470286E+07   0.468298E+07  -0.266234E+02  -0.266235E+02   0.000000E+00   0.469973E+07   0.469973E+07   0.469973E+07  -0.111844E+00   0.236887E+07   0.236876E+07   0.542547E+00
   0.764888E-01   0.443103E+07   0.440993E+07  -0.227508E+02  -0.227508E+02   0.000000E+00   0.442771E+07   0.442771E+07   0.442771E+07  -0.105370E+00   0.223177E+07   0.223164E+07   0.577973E+00
   0.810154E-01   0.412033E+07   0.409812E+07  -0.188558E+02  -0.188559E+02   0.000000E+00   0.411684E+07   0.411684E+07   0.411684E+07  -0.979722E-01   0.207508E+07   0.207493E+07   0.594622E+00
   0.855421E-01   0.384933E+07   0.382695E+07  -0.157997E+02  -0.157997E+02   0.000000E+00   0.384581E+07   0.384581E+07   0.384581E+07  -0.915223E-01   0.193847E+07   0.193832E+07   0.571288E+00
   0.900687E-01   0.362259E+07   0.360118E+07  -0.134118E+02  -0.134119E+02   0.000000E+00   0.361922E+07   0.361922E+07   0.361922E+07  -0.861300E-01   0.182426E+07   0.182412E+07   0.511247E+00
   0.945953E-01   0.343860E+07   0.341911E+07  -0.115418E+02  -0.115418E+02   0.000000E+00   0.343553E+07   0.343553E+07   0.343553E+07  -0.817585E-01   0.173167E+07   0.173154E+07   0.427509E+00
   0.991220E-01   0.328954E+07   0.327254E+07  -0.100567E+02  -0.100567E+02   0.000000E+00   0.328687E+07   0.328687E+07   0.328687E+07  -0.782206E-01   0.165673E+07   0.165663E+07   0.337209E+00
   0.103649E+00   0.316288E+07   0.314841E+07  -0.884405E+01  -0.884407E+01   0.000000E+00   0.316061E+07   0.316061E+07   0.316061E+07  -0.752159E-01   0.159309E+07   0.159301E+07   0.256389E+00
   0.108175E+00   0.304537E+07   0.303302E+07  -0.781827E+01  -0.781829E+01   0.000000E+00   0.304343E+07   0.304343E+07   0.304343E+07  -0.724273E-01   0.153402E+07   0.153396E+07   0.196211E+00
   0.112702E+00   0.292704E+07   0.291608E+07  -0.692327E+01  -0.692329E+01   0.000000E+00   0.292532E+07   0.292532E+07   0.292532E+07  -0.696164E-01   0.147449E+07   0.147443E+07   0.161190E+00
   0.117228E+00   0.280297E+07   0.279260E+07  -0.612774E+01  -0.612775E+01   0.000000E+00   0.280134E+07   0.280134E+07   0.280134E+07  -0.666660E-01   0.141200E+07   0.141194E+07   0.149432E+00
   0.121755E+00   0.267311E+07   0.266265E+07  -0.541724E+01  -0.541725E+01   0.000000E+00   0.267146E+07   0.267146E+07   0.267146E+07  -0.635753E-01   0.134654E+07   0.134648E+07   0.154377E+00
   0.126282E+00   0.254116E+07   0.253018E+07  -0.478699E+01  -0.478700E+01   0.000000E+00   0.253943E+07   0.253943E+07   0.253943E+07  -0.604331E-01   0.127999E+07   0.127992E+07   0.167286E+00
   0.130808E+00   0.241277E+07   0.240117E+07  -0.423573E+01  -0.423574E+01   0.000000E+00   0.241095E+07   0.241095E+07   0.241095E+07  -0.573755E-01   0.121523E+07   0.121516E+07   0.179730E+00
   0.135335E+00   0.229363E+07   0.228160E+07  -0.376148E+01  -0.376149E+01   0.000000E+00   0.229173E+07   0.229173E+07   0.229173E+07  -0.545385E-01   0.115514E+07   0.115506E+07   0.185502E+00
   0.139862E+00   0.218801E+07   0.217594E+07  -0.335963E+01  -0.335964E+01   0.000000E+00   0.218611E+07   0.218611E+07   0.218611E+07  -0.520248E-01   0.110190E+07   0.110182E+07   0.181600E+00
   0.144388E+00   0.209808E+07   0.208643E+07  -0.302271E+01  -0.302271E+01   0.000000E+00   0.209625E+07   0.209625E+07   0.209625E+07  -0.498864E-01   0.105661E+07   0.105653E+07   0.168251E+00
   0.148915E+00   0.202338E+07   0.201252E+07  -0.274062E+01  -0.274063E+01   0.000000E+00   0.202167E+07   0.202167E+07   0.202167E+07  -0.481115E-01   0.101901E+07   0.101895E+07   0.148178E+00
   0.153442E+00   0.196067E+07   0.195083E+07  -0.250142E+01  -0.250143E+01   0.000000E+00   0.195912E+07   0.195912E+07   0.195912E+07  -0.466230E-01   0.987485E+06   0.987428E+06   0.125427E+00
   0.157968E+00   0.190499E+07   0.189620E+07  -0.229323E+01  -0.229323E+01   0.000000E+00   0.190361E+07   0.190361E+07   0.190361E+07  -0.453020E-01   0.959505E+06   0.959456E+06   0.104108E+00
   0.162495E+00   0.185151E+07   0.184361E+07  -0.210650E+01  -0.210650E+01   0.000000E+00   0.185027E+07   0.185027E+07   0.185027E+07  -0.440325E-01   0.932617E+06   0.932574E+06   0.873571E-01
   0.167021E+00   0.179685E+07   0.178957E+07  -0.193506E+01  -0.193507E+01   0.000000E+00   0.179571E+07   0.179571E+07   0.179571E+07  -0.427341E-01   0.905115E+06   0.905077E+06   0.767511E-01
   0.171548E+00   0.173938E+07   0.173239E+07  -0.177563E+01  -0.177563E+01   0.000000E+00   0.173828E+07   0.173828E+07   0.173828E+07  -0.413674E-01   0.876169E+06   0.876132E+06   0.722172E-01
   0.176075E+00   0.167895E+07   0.167199E+07  -0.162692E+01  -0.162692E+01   0.000000E+00   0.167786E+07   0.167786E+07   0.167786E+07  -0.399295E-01   0.845713E+06   0.845675E+06   0.723607E-01
   0.180601E+00   0.161686E+07   0.160975E+07  -0.148915E+01  -0.148915E+01   0.000000E+00   0.161575E+07   0.161575E+07   0.161575E+07  -0.384514E-01   0.814407E+06   0.814367E+06   0.750360E-01
   0.185128E+00   0.155556E+07   0.154825E+07  -0.136343E+01  -0.136343E+01   0.000000E+00   0.155441E+07   0.155441E+07   0.155441E+07  -0.369917E-01   0.783493E+06   0.783449E+06   0.779858E-01
   0.189655E+00   0.149776E+07   0.149030E+07  -0.125080E+01  -0.125080E+01   0.000000E+00   0.149659E+07   0.149659E+07   0.149659E+07  -0.356156E-01   0.754347E+06   0.754301E+06   0.793954E-01
   0.194181E+00   0.144543E+07   0.143797E+07  -0.115144E+01  -0.115145E+01   0.000000E+00   0.144425E+07   0.144425E+07   0.144425E+07  -0.343702E-01   0.727969E+06   0.727923E+06   0.782391E-01
   0.198708E+00   0.139934E+07   0.139205E+07  -0.106451E+01  -0.106452E+01   0.000000E+00   0.139819E+07   0.139819E+07   0.139819E+07  -0.332741E-01   0.704754E+06   0.704709E+06   0.743717E-01
   0.203234E+00   0.135923E+07   0.135227E+07  -0.988464E+00  -0.988466E+00   0.000000E+00   0.135813E+07   0.135813E+07   0.135813E+07  -0.323208E-01   0.684561E+06   0.684520E+06   0.683879E-01
   0.207761E+00   0.132402E+07   0.131750E+07  -0.921386E+00  -0.921388E+00   0.000000E+00   0.132300E+07   0.132300E+07   0.132300E+07  -0.314846E-01   0.666851E+06   0.666812E+06   0.613357E-01
   0.212288E+00   0.129209E+07   0.128603E+07  -0.861256E+00  -0.861258E+00   0.000000E+00   0.129114E+07   0.129114E+07   0.129114E+07  -0.307264E-01   0.650792E+06   0.650758E+06   0.543799E-01
   0.216814E+00   0.126160E+07   0.125595E+07  -0.806209E+00  -0.806210E+00   0.000000E+00   0.126071E+07   0.126071E+07   0.126071E+07  -0.300024E-01   0.635456E+06   0.635424E+06   0.484996E-01
   0.221341E+00   0.123102E+07   0.122569E+07  -0.754834E+00  -0.754836E+00   0.000000E+00   0.123018E+07   0.123018E+07   0.123018E+07  -0.292757E-01   0.620066E+06   0.620036E+06   0.442840E-01
   0.225868E+00   0.119948E+07   0.119434E+07  -0.706312E+00  -0.706314E+00   0.000000E+00   0.119867E+07   0.119867E+07   0.119867E+07  -0.285258E-01   0.604181E+06   0.604153E+06   0.418591E-01
   0.230394E+00   0.116681E+07   0.116175E+07  -0.660338E+00  -0.660340E+00   0.000000E+00   0.116601E+07   0.116601E+07   0.116601E+07  -0.277487E-01   0.587722E+06   0.587694E+06   0.409393E-01
   0.234921E+00   0.113346E+07   0.112840E+07  -0.616971E+00  -0.616972E+00   0.000000E+00   0.113266E+07   0.113266E+07   0.113266E+07  -0.269550E-01   0.570912E+06   0.570883E+06   0.409677E-01
   0.239447E+00   0.110030E+07   0.109520E+07  -0.576478E+00  -0.576480E+00   0.000000E+00   0.109950E+07   0.109950E+07   0.109950E+07  -0.261658E-01   0.554196E+06   0.554167E+06   0.412938E-01
   0.243974E+00   0.106839E+07   0.106327E+07  -0.539170E+00  -0.539172E+00   0.000000E+00   0.106759E+07   0.106759E+07   0.106759E+07  -0.254063E-01   0.538112E+06   0.538081E+06   0.413412E-01
   0.248501E+00   0.103862E+07   0.103352E+07  -0.505217E+00  -0.505218E+00   0.000000E+00   0.103782E+07   0.103782E+07   0.103782E+07  -0.246979E-01   0.523108E+06   0.523078E+06   0.407297E-01
   0.253027E+00   0.101144E+07   0.100643E+07  -0.474547E+00  -0.474548E+00   0.000000E+00   0.101065E+07   0.101065E+07   0.101065E+07  -0.240514E-01   0.509415E+06   0.509385E+06   0.393287E-01
   0.257554E+00   0.986840E+06   0.981975E+06  -0.446874E+00  -0.446874E+00   0.000000E+00   0.986075E+06   0.986075E+06   0.986075E+06  -0.234665E-01   0.497026E+06   0.496998E+06   0.372409E-01
   0.262081E+00   0.964464E+06   0.959793E+06  -0.421789E+00  -0.421790E+00   0.000000E+00   0.963729E+06   0.963729E+06   0.963729E+06  -0.229347E-01   0.485763E+06   0.485736E+06   0.347336E-01
   0.266607E+00   0.943750E+06   0.939292E+06  -0.398841E+00  -0.398842E+00   0.000000E+00   0.943049E+06   0.943049E+06   0.943049E+06  -0.224426E-01   0.475339E+06   0.475313E+06   0.321452E-01
   0.271134E+00   0.924024E+06   0.919769E+06  -0.377580E+00  -0.377581E+00   0.000000E+00   0.923354E+06   0.923354E+06   0.923354E+06  -0.219739E-01   0.465412E+06   0.465388E+06   0.297911E-01
   0.275661E+00   0.904633E+06   0.900550E+06  -0.357621E+00  -0.357621E+00   0.000000E+00   0.903991E+06   0.903991E+06   0.903991E+06  -0.215131E-01   0.455652E+06   0.455628E+06   0.278935E-01
   0.280187E+00   0.885122E+06   0.881165E+06  -0.338695E+00  -0.338696E+00   0.000000E+00   0.884500E+06   0.884500E+06   0.884500E+06  -0.210492E-01   0.445827E+06   0.445805E+06   0.265438E-01
   0.284714E+00   0.865335E+06   0.861458E+06  -0.320678E+00  -0.320678E+00   0.000000E+00   0.864725E+06   0.864725E+06   0.864725E+06  -0.205787E-01   0.435860E+06   0.435838E+06   0.257025E-01
   0.289240E+00   0.845392E+06   0.841561E+06  -0.303556E+00  -0.303557E+00   0.000000E+00   0.844790E+06   0.844790E+06   0.844790E+06  -0.201042E-01   0.425812E+06   0.425790E+06   0.252310E-01
   0.293767E+00   0.825588E+06   0.821780E+06  -0.287376E+00  -0.287377E+00   0.000000E+00   0.824990E+06   0.824990E+06   0.824990E+06  -0.196330E-01   0.415832E+06   0.415810E+06   0.249411E-01
   0.298294E+00   0.806277E+06   0.802489E+06  -0.272198E+00  -0.272198E+00   0.000000E+00   0.805681E+06   0.805681E+06   0.805681E+06  -0.191735E-01   0.406099E+06   0.406077E+06   0.246470E-01
   0.302820E+00   0.787794E+06   0.784038E+06  -0.258064E+00  -0.258064E+00   0.000000E+00   0.787203E+06   0.787203E+06   0.787203E+06  -0.187338E-01   0.396786E+06   0.396764E+06   0.242076E-01
   0.307347E+00   0.770384E+06   0.766682E+06  -0.244980E+00  -0.244981E+00   0.000000E+00   0.769802E+06   0.769802E+06   0.769802E+06  -0.183197E-01   0.388015E+06   0.387993E+06   0.235506E-01
   0.311874E+00   0.754143E+06   0.750518E+06  -0.232905E+00  -0.232905E+00   0.000000E+00   0.753573E+06   0.753573E+06   0.753573E+06  -0.179335E-01   0.379834E+06   0.379813E+06   0.226770E-01
   0.316400E+00   0.738994E+06   0.735467E+06  -0.221744E+00  -0.221744E+00   0.000000E+00   0.738440E+06   0.738440E+06   0.738440E+06  -0.175733E-01   0.372207E+06   0.372186E+06   0.216477E-01
   0.320927E+00   0.724728E+06   0.721307E+06  -0.211373E+00  -0.211374E+00   0.000000E+00   0.724190E+06   0.724190E+06   0.724190E+06  -0.172342E-01   0.365024E+06   0.365004E+06   0.205578E-01
   0.325453E+00   0.711071E+06   0.707758E+06  -0.201663E+00  -0.201663E+00   0.000000E+00   0.710550E+06   0.710550E+06   0.710550E+06  -0.169096E-01   0.358149E+06   0.358130E+06   0.195084E-01
   0.329980E+00   0.697771E+06   0.694556E+06  -0.192500E+00  -0.192501E+00   0.000000E+00   0.697266E+06   0.697266E+06   0.697266E+06  -0.165935E-01   0.351453E+06   0.351435E+06   0.185809E-01
   0.334507E+00   0.684643E+06   0.681509E+06  -0.183802E+00  -0.183802E+00   0.000000E+00   0.684150E+06   0.684150E+06   0.684150E+06  -0.162813E-01   0.344842E+06   0.344824E+06   0.178213E-01
   0.339033E+00   0.671585E+06   0.668516E+06  -0.175514E+00  -0.175515E+00   0.000000E+00   0.671103E+06   0.671103E+06   0.671103E+06  -0.159708E-01   0.338266E+06   0.338248E+06   0.172352E-01
   0.343560E+00   0.658587E+06   0.655567E+06  -0.167611E+00  -0.167612E+00   0.000000E+00   0.658112E+06   0.658112E+06   0.658112E+06  -0.156617E-01   0.331718E+06   0.331701E+06   0.167934E-01
   0.348087E+00   0.645712E+06   0.642729E+06  -0.160087E+00  -0.160088E+00   0.000000E+00   0.645243E+06   0.645243E+06   0.645243E+06  -0.153554E-01   0.325231E+06   0.325214E+06   0.164441E-01
   0.352613E+00   0.633078E+06   0.630128E+06  -0.152950E+00  -0.152951E+00   0.000000E+00   0.632614E+06   0.632614E+06   0.632614E+06  -0.150549E-01   0.318866E+06   0.318849E+06   0.161287E-01
   0.357140E+00   0.620820E+06   0.617904E+06  -0.146210E+00  -0.146210E+00   0.000000E+00   0.620361E+06   0.620361E+06   0.620361E+06  -0.147633E-01   0.312690E+06   0.312673E+06   0.157962E-01
   0.361667E+00   0.609044E+06   0.606168E+06  -0.139868E+00  -0.139869E+00   0.000000E+00   0.608592E+06   0.608592E+06   0.608592E+06  -0.144832E-01   0.306758E+06   0.306741E+06   0.154131E-01
   0.366193E+00   0.597808E+06   0.594980E+06  -0.133915E+00  -0.133915E+00   0.000000E+00   0.597364E+06   0.597364E+06   0.597364E+06  -0.142160E-01   0.301098E+06   0.301082E+06   0.149684E-01
   0.370720E+00   0.587108E+06   0.584334E+06  -0.128326E+00  -0.128326E+00   0.000000E+00   0.586671E+06   0.586671E+06   0.586671E+06  -0.139616E-01   0.295709E+06   0.295693E+06   0.144718E-01
   0.375246E+00   0.576886E+06   0.574172E+06  -0.123068E+00  -0.123068E+00   0.000000E+00   0.576459E+06   0.576459E+06   0.576459E+06  -0.137185E-01   0.290561E+06   0.290545E+06   0.139475E-01
   0.379773E+00   0.567051E+06   0.564400E+06  -0.118104E+00  -0.118104E+00   0.000000E+00   0.566634E+06   0.566634E+06   0.566634E+06  -0.134847E-01   0.285609E+06   0.285594E+06   0.134259E-01
   0.384300E+00   0.557505E+06   0.554913E+06  -0.113397E+00  -0.113397E+00   0.000000E+00   0.557098E+06   0.557098E+06   0.557098E+06  -0.132578E-01   0.280802E+06   0.280787E+06   0.129355E-01
   0.388826E+00   0.548162E+06   0.545624E+06  -0.108916E+00  -0.108916E+00   0.000000E+00   0.547763E+06   0.547763E+06   0.547763E+06  -0.130356E-01   0.276097E+06   0.276083E+06   0.124962E-01
   0.393353E+00   0.538966E+06   0.536476E+06  -0.104638E+00  -0.104638E+00   0.000000E+00   0.538575E+06   0.538575E+06   0.538575E+06  -0.128170E-01   0.271466E+06   0.271451E+06   0.121162E-01
   0.397880E+00   0.529892E+06   0.527442E+06  -0.100549E+00  -0.100549E+00   0.000000E+00   0.529506E+06   0.529506E+06   0.529506E+06  -0.126011E-01   0.266895E+06   0.266881E+06   0.117920E-01
   0.402406E+00   0.520943E+06   0.518529E+06  -0.966391E-01  -0.966393E-01   0.000000E+00   0.520563E+06   0.520563E+06   0.520563E+06  -0.123883E-01   0.262387E+06   0.262373E+06   0.115107E-01
   0.406933E+00   0.512151E+06   0.509769E+06  -0.929060E-01  -0.929062E-01   0.000000E+00   0.511776E+06   0.511776E+06   0.511776E+06  -0.121792E-01   0.257958E+06   0.257944E+06   0.112551E-01
   0.411459E+00   0.503562E+06   0.501211E+06  -0.893489E-01  -0.893491E-01   0.000000E+00   0.503193E+06   0.503193E+06   0.503193E+06  -0.119749E-01   0.253632E+06   0.253618E+06   0.110076E-01
   0.415986E+00   0.495219E+06   0.492899E+06  -0.859664E-01  -0.859666E-01   0.000000E+00   0.494854E+06   0.494854E+06   0.494854E+06  -0.117765E-01   0.249429E+06   0.249415E+06   0.107545E-01
   0.420513E+00   0.487144E+06   0.484859E+06  -0.827538E-01  -0.827540E-01   0.000000E+00   0.486785E+06   0.486785E+06   0.486785E+06  -0.115845E-01   0.245361E+06   0.245348E+06   0.104884E-01
   0.425039E+00   0.479345E+06   0.477096E+06  -0.797038E-01  -0.797039E-01   0.000000E+00   0.478992E+06   0.478992E+06   0.478992E+06  -0.113990E-01   0.241433E+06   0.241420E+06   0.102083E-01
   0.429566E+00   0.471813E+06   0.469602E+06  -0.768067E-01  -0.768068E-01   0.000000E+00   0.471465E+06   0.471465E+06   0.471465E+06  -0.112199E-01   0.237639E+06   0.237627E+06   0.991928E-02
   0.434093E+00   0.464523E+06   0.462351E+06  -0.740512E-01  -0.740514E-01   0.000000E+00   0.464181E+06   0.464181E+06   0.464181E+06  -0.110465E-01   0.233968E+06   0.233956E+06   0.962942E-02
   0.438619E+00   0.457439E+06   0.455306E+06  -0.714247E-01  -0.714248E-01   0.000000E+00   0.457104E+06   0.457104E+06   0.457104E+06  -0.108781E-01   0.230401E+06   0.230388E+06   0.934787E-02
   0.443146E+00   0.450522E+06   0.448425E+06  -0.689150E-01  -0.689151E-01   0.000000E+00   0.450192E+06   0.450192E+06   0.450192E+06  -0.107136E-01   0.226917E+06   0.226905E+06   0.908233E-02
   0.447672E+00   0.443740E+06   0.441679E+06  -0.665120E-01  -0.665121E-01   0.000000E+00   0.443416E+06   0.443416E+06   0.443416E+06  -0.105524E-01   0.223502E+06   0.223490E+06   0.883741E-02
   0.452199E+00   0.437079E+06   0.435049E+06  -0.642084E-01  -0.642085E-01   0.000000E+00   0.436760E+06   0.436760E+06   0.436760E+06  -0.103940E-01   0.220146E+06   0.220135E+06   0.861404E-02
   0.456726E+00   0.430532E+06   0.428532E+06  -0.619992E-01  -0.619993E-01   0.000000E+00   0.430218E+06   0.430218E+06   0.430218E+06  -0.102383E-01   0.216849E+06   0.216837E+06   0.840985E-02
   0.461252E+00   0.424105E+06   0.422132E+06  -0.598808E-01  -0.598809E-01   0.000000E+00   0.423795E+06   0.423795E+06   0.423795E+06  -0.100854E-01   0.213612E+06   0.213600E+06   0.822018E-02
   0.465779E+00   0.417807E+06   0.415860E+06  -0.578505E-01  -0.578506E-01   0.000000E+00   0.417501E+06   0.417501E+06   0.417501E+06  -0.993566E-02   0.210439E+06   0.210428E+06   0.803948E-02
   0.470306E+00   0.411651E+06   0.409730E+06  -0.559061E-01  -0.559062E-01   0.000000E+00   0.411349E+06   0.411349E+06   0.411349E+06  -0.978925E-02   0.207338E+06   0.207327E+06   0.786267E-02
   0.474832E+00   0.405648E+06   0.403753E+06  -0.540455E-01  -0.540456E-01   0.000000E+00   0.405350E+06   0.405350E+06   0.405350E+06  -0.964649E-02   0.204315E+06   0.204304E+06   0.768611E-02
   0.479359E+00   0.399804E+06   0.397935E+06  -0.522656E-01  -0.522657E-01   0.000000E+00   0.399510E+06   0.399510E+06   0.399510E+06  -0.950751E-02   0.201371E+06   0.201360E+06   0.750812E-02
   0.483885E+00   0.394118E+06   0.392276E+06  -0.505627E-01  -0.505628E-01   0.000000E+00   0.393828E+06   0.393828E+06   0.393828E+06  -0.937229E-02   0.198507E+06   0.198496E+06   0.732901E-02
   0.488412E+00   0.388581E+06   0.386766E+06  -0.489327E-01  -0.489328E-01   0.000000E+00   0.388296E+06   0.388296E+06   0.388296E+06  -0.924064E-02   0.195719E+06   0.195708E+06   0.715056E-02
   0.492939E+00   0.383183E+06   0.381395E+06  -0.473708E-01  -0.473709E-01   0.000000E+00   0.382902E+06   0.382902E+06   0.382902E+06  -0.911227E-02   0.193000E+06   0.192989E+06   0.697532E-02
   0.497465E+00   0.377908E+06   0.376146E+06  -0.458723E-01  -0.458724E-01   0.000000E+00   0.377631E+06   0.377631E+06   0.377631E+06  -0.898683E-02   0.190343E+06   0.190333E+06   0.680588E-02
   0.501992E+00   0.372743E+06   0.371007E+06  -0.444331E-01  -0.444332E-01   0.000000E+00   0.372470E+06   0.372470E+06   0.372470E+06  -0.886401E-02   0.187742E+06   0.187732E+06   0.664421E-02
   0.506519E+00   0.367678E+06   0.365966E+06  -0.430494E-01  -0.430495E-01   0.000000E+00   0.367408E+06   0.367408E+06   0.367408E+06  -0.874355E-02   0.185190E+06   0.185180E+06   0.649125E-02
   0.511045E+00   0.362706E+06   0.361018E+06  -0.417183E-01  -0.417184E-01   0.000000E+00   0.362440E+06   0.362440E+06   0.362440E+06  -0.862532E-02   0.182686E+06   0.182676E+06   0.634689E-02
   0.515572E+00   0.357825E+06   0.356159E+06  -0.404374E-01  -0.404375E-01   0.000000E+00   0.357564E+06   0.357564E+06   0.357564E+06  -0.850927E-02   0.180228E+06   0.180218E+06   0.621010E-02
   0.520099E+00   0.353037E+06   0.351393E+06  -0.392049E-01  -0.392050E-01   0.000000E+00   0.352779E+06   0.352779E+06   0.352779E+06  -0.839540E-02   0.177816E+06   0.177807E+06   0.607927E-02
   0.524625E+00   0.348345E+06   0.346721E+06  -0.380191E-01  -0.380191E-01   0.000000E+00   0.348089E+06   0.348089E+06   0.348089E+06  -0.828380E-02   0.175453E+06   0.175443E+06   0.595269E-02
   0.529152E+00   0.343750E+06   0.342147E+06  -0.368785E-01  -0.368785E-01   0.000000E+00   0.343498E+06   0.343498E+06   0.343498E+06  -0.817454E-02   0.173138E+06   0.173129E+06   0.582887E-02
   0.533678E+00   0.339256E+06   0.337673E+06  -0.357815E-01  -0.357816E-01   0.000000E+00   0.339007E+06   0.339007E+06   0.339007E+06  -0.806767E-02   0.170875E+06   0.170866E+06   0.570682E-02
   0.538205E+00   0.334862E+06   0.333300E+06  -0.347265E-01  -0.347266E-01   0.000000E+00   0.334617E+06   0.334617E+06   0.334617E+06  -0.796318E-02   0.168662E+06   0.168653E+06   0.558615E-02
   0.542732E+00   0.330566E+06   0.329024E+06  -0.337115E-01  -0.337116E-01   0.000000E+00   0.330323E+06   0.330323E+06   0.330323E+06  -0.786101E-02   0.166498E+06   0.166489E+06   0.546702E-02
   0.547258E+00   0.326363E+06   0.324841E+06  -0.327346E-01  -0.327346E-01   0.000000E+00   0.326124E+06   0.326124E+06   0.326124E+06  -0.776106E-02   0.164381E+06   0.164372E+06   0.535001E-02
   0.551785E+00   0.322249E+06   0.320746E+06  -0.317937E-01  -0.317938E-01   0.000000E+00   0.322012E+06   0.322012E+06   0.322012E+06  -0.766322E-02   0.162309E+06   0.162300E+06   0.523582E-02
   0.556312E+00   0.318217E+06   0.316734E+06  -0.308871E-01  -0.308872E-01   0.000000E+00   0.317984E+06   0.317984E+06   0.317984E+06  -0.756735E-02   0.160278E+06   0.160269E+06   0.512515E-02
   0.605612E+00   0.278893E+06   0.277593E+06  -0.228422E-01  -0.228423E-01   0.000000E+00   0.278688E+06   0.278688E+06   0.278688E+06  -0.663221E-02   0.140471E+06   0.140464E+06   0.412834E-02
   0.739697E+00   0.203567E+06   0.202618E+06  -0.111761E-01  -0.111761E-01   0.000000E+00   0.203417E+06   0.203417E+06   0.203417E+06  -0.484091E-02   0.102532E+06   0.102526E+06   0.246652E-02
   0.903467E+00   0.147776E+06   0.147088E+06  -0.543838E-02  -0.543840E-02   0.000000E+00   0.147668E+06   0.147668E+06   0.147668E+06  -0.351419E-02   0.744312E+05   0.744272E+05   0.146676E-02
   0.110350E+01   0.106752E+06   0.106254E+06  -0.263344E-02  -0.263344E-02   0.000000E+00   0.106674E+06   0.106674E+06   0.106674E+06  -0.253861E-02   0.537682E+05   0.537653E+05   0.868389E-03
   0.134782E+01   0.767764E+05   0.764187E+05  -0.126957E-02  -0.126958E-02   0.000000E+00   0.767202E+05   0.767202E+05   0.767202E+05  -0.182578E-02   0.386704E+05   0.386683E+05   0.512222E-03
   0.164622E+01   0.549975E+05   0.547412E+05  -0.609614E-03  -0.609616E-03   0.000000E+00   0.549572E+05   0.549572E+05   0.549572E+05  -0.130787E-02   0.277009E+05   0.276994E+05   0.301230E-03
   0.201070E+01   0.392539E+05   0.390710E+05  -0.291661E-03  -0.291661E-03   0.000000E+00   0.392252E+05   0.392252E+05   0.392252E+05  -0.933477E-03   0.197712E+05   0.197702E+05   0.176763E-03
