6.05010507006 0.491293 0.501931 0.502003 0.493293 0.503931 0.504003 10
6.02319862032 0.491269 0.501925 0.501994 0.493269 0.503925 0.503994 10
5.99654864503 0.491249 0.501917 0.501988 0.493249 0.503917 0.503988 10
5.97014439277 0.49123 0.50191 0.501986 0.49323 0.50391 0.503986 10
5.9439890382 0.491215 0.501902 0.50199 0.493215 0.503902 0.50399 10
5.91807660047 0.491194 0.501896 0.502001 0.493194 0.503896 0.504001 10
5.89240348214 0.491169 0.501892 0.501994 0.493169 0.503892 0.503994 10
5.86696615838 0.491152 0.501883 0.501995 0.493152 0.503883 0.503995 10
5.84176117534 0.491131 0.501877 0.501995 0.493131 0.503877 0.503995 10
5.81678514836 0.491112 0.501872 0.501994 0.493112 0.503872 0.503994 10
5.79203476016 0.491091 0.501868 0.501992 0.493091 0.503868 0.503992 10
5.76750675919 0.491074 0.501862 0.501992 0.493074 0.503862 0.503992 10
5.74319795799 0.491055 0.501858 0.50199 0.493055 0.503858 0.50399 10
5.71910523154 0.491036 0.501852 0.501992 0.493036 0.503852 0.503992 10
5.69522551575 0.491017 0.501849 0.501992 0.493017 0.503849 0.503992 10
5.67155580594 0.491 0.501843 0.50199 0.493 0.503843 0.50399 10
5.64809315541 0.490982 0.501839 0.50199 0.492982 0.503839 0.50399 10
5.62483467398 0.490965 0.501833 0.501992 0.492965 0.503833 0.503992 10
5.60177752664 0.490948 0.50183 0.501992 0.492948 0.50383 0.503992 10
5.57891893223 0.490929 0.501826 0.501992 0.492929 0.503826 0.503992 10
5.55625616212 0.490914 0.50182 0.501992 0.492914 0.50382 0.503992 10
5.53378653897 0.490897 0.501814 0.501992 0.492897 0.503814 0.503992 10
5.5115074355 0.490881 0.50181 0.501992 0.492881 0.50381 0.503992 10
5.48941627331 0.490866 0.501807 0.501994 0.492866 0.503807 0.503994 10
5.46751052172 0.490853 0.501803 0.501995 0.492853 0.503803 0.503995 10
5.44578769668 0.490838 0.501799 0.501997 0.492838 0.503799 0.503997 10
5.42424535963 0.490822 0.501797 0.501995 0.492822 0.503797 0.503995 10
5.40288111651 0.490807 0.501793 0.501995 0.492807 0.503793 0.503995 10
5.38169261666 0.49079 0.501791 0.501994 0.49279 0.503791 0.503994 10
5.36067755189 0.490775 0.501788 0.501992 0.492775 0.503788 0.503992 10
5.33983365548 0.490755 0.501786 0.501992 0.492755 0.503786 0.503992 10
5.3191587012 0.490738 0.501782 0.50199 0.492738 0.503782 0.50399 10
5.29865050248 0.490721 0.50178 0.501986 0.492721 0.50378 0.503986 10
5.27830691142 0.490704 0.50178 0.501984 0.492704 0.50378 0.503984 10
5.25812581801 0.490685 0.501778 0.501982 0.492685 0.503778 0.503982 10
5.2381051492 0.490666 0.501778 0.50198 0.492666 0.503778 0.50398 10
5.21824286815 0.490647 0.501778 0.501976 0.492647 0.503778 0.503976 10
5.19853697339 0.490626 0.501778 0.501973 0.492626 0.503778 0.503973 10
5.17898549807 0.490603 0.501778 0.501969 0.492603 0.503778 0.503969 10
5.15958650916 0.490582 0.501778 0.501965 0.492582 0.503778 0.503965 10
5.14033810674 0.490561 0.501776 0.501963 0.492561 0.503776 0.503963 10
5.1212384233 0.490538 0.501776 0.501959 0.492538 0.503776 0.503959 10
5.102285623 0.490517 0.501774 0.501957 0.492517 0.503774 0.503957 10
5.08347790102 0.490494 0.501774 0.501954 0.492494 0.503774 0.503954 10
5.06481348287 0.490469 0.501774 0.501954 0.492469 0.503774 0.503954 10
5.04629062378 0.490446 0.501772 0.501952 0.492446 0.503772 0.503952 10
5.02790760803 0.490422 0.501772 0.50195 0.492422 0.503772 0.50395 10
5.00966274837 0.490397 0.50177 0.501948 0.492397 0.50377 0.503948 10
4.99155534646 0.490372 0.501769 0.501948 0.492372 0.503769 0.503948 10
4.97358088686 0.490347 0.501767 0.501948 0.492347 0.503767 0.503948 10
4.95574064767 0.490323 0.501765 0.501948 0.492323 0.503765 0.503948 10
4.93803208824 0.490298 0.501761 0.501948 0.492298 0.503761 0.503948 10
4.92045365504 0.490273 0.501757 0.50195 0.492273 0.503757 0.50395 10
4.90300381948 0.49025 0.501753 0.50195 0.49225 0.503753 0.50395 10
4.88568107758 0.490227 0.501748 0.501952 0.492227 0.503748 0.503952 10
4.86848394941 0.490206 0.501744 0.501954 0.492206 0.503744 0.503954 10
4.85141097864 0.490185 0.501738 0.501957 0.492185 0.503738 0.503957 10
4.83446073204 0.490164 0.501734 0.501959 0.492164 0.503734 0.503959 10
4.81763179903 0.490143 0.50173 0.501961 0.492143 0.50373 0.503961 10
4.80092279121 0.490122 0.501725 0.501963 0.492122 0.503725 0.503963 10
4.78433234194 0.490103 0.501719 0.501963 0.492103 0.503719 0.503963 10
4.76785910589 0.490082 0.501713 0.501967 0.492082 0.503713 0.503967 10
4.75150175863 0.490063 0.501709 0.501969 0.492063 0.503709 0.503969 10
4.7352589962 0.490044 0.501704 0.501971 0.492044 0.503704 0.503971 10
4.71912953474 0.490025 0.5017 0.501973 0.492025 0.5037 0.503973 10
4.70311211006 0.490004 0.501694 0.501975 0.492004 0.503694 0.503975 10
4.68720547731 0.489985 0.501688 0.501978 0.491985 0.503688 0.503978 10
4.67140841054 0.489968 0.501683 0.501982 0.491968 0.503683 0.503982 10
4.65571970238 0.489949 0.501677 0.501986 0.491949 0.503677 0.503986 10
4.64013816369 0.489933 0.501671 0.501988 0.491933 0.503671 0.503988 10
4.62466262316 0.489916 0.501666 0.501992 0.491916 0.503666 0.503992 10
4.60929192703 0.489903 0.501662 0.501992 0.491903 0.503662 0.503992 10
4.59402493874 0.489891 0.50166 0.501994 0.491891 0.50366 0.503994 10
4.57886053856 0.489878 0.501658 0.501995 0.491878 0.503658 0.503995 10
4.56379762334 0.489865 0.501658 0.501997 0.491865 0.503658 0.503997 10
4.54883510616 0.489851 0.501658 0.501999 0.491851 0.503658 0.503999 10
4.53397191604 0.489838 0.501658 0.502003 0.491838 0.503658 0.504003 10
4.51920699764 0.489823 0.501656 0.502005 0.491823 0.503656 0.504005 10
4.50453931097 0.489809 0.501656 0.502009 0.491809 0.503656 0.504009 10
4.4899678311 0.489794 0.501654 0.502011 0.491794 0.503654 0.504011 10
4.47549154791 0.489779 0.501654 0.502013 0.491779 0.503654 0.504013 10
4.46110946578 0.489766 0.501652 0.502015 0.491766 0.503652 0.504015 10
4.44682060335 0.48975 0.50165 0.502016 0.49175 0.50365 0.504016 10
4.43262399328 0.489733 0.50165 0.502016 0.491733 0.50365 0.504016 10
4.41851868194 0.489716 0.50165 0.502018 0.491716 0.50365 0.504018 10
4.40450372922 0.489699 0.501648 0.502022 0.491699 0.503648 0.504022 10
4.39057820826 0.489682 0.501646 0.502024 0.491682 0.503646 0.504024 10
4.37674120521 0.489664 0.501645 0.502026 0.491664 0.503645 0.504026 10
4.36299181901 0.489645 0.501645 0.502028 0.491645 0.503645 0.504028 10
4.34932916116 0.489624 0.501643 0.502032 0.491624 0.503643 0.504032 10
4.3357523555 0.489602 0.501641 0.502036 0.491602 0.503641 0.504036 10
4.32226053798 0.489579 0.501639 0.502041 0.491579 0.503639 0.504041 10
4.30885285647 0.489556 0.501637 0.502047 0.491556 0.503637 0.504047 10
4.29552847053 0.489533 0.501635 0.502053 0.491533 0.503635 0.504053 10
4.28228655122 0.489512 0.501633 0.502058 0.491512 0.503633 0.504058 10
4.26912628089 0.489489 0.501629 0.502066 0.491489 0.503629 0.504066 10
4.256046853 0.489468 0.501624 0.502074 0.491468 0.503624 0.504074 10
4.24304747191 0.489453 0.501616 0.502079 0.491453 0.503616 0.504079 10
4.23012735271 0.489438 0.501612 0.502081 0.491438 0.503612 0.504081 10
4.21728572103 0.48942 0.50161 0.502083 0.49142 0.50361 0.504083 10
4.20452181286 0.489399 0.501608 0.502085 0.491399 0.503608 0.504085 10
4.19183487436 0.489382 0.501606 0.502089 0.491382 0.503606 0.504089 10
4.17922416173 0.489361 0.501606 0.502091 0.491361 0.503606 0.504091 10
4.16668894099 0.489342 0.501604 0.502093 0.491342 0.503604 0.504093 10
4.15422848784 0.489321 0.501603 0.502095 0.491321 0.503603 0.504095 10
4.14184208752 0.4893 0.501604 0.502097 0.4913 0.503604 0.504097 10
4.12952903459 0.489277 0.501603 0.5021 0.491277 0.503603 0.5041 10
4.11728863285 0.489256 0.501601 0.50211 0.491256 0.503601 0.50411 10
4.10512019513 0.489239 0.501597 0.502116 0.491239 0.503597 0.504116 10
4.09302304316 0.489222 0.501595 0.502119 0.491222 0.503595 0.504119 10
4.08099650744 0.489205 0.501591 0.502123 0.491205 0.503591 0.504123 10
4.06903992706 0.489188 0.501589 0.502125 0.491188 0.503589 0.504125 10
4.05715264959 0.48917 0.501587 0.502131 0.49117 0.503587 0.504131 10
4.04533403096 0.489153 0.501585 0.502137 0.491153 0.503585 0.504137 10
4.03358343525 0.48914 0.501582 0.50214 0.49114 0.503582 0.50414 10
4.02190023464 0.489127 0.50158 0.50214 0.491127 0.50358 0.50414 10
4.01028380925 0.489111 0.501578 0.502146 0.491111 0.503578 0.504146 10
3.99873457221 0.489098 0.501574 0.50215 0.491098 0.503574 0.50415 10
3.98724884333 0.489085 0.501572 0.502152 0.491085 0.503572 0.504152 10
3.97582910177 0.489073 0.501572 0.502152 0.491073 0.503572 0.504152 10
3.96447373261 0.489056 0.501572 0.502154 0.491056 0.503572 0.504154 10
3.95318215387 0.489041 0.501572 0.502154 0.491041 0.503572 0.504154 10
3.9419537907 0.489022 0.501574 0.502158 0.491022 0.503574 0.504158 10
3.93078807532 0.489003 0.501574 0.502158 0.491003 0.503574 0.504158 10
3.91968444696 0.488984 0.501574 0.50216 0.490984 0.503574 0.50416 10
3.90864235171 0.488963 0.501574 0.502163 0.490963 0.503574 0.504163 10
3.89766124244 0.488942 0.50157 0.502169 0.490942 0.50357 0.504169 10
3.88674057866 0.488921 0.501568 0.502175 0.490921 0.503568 0.504175 10
3.87587982647 0.488898 0.501566 0.502182 0.490898 0.503566 0.504182 10
3.86507845842 0.488881 0.501563 0.50219 0.490881 0.503563 0.50419 10
3.85433595341 0.488863 0.501559 0.502196 0.490863 0.503559 0.504196 10
3.84365179662 0.488846 0.501555 0.502201 0.490846 0.503555 0.504201 10
3.83302547938 0.488827 0.501553 0.502203 0.490827 0.503553 0.504203 10
3.82245649911 0.488804 0.501553 0.502207 0.490804 0.503553 0.504207 10
3.81194435921 0.488779 0.501555 0.502215 0.490779 0.503555 0.504215 10
3.80148856895 0.488757 0.501557 0.502224 0.490757 0.503557 0.504224 10
3.79108864344 0.488739 0.501555 0.502236 0.490739 0.503555 0.504236 10
3.78074410348 0.488722 0.501557 0.502238 0.490722 0.503557 0.504238 10
3.7704544755 0.488705 0.501559 0.502242 0.490705 0.503559 0.504242 10
3.7602192915 0.488678 0.501564 0.502253 0.490678 0.503564 0.504253 10
3.75003808891 0.488657 0.501566 0.502263 0.490657 0.503566 0.504263 10
3.73991041058 0.488638 0.501568 0.50227 0.490638 0.503568 0.50427 10
3.72983580463 0.488619 0.501572 0.502278 0.490619 0.503572 0.504278 10
3.71981382444 0.4886 0.501574 0.502285 0.4906 0.503574 0.504285 10
3.7098440285 0.488583 0.501576 0.502293 0.490583 0.503576 0.504293 10
3.6999259804 0.488564 0.501578 0.502301 0.490564 0.503578 0.504301 10
3.69005924874 0.488545 0.50158 0.502308 0.490545 0.50358 0.504308 10
3.68024340701 0.488528 0.501582 0.502314 0.490528 0.503582 0.504314 10
3.67047803359 0.488509 0.501584 0.502322 0.490509 0.503584 0.504322 10
3.66076271163 0.488488 0.501587 0.502329 0.490488 0.503587 0.504329 10
3.651097029 0.488469 0.501589 0.502341 0.490469 0.503589 0.504341 10
3.64148057822 0.48845 0.501591 0.502352 0.49045 0.503591 0.504352 10
3.63191295639 0.488434 0.501591 0.50236 0.490434 0.503591 0.50436 10
3.62239376513 0.488417 0.501593 0.502369 0.490417 0.503593 0.504369 10
3.61292261051 0.4884 0.501595 0.502379 0.4904 0.503595 0.504379 10
3.60349910299 0.488385 0.501597 0.502386 0.490385 0.503597 0.504386 10
3.59412285736 0.488369 0.501599 0.502394 0.490369 0.503599 0.504394 10
3.58479349268 0.488354 0.501601 0.502404 0.490354 0.503601 0.504404 10
3.57551063221 0.488339 0.501601 0.502413 0.490339 0.503601 0.504413 10
3.56627390335 0.488326 0.501601 0.502421 0.490326 0.503601 0.504421 10
3.55708293761 0.488312 0.501601 0.502427 0.490312 0.503601 0.504427 10
3.54793737052 0.488297 0.501603 0.502432 0.490297 0.503603 0.504432 10
3.53883684159 0.48828 0.501606 0.50244 0.49028 0.503606 0.50444 10
3.52978099426 0.488264 0.501608 0.502449 0.490264 0.503608 0.504449 10
3.52076947581 0.488251 0.50161 0.502457 0.490251 0.50361 0.504457 10
3.51180193737 0.488238 0.501612 0.502465 0.490238 0.503612 0.504465 10
3.50287803381 0.488224 0.501616 0.502472 0.490224 0.503616 0.504472 10
3.49399771037 0.488213 0.501618 0.50248 0.490213 0.503618 0.50448 10
3.4851597693 0.4882 0.501622 0.502488 0.4902 0.503622 0.504488 10
3.47636473651 0.488188 0.501624 0.502495 0.490188 0.503624 0.504495 10
3.46761199469 0.488179 0.501627 0.502501 0.490179 0.503627 0.504501 10
3.45890121678 0.488167 0.501633 0.502507 0.490167 0.503633 0.504507 10
3.45023207918 0.488158 0.501639 0.502512 0.490158 0.503639 0.504512 10
3.44160426172 0.48815 0.501645 0.50252 0.49015 0.503645 0.50452 10
3.43301744757 0.488142 0.501652 0.502528 0.490142 0.503652 0.504528 10
3.42447132326 0.488137 0.50166 0.502535 0.490137 0.50366 0.504535 10
3.41596557859 0.488127 0.501666 0.502541 0.490127 0.503666 0.504541 10
3.4074999066 0.488121 0.501664 0.502541 0.490121 0.503664 0.504541 10
3.39907400353 0.48811 0.501664 0.502541 0.49011 0.503664 0.504541 10
3.39068756876 0.4881 0.501664 0.502547 0.4901 0.503664 0.504547 10
3.38234030482 0.488038 0.501604 0.502451 0.490038 0.503604 0.504451 10
3.37403191728 0.488001 0.501616 0.502444 0.490001 0.503616 0.504444 10
3.36576211474 0.487969 0.501627 0.502436 0.489969 0.503627 0.504436 10
3.35753060882 0.487938 0.501639 0.502432 0.489938 0.503639 0.504432 10
3.34933711407 0.487912 0.501648 0.502427 0.489912 0.503648 0.504427 10
3.34118134796 0.487887 0.50166 0.502425 0.489887 0.50366 0.504425 10
3.33306303085 0.487866 0.501669 0.502423 0.489866 0.503669 0.504423 10
3.32498188593 0.487847 0.501681 0.502419 0.489847 0.503681 0.504419 10
3.31693763918 0.48783 0.501688 0.502413 0.48983 0.503688 0.504413 10
3.30893001938 0.487812 0.501694 0.502409 0.489812 0.503694 0.504409 10
3.30095875801 0.487795 0.501696 0.502406 0.489795 0.503696 0.504406 10
3.29302358927 0.48778 0.501698 0.502404 0.48978 0.503698 0.504404 10
3.28512425001 0.487767 0.5017 0.502404 0.489767 0.5037 0.504404 10
3.27726047972 0.487753 0.5017 0.502404 0.489753 0.5037 0.504404 10
3.26943202047 0.487742 0.501698 0.502406 0.489742 0.503698 0.504406 10
3.2616386169 0.487732 0.501696 0.502409 0.489732 0.503696 0.504409 10
3.25388001619 0.487723 0.501692 0.502413 0.489723 0.503692 0.504413 10
3.246155968 0.487715 0.501688 0.502417 0.489715 0.503688 0.504417 10
3.23846622448 0.487709 0.501685 0.502423 0.489709 0.503685 0.504423 10
3.2308105402 0.487805 0.501635 0.502476 0.489805 0.503635 0.504476 10
3.22318867213 0.487782 0.501635 0.502472 0.489782 0.503635 0.504472 10
3.21560037965 0.487757 0.501637 0.502467 0.489757 0.503637 0.504467 10
3.20804542444 0.487721 0.501646 0.502461 0.489721 0.503646 0.504461 10
3.20052357053 0.487715 0.501637 0.502453 0.489715 0.503637 0.504453 10
3.19303458422 0.487698 0.501637 0.502457 0.489698 0.503637 0.504457 10
3.1855782341 0.487681 0.501637 0.502453 0.489681 0.503637 0.504453 10
3.17815429096 0.487664 0.501635 0.502451 0.489664 0.503635 0.504451 10
3.17076252782 0.487648 0.501635 0.502451 0.489648 0.503635 0.504451 10
3.16340271985 0.487631 0.501635 0.502451 0.489631 0.503635 0.504451 10
3.1560746444 0.487616 0.501635 0.502453 0.489616 0.503635 0.504453 10
3.14877808094 0.487601 0.501637 0.502453 0.489601 0.503637 0.504453 10
3.14151281104 0.487585 0.501639 0.502455 0.489585 0.503639 0.504455 10
3.13427861833 0.487568 0.501639 0.502453 0.489568 0.503639 0.504453 10
3.1270752885 0.487551 0.501639 0.502455 0.489551 0.503639 0.504455 10
3.11990260928 0.487534 0.501639 0.502455 0.489534 0.503639 0.504455 10
3.11276037039 0.487517 0.501639 0.502455 0.489517 0.503639 0.504455 10
3.1056483635 0.487498 0.501639 0.502457 0.489498 0.503639 0.504457 10
3.09856638229 0.487481 0.501637 0.502459 0.489481 0.503637 0.504459 10
3.09151422231 0.487461 0.501637 0.502461 0.489461 0.503637 0.504461 10
3.08449168106 0.487444 0.501635 0.502465 0.489444 0.503635 0.504465 10
3.07749855791 0.487425 0.501635 0.502467 0.489425 0.503635 0.504467 10
3.07053465409 0.48741 0.501633 0.50247 0.48941 0.503633 0.50447 10
3.06359977268 0.487393 0.501631 0.502474 0.489393 0.503631 0.504474 10
3.05669371856 0.487378 0.501631 0.50248 0.489378 0.503631 0.50448 10
3.04981629843 0.487364 0.501629 0.502486 0.489364 0.503629 0.504486 10
3.04296732074 0.487351 0.501627 0.502488 0.489351 0.503627 0.504488 10
3.03614659574 0.487338 0.501627 0.502491 0.489338 0.503627 0.504491 10
3.02935393536 0.487328 0.501625 0.502495 0.489328 0.503625 0.504495 10
3.02258915329 0.487315 0.501624 0.502497 0.489315 0.503624 0.504497 10
3.01585206488 0.487303 0.501622 0.502499 0.489303 0.503622 0.504499 10
3.0091424872 0.48729 0.501618 0.502501 0.48929 0.503618 0.504501 10
3.00246023892 0.487278 0.501616 0.502505 0.489278 0.503616 0.504505 10
2.99580538563 0.487265 0.501616 0.502507 0.489265 0.503616 0.504507 10
2.98917701356 0.487252 0.501614 0.502507 0.489252 0.503614 0.504507 10
2.98257568203 0.487238 0.501612 0.502507 0.489238 0.503612 0.504507 10
2.97600097088 0.487225 0.501608 0.502505 0.489225 0.503608 0.504505 10
2.96945270684 0.48721 0.501608 0.502505 0.48921 0.503608 0.504505 10
2.96293071814 0.487193 0.501606 0.502503 0.489193 0.503606 0.504503 10
2.95643483458 0.487175 0.501604 0.502503 0.489175 0.503604 0.504503 10
2.94996488743 0.487158 0.501603 0.502503 0.489158 0.503603 0.504503 10
2.94352070948 0.487139 0.501603 0.502503 0.489139 0.503603 0.504503 10
2.93710213499 0.487122 0.501603 0.502507 0.489122 0.503603 0.504507 10
2.93070899968 0.487105 0.501601 0.502509 0.489105 0.503601 0.504509 10
2.92434114071 0.487088 0.501599 0.502512 0.489088 0.503599 0.504512 10
2.91799839668 0.487074 0.501597 0.502518 0.489074 0.503597 0.504518 10
2.9116806076 0.487063 0.501595 0.50252 0.489063 0.503595 0.50452 10
2.90538761486 0.487051 0.501591 0.502522 0.489051 0.503591 0.504522 10
2.89911926126 0.48704 0.501589 0.502524 0.48904 0.503589 0.504524 10
2.89287539095 0.487029 0.501585 0.502522 0.489029 0.503585 0.504522 10
2.88665584942 0.487015 0.501582 0.502518 0.489015 0.503582 0.504518 10
2.88046048351 0.486998 0.50158 0.50251 0.488998 0.50358 0.50451 10
2.87428914139 0.486979 0.50158 0.502507 0.488979 0.50358 0.504507 10
2.86814167251 0.48696 0.501578 0.502507 0.48896 0.503578 0.504507 10
2.86201792765 0.486943 0.501578 0.502509 0.488943 0.503578 0.504509 10
2.85591775883 0.486927 0.501576 0.502512 0.488927 0.503576 0.504512 10
2.84984101937 0.486916 0.501572 0.502514 0.488916 0.503572 0.504514 10
2.84378756381 0.486906 0.501566 0.50251 0.488906 0.503566 0.50451 10
2.83775724794 0.486885 0.501564 0.502505 0.488885 0.503564 0.504505 10
2.83174992879 0.486874 0.501564 0.50251 0.488874 0.503564 0.50451 10
2.82576546457 0.486859 0.501563 0.502509 0.488859 0.503563 0.504509 10
2.81980371471 0.486844 0.501563 0.502507 0.488844 0.503563 0.504507 10
2.81386453982 0.486828 0.501563 0.502507 0.488828 0.503563 0.504507 10
2.80794780169 0.486813 0.501563 0.502507 0.488813 0.503563 0.504507 10
2.80205336325 0.4868 0.501563 0.502509 0.4888 0.503563 0.504509 10
2.79618108859 0.486786 0.501561 0.502509 0.488786 0.503561 0.504509 10
2.79033084294 0.486773 0.501561 0.502509 0.488773 0.503561 0.504509 10
2.78450249264 0.48676 0.501561 0.502507 0.48876 0.503561 0.504507 10
2.77869590516 0.486746 0.501561 0.502507 0.488746 0.503561 0.504507 10
2.77291094905 0.486733 0.501561 0.502505 0.488733 0.503561 0.504505 10
2.76714749396 0.48672 0.501561 0.502503 0.48872 0.503561 0.504503 10
2.76140541061 0.486704 0.501561 0.502503 0.488704 0.503561 0.504503 10
2.75568457079 0.486691 0.501561 0.502501 0.488691 0.503561 0.504501 10
2.74998541481 0.486676 0.501561 0.502499 0.488676 0.503561 0.504499 10
2.7443061141 0.486659 0.501563 0.502499 0.488659 0.503563 0.504499 10
2.73864824615 0.486643 0.501563 0.502497 0.488643 0.503563 0.504497 10
2.73301111927 0.486626 0.501563 0.502495 0.488626 0.503563 0.504495 10
2.72739461045 0.486609 0.501564 0.502495 0.488609 0.503564 0.504495 10
2.72179859765 0.48659 0.501564 0.502493 0.48859 0.503564 0.504493 10
2.71622295981 0.486575 0.501564 0.502493 0.488575 0.503564 0.504493 10
2.71066757686 0.486556 0.501566 0.502493 0.488556 0.503566 0.504493 10
2.70513232968 0.486538 0.501566 0.502495 0.488538 0.503566 0.504495 10
2.69961710014 0.486521 0.501566 0.502495 0.488521 0.503566 0.504495 10
2.69412177102 0.486504 0.501566 0.502497 0.488504 0.503566 0.504497 10
2.68864622607 0.486487 0.501568 0.502499 0.488487 0.503568 0.504499 10
2.68319034997 0.48647 0.501568 0.502499 0.48847 0.503568 0.504499 10
2.6777540283 0.486453 0.501568 0.502499 0.488453 0.503568 0.504499 10
2.67233714759 0.486437 0.50157 0.502503 0.488437 0.50357 0.504503 10
2.66693959523 0.48642 0.50157 0.502505 0.48842 0.50357 0.504505 10
2.66156125953 0.486403 0.50157 0.502509 0.488403 0.50357 0.504509 10
2.65620202968 0.48639 0.50157 0.502512 0.48839 0.50357 0.504512 10
2.65086179573 0.486374 0.50157 0.502514 0.488374 0.50357 0.504514 10
2.64554044864 0.486363 0.50157 0.502518 0.488363 0.50357 0.504518 10
2.64023788017 0.486351 0.50157 0.50252 0.488351 0.50357 0.50452 10
2.63495398297 0.486338 0.501566 0.502518 0.488338 0.503566 0.504518 10
2.62968865053 0.486323 0.501566 0.502518 0.488323 0.503566 0.504518 10
2.62444177715 0.486308 0.501564 0.50252 0.488308 0.503564 0.50452 10
2.61921325797 0.486296 0.501564 0.50252 0.488296 0.503564 0.50452 10
2.61400298894 0.486281 0.501563 0.502518 0.488281 0.503563 0.504518 10
2.60881086684 0.486266 0.501564 0.502518 0.488266 0.503564 0.504518 10
2.60363678922 0.48625 0.501564 0.502518 0.48825 0.503564 0.504518 10
2.59848065444 0.486235 0.501566 0.50252 0.488235 0.503566 0.50452 10
2.59334236164 0.48622 0.501566 0.502522 0.48822 0.503566 0.504522 10
2.58822181074 0.486205 0.501566 0.502522 0.488205 0.503566 0.504522 10
2.58311890242 0.486189 0.501566 0.502524 0.488189 0.503566 0.504524 10
2.57803353814 0.486174 0.501568 0.502526 0.488174 0.503568 0.504526 10
2.57296562009 0.486159 0.501566 0.502526 0.488159 0.503566 0.504526 10
2.56791505123 0.486144 0.501566 0.502526 0.488144 0.503566 0.504526 10
2.56288173525 0.486128 0.501566 0.502526 0.488128 0.503566 0.504526 10
2.55786557658 0.486111 0.501566 0.502524 0.488111 0.503566 0.504524 10
2.55286648036 0.486092 0.501566 0.502524 0.488092 0.503566 0.504524 10
2.54788435246 0.486069 0.501566 0.502524 0.488069 0.503566 0.504524 10
2.54291909946 0.486048 0.501566 0.502528 0.488048 0.503566 0.504528 10
2.53797062865 0.486027 0.501566 0.502533 0.488027 0.503566 0.504533 10
2.53303884801 0.48601 0.501566 0.502535 0.48801 0.503566 0.504535 10
2.52812366621 0.485993 0.501564 0.502535 0.487993 0.503564 0.504535 10
2.52322499262 0.485972 0.501563 0.502535 0.487972 0.503563 0.504535 10
2.51834273727 0.485951 0.501564 0.502541 0.487951 0.503564 0.504541 10
2.51347681088 0.485938 0.501563 0.502543 0.487938 0.503563 0.504543 10
2.50862712481 0.485917 0.501563 0.502545 0.487917 0.503563 0.504545 10
2.5037935911 0.485903 0.501561 0.502547 0.487903 0.503561 0.504547 10
2.49897650109 0.485888 0.501561 0.502549 0.487888 0.503561 0.504549 10
2.49417463215 0.485873 0.501561 0.502551 0.487873 0.503561 0.504551 10
2.48938903429 0.485857 0.501559 0.502549 0.487857 0.503559 0.504549 10
2.48461924336 0.485842 0.501557 0.502547 0.487842 0.503557 0.504547 10
2.47986517465 0.485825 0.501555 0.502547 0.487825 0.503555 0.504547 10
2.47512674401 0.485806 0.501553 0.502547 0.487806 0.503553 0.504547 10
2.47040386793 0.485787 0.501553 0.502547 0.487787 0.503553 0.504547 10
2.4656964635 0.485768 0.501551 0.502549 0.487768 0.503551 0.504549 10
2.46100444841 0.485751 0.501551 0.502551 0.487751 0.503551 0.504551 10
2.45632774096 0.485735 0.501549 0.502551 0.487735 0.503549 0.504551 10
2.45166626005 0.485716 0.501547 0.502551 0.487716 0.503547 0.504551 10
2.44701992515 0.485697 0.501547 0.502551 0.487697 0.503547 0.504551 10
2.44238865633 0.485682 0.501547 0.502551 0.487682 0.503547 0.504551 10
2.43777237423 0.485663 0.501545 0.502549 0.487663 0.503545 0.504549 10
2.43317100006 0.485644 0.501545 0.502547 0.487644 0.503545 0.504547 10
2.42858445562 0.485625 0.501545 0.502549 0.487625 0.503545 0.504549 10
2.42401266324 0.485608 0.501545 0.502549 0.487608 0.503545 0.504549 10
2.41945554583 0.485588 0.501545 0.502547 0.487588 0.503545 0.504547 10
2.41491302684 0.485569 0.501547 0.502547 0.487569 0.503547 0.504547 10
2.41038503029 0.48555 0.501547 0.502547 0.48755 0.503547 0.504547 10
2.4058714807 0.485533 0.501549 0.502547 0.487533 0.503549 0.504547 10
2.40137230317 0.485516 0.501549 0.502547 0.487516 0.503549 0.504547 10
2.39688742332 0.485501 0.501551 0.502547 0.487501 0.503551 0.504547 10
2.39241676727 0.485484 0.501551 0.502545 0.487484 0.503551 0.504545 10
2.3879602617 0.485468 0.501551 0.502541 0.487468 0.503551 0.504541 10
2.3835178338 0.485447 0.501549 0.502537 0.487447 0.503549 0.504537 10
2.37908941125 0.485426 0.501549 0.502535 0.487426 0.503549 0.504535 10
2.37467492227 0.485405 0.501549 0.502533 0.487405 0.503549 0.504533 10
2.37027429557 0.485386 0.501551 0.502537 0.487386 0.503551 0.504537 10
2.36588746036 0.485369 0.501551 0.502535 0.487369 0.503551 0.504535 10
2.36151434634 0.485352 0.501553 0.502539 0.487352 0.503553 0.504539 10
2.35715488372 0.485335 0.501553 0.502541 0.487335 0.503553 0.504541 10
2.35280900318 0.48532 0.501553 0.502541 0.48732 0.503553 0.504541 10
2.34847663588 0.485306 0.501553 0.502541 0.487306 0.503553 0.504541 10
2.34415771346 0.485295 0.501553 0.502537 0.487295 0.503553 0.504537 10
2.33985216806 0.485281 0.501551 0.502533 0.487281 0.503551 0.504533 10
2.33555993226 0.485266 0.501549 0.502528 0.487266 0.503549 0.504528 10
2.3312809391 0.485247 0.501547 0.502522 0.487247 0.503547 0.504522 10
2.32701512212 0.485226 0.501545 0.502518 0.487226 0.503545 0.504518 10
2.32276241527 0.485203 0.501543 0.502516 0.487203 0.503543 0.504516 10
2.318522753 0.485184 0.501543 0.50252 0.487184 0.503543 0.50452 10
2.31429607016 0.485169 0.501543 0.502522 0.487169 0.503543 0.504522 10
2.3100823021 0.485156 0.501543 0.50252 0.487156 0.503543 0.50452 10
2.30588138457 0.48514 0.501543 0.502514 0.48714 0.503543 0.504514 10
2.30169325377 0.485117 0.501542 0.502512 0.487117 0.503542 0.504512 10
2.29751784634 0.4851 0.501543 0.502518 0.4871 0.503543 0.504518 10
2.29335509935 0.485091 0.501543 0.502514 0.487091 0.503543 0.504514 10
2.28920495029 0.48507 0.501542 0.502512 0.48707 0.503542 0.504512 10
2.28506733707 0.485056 0.501543 0.502512 0.487056 0.503543 0.504512 10
2.28094219804 0.485041 0.501543 0.50251 0.487041 0.503543 0.50451 10
2.27682947194 0.485026 0.501543 0.502509 0.487026 0.503543 0.504509 10
2.27272909793 0.485009 0.501543 0.502507 0.487009 0.503543 0.504507 10
2.2686410156 0.484993 0.501543 0.502507 0.486993 0.503543 0.504507 10
2.26456516492 0.484976 0.501543 0.502505 0.486976 0.503543 0.504505 10
2.26050148626 0.484961 0.501543 0.502503 0.486961 0.503543 0.504503 10
2.25644992041 0.484944 0.501543 0.502501 0.486944 0.503543 0.504501 10
2.25241040853 0.484927 0.501543 0.502501 0.486927 0.503543 0.504501 10
2.24838313276 0.484909 0.501543 0.502501 0.486909 0.503543 0.504501 10
2.24436731334 0.484894 0.501543 0.502501 0.486894 0.503543 0.504501 10
2.24036361436 0.484879 0.501545 0.502503 0.486879 0.503545 0.504503 10
2.23637173791 0.484866 0.501545 0.502501 0.486866 0.503545 0.504501 10
2.23239162711 0.48485 0.501543 0.502499 0.48685 0.503543 0.504499 10
2.22842322544 0.484837 0.501543 0.502497 0.486837 0.503543 0.504497 10
2.22446647674 0.484822 0.501543 0.502497 0.486822 0.503543 0.504497 10
2.22052132522 0.484806 0.501543 0.502497 0.486806 0.503543 0.504497 10
2.21658771548 0.484793 0.501543 0.502497 0.486793 0.503543 0.504497 10
2.21266559244 0.48478 0.501542 0.502493 0.48678 0.503542 0.504493 10
2.20875490142 0.484765 0.501542 0.502491 0.486765 0.503542 0.504491 10
2.20485558808 0.484749 0.501542 0.502491 0.486749 0.503542 0.504491 10
2.20096759842 0.484736 0.501542 0.502489 0.486736 0.503542 0.504489 10
2.19709087883 0.484724 0.501542 0.502488 0.486724 0.503542 0.504488 10
2.19322537601 0.484709 0.50154 0.502486 0.486709 0.50354 0.504486 10
2.18937103703 0.484698 0.501542 0.502484 0.486698 0.503542 0.504484 10
2.18552780928 0.484684 0.50154 0.50248 0.486684 0.50354 0.50448 10
2.18169564051 0.484671 0.50154 0.502478 0.486671 0.50354 0.504478 10
2.1778744788 0.484656 0.50154 0.502476 0.486656 0.50354 0.504476 10
2.17406427256 0.484642 0.50154 0.502476 0.486642 0.50354 0.504476 10
2.17026497053 0.484629 0.50154 0.502476 0.486629 0.50354 0.504476 10
2.1664765218 0.484614 0.501538 0.502474 0.486614 0.503538 0.504474 10
2.16269887575 0.484602 0.501538 0.502474 0.486602 0.503538 0.504474 10
2.15893198211 0.484589 0.501538 0.502472 0.486589 0.503538 0.504472 10
2.15517579093 0.484576 0.501538 0.502472 0.486576 0.503538 0.504472 10
2.15143025257 0.484564 0.501538 0.50247 0.486564 0.503538 0.50447 10
2.1476953177 0.484551 0.501536 0.502469 0.486551 0.503536 0.504469 10
2.14397093731 0.484538 0.501536 0.502469 0.486538 0.503536 0.504469 10
2.14025706271 0.484524 0.501536 0.502467 0.486524 0.503536 0.504467 10
2.13655364551 0.484513 0.501536 0.502467 0.486513 0.503536 0.504467 10
2.13286063762 0.484499 0.501536 0.502465 0.486499 0.503536 0.504465 10
2.12917799125 0.484488 0.501534 0.502463 0.486488 0.503534 0.504463 10
2.12550565893 0.484476 0.501534 0.502463 0.486476 0.503534 0.504463 10
2.12184359347 0.484463 0.501534 0.502463 0.486463 0.503534 0.504463 10
2.11819174799 0.484452 0.501536 0.502463 0.486452 0.503536 0.504463 10
2.11455007588 0.484438 0.501536 0.502463 0.486438 0.503536 0.504463 10
2.11091853086 0.484427 0.501536 0.502461 0.486427 0.503536 0.504461 10
2.1072970669 0.484414 0.501536 0.502459 0.486414 0.503536 0.504459 10
2.10368563827 0.4844 0.501536 0.502459 0.4864 0.503536 0.504459 10
2.10008419955 0.484387 0.501536 0.502457 0.486387 0.503536 0.504457 10
2.09649270555 0.484373 0.501534 0.502457 0.486373 0.503534 0.504457 10
2.09291111141 0.48436 0.501534 0.502455 0.48636 0.503534 0.504455 10
2.08933937252 0.484347 0.501534 0.502455 0.486347 0.503534 0.504455 10
2.08577744454 0.484333 0.501534 0.502455 0.486333 0.503534 0.504455 10
2.08222528344 0.48432 0.501532 0.502453 0.48632 0.503532 0.504453 10
2.07868284542 0.484307 0.501532 0.502453 0.486307 0.503532 0.504453 10
2.07515008697 0.484293 0.50153 0.502451 0.486293 0.50353 0.504451 10
2.07162696484 0.48428 0.50153 0.502453 0.48628 0.50353 0.504453 10
2.06811343605 0.484267 0.501528 0.502451 0.486267 0.503528 0.504451 10
2.06460945788 0.484253 0.501528 0.502451 0.486253 0.503528 0.504451 10
2.06111498788 0.48424 0.501526 0.502451 0.48624 0.503526 0.504451 10
2.05762998383 0.484229 0.501526 0.502449 0.486229 0.503526 0.504449 10
2.05415440381 0.484215 0.501526 0.502449 0.486215 0.503526 0.504449 10
2.05068820611 0.484202 0.501524 0.502449 0.486202 0.503524 0.504449 10
2.04723134931 0.484188 0.501524 0.502449 0.486188 0.503524 0.504449 10
2.04378379222 0.484175 0.501522 0.502448 0.486175 0.503522 0.504448 10
2.04034549391 0.484162 0.501521 0.502446 0.486162 0.503521 0.504446 10
2.03691641368 0.484148 0.501519 0.502444 0.486148 0.503519 0.504444 10
2.03349651109 0.484135 0.501519 0.502444 0.486135 0.503519 0.504444 10
2.03008574594 0.484122 0.501517 0.502444 0.486122 0.503517 0.504444 10
2.02668407827 0.484108 0.501517 0.502444 0.486108 0.503517 0.504444 10
2.02329146837 0.484095 0.501515 0.502444 0.486095 0.503515 0.504444 10
2.01990787675 0.484082 0.501513 0.502444 0.486082 0.503513 0.504444 10
2.01653326416 0.484068 0.501511 0.502444 0.486068 0.503511 0.504444 10
2.0131675916 0.484057 0.501509 0.502442 0.486057 0.503509 0.504442 10
2.00981082028 0.484045 0.501509 0.502442 0.486045 0.503509 0.504442 10
2.00646291165 0.484032 0.501505 0.50244 0.486032 0.503505 0.50444 10
2.0031238274 0.484019 0.501505 0.50244 0.486019 0.503505 0.50444 10
1.99979384142 0.484005 0.501503 0.50244 0.486005 0.503503 0.50444 10
1.99647197986 0.483992 0.501501 0.502438 0.485992 0.503501 0.504438 10
