6.05010507006 0.490293 0.500931 0.501003 0.494293 0.504931 0.505003 5
6.02319862032 0.490269 0.500925 0.500994 0.494269 0.504925 0.504994 5
5.99654864503 0.490249 0.500917 0.500988 0.494249 0.504917 0.504988 5
5.97014439277 0.49023 0.50091 0.500986 0.49423 0.50491 0.504986 5
5.9439890382 0.490215 0.500902 0.50099 0.494215 0.504902 0.50499 5
5.91807660047 0.490194 0.500896 0.501001 0.494194 0.504896 0.505001 5
5.89240348214 0.490169 0.500892 0.500994 0.494169 0.504892 0.504994 5
5.86696615838 0.490152 0.500883 0.500995 0.494152 0.504883 0.504995 5
5.84176117534 0.490131 0.500877 0.500995 0.494131 0.504877 0.504995 5
5.81678514836 0.490112 0.500872 0.500994 0.494112 0.504872 0.504994 5
5.79203476016 0.490091 0.500868 0.500992 0.494091 0.504868 0.504992 5
5.76750675919 0.490074 0.500862 0.500992 0.494074 0.504862 0.504992 5
5.74319795799 0.490055 0.500858 0.50099 0.494055 0.504858 0.50499 5
5.71910523154 0.490036 0.500852 0.500992 0.494036 0.504852 0.504992 5
5.69522551575 0.490017 0.500849 0.500992 0.494017 0.504849 0.504992 5
5.67155580594 0.49 0.500843 0.50099 0.494 0.504843 0.50499 5
5.64809315541 0.489982 0.500839 0.50099 0.493982 0.504839 0.50499 5
5.62483467398 0.489965 0.500833 0.500992 0.493965 0.504833 0.504992 5
5.60177752664 0.489948 0.50083 0.500992 0.493948 0.50483 0.504992 5
5.57891893223 0.489929 0.500826 0.500992 0.493929 0.504826 0.504992 5
5.55625616212 0.489914 0.50082 0.500992 0.493914 0.50482 0.504992 5
5.53378653897 0.489897 0.500814 0.500992 0.493897 0.504814 0.504992 5
5.5115074355 0.489881 0.50081 0.500992 0.493881 0.50481 0.504992 5
5.48941627331 0.489866 0.500807 0.500994 0.493866 0.504807 0.504994 5
5.46751052172 0.489853 0.500803 0.500995 0.493853 0.504803 0.504995 5
5.44578769668 0.489838 0.500799 0.500997 0.493838 0.504799 0.504997 5
5.42424535963 0.489822 0.500797 0.500995 0.493822 0.504797 0.504995 5
5.40288111651 0.489807 0.500793 0.500995 0.493807 0.504793 0.504995 5
5.38169261666 0.48979 0.500791 0.500994 0.49379 0.504791 0.504994 5
5.36067755189 0.489775 0.500788 0.500992 0.493775 0.504788 0.504992 5
5.33983365548 0.489755 0.500786 0.500992 0.493755 0.504786 0.504992 5
5.3191587012 0.489738 0.500782 0.50099 0.493738 0.504782 0.50499 5
5.29865050248 0.489721 0.50078 0.500986 0.493721 0.50478 0.504986 5
5.27830691142 0.489704 0.50078 0.500984 0.493704 0.50478 0.504984 5
5.25812581801 0.489685 0.500778 0.500982 0.493685 0.504778 0.504982 5
5.2381051492 0.489666 0.500778 0.50098 0.493666 0.504778 0.50498 5
5.21824286815 0.489647 0.500778 0.500976 0.493647 0.504778 0.504976 5
5.19853697339 0.489626 0.500778 0.500973 0.493626 0.504778 0.504973 5
5.17898549807 0.489603 0.500778 0.500969 0.493603 0.504778 0.504969 5
5.15958650916 0.489582 0.500778 0.500965 0.493582 0.504778 0.504965 5
5.14033810674 0.489561 0.500776 0.500963 0.493561 0.504776 0.504963 5
5.1212384233 0.489538 0.500776 0.500959 0.493538 0.504776 0.504959 5
5.102285623 0.489517 0.500774 0.500957 0.493517 0.504774 0.504957 5
5.08347790102 0.489494 0.500774 0.500954 0.493494 0.504774 0.504954 5
5.06481348287 0.489469 0.500774 0.500954 0.493469 0.504774 0.504954 5
5.04629062378 0.489446 0.500772 0.500952 0.493446 0.504772 0.504952 5
5.02790760803 0.489422 0.500772 0.50095 0.493422 0.504772 0.50495 5
5.00966274837 0.489397 0.50077 0.500948 0.493397 0.50477 0.504948 5
4.99155534646 0.489372 0.500769 0.500948 0.493372 0.504769 0.504948 5
4.97358088686 0.489347 0.500767 0.500948 0.493347 0.504767 0.504948 5
4.95574064767 0.489323 0.500765 0.500948 0.493323 0.504765 0.504948 5
4.93803208824 0.489298 0.500761 0.500948 0.493298 0.504761 0.504948 5
4.92045365504 0.489273 0.500757 0.50095 0.493273 0.504757 0.50495 5
4.90300381948 0.48925 0.500753 0.50095 0.49325 0.504753 0.50495 5
4.88568107758 0.489227 0.500748 0.500952 0.493227 0.504748 0.504952 5
4.86848394941 0.489206 0.500744 0.500954 0.493206 0.504744 0.504954 5
4.85141097864 0.489185 0.500738 0.500957 0.493185 0.504738 0.504957 5
4.83446073204 0.489164 0.500734 0.500959 0.493164 0.504734 0.504959 5
4.81763179903 0.489143 0.50073 0.500961 0.493143 0.50473 0.504961 5
4.80092279121 0.489122 0.500725 0.500963 0.493122 0.504725 0.504963 5
4.78433234194 0.489103 0.500719 0.500963 0.493103 0.504719 0.504963 5
4.76785910589 0.489082 0.500713 0.500967 0.493082 0.504713 0.504967 5
4.75150175863 0.489063 0.500709 0.500969 0.493063 0.504709 0.504969 5
4.7352589962 0.489044 0.500704 0.500971 0.493044 0.504704 0.504971 5
4.71912953474 0.489025 0.5007 0.500973 0.493025 0.5047 0.504973 5
4.70311211006 0.489004 0.500694 0.500975 0.493004 0.504694 0.504975 5
4.68720547731 0.488985 0.500688 0.500978 0.492985 0.504688 0.504978 5
4.67140841054 0.488968 0.500683 0.500982 0.492968 0.504683 0.504982 5
4.65571970238 0.488949 0.500677 0.500986 0.492949 0.504677 0.504986 5
4.64013816369 0.488933 0.500671 0.500988 0.492933 0.504671 0.504988 5
4.62466262316 0.488916 0.500666 0.500992 0.492916 0.504666 0.504992 5
4.60929192703 0.488903 0.500662 0.500992 0.492903 0.504662 0.504992 5
4.59402493874 0.488891 0.50066 0.500994 0.492891 0.50466 0.504994 5
4.57886053856 0.488878 0.500658 0.500995 0.492878 0.504658 0.504995 5
4.56379762334 0.488865 0.500658 0.500997 0.492865 0.504658 0.504997 5
4.54883510616 0.488851 0.500658 0.500999 0.492851 0.504658 0.504999 5
4.53397191604 0.488838 0.500658 0.501003 0.492838 0.504658 0.505003 5
4.51920699764 0.488823 0.500656 0.501005 0.492823 0.504656 0.505005 5
4.50453931097 0.488809 0.500656 0.501009 0.492809 0.504656 0.505009 5
4.4899678311 0.488794 0.500654 0.501011 0.492794 0.504654 0.505011 5
4.47549154791 0.488779 0.500654 0.501013 0.492779 0.504654 0.505013 5
4.46110946578 0.488766 0.500652 0.501015 0.492766 0.504652 0.505015 5
4.44682060335 0.48875 0.50065 0.501016 0.49275 0.50465 0.505016 5
4.43262399328 0.488733 0.50065 0.501016 0.492733 0.50465 0.505016 5
4.41851868194 0.488716 0.50065 0.501018 0.492716 0.50465 0.505018 5
4.40450372922 0.488699 0.500648 0.501022 0.492699 0.504648 0.505022 5
4.39057820826 0.488682 0.500646 0.501024 0.492682 0.504646 0.505024 5
4.37674120521 0.488664 0.500645 0.501026 0.492664 0.504645 0.505026 5
4.36299181901 0.488645 0.500645 0.501028 0.492645 0.504645 0.505028 5
4.34932916116 0.488624 0.500643 0.501032 0.492624 0.504643 0.505032 5
4.3357523555 0.488602 0.500641 0.501036 0.492602 0.504641 0.505036 5
4.32226053798 0.488579 0.500639 0.501041 0.492579 0.504639 0.505041 5
4.30885285647 0.488556 0.500637 0.501047 0.492556 0.504637 0.505047 5
4.29552847053 0.488533 0.500635 0.501053 0.492533 0.504635 0.505053 5
4.28228655122 0.488512 0.500633 0.501058 0.492512 0.504633 0.505058 5
4.26912628089 0.488489 0.500629 0.501066 0.492489 0.504629 0.505066 5
4.256046853 0.488468 0.500624 0.501074 0.492468 0.504624 0.505074 5
4.24304747191 0.488453 0.500616 0.501079 0.492453 0.504616 0.505079 5
4.23012735271 0.488438 0.500612 0.501081 0.492438 0.504612 0.505081 5
4.21728572103 0.48842 0.50061 0.501083 0.49242 0.50461 0.505083 5
4.20452181286 0.488399 0.500608 0.501085 0.492399 0.504608 0.505085 5
4.19183487436 0.488382 0.500606 0.501089 0.492382 0.504606 0.505089 5
4.17922416173 0.488361 0.500606 0.501091 0.492361 0.504606 0.505091 5
4.16668894099 0.488342 0.500604 0.501093 0.492342 0.504604 0.505093 5
4.15422848784 0.488321 0.500603 0.501095 0.492321 0.504603 0.505095 5
4.14184208752 0.4883 0.500604 0.501097 0.4923 0.504604 0.505097 5
4.12952903459 0.488277 0.500603 0.5011 0.492277 0.504603 0.5051 5
4.11728863285 0.488256 0.500601 0.50111 0.492256 0.504601 0.50511 5
4.10512019513 0.488239 0.500597 0.501116 0.492239 0.504597 0.505116 5
4.09302304316 0.488222 0.500595 0.501119 0.492222 0.504595 0.505119 5
4.08099650744 0.488205 0.500591 0.501123 0.492205 0.504591 0.505123 5
4.06903992706 0.488188 0.500589 0.501125 0.492188 0.504589 0.505125 5
4.05715264959 0.48817 0.500587 0.501131 0.49217 0.504587 0.505131 5
4.04533403096 0.488153 0.500585 0.501137 0.492153 0.504585 0.505137 5
4.03358343525 0.48814 0.500582 0.50114 0.49214 0.504582 0.50514 5
4.02190023464 0.488127 0.50058 0.50114 0.492127 0.50458 0.50514 5
4.01028380925 0.488111 0.500578 0.501146 0.492111 0.504578 0.505146 5
3.99873457221 0.488098 0.500574 0.50115 0.492098 0.504574 0.50515 5
3.98724884333 0.488085 0.500572 0.501152 0.492085 0.504572 0.505152 5
3.97582910177 0.488073 0.500572 0.501152 0.492073 0.504572 0.505152 5
3.96447373261 0.488056 0.500572 0.501154 0.492056 0.504572 0.505154 5
3.95318215387 0.488041 0.500572 0.501154 0.492041 0.504572 0.505154 5
3.9419537907 0.488022 0.500574 0.501158 0.492022 0.504574 0.505158 5
3.93078807532 0.488003 0.500574 0.501158 0.492003 0.504574 0.505158 5
3.91968444696 0.487984 0.500574 0.50116 0.491984 0.504574 0.50516 5
3.90864235171 0.487963 0.500574 0.501163 0.491963 0.504574 0.505163 5
3.89766124244 0.487942 0.50057 0.501169 0.491942 0.50457 0.505169 5
3.88674057866 0.487921 0.500568 0.501175 0.491921 0.504568 0.505175 5
3.87587982647 0.487898 0.500566 0.501182 0.491898 0.504566 0.505182 5
3.86507845842 0.487881 0.500563 0.50119 0.491881 0.504563 0.50519 5
3.85433595341 0.487863 0.500559 0.501196 0.491863 0.504559 0.505196 5
3.84365179662 0.487846 0.500555 0.501201 0.491846 0.504555 0.505201 5
3.83302547938 0.487827 0.500553 0.501203 0.491827 0.504553 0.505203 5
3.82245649911 0.487804 0.500553 0.501207 0.491804 0.504553 0.505207 5
3.81194435921 0.487779 0.500555 0.501215 0.491779 0.504555 0.505215 5
3.80148856895 0.487757 0.500557 0.501224 0.491757 0.504557 0.505224 5
3.79108864344 0.487739 0.500555 0.501236 0.491739 0.504555 0.505236 5
3.78074410348 0.487722 0.500557 0.501238 0.491722 0.504557 0.505238 5
3.7704544755 0.487705 0.500559 0.501242 0.491705 0.504559 0.505242 5
3.7602192915 0.487678 0.500564 0.501253 0.491678 0.504564 0.505253 5
3.75003808891 0.487657 0.500566 0.501263 0.491657 0.504566 0.505263 5
3.73991041058 0.487638 0.500568 0.50127 0.491638 0.504568 0.50527 5
3.72983580463 0.487619 0.500572 0.501278 0.491619 0.504572 0.505278 5
3.71981382444 0.4876 0.500574 0.501285 0.4916 0.504574 0.505285 5
3.7098440285 0.487583 0.500576 0.501293 0.491583 0.504576 0.505293 5
3.6999259804 0.487564 0.500578 0.501301 0.491564 0.504578 0.505301 5
3.69005924874 0.487545 0.50058 0.501308 0.491545 0.50458 0.505308 5
3.68024340701 0.487528 0.500582 0.501314 0.491528 0.504582 0.505314 5
3.67047803359 0.487509 0.500584 0.501322 0.491509 0.504584 0.505322 5
3.66076271163 0.487488 0.500587 0.501329 0.491488 0.504587 0.505329 5
3.651097029 0.487469 0.500589 0.501341 0.491469 0.504589 0.505341 5
3.64148057822 0.48745 0.500591 0.501352 0.49145 0.504591 0.505352 5
3.63191295639 0.487434 0.500591 0.50136 0.491434 0.504591 0.50536 5
3.62239376513 0.487417 0.500593 0.501369 0.491417 0.504593 0.505369 5
3.61292261051 0.4874 0.500595 0.501379 0.4914 0.504595 0.505379 5
3.60349910299 0.487385 0.500597 0.501386 0.491385 0.504597 0.505386 5
3.59412285736 0.487369 0.500599 0.501394 0.491369 0.504599 0.505394 5
3.58479349268 0.487354 0.500601 0.501404 0.491354 0.504601 0.505404 5
3.57551063221 0.487339 0.500601 0.501413 0.491339 0.504601 0.505413 5
3.56627390335 0.487326 0.500601 0.501421 0.491326 0.504601 0.505421 5
3.55708293761 0.487312 0.500601 0.501427 0.491312 0.504601 0.505427 5
3.54793737052 0.487297 0.500603 0.501432 0.491297 0.504603 0.505432 5
3.53883684159 0.48728 0.500606 0.50144 0.49128 0.504606 0.50544 5
3.52978099426 0.487264 0.500608 0.501449 0.491264 0.504608 0.505449 5
3.52076947581 0.487251 0.50061 0.501457 0.491251 0.50461 0.505457 5
3.51180193737 0.487238 0.500612 0.501465 0.491238 0.504612 0.505465 5
3.50287803381 0.487224 0.500616 0.501472 0.491224 0.504616 0.505472 5
3.49399771037 0.487213 0.500618 0.50148 0.491213 0.504618 0.50548 5
3.4851597693 0.4872 0.500622 0.501488 0.4912 0.504622 0.505488 5
3.47636473651 0.487188 0.500624 0.501495 0.491188 0.504624 0.505495 5
3.46761199469 0.487179 0.500627 0.501501 0.491179 0.504627 0.505501 5
3.45890121678 0.487167 0.500633 0.501507 0.491167 0.504633 0.505507 5
3.45023207918 0.487158 0.500639 0.501512 0.491158 0.504639 0.505512 5
3.44160426172 0.48715 0.500645 0.50152 0.49115 0.504645 0.50552 5
3.43301744757 0.487142 0.500652 0.501528 0.491142 0.504652 0.505528 5
3.42447132326 0.487137 0.50066 0.501535 0.491137 0.50466 0.505535 5
3.41596557859 0.487127 0.500666 0.501541 0.491127 0.504666 0.505541 5
3.4074999066 0.487121 0.500664 0.501541 0.491121 0.504664 0.505541 5
3.39907400353 0.48711 0.500664 0.501541 0.49111 0.504664 0.505541 5
3.39068756876 0.4871 0.500664 0.501547 0.4911 0.504664 0.505547 5
3.38234030482 0.487038 0.500604 0.501451 0.491038 0.504604 0.505451 5
3.37403191728 0.487001 0.500616 0.501444 0.491001 0.504616 0.505444 5
3.36576211474 0.486969 0.500627 0.501436 0.490969 0.504627 0.505436 5
3.35753060882 0.486938 0.500639 0.501432 0.490938 0.504639 0.505432 5
3.34933711407 0.486912 0.500648 0.501427 0.490912 0.504648 0.505427 5
3.34118134796 0.486887 0.50066 0.501425 0.490887 0.50466 0.505425 5
3.33306303085 0.486866 0.500669 0.501423 0.490866 0.504669 0.505423 5
3.32498188593 0.486847 0.500681 0.501419 0.490847 0.504681 0.505419 5
3.31693763918 0.48683 0.500688 0.501413 0.49083 0.504688 0.505413 5
3.30893001938 0.486812 0.500694 0.501409 0.490812 0.504694 0.505409 5
3.30095875801 0.486795 0.500696 0.501406 0.490795 0.504696 0.505406 5
3.29302358927 0.48678 0.500698 0.501404 0.49078 0.504698 0.505404 5
3.28512425001 0.486767 0.5007 0.501404 0.490767 0.5047 0.505404 5
3.27726047972 0.486753 0.5007 0.501404 0.490753 0.5047 0.505404 5
3.26943202047 0.486742 0.500698 0.501406 0.490742 0.504698 0.505406 5
3.2616386169 0.486732 0.500696 0.501409 0.490732 0.504696 0.505409 5
3.25388001619 0.486723 0.500692 0.501413 0.490723 0.504692 0.505413 5
3.246155968 0.486715 0.500688 0.501417 0.490715 0.504688 0.505417 5
3.23846622448 0.486709 0.500685 0.501423 0.490709 0.504685 0.505423 5
3.2308105402 0.486805 0.500635 0.501476 0.490805 0.504635 0.505476 5
3.22318867213 0.486782 0.500635 0.501472 0.490782 0.504635 0.505472 5
3.21560037965 0.486757 0.500637 0.501467 0.490757 0.504637 0.505467 5
3.20804542444 0.486721 0.500646 0.501461 0.490721 0.504646 0.505461 5
3.20052357053 0.486715 0.500637 0.501453 0.490715 0.504637 0.505453 5
3.19303458422 0.486698 0.500637 0.501457 0.490698 0.504637 0.505457 5
3.1855782341 0.486681 0.500637 0.501453 0.490681 0.504637 0.505453 5
3.17815429096 0.486664 0.500635 0.501451 0.490664 0.504635 0.505451 5
3.17076252782 0.486648 0.500635 0.501451 0.490648 0.504635 0.505451 5
3.16340271985 0.486631 0.500635 0.501451 0.490631 0.504635 0.505451 5
3.1560746444 0.486616 0.500635 0.501453 0.490616 0.504635 0.505453 5
3.14877808094 0.486601 0.500637 0.501453 0.490601 0.504637 0.505453 5
3.14151281104 0.486585 0.500639 0.501455 0.490585 0.504639 0.505455 5
3.13427861833 0.486568 0.500639 0.501453 0.490568 0.504639 0.505453 5
3.1270752885 0.486551 0.500639 0.501455 0.490551 0.504639 0.505455 5
3.11990260928 0.486534 0.500639 0.501455 0.490534 0.504639 0.505455 5
3.11276037039 0.486517 0.500639 0.501455 0.490517 0.504639 0.505455 5
3.1056483635 0.486498 0.500639 0.501457 0.490498 0.504639 0.505457 5
3.09856638229 0.486481 0.500637 0.501459 0.490481 0.504637 0.505459 5
3.09151422231 0.486461 0.500637 0.501461 0.490461 0.504637 0.505461 5
3.08449168106 0.486444 0.500635 0.501465 0.490444 0.504635 0.505465 5
3.07749855791 0.486425 0.500635 0.501467 0.490425 0.504635 0.505467 5
3.07053465409 0.48641 0.500633 0.50147 0.49041 0.504633 0.50547 5
3.06359977268 0.486393 0.500631 0.501474 0.490393 0.504631 0.505474 5
3.05669371856 0.486378 0.500631 0.50148 0.490378 0.504631 0.50548 5
3.04981629843 0.486364 0.500629 0.501486 0.490364 0.504629 0.505486 5
3.04296732074 0.486351 0.500627 0.501488 0.490351 0.504627 0.505488 5
3.03614659574 0.486338 0.500627 0.501491 0.490338 0.504627 0.505491 5
3.02935393536 0.486328 0.500625 0.501495 0.490328 0.504625 0.505495 5
3.02258915329 0.486315 0.500624 0.501497 0.490315 0.504624 0.505497 5
3.01585206488 0.486303 0.500622 0.501499 0.490303 0.504622 0.505499 5
3.0091424872 0.48629 0.500618 0.501501 0.49029 0.504618 0.505501 5
3.00246023892 0.486278 0.500616 0.501505 0.490278 0.504616 0.505505 5
2.99580538563 0.486265 0.500616 0.501507 0.490265 0.504616 0.505507 5
2.98917701356 0.486252 0.500614 0.501507 0.490252 0.504614 0.505507 5
2.98257568203 0.486238 0.500612 0.501507 0.490238 0.504612 0.505507 5
2.97600097088 0.486225 0.500608 0.501505 0.490225 0.504608 0.505505 5
2.96945270684 0.48621 0.500608 0.501505 0.49021 0.504608 0.505505 5
2.96293071814 0.486193 0.500606 0.501503 0.490193 0.504606 0.505503 5
2.95643483458 0.486175 0.500604 0.501503 0.490175 0.504604 0.505503 5
2.94996488743 0.486158 0.500603 0.501503 0.490158 0.504603 0.505503 5
2.94352070948 0.486139 0.500603 0.501503 0.490139 0.504603 0.505503 5
2.93710213499 0.486122 0.500603 0.501507 0.490122 0.504603 0.505507 5
2.93070899968 0.486105 0.500601 0.501509 0.490105 0.504601 0.505509 5
2.92434114071 0.486088 0.500599 0.501512 0.490088 0.504599 0.505512 5
2.91799839668 0.486074 0.500597 0.501518 0.490074 0.504597 0.505518 5
2.9116806076 0.486063 0.500595 0.50152 0.490063 0.504595 0.50552 5
2.90538761486 0.486051 0.500591 0.501522 0.490051 0.504591 0.505522 5
2.89911926126 0.48604 0.500589 0.501524 0.49004 0.504589 0.505524 5
2.89287539095 0.486029 0.500585 0.501522 0.490029 0.504585 0.505522 5
2.88665584942 0.486015 0.500582 0.501518 0.490015 0.504582 0.505518 5
2.88046048351 0.485998 0.50058 0.50151 0.489998 0.50458 0.50551 5
2.87428914139 0.485979 0.50058 0.501507 0.489979 0.50458 0.505507 5
2.86814167251 0.48596 0.500578 0.501507 0.48996 0.504578 0.505507 5
2.86201792765 0.485943 0.500578 0.501509 0.489943 0.504578 0.505509 5
2.85591775883 0.485927 0.500576 0.501512 0.489927 0.504576 0.505512 5
2.84984101937 0.485916 0.500572 0.501514 0.489916 0.504572 0.505514 5
2.84378756381 0.485906 0.500566 0.50151 0.489906 0.504566 0.50551 5
2.83775724794 0.485885 0.500564 0.501505 0.489885 0.504564 0.505505 5
2.83174992879 0.485874 0.500564 0.50151 0.489874 0.504564 0.50551 5
2.82576546457 0.485859 0.500563 0.501509 0.489859 0.504563 0.505509 5
2.81980371471 0.485844 0.500563 0.501507 0.489844 0.504563 0.505507 5
2.81386453982 0.485828 0.500563 0.501507 0.489828 0.504563 0.505507 5
2.80794780169 0.485813 0.500563 0.501507 0.489813 0.504563 0.505507 5
2.80205336325 0.4858 0.500563 0.501509 0.4898 0.504563 0.505509 5
2.79618108859 0.485786 0.500561 0.501509 0.489786 0.504561 0.505509 5
2.79033084294 0.485773 0.500561 0.501509 0.489773 0.504561 0.505509 5
2.78450249264 0.48576 0.500561 0.501507 0.48976 0.504561 0.505507 5
2.77869590516 0.485746 0.500561 0.501507 0.489746 0.504561 0.505507 5
2.77291094905 0.485733 0.500561 0.501505 0.489733 0.504561 0.505505 5
2.76714749396 0.48572 0.500561 0.501503 0.48972 0.504561 0.505503 5
2.76140541061 0.485704 0.500561 0.501503 0.489704 0.504561 0.505503 5
2.75568457079 0.485691 0.500561 0.501501 0.489691 0.504561 0.505501 5
2.74998541481 0.485676 0.500561 0.501499 0.489676 0.504561 0.505499 5
2.7443061141 0.485659 0.500563 0.501499 0.489659 0.504563 0.505499 5
2.73864824615 0.485643 0.500563 0.501497 0.489643 0.504563 0.505497 5
2.73301111927 0.485626 0.500563 0.501495 0.489626 0.504563 0.505495 5
2.72739461045 0.485609 0.500564 0.501495 0.489609 0.504564 0.505495 5
2.72179859765 0.48559 0.500564 0.501493 0.48959 0.504564 0.505493 5
2.71622295981 0.485575 0.500564 0.501493 0.489575 0.504564 0.505493 5
2.71066757686 0.485556 0.500566 0.501493 0.489556 0.504566 0.505493 5
2.70513232968 0.485538 0.500566 0.501495 0.489538 0.504566 0.505495 5
2.69961710014 0.485521 0.500566 0.501495 0.489521 0.504566 0.505495 5
2.69412177102 0.485504 0.500566 0.501497 0.489504 0.504566 0.505497 5
2.68864622607 0.485487 0.500568 0.501499 0.489487 0.504568 0.505499 5
2.68319034997 0.48547 0.500568 0.501499 0.48947 0.504568 0.505499 5
2.6777540283 0.485453 0.500568 0.501499 0.489453 0.504568 0.505499 5
2.67233714759 0.485437 0.50057 0.501503 0.489437 0.50457 0.505503 5
2.66693959523 0.48542 0.50057 0.501505 0.48942 0.50457 0.505505 5
2.66156125953 0.485403 0.50057 0.501509 0.489403 0.50457 0.505509 5
2.65620202968 0.48539 0.50057 0.501512 0.48939 0.50457 0.505512 5
2.65086179573 0.485374 0.50057 0.501514 0.489374 0.50457 0.505514 5
2.64554044864 0.485363 0.50057 0.501518 0.489363 0.50457 0.505518 5
2.64023788017 0.485351 0.50057 0.50152 0.489351 0.50457 0.50552 5
2.63495398297 0.485338 0.500566 0.501518 0.489338 0.504566 0.505518 5
2.62968865053 0.485323 0.500566 0.501518 0.489323 0.504566 0.505518 5
2.62444177715 0.485308 0.500564 0.50152 0.489308 0.504564 0.50552 5
2.61921325797 0.485296 0.500564 0.50152 0.489296 0.504564 0.50552 5
2.61400298894 0.485281 0.500563 0.501518 0.489281 0.504563 0.505518 5
2.60881086684 0.485266 0.500564 0.501518 0.489266 0.504564 0.505518 5
2.60363678922 0.48525 0.500564 0.501518 0.48925 0.504564 0.505518 5
2.59848065444 0.485235 0.500566 0.50152 0.489235 0.504566 0.50552 5
2.59334236164 0.48522 0.500566 0.501522 0.48922 0.504566 0.505522 5
2.58822181074 0.485205 0.500566 0.501522 0.489205 0.504566 0.505522 5
2.58311890242 0.485189 0.500566 0.501524 0.489189 0.504566 0.505524 5
2.57803353814 0.485174 0.500568 0.501526 0.489174 0.504568 0.505526 5
2.57296562009 0.485159 0.500566 0.501526 0.489159 0.504566 0.505526 5
2.56791505123 0.485144 0.500566 0.501526 0.489144 0.504566 0.505526 5
2.56288173525 0.485128 0.500566 0.501526 0.489128 0.504566 0.505526 5
2.55786557658 0.485111 0.500566 0.501524 0.489111 0.504566 0.505524 5
2.55286648036 0.485092 0.500566 0.501524 0.489092 0.504566 0.505524 5
2.54788435246 0.485069 0.500566 0.501524 0.489069 0.504566 0.505524 5
2.54291909946 0.485048 0.500566 0.501528 0.489048 0.504566 0.505528 5
2.53797062865 0.485027 0.500566 0.501533 0.489027 0.504566 0.505533 5
2.53303884801 0.48501 0.500566 0.501535 0.48901 0.504566 0.505535 5
2.52812366621 0.484993 0.500564 0.501535 0.488993 0.504564 0.505535 5
2.52322499262 0.484972 0.500563 0.501535 0.488972 0.504563 0.505535 5
2.51834273727 0.484951 0.500564 0.501541 0.488951 0.504564 0.505541 5
2.51347681088 0.484938 0.500563 0.501543 0.488938 0.504563 0.505543 5
2.50862712481 0.484917 0.500563 0.501545 0.488917 0.504563 0.505545 5
2.5037935911 0.484903 0.500561 0.501547 0.488903 0.504561 0.505547 5
2.49897650109 0.484888 0.500561 0.501549 0.488888 0.504561 0.505549 5
2.49417463215 0.484873 0.500561 0.501551 0.488873 0.504561 0.505551 5
2.48938903429 0.484857 0.500559 0.501549 0.488857 0.504559 0.505549 5
2.48461924336 0.484842 0.500557 0.501547 0.488842 0.504557 0.505547 5
2.47986517465 0.484825 0.500555 0.501547 0.488825 0.504555 0.505547 5
2.47512674401 0.484806 0.500553 0.501547 0.488806 0.504553 0.505547 5
2.47040386793 0.484787 0.500553 0.501547 0.488787 0.504553 0.505547 5
2.4656964635 0.484768 0.500551 0.501549 0.488768 0.504551 0.505549 5
2.46100444841 0.484751 0.500551 0.501551 0.488751 0.504551 0.505551 5
2.45632774096 0.484735 0.500549 0.501551 0.488735 0.504549 0.505551 5
2.45166626005 0.484716 0.500547 0.501551 0.488716 0.504547 0.505551 5
2.44701992515 0.484697 0.500547 0.501551 0.488697 0.504547 0.505551 5
2.44238865633 0.484682 0.500547 0.501551 0.488682 0.504547 0.505551 5
2.43777237423 0.484663 0.500545 0.501549 0.488663 0.504545 0.505549 5
2.43317100006 0.484644 0.500545 0.501547 0.488644 0.504545 0.505547 5
2.42858445562 0.484625 0.500545 0.501549 0.488625 0.504545 0.505549 5
2.42401266324 0.484608 0.500545 0.501549 0.488608 0.504545 0.505549 5
2.41945554583 0.484588 0.500545 0.501547 0.488588 0.504545 0.505547 5
2.41491302684 0.484569 0.500547 0.501547 0.488569 0.504547 0.505547 5
2.41038503029 0.48455 0.500547 0.501547 0.48855 0.504547 0.505547 5
2.4058714807 0.484533 0.500549 0.501547 0.488533 0.504549 0.505547 5
2.40137230317 0.484516 0.500549 0.501547 0.488516 0.504549 0.505547 5
2.39688742332 0.484501 0.500551 0.501547 0.488501 0.504551 0.505547 5
2.39241676727 0.484484 0.500551 0.501545 0.488484 0.504551 0.505545 5
2.3879602617 0.484468 0.500551 0.501541 0.488468 0.504551 0.505541 5
2.3835178338 0.484447 0.500549 0.501537 0.488447 0.504549 0.505537 5
2.37908941125 0.484426 0.500549 0.501535 0.488426 0.504549 0.505535 5
2.37467492227 0.484405 0.500549 0.501533 0.488405 0.504549 0.505533 5
2.37027429557 0.484386 0.500551 0.501537 0.488386 0.504551 0.505537 5
2.36588746036 0.484369 0.500551 0.501535 0.488369 0.504551 0.505535 5
2.36151434634 0.484352 0.500553 0.501539 0.488352 0.504553 0.505539 5
2.35715488372 0.484335 0.500553 0.501541 0.488335 0.504553 0.505541 5
2.35280900318 0.48432 0.500553 0.501541 0.48832 0.504553 0.505541 5
2.34847663588 0.484306 0.500553 0.501541 0.488306 0.504553 0.505541 5
2.34415771346 0.484295 0.500553 0.501537 0.488295 0.504553 0.505537 5
2.33985216806 0.484281 0.500551 0.501533 0.488281 0.504551 0.505533 5
2.33555993226 0.484266 0.500549 0.501528 0.488266 0.504549 0.505528 5
2.3312809391 0.484247 0.500547 0.501522 0.488247 0.504547 0.505522 5
2.32701512212 0.484226 0.500545 0.501518 0.488226 0.504545 0.505518 5
2.32276241527 0.484203 0.500543 0.501516 0.488203 0.504543 0.505516 5
2.318522753 0.484184 0.500543 0.50152 0.488184 0.504543 0.50552 5
2.31429607016 0.484169 0.500543 0.501522 0.488169 0.504543 0.505522 5
2.3100823021 0.484156 0.500543 0.50152 0.488156 0.504543 0.50552 5
2.30588138457 0.48414 0.500543 0.501514 0.48814 0.504543 0.505514 5
2.30169325377 0.484117 0.500542 0.501512 0.488117 0.504542 0.505512 5
2.29751784634 0.4841 0.500543 0.501518 0.4881 0.504543 0.505518 5
2.29335509935 0.484091 0.500543 0.501514 0.488091 0.504543 0.505514 5
2.28920495029 0.48407 0.500542 0.501512 0.48807 0.504542 0.505512 5
2.28506733707 0.484056 0.500543 0.501512 0.488056 0.504543 0.505512 5
2.28094219804 0.484041 0.500543 0.50151 0.488041 0.504543 0.50551 5
2.27682947194 0.484026 0.500543 0.501509 0.488026 0.504543 0.505509 5
2.27272909793 0.484009 0.500543 0.501507 0.488009 0.504543 0.505507 5
2.2686410156 0.483993 0.500543 0.501507 0.487993 0.504543 0.505507 5
2.26456516492 0.483976 0.500543 0.501505 0.487976 0.504543 0.505505 5
2.26050148626 0.483961 0.500543 0.501503 0.487961 0.504543 0.505503 5
2.25644992041 0.483944 0.500543 0.501501 0.487944 0.504543 0.505501 5
2.25241040853 0.483927 0.500543 0.501501 0.487927 0.504543 0.505501 5
2.24838313276 0.483909 0.500543 0.501501 0.487909 0.504543 0.505501 5
2.24436731334 0.483894 0.500543 0.501501 0.487894 0.504543 0.505501 5
2.24036361436 0.483879 0.500545 0.501503 0.487879 0.504545 0.505503 5
2.23637173791 0.483866 0.500545 0.501501 0.487866 0.504545 0.505501 5
2.23239162711 0.48385 0.500543 0.501499 0.48785 0.504543 0.505499 5
2.22842322544 0.483837 0.500543 0.501497 0.487837 0.504543 0.505497 5
2.22446647674 0.483822 0.500543 0.501497 0.487822 0.504543 0.505497 5
2.22052132522 0.483806 0.500543 0.501497 0.487806 0.504543 0.505497 5
2.21658771548 0.483793 0.500543 0.501497 0.487793 0.504543 0.505497 5
2.21266559244 0.48378 0.500542 0.501493 0.48778 0.504542 0.505493 5
2.20875490142 0.483765 0.500542 0.501491 0.487765 0.504542 0.505491 5
2.20485558808 0.483749 0.500542 0.501491 0.487749 0.504542 0.505491 5
2.20096759842 0.483736 0.500542 0.501489 0.487736 0.504542 0.505489 5
2.19709087883 0.483724 0.500542 0.501488 0.487724 0.504542 0.505488 5
2.19322537601 0.483709 0.50054 0.501486 0.487709 0.50454 0.505486 5
2.18937103703 0.483698 0.500542 0.501484 0.487698 0.504542 0.505484 5
2.18552780928 0.483684 0.50054 0.50148 0.487684 0.50454 0.50548 5
2.18169564051 0.483671 0.50054 0.501478 0.487671 0.50454 0.505478 5
2.1778744788 0.483656 0.50054 0.501476 0.487656 0.50454 0.505476 5
2.17406427256 0.483642 0.50054 0.501476 0.487642 0.50454 0.505476 5
2.17026497053 0.483629 0.50054 0.501476 0.487629 0.50454 0.505476 5
2.1664765218 0.483614 0.500538 0.501474 0.487614 0.504538 0.505474 5
2.16269887575 0.483602 0.500538 0.501474 0.487602 0.504538 0.505474 5
2.15893198211 0.483589 0.500538 0.501472 0.487589 0.504538 0.505472 5
2.15517579093 0.483576 0.500538 0.501472 0.487576 0.504538 0.505472 5
2.15143025257 0.483564 0.500538 0.50147 0.487564 0.504538 0.50547 5
2.1476953177 0.483551 0.500536 0.501469 0.487551 0.504536 0.505469 5
2.14397093731 0.483538 0.500536 0.501469 0.487538 0.504536 0.505469 5
2.14025706271 0.483524 0.500536 0.501467 0.487524 0.504536 0.505467 5
2.13655364551 0.483513 0.500536 0.501467 0.487513 0.504536 0.505467 5
2.13286063762 0.483499 0.500536 0.501465 0.487499 0.504536 0.505465 5
2.12917799125 0.483488 0.500534 0.501463 0.487488 0.504534 0.505463 5
2.12550565893 0.483476 0.500534 0.501463 0.487476 0.504534 0.505463 5
2.12184359347 0.483463 0.500534 0.501463 0.487463 0.504534 0.505463 5
2.11819174799 0.483452 0.500536 0.501463 0.487452 0.504536 0.505463 5
2.11455007588 0.483438 0.500536 0.501463 0.487438 0.504536 0.505463 5
2.11091853086 0.483427 0.500536 0.501461 0.487427 0.504536 0.505461 5
2.1072970669 0.483414 0.500536 0.501459 0.487414 0.504536 0.505459 5
2.10368563827 0.4834 0.500536 0.501459 0.4874 0.504536 0.505459 5
2.10008419955 0.483387 0.500536 0.501457 0.487387 0.504536 0.505457 5
2.09649270555 0.483373 0.500534 0.501457 0.487373 0.504534 0.505457 5
2.09291111141 0.48336 0.500534 0.501455 0.48736 0.504534 0.505455 5
2.08933937252 0.483347 0.500534 0.501455 0.487347 0.504534 0.505455 5
2.08577744454 0.483333 0.500534 0.501455 0.487333 0.504534 0.505455 5
2.08222528344 0.48332 0.500532 0.501453 0.48732 0.504532 0.505453 5
2.07868284542 0.483307 0.500532 0.501453 0.487307 0.504532 0.505453 5
2.07515008697 0.483293 0.50053 0.501451 0.487293 0.50453 0.505451 5
2.07162696484 0.48328 0.50053 0.501453 0.48728 0.50453 0.505453 5
2.06811343605 0.483267 0.500528 0.501451 0.487267 0.504528 0.505451 5
2.06460945788 0.483253 0.500528 0.501451 0.487253 0.504528 0.505451 5
2.06111498788 0.48324 0.500526 0.501451 0.48724 0.504526 0.505451 5
2.05762998383 0.483229 0.500526 0.501449 0.487229 0.504526 0.505449 5
2.05415440381 0.483215 0.500526 0.501449 0.487215 0.504526 0.505449 5
2.05068820611 0.483202 0.500524 0.501449 0.487202 0.504524 0.505449 5
2.04723134931 0.483188 0.500524 0.501449 0.487188 0.504524 0.505449 5
2.04378379222 0.483175 0.500522 0.501448 0.487175 0.504522 0.505448 5
2.04034549391 0.483162 0.500521 0.501446 0.487162 0.504521 0.505446 5
2.03691641368 0.483148 0.500519 0.501444 0.487148 0.504519 0.505444 5
2.03349651109 0.483135 0.500519 0.501444 0.487135 0.504519 0.505444 5
2.03008574594 0.483122 0.500517 0.501444 0.487122 0.504517 0.505444 5
2.02668407827 0.483108 0.500517 0.501444 0.487108 0.504517 0.505444 5
2.02329146837 0.483095 0.500515 0.501444 0.487095 0.504515 0.505444 5
2.01990787675 0.483082 0.500513 0.501444 0.487082 0.504513 0.505444 5
2.01653326416 0.483068 0.500511 0.501444 0.487068 0.504511 0.505444 5
2.0131675916 0.483057 0.500509 0.501442 0.487057 0.504509 0.505442 5
2.00981082028 0.483045 0.500509 0.501442 0.487045 0.504509 0.505442 5
2.00646291165 0.483032 0.500505 0.50144 0.487032 0.504505 0.50544 5
2.0031238274 0.483019 0.500505 0.50144 0.487019 0.504505 0.50544 5
1.99979384142 0.483005 0.500503 0.50144 0.487005 0.504503 0.50544 5
1.99647197986 0.482992 0.500501 0.501438 0.486992 0.504501 0.505438 5
