1.6847793234334 0.480491 0.499383 0.500325 0.486491 0.505383 0.506325 8
1.6873444548319 0.480504 0.499385 0.500325 0.486504 0.505385 0.506325 8
1.6899152997011 0.480518 0.499385 0.500327 0.486518 0.505385 0.506327 8
1.6924918791277 0.480531 0.499387 0.500329 0.486531 0.505387 0.506329 8
1.6950742143057 0.480544 0.499387 0.500331 0.486544 0.505387 0.506331 8
1.6976623265366 0.48056 0.499389 0.500331 0.48656 0.505389 0.506331 8
1.7002562372304 0.480573 0.499391 0.500335 0.486573 0.505391 0.506335 8
1.7028559679061 0.480586 0.499391 0.500337 0.486586 0.505391 0.506337 8
1.7054615401925 0.480602 0.499393 0.500337 0.486602 0.505393 0.506337 8
1.7080729758291 0.480615 0.499395 0.500339 0.486615 0.505395 0.506339 8
1.7106902966666 0.48063 0.499395 0.500341 0.48663 0.505395 0.506341 8
1.7133135246674 0.480644 0.499397 0.500343 0.486644 0.505397 0.506343 8
1.7159426819069 0.480659 0.499398 0.500345 0.486659 0.505398 0.506345 8
1.7185777905739 0.480672 0.4994 0.500346 0.486672 0.5054 0.506346 8
1.7212188729713 0.480685 0.4994 0.500348 0.486685 0.5054 0.506348 8
1.7238659515168 0.480699 0.499402 0.50035 0.486699 0.505402 0.50635 8
1.7265190487441 0.480714 0.499404 0.500352 0.486714 0.505404 0.506352 8
1.7291781873031 0.480729 0.499406 0.500354 0.486729 0.505406 0.506354 8
1.7318433899609 0.480743 0.499406 0.500356 0.486743 0.505406 0.506356 8
1.7345146796027 0.480758 0.499408 0.500356 0.486758 0.505408 0.506356 8
1.7371920792325 0.480771 0.499408 0.500358 0.486771 0.505408 0.506358 8
1.7398756119735 0.480785 0.49941 0.50036 0.486785 0.50541 0.50636 8
1.7425653010697 0.4808 0.499412 0.500362 0.4868 0.505412 0.506362 8
1.7452611698792 0.480813 0.499412 0.500364 0.486813 0.505412 0.506364 8
1.7479633089343 0.480829 0.499414 0.500366 0.486829 0.505414 0.506366 8
1.7506715407484 0.480842 0.499414 0.500367 0.486842 0.505414 0.506367 8
1.7533860901374 0.480857 0.499416 0.500369 0.486857 0.505416 0.506369 8
1.7561069139335 0.480871 0.499416 0.500371 0.486871 0.505416 0.506371 8
1.7588340361195 0.480886 0.499418 0.500373 0.486886 0.505418 0.506373 8
1.7615674808041 0.480899 0.499418 0.500375 0.486899 0.505418 0.506375 8
1.7643072722229 0.480914 0.499419 0.500377 0.486914 0.505419 0.506377 8
1.7670534347396 0.480928 0.499419 0.500379 0.486928 0.505419 0.506379 8
1.7698059928459 0.480943 0.499421 0.500381 0.486943 0.505421 0.506381 8
1.7725649711635 0.480958 0.499421 0.500383 0.486958 0.505421 0.506383 8
1.7753303944442 0.480972 0.499423 0.500385 0.486972 0.505423 0.506385 8
1.7781022875711 0.480987 0.499423 0.500386 0.486987 0.505423 0.506386 8
1.7808806755592 0.481 0.499423 0.500388 0.487 0.505423 0.506388 8
1.7836655835568 0.481015 0.499425 0.500388 0.487015 0.505425 0.506388 8
1.7864570368459 0.481029 0.499425 0.50039 0.487029 0.505425 0.50639 8
1.7892550608433 0.481044 0.499427 0.500392 0.487044 0.505427 0.506392 8
1.7920596811016 0.481057 0.499427 0.500392 0.487057 0.505427 0.506392 8
1.79487092331 0.481073 0.499429 0.500394 0.487073 0.505429 0.506394 8
1.7976888132953 0.481086 0.499429 0.500396 0.487086 0.505429 0.506396 8
1.8005133770229 0.481099 0.499431 0.500398 0.487099 0.505431 0.506398 8
1.8033446405974 0.481115 0.499431 0.500398 0.487115 0.505431 0.506398 8
1.8061826302639 0.48113 0.499433 0.5004 0.48713 0.505433 0.5064 8
1.8090273724092 0.481143 0.499433 0.500402 0.487143 0.505433 0.506402 8
1.811878893562 0.481157 0.499433 0.500404 0.487157 0.505433 0.506404 8
1.8147372203944 0.481172 0.499435 0.500406 0.487172 0.505435 0.506406 8
1.8176023797232 0.481187 0.499435 0.500406 0.487187 0.505435 0.506406 8
1.8204743985099 0.4812 0.499437 0.500407 0.4872 0.505437 0.506407 8
1.8233533038628 0.481214 0.499437 0.500409 0.487214 0.505437 0.506409 8
1.8262391230373 0.481229 0.499437 0.500409 0.487229 0.505437 0.506409 8
1.8291318834371 0.481242 0.499439 0.500411 0.487242 0.505439 0.506411 8
1.8320316126153 0.481258 0.499439 0.500411 0.487258 0.505439 0.506411 8
1.8349383382755 0.481273 0.49944 0.500413 0.487273 0.50544 0.506413 8
1.8378520882727 0.481286 0.49944 0.500415 0.487286 0.50544 0.506415 8
1.8407728906142 0.481302 0.499442 0.500415 0.487302 0.505442 0.506415 8
1.8437007734611 0.481315 0.499442 0.500417 0.487315 0.505442 0.506417 8
1.8466357651292 0.481328 0.499444 0.500417 0.487328 0.505444 0.506417 8
1.8495778940896 0.481344 0.499444 0.500417 0.487344 0.505444 0.506417 8
1.8525271889707 0.481357 0.499446 0.500419 0.487357 0.505446 0.506419 8
1.8554836785585 0.481372 0.499448 0.500419 0.487372 0.505448 0.506419 8
1.8584473917982 0.481385 0.499448 0.500419 0.487385 0.505448 0.506419 8
1.8614183577949 0.481401 0.49945 0.500421 0.487401 0.50545 0.506421 8
1.8643966058151 0.481416 0.499452 0.500421 0.487416 0.505452 0.506421 8
1.8673821652878 0.481429 0.499452 0.500423 0.487429 0.505452 0.506423 8
1.8703750658055 0.481445 0.499454 0.500423 0.487445 0.505454 0.506423 8
1.8733753371252 0.481458 0.499454 0.500423 0.487458 0.505454 0.506423 8
1.87638300917 0.481471 0.499456 0.500423 0.487471 0.505456 0.506423 8
1.87939811203 0.481487 0.499458 0.500423 0.487487 0.505458 0.506423 8
1.8824206759636 0.4815 0.499458 0.500425 0.4875 0.505458 0.506425 8
1.8854507313984 0.481513 0.49946 0.500425 0.487513 0.50546 0.506425 8
1.8884883089329 0.481527 0.499461 0.500425 0.487527 0.505461 0.506425 8
1.8915334393373 0.481542 0.499461 0.500425 0.487542 0.505461 0.506425 8
1.8945861535551 0.481555 0.499463 0.500427 0.487555 0.505463 0.506427 8
1.8976464827038 0.481571 0.499465 0.500427 0.487571 0.505465 0.506427 8
1.9007144580769 0.481584 0.499465 0.500427 0.487584 0.505465 0.506427 8
1.9037901111445 0.481599 0.499467 0.500427 0.487599 0.505467 0.506427 8
1.9068734735547 0.481612 0.499467 0.500427 0.487612 0.505467 0.506427 8
1.9099645771353 0.481628 0.499469 0.500428 0.487628 0.505469 0.506428 8
1.9130634538947 0.481641 0.499469 0.500428 0.487641 0.505469 0.506428 8
1.9161701360231 0.481654 0.499469 0.500427 0.487654 0.505469 0.506427 8
1.9192846558944 0.481668 0.499471 0.500427 0.487668 0.505471 0.506427 8
1.9224070460668 0.481681 0.499471 0.500427 0.487681 0.505471 0.506427 8
1.9255373392847 0.481696 0.499473 0.500427 0.487696 0.505473 0.506427 8
1.9286755684797 0.481712 0.499475 0.500425 0.487712 0.505475 0.506425 8
1.9318217667724 0.481725 0.499475 0.500425 0.487725 0.505475 0.506425 8
1.9349759674732 0.481738 0.499477 0.500425 0.487738 0.505477 0.506425 8
1.9381382040842 0.481754 0.499479 0.500425 0.487754 0.505479 0.506425 8
1.9413085103001 0.481769 0.499481 0.500425 0.487769 0.505481 0.506425 8
1.9444869200102 0.481782 0.499482 0.500427 0.487782 0.505482 0.506427 8
1.9476734672993 0.481796 0.499482 0.500427 0.487796 0.505482 0.506427 8
1.9508681864496 0.481809 0.499484 0.500427 0.487809 0.505484 0.506427 8
1.9540711119418 0.481822 0.499486 0.500428 0.487822 0.505486 0.506428 8
1.9572822784565 0.481834 0.499486 0.500428 0.487834 0.505486 0.506428 8
1.9605017208762 0.481847 0.499488 0.500428 0.487847 0.505488 0.506428 8
1.9637294742863 0.48186 0.49949 0.50043 0.48786 0.50549 0.50643 8
1.9669655739768 0.481874 0.499492 0.500432 0.487874 0.505492 0.506432 8
1.9702100554436 0.481887 0.499492 0.500432 0.487887 0.505492 0.506432 8
1.9734629543904 0.4819 0.499494 0.500434 0.4879 0.505494 0.506434 8
1.9767243067301 0.481914 0.499496 0.500434 0.487914 0.505496 0.506434 8
1.9799941485863 0.481927 0.499498 0.500436 0.487927 0.505498 0.506436 8
1.9832725162947 0.481941 0.499498 0.500436 0.487941 0.505498 0.506436 8
1.9865594464051 0.481954 0.4995 0.500436 0.487954 0.5055 0.506436 8
1.9898549756827 0.481967 0.4995 0.500438 0.487967 0.5055 0.506438 8
1.99315914111 0.481981 0.499501 0.500438 0.487981 0.505501 0.506438 8
1.9964719798568 0.481992 0.499501 0.500438 0.487992 0.505501 0.506438 8
1.9997938414155 0.482005 0.499503 0.50044 0.488005 0.505503 0.50644 8
2.0031238274036 0.482019 0.499505 0.50044 0.488019 0.505505 0.50644 8
2.00646291165 0.482032 0.499505 0.50044 0.488032 0.505505 0.50644 8
2.00981082028 0.482045 0.499509 0.500442 0.488045 0.505509 0.506442 8
2.0131675916 0.482057 0.499509 0.500442 0.488057 0.505509 0.506442 8
2.01653326416 0.482068 0.499511 0.500444 0.488068 0.505511 0.506444 8
2.01990787675 0.482082 0.499513 0.500444 0.488082 0.505513 0.506444 8
2.02329146837 0.482095 0.499515 0.500444 0.488095 0.505515 0.506444 8
2.02668407827 0.482108 0.499517 0.500444 0.488108 0.505517 0.506444 8
2.03008574594 0.482122 0.499517 0.500444 0.488122 0.505517 0.506444 8
2.03349651109 0.482135 0.499519 0.500444 0.488135 0.505519 0.506444 8
2.03691641368 0.482148 0.499519 0.500444 0.488148 0.505519 0.506444 8
2.04034549391 0.482162 0.499521 0.500446 0.488162 0.505521 0.506446 8
2.04378379222 0.482175 0.499522 0.500448 0.488175 0.505522 0.506448 8
2.04723134931 0.482188 0.499524 0.500449 0.488188 0.505524 0.506449 8
2.05068820611 0.482202 0.499524 0.500449 0.488202 0.505524 0.506449 8
2.05415440381 0.482215 0.499526 0.500449 0.488215 0.505526 0.506449 8
2.05762998383 0.482229 0.499526 0.500449 0.488229 0.505526 0.506449 8
2.06111498788 0.48224 0.499526 0.500451 0.48824 0.505526 0.506451 8
2.06460945788 0.482253 0.499528 0.500451 0.488253 0.505528 0.506451 8
2.06811343605 0.482267 0.499528 0.500451 0.488267 0.505528 0.506451 8
2.07162696484 0.48228 0.49953 0.500453 0.48828 0.50553 0.506453 8
2.07515008697 0.482293 0.49953 0.500451 0.488293 0.50553 0.506451 8
2.07868284542 0.482307 0.499532 0.500453 0.488307 0.505532 0.506453 8
2.08222528344 0.48232 0.499532 0.500453 0.48832 0.505532 0.506453 8
2.08577744454 0.482333 0.499534 0.500455 0.488333 0.505534 0.506455 8
2.08933937252 0.482347 0.499534 0.500455 0.488347 0.505534 0.506455 8
2.09291111141 0.48236 0.499534 0.500455 0.48836 0.505534 0.506455 8
2.09649270555 0.482373 0.499534 0.500457 0.488373 0.505534 0.506457 8
2.10008419955 0.482387 0.499536 0.500457 0.488387 0.505536 0.506457 8
2.10368563827 0.4824 0.499536 0.500459 0.4884 0.505536 0.506459 8
2.1072970669 0.482414 0.499536 0.500459 0.488414 0.505536 0.506459 8
2.11091853086 0.482427 0.499536 0.500461 0.488427 0.505536 0.506461 8
2.11455007588 0.482438 0.499536 0.500463 0.488438 0.505536 0.506463 8
2.11819174799 0.482452 0.499536 0.500463 0.488452 0.505536 0.506463 8
2.12184359347 0.482463 0.499534 0.500463 0.488463 0.505534 0.506463 8
2.12550565893 0.482476 0.499534 0.500463 0.488476 0.505534 0.506463 8
2.12917799125 0.482488 0.499534 0.500463 0.488488 0.505534 0.506463 8
2.13286063762 0.482499 0.499536 0.500465 0.488499 0.505536 0.506465 8
2.13655364551 0.482513 0.499536 0.500467 0.488513 0.505536 0.506467 8
2.14025706271 0.482524 0.499536 0.500467 0.488524 0.505536 0.506467 8
2.14397093731 0.482538 0.499536 0.500469 0.488538 0.505536 0.506469 8
2.1476953177 0.482551 0.499536 0.500469 0.488551 0.505536 0.506469 8
2.15143025257 0.482564 0.499538 0.50047 0.488564 0.505538 0.50647 8
2.15517579093 0.482576 0.499538 0.500472 0.488576 0.505538 0.506472 8
2.15893198211 0.482589 0.499538 0.500472 0.488589 0.505538 0.506472 8
2.16269887575 0.482602 0.499538 0.500474 0.488602 0.505538 0.506474 8
2.1664765218 0.482614 0.499538 0.500474 0.488614 0.505538 0.506474 8
2.17026497053 0.482629 0.49954 0.500476 0.488629 0.50554 0.506476 8
2.17406427256 0.482642 0.49954 0.500476 0.488642 0.50554 0.506476 8
2.1778744788 0.482656 0.49954 0.500476 0.488656 0.50554 0.506476 8
2.18169564051 0.482671 0.49954 0.500478 0.488671 0.50554 0.506478 8
2.18552780928 0.482684 0.49954 0.50048 0.488684 0.50554 0.50648 8
2.18937103703 0.482698 0.499542 0.500484 0.488698 0.505542 0.506484 8
2.19322537601 0.482709 0.49954 0.500486 0.488709 0.50554 0.506486 8
2.19709087883 0.482724 0.499542 0.500488 0.488724 0.505542 0.506488 8
2.20096759842 0.482736 0.499542 0.500489 0.488736 0.505542 0.506489 8
2.20485558808 0.482749 0.499542 0.500491 0.488749 0.505542 0.506491 8
2.20875490142 0.482765 0.499542 0.500491 0.488765 0.505542 0.506491 8
2.21266559244 0.48278 0.499542 0.500493 0.48878 0.505542 0.506493 8
2.21658771548 0.482793 0.499543 0.500497 0.488793 0.505543 0.506497 8
2.22052132522 0.482806 0.499543 0.500497 0.488806 0.505543 0.506497 8
2.22446647674 0.482822 0.499543 0.500497 0.488822 0.505543 0.506497 8
2.22842322544 0.482837 0.499543 0.500497 0.488837 0.505543 0.506497 8
2.23239162711 0.48285 0.499543 0.500499 0.48885 0.505543 0.506499 8
2.23637173791 0.482866 0.499545 0.500501 0.488866 0.505545 0.506501 8
2.24036361436 0.482879 0.499545 0.500503 0.488879 0.505545 0.506503 8
2.24436731334 0.482894 0.499543 0.500501 0.488894 0.505543 0.506501 8
2.24838313276 0.482909 0.499543 0.500501 0.488909 0.505543 0.506501 8
2.25241040853 0.482927 0.499543 0.500501 0.488927 0.505543 0.506501 8
2.25644992041 0.482944 0.499543 0.500501 0.488944 0.505543 0.506501 8
2.26050148626 0.482961 0.499543 0.500503 0.488961 0.505543 0.506503 8
2.26456516492 0.482976 0.499543 0.500505 0.488976 0.505543 0.506505 8
2.2686410156 0.482993 0.499543 0.500507 0.488993 0.505543 0.506507 8
2.27272909793 0.483009 0.499543 0.500507 0.489009 0.505543 0.506507 8
2.27682947194 0.483026 0.499543 0.500509 0.489026 0.505543 0.506509 8
2.28094219804 0.483041 0.499543 0.50051 0.489041 0.505543 0.50651 8
2.28506733707 0.483056 0.499543 0.500512 0.489056 0.505543 0.506512 8
2.28920495029 0.48307 0.499542 0.500512 0.48907 0.505542 0.506512 8
2.29335509935 0.483091 0.499543 0.500514 0.489091 0.505543 0.506514 8
2.29751784634 0.4831 0.499543 0.500518 0.4891 0.505543 0.506518 8
2.30169325377 0.483117 0.499542 0.500512 0.489117 0.505542 0.506512 8
2.30588138457 0.48314 0.499543 0.500514 0.48914 0.505543 0.506514 8
2.3100823021 0.483156 0.499543 0.50052 0.489156 0.505543 0.50652 8
2.31429607016 0.483169 0.499543 0.500522 0.489169 0.505543 0.506522 8
2.318522753 0.483184 0.499543 0.50052 0.489184 0.505543 0.50652 8
2.32276241527 0.483203 0.499543 0.500516 0.489203 0.505543 0.506516 8
2.32701512212 0.483226 0.499545 0.500518 0.489226 0.505545 0.506518 8
2.3312809391 0.483247 0.499547 0.500522 0.489247 0.505547 0.506522 8
2.33555993226 0.483266 0.499549 0.500528 0.489266 0.505549 0.506528 8
2.33985216806 0.483281 0.499551 0.500533 0.489281 0.505551 0.506533 8
2.34415771346 0.483295 0.499553 0.500537 0.489295 0.505553 0.506537 8
2.34847663588 0.483306 0.499553 0.500541 0.489306 0.505553 0.506541 8
2.35280900318 0.48332 0.499553 0.500541 0.48932 0.505553 0.506541 8
2.35715488372 0.483335 0.499553 0.500541 0.489335 0.505553 0.506541 8
2.36151434634 0.483352 0.499553 0.500539 0.489352 0.505553 0.506539 8
2.36588746036 0.483369 0.499551 0.500535 0.489369 0.505551 0.506535 8
2.37027429557 0.483386 0.499551 0.500537 0.489386 0.505551 0.506537 8
2.37467492227 0.483405 0.499549 0.500533 0.489405 0.505549 0.506533 8
2.37908941125 0.483426 0.499549 0.500535 0.489426 0.505549 0.506535 8
2.3835178338 0.483447 0.499549 0.500537 0.489447 0.505549 0.506537 8
2.3879602617 0.483468 0.499551 0.500541 0.489468 0.505551 0.506541 8
2.39241676727 0.483484 0.499551 0.500545 0.489484 0.505551 0.506545 8
2.39688742332 0.483501 0.499551 0.500547 0.489501 0.505551 0.506547 8
2.40137230317 0.483516 0.499549 0.500547 0.489516 0.505549 0.506547 8
2.4058714807 0.483533 0.499549 0.500547 0.489533 0.505549 0.506547 8
2.41038503029 0.48355 0.499547 0.500547 0.48955 0.505547 0.506547 8
2.41491302684 0.483569 0.499547 0.500547 0.489569 0.505547 0.506547 8
2.41945554583 0.483588 0.499545 0.500547 0.489588 0.505545 0.506547 8
2.42401266324 0.483608 0.499545 0.500549 0.489608 0.505545 0.506549 8
2.42858445562 0.483625 0.499545 0.500549 0.489625 0.505545 0.506549 8
2.43317100006 0.483644 0.499545 0.500547 0.489644 0.505545 0.506547 8
2.43777237423 0.483663 0.499545 0.500549 0.489663 0.505545 0.506549 8
2.44238865633 0.483682 0.499547 0.500551 0.489682 0.505547 0.506551 8
2.44701992515 0.483697 0.499547 0.500551 0.489697 0.505547 0.506551 8
2.45166626005 0.483716 0.499547 0.500551 0.489716 0.505547 0.506551 8
2.45632774096 0.483735 0.499549 0.500551 0.489735 0.505549 0.506551 8
2.46100444841 0.483751 0.499551 0.500551 0.489751 0.505551 0.506551 8
2.4656964635 0.483768 0.499551 0.500549 0.489768 0.505551 0.506549 8
2.47040386793 0.483787 0.499553 0.500547 0.489787 0.505553 0.506547 8
2.47512674401 0.483806 0.499553 0.500547 0.489806 0.505553 0.506547 8
2.47986517465 0.483825 0.499555 0.500547 0.489825 0.505555 0.506547 8
2.48461924336 0.483842 0.499557 0.500547 0.489842 0.505557 0.506547 8
2.48938903429 0.483857 0.499559 0.500549 0.489857 0.505559 0.506549 8
2.49417463215 0.483873 0.499561 0.500551 0.489873 0.505561 0.506551 8
2.49897650109 0.483888 0.499561 0.500549 0.489888 0.505561 0.506549 8
2.5037935911 0.483903 0.499561 0.500547 0.489903 0.505561 0.506547 8
2.50862712481 0.483917 0.499563 0.500545 0.489917 0.505563 0.506545 8
2.51347681088 0.483938 0.499563 0.500543 0.489938 0.505563 0.506543 8
2.51834273727 0.483951 0.499564 0.500541 0.489951 0.505564 0.506541 8
2.52322499262 0.483972 0.499563 0.500535 0.489972 0.505563 0.506535 8
2.52812366621 0.483993 0.499564 0.500535 0.489993 0.505564 0.506535 8
2.53303884801 0.48401 0.499566 0.500535 0.49001 0.505566 0.506535 8
2.53797062865 0.484027 0.499566 0.500533 0.490027 0.505566 0.506533 8
2.54291909946 0.484048 0.499566 0.500528 0.490048 0.505566 0.506528 8
2.54788435246 0.484069 0.499566 0.500524 0.490069 0.505566 0.506524 8
2.55286648036 0.484092 0.499566 0.500524 0.490092 0.505566 0.506524 8
2.55786557658 0.484111 0.499566 0.500524 0.490111 0.505566 0.506524 8
2.56288173525 0.484128 0.499566 0.500526 0.490128 0.505566 0.506526 8
2.56791505123 0.484144 0.499566 0.500526 0.490144 0.505566 0.506526 8
2.57296562009 0.484159 0.499566 0.500526 0.490159 0.505566 0.506526 8
2.57803353814 0.484174 0.499568 0.500526 0.490174 0.505568 0.506526 8
2.58311890242 0.484189 0.499566 0.500524 0.490189 0.505566 0.506524 8
2.58822181074 0.484205 0.499566 0.500522 0.490205 0.505566 0.506522 8
2.59334236164 0.48422 0.499566 0.500522 0.49022 0.505566 0.506522 8
2.59848065444 0.484235 0.499566 0.50052 0.490235 0.505566 0.50652 8
2.60363678922 0.48425 0.499564 0.500518 0.49025 0.505564 0.506518 8
2.60881086684 0.484266 0.499564 0.500518 0.490266 0.505564 0.506518 8
2.61400298894 0.484281 0.499563 0.500518 0.490281 0.505563 0.506518 8
2.61921325797 0.484296 0.499564 0.50052 0.490296 0.505564 0.50652 8
2.62444177715 0.484308 0.499564 0.50052 0.490308 0.505564 0.50652 8
2.62968865053 0.484323 0.499566 0.500518 0.490323 0.505566 0.506518 8
2.63495398297 0.484338 0.499566 0.500518 0.490338 0.505566 0.506518 8
2.64023788017 0.484351 0.49957 0.50052 0.490351 0.50557 0.50652 8
2.64554044864 0.484363 0.49957 0.500518 0.490363 0.50557 0.506518 8
2.65086179573 0.484374 0.49957 0.500514 0.490374 0.50557 0.506514 8
2.65620202968 0.48439 0.49957 0.500512 0.49039 0.50557 0.506512 8
2.66156125953 0.484403 0.49957 0.500509 0.490403 0.50557 0.506509 8
2.66693959523 0.48442 0.49957 0.500505 0.49042 0.50557 0.506505 8
2.67233714759 0.484437 0.49957 0.500503 0.490437 0.50557 0.506503 8
2.6777540283 0.484453 0.499568 0.500499 0.490453 0.505568 0.506499 8
2.68319034997 0.48447 0.499568 0.500499 0.49047 0.505568 0.506499 8
2.68864622607 0.484487 0.499568 0.500499 0.490487 0.505568 0.506499 8
2.69412177102 0.484504 0.499566 0.500497 0.490504 0.505566 0.506497 8
2.69961710014 0.484521 0.499566 0.500495 0.490521 0.505566 0.506495 8
2.70513232968 0.484538 0.499566 0.500495 0.490538 0.505566 0.506495 8
2.71066757686 0.484556 0.499566 0.500493 0.490556 0.505566 0.506493 8
2.71622295981 0.484575 0.499564 0.500493 0.490575 0.505564 0.506493 8
2.72179859765 0.48459 0.499564 0.500493 0.49059 0.505564 0.506493 8
2.72739461045 0.484609 0.499564 0.500495 0.490609 0.505564 0.506495 8
2.73301111927 0.484626 0.499563 0.500495 0.490626 0.505563 0.506495 8
2.73864824615 0.484643 0.499563 0.500497 0.490643 0.505563 0.506497 8
2.7443061141 0.484659 0.499563 0.500499 0.490659 0.505563 0.506499 8
2.74998541481 0.484676 0.499561 0.500499 0.490676 0.505561 0.506499 8
2.75568457079 0.484691 0.499561 0.500501 0.490691 0.505561 0.506501 8
2.76140541061 0.484704 0.499561 0.500503 0.490704 0.505561 0.506503 8
2.76714749396 0.48472 0.499561 0.500503 0.49072 0.505561 0.506503 8
2.77291094905 0.484733 0.499561 0.500505 0.490733 0.505561 0.506505 8
2.77869590516 0.484746 0.499561 0.500507 0.490746 0.505561 0.506507 8
2.78450249264 0.48476 0.499561 0.500507 0.49076 0.505561 0.506507 8
2.79033084294 0.484773 0.499561 0.500509 0.490773 0.505561 0.506509 8
2.79618108859 0.484786 0.499561 0.500509 0.490786 0.505561 0.506509 8
2.80205336325 0.4848 0.499563 0.500509 0.4908 0.505563 0.506509 8
2.80794780169 0.484813 0.499563 0.500507 0.490813 0.505563 0.506507 8
2.81386453982 0.484828 0.499563 0.500507 0.490828 0.505563 0.506507 8
2.81980371471 0.484844 0.499563 0.500507 0.490844 0.505563 0.506507 8
2.82576546457 0.484859 0.499563 0.500509 0.490859 0.505563 0.506509 8
2.83174992879 0.484874 0.499564 0.50051 0.490874 0.505564 0.50651 8
2.83775724794 0.484885 0.499564 0.500505 0.490885 0.505564 0.506505 8
2.84378756381 0.484906 0.499566 0.50051 0.490906 0.505566 0.50651 8
2.84984101937 0.484916 0.499572 0.500514 0.490916 0.505572 0.506514 8
2.85591775883 0.484927 0.499576 0.500512 0.490927 0.505576 0.506512 8
2.86201792765 0.484943 0.499578 0.500509 0.490943 0.505578 0.506509 8
2.86814167251 0.48496 0.499578 0.500507 0.49096 0.505578 0.506507 8
2.87428914139 0.484979 0.49958 0.500507 0.490979 0.50558 0.506507 8
2.88046048351 0.484998 0.49958 0.50051 0.490998 0.50558 0.50651 8
2.88665584942 0.485015 0.499582 0.500518 0.491015 0.505582 0.506518 8
2.89287539095 0.485029 0.499585 0.500522 0.491029 0.505585 0.506522 8
2.89911926126 0.48504 0.499589 0.500524 0.49104 0.505589 0.506524 8
2.90538761486 0.485051 0.499591 0.500522 0.491051 0.505591 0.506522 8
2.9116806076 0.485063 0.499595 0.50052 0.491063 0.505595 0.50652 8
2.91799839668 0.485074 0.499597 0.500518 0.491074 0.505597 0.506518 8
2.92434114071 0.485088 0.499599 0.500512 0.491088 0.505599 0.506512 8
2.93070899968 0.485105 0.499601 0.500509 0.491105 0.505601 0.506509 8
2.93710213499 0.485122 0.499603 0.500507 0.491122 0.505603 0.506507 8
2.94352070948 0.485139 0.499603 0.500503 0.491139 0.505603 0.506503 8
2.94996488743 0.485158 0.499603 0.500503 0.491158 0.505603 0.506503 8
2.95643483458 0.485175 0.499604 0.500503 0.491175 0.505604 0.506503 8
2.96293071814 0.485193 0.499606 0.500503 0.491193 0.505606 0.506503 8
2.96945270684 0.48521 0.499608 0.500505 0.49121 0.505608 0.506505 8
2.97600097088 0.485225 0.499608 0.500505 0.491225 0.505608 0.506505 8
2.98257568203 0.485238 0.499612 0.500507 0.491238 0.505612 0.506507 8
2.98917701356 0.485252 0.499614 0.500507 0.491252 0.505614 0.506507 8
2.99580538563 0.485265 0.499616 0.500507 0.491265 0.505616 0.506507 8
3.00246023892 0.485278 0.499616 0.500505 0.491278 0.505616 0.506505 8
3.0091424872 0.48529 0.499618 0.500501 0.49129 0.505618 0.506501 8
3.01585206488 0.485303 0.499622 0.500499 0.491303 0.505622 0.506499 8
3.02258915329 0.485315 0.499624 0.500497 0.491315 0.505624 0.506497 8
3.02935393536 0.485328 0.499625 0.500495 0.491328 0.505625 0.506495 8
3.03614659574 0.485338 0.499627 0.500491 0.491338 0.505627 0.506491 8
3.04296732074 0.485351 0.499627 0.500488 0.491351 0.505627 0.506488 8
3.04981629843 0.485364 0.499629 0.500486 0.491364 0.505629 0.506486 8
3.05669371856 0.485378 0.499631 0.50048 0.491378 0.505631 0.50648 8
3.06359977268 0.485393 0.499631 0.500474 0.491393 0.505631 0.506474 8
3.07053465409 0.48541 0.499633 0.50047 0.49141 0.505633 0.50647 8
3.07749855791 0.485425 0.499635 0.500467 0.491425 0.505635 0.506467 8
3.08449168106 0.485444 0.499635 0.500465 0.491444 0.505635 0.506465 8
3.09151422231 0.485461 0.499637 0.500461 0.491461 0.505637 0.506461 8
3.09856638229 0.485481 0.499637 0.500459 0.491481 0.505637 0.506459 8
3.1056483635 0.485498 0.499639 0.500457 0.491498 0.505639 0.506457 8
3.11276037039 0.485517 0.499639 0.500455 0.491517 0.505639 0.506455 8
3.11990260928 0.485534 0.499639 0.500455 0.491534 0.505639 0.506455 8
3.1270752885 0.485551 0.499639 0.500455 0.491551 0.505639 0.506455 8
3.13427861833 0.485568 0.499639 0.500453 0.491568 0.505639 0.506453 8
3.14151281104 0.485585 0.499639 0.500455 0.491585 0.505639 0.506455 8
3.14877808094 0.485601 0.499637 0.500453 0.491601 0.505637 0.506453 8
3.1560746444 0.485616 0.499635 0.500453 0.491616 0.505635 0.506453 8
3.16340271985 0.485631 0.499635 0.500451 0.491631 0.505635 0.506451 8
3.17076252782 0.485648 0.499635 0.500451 0.491648 0.505635 0.506451 8
3.17815429096 0.485664 0.499635 0.500451 0.491664 0.505635 0.506451 8
3.1855782341 0.485681 0.499637 0.500453 0.491681 0.505637 0.506453 8
3.19303458422 0.485698 0.499637 0.500457 0.491698 0.505637 0.506457 8
3.20052357053 0.485715 0.499637 0.500453 0.491715 0.505637 0.506453 8
3.20804542444 0.485721 0.499646 0.500461 0.491721 0.505646 0.506461 8
3.21560037965 0.485757 0.499637 0.500467 0.491757 0.505637 0.506467 8
3.22318867213 0.485782 0.499635 0.500472 0.491782 0.505635 0.506472 8
3.2308105402 0.485805 0.499635 0.500476 0.491805 0.505635 0.506476 8
3.23846622448 0.485709 0.499685 0.500423 0.491709 0.505685 0.506423 8
3.246155968 0.485715 0.499688 0.500417 0.491715 0.505688 0.506417 8
3.25388001619 0.485723 0.499692 0.500413 0.491723 0.505692 0.506413 8
3.2616386169 0.485732 0.499696 0.500409 0.491732 0.505696 0.506409 8
3.26943202047 0.485742 0.499698 0.500406 0.491742 0.505698 0.506406 8
3.27726047972 0.485753 0.4997 0.500404 0.491753 0.5057 0.506404 8
3.28512425001 0.485767 0.4997 0.500404 0.491767 0.5057 0.506404 8
3.29302358927 0.48578 0.499698 0.500404 0.49178 0.505698 0.506404 8
3.30095875801 0.485795 0.499696 0.500406 0.491795 0.505696 0.506406 8
3.30893001938 0.485812 0.499694 0.500409 0.491812 0.505694 0.506409 8
3.31693763918 0.48583 0.499688 0.500413 0.49183 0.505688 0.506413 8
3.32498188593 0.485847 0.499681 0.500419 0.491847 0.505681 0.506419 8
3.33306303085 0.485866 0.499669 0.500423 0.491866 0.505669 0.506423 8
3.34118134796 0.485887 0.49966 0.500425 0.491887 0.50566 0.506425 8
3.34933711407 0.485912 0.499648 0.500427 0.491912 0.505648 0.506427 8
3.35753060882 0.485938 0.499639 0.500432 0.491938 0.505639 0.506432 8
3.36576211474 0.485969 0.499627 0.500436 0.491969 0.505627 0.506436 8
3.37403191728 0.486001 0.499616 0.500444 0.492001 0.505616 0.506444 8
3.38234030482 0.486038 0.499604 0.500451 0.492038 0.505604 0.506451 8
3.39068756876 0.4861 0.499664 0.500547 0.4921 0.505664 0.506547 8
3.39907400353 0.48611 0.499664 0.500541 0.49211 0.505664 0.506541 8
3.4074999066 0.486121 0.499664 0.500541 0.492121 0.505664 0.506541 8
3.41596557859 0.486127 0.499666 0.500541 0.492127 0.505666 0.506541 8
3.42447132326 0.486137 0.49966 0.500535 0.492137 0.50566 0.506535 8
3.43301744757 0.486142 0.499652 0.500528 0.492142 0.505652 0.506528 8
3.44160426172 0.48615 0.499645 0.50052 0.49215 0.505645 0.50652 8
3.45023207918 0.486158 0.499639 0.500512 0.492158 0.505639 0.506512 8
3.45890121678 0.486167 0.499633 0.500507 0.492167 0.505633 0.506507 8
3.46761199469 0.486179 0.499627 0.500501 0.492179 0.505627 0.506501 8
3.47636473651 0.486188 0.499624 0.500495 0.492188 0.505624 0.506495 8
3.4851597693 0.4862 0.499622 0.500488 0.4922 0.505622 0.506488 8
3.49399771037 0.486213 0.499618 0.50048 0.492213 0.505618 0.50648 8
3.50287803381 0.486224 0.499616 0.500472 0.492224 0.505616 0.506472 8
3.51180193737 0.486238 0.499612 0.500465 0.492238 0.505612 0.506465 8
3.52076947581 0.486251 0.49961 0.500457 0.492251 0.50561 0.506457 8
3.52978099426 0.486264 0.499608 0.500449 0.492264 0.505608 0.506449 8
3.53883684159 0.48628 0.499606 0.50044 0.49228 0.505606 0.50644 8
3.54793737052 0.486297 0.499603 0.500432 0.492297 0.505603 0.506432 8
3.55708293761 0.486312 0.499601 0.500427 0.492312 0.505601 0.506427 8
3.56627390335 0.486326 0.499601 0.500421 0.492326 0.505601 0.506421 8
3.57551063221 0.486339 0.499601 0.500413 0.492339 0.505601 0.506413 8
3.58479349268 0.486354 0.499601 0.500404 0.492354 0.505601 0.506404 8
3.59412285736 0.486369 0.499599 0.500394 0.492369 0.505599 0.506394 8
3.60349910299 0.486385 0.499597 0.500386 0.492385 0.505597 0.506386 8
3.61292261051 0.4864 0.499595 0.500379 0.4924 0.505595 0.506379 8
3.62239376513 0.486417 0.499593 0.500369 0.492417 0.505593 0.506369 8
3.63191295639 0.486434 0.499591 0.50036 0.492434 0.505591 0.50636 8
3.64148057822 0.48645 0.499591 0.500352 0.49245 0.505591 0.506352 8
3.651097029 0.486469 0.499589 0.500341 0.492469 0.505589 0.506341 8
3.66076271163 0.486488 0.499587 0.500329 0.492488 0.505587 0.506329 8
3.67047803359 0.486509 0.499584 0.500322 0.492509 0.505584 0.506322 8
3.68024340701 0.486528 0.499582 0.500314 0.492528 0.505582 0.506314 8
3.69005924874 0.486545 0.49958 0.500308 0.492545 0.50558 0.506308 8
3.6999259804 0.486564 0.499578 0.500301 0.492564 0.505578 0.506301 8
3.7098440285 0.486583 0.499576 0.500293 0.492583 0.505576 0.506293 8
3.71981382444 0.4866 0.499574 0.500285 0.4926 0.505574 0.506285 8
3.72983580463 0.486619 0.499572 0.500278 0.492619 0.505572 0.506278 8
3.73991041058 0.486638 0.499568 0.50027 0.492638 0.505568 0.50627 8
3.75003808891 0.486657 0.499566 0.500263 0.492657 0.505566 0.506263 8
3.7602192915 0.486678 0.499564 0.500253 0.492678 0.505564 0.506253 8
3.7704544755 0.486705 0.499559 0.500242 0.492705 0.505559 0.506242 8
3.78074410348 0.486722 0.499557 0.500238 0.492722 0.505557 0.506238 8
3.79108864344 0.486739 0.499555 0.500236 0.492739 0.505555 0.506236 8
3.80148856895 0.486757 0.499557 0.500224 0.492757 0.505557 0.506224 8
3.81194435921 0.486779 0.499555 0.500215 0.492779 0.505555 0.506215 8
3.82245649911 0.486804 0.499553 0.500207 0.492804 0.505553 0.506207 8
3.83302547938 0.486827 0.499553 0.500203 0.492827 0.505553 0.506203 8
3.84365179662 0.486846 0.499555 0.500201 0.492846 0.505555 0.506201 8
3.85433595341 0.486863 0.499559 0.500196 0.492863 0.505559 0.506196 8
3.86507845842 0.486881 0.499563 0.50019 0.492881 0.505563 0.50619 8
3.87587982647 0.486898 0.499566 0.500182 0.492898 0.505566 0.506182 8
3.88674057866 0.486921 0.499568 0.500175 0.492921 0.505568 0.506175 8
3.89766124244 0.486942 0.49957 0.500169 0.492942 0.50557 0.506169 8
3.90864235171 0.486963 0.499574 0.500163 0.492963 0.505574 0.506163 8
3.91968444696 0.486984 0.499574 0.50016 0.492984 0.505574 0.50616 8
3.93078807532 0.487003 0.499574 0.500158 0.493003 0.505574 0.506158 8
3.9419537907 0.487022 0.499574 0.500158 0.493022 0.505574 0.506158 8
3.95318215387 0.487041 0.499572 0.500154 0.493041 0.505572 0.506154 8
3.96447373261 0.487056 0.499572 0.500154 0.493056 0.505572 0.506154 8
3.97582910177 0.487073 0.499572 0.500152 0.493073 0.505572 0.506152 8
3.98724884333 0.487085 0.499572 0.500152 0.493085 0.505572 0.506152 8
3.99873457221 0.487098 0.499574 0.50015 0.493098 0.505574 0.50615 8
4.01028380925 0.487111 0.499578 0.500146 0.493111 0.505578 0.506146 8
4.02190023464 0.487127 0.49958 0.50014 0.493127 0.50558 0.50614 8
4.03358343525 0.48714 0.499582 0.50014 0.49314 0.505582 0.50614 8
4.04533403096 0.487153 0.499585 0.500137 0.493153 0.505585 0.506137 8
4.05715264959 0.48717 0.499587 0.500131 0.49317 0.505587 0.506131 8
4.06903992706 0.487188 0.499589 0.500125 0.493188 0.505589 0.506125 8
4.08099650744 0.487205 0.499591 0.500123 0.493205 0.505591 0.506123 8
4.09302304316 0.487222 0.499595 0.500119 0.493222 0.505595 0.506119 8
4.10512019513 0.487239 0.499597 0.500116 0.493239 0.505597 0.506116 8
4.11728863285 0.487256 0.499601 0.50011 0.493256 0.505601 0.50611 8
4.12952903459 0.487277 0.499603 0.5001 0.493277 0.505603 0.5061 8
4.14184208752 0.4873 0.499604 0.500097 0.4933 0.505604 0.506097 8
4.15422848784 0.487321 0.499603 0.500095 0.493321 0.505603 0.506095 8
4.16668894099 0.487342 0.499604 0.500093 0.493342 0.505604 0.506093 8
4.17922416173 0.487361 0.499606 0.500091 0.493361 0.505606 0.506091 8
4.19183487436 0.487382 0.499606 0.500089 0.493382 0.505606 0.506089 8
4.20452181286 0.487399 0.499608 0.500085 0.493399 0.505608 0.506085 8
4.21728572103 0.48742 0.49961 0.500083 0.49342 0.50561 0.506083 8
4.23012735271 0.487438 0.499612 0.500081 0.493438 0.505612 0.506081 8
4.24304747191 0.487453 0.499616 0.500079 0.493453 0.505616 0.506079 8
4.256046853 0.487468 0.499624 0.500074 0.493468 0.505624 0.506074 8
4.26912628089 0.487489 0.499629 0.500066 0.493489 0.505629 0.506066 8
4.28228655122 0.487512 0.499633 0.500058 0.493512 0.505633 0.506058 8
4.29552847053 0.487533 0.499635 0.500053 0.493533 0.505635 0.506053 8
4.30885285647 0.487556 0.499637 0.500047 0.493556 0.505637 0.506047 8
4.32226053798 0.487579 0.499639 0.500041 0.493579 0.505639 0.506041 8
4.3357523555 0.487602 0.499641 0.500036 0.493602 0.505641 0.506036 8
4.34932916116 0.487624 0.499643 0.500032 0.493624 0.505643 0.506032 8
4.36299181901 0.487645 0.499645 0.500028 0.493645 0.505645 0.506028 8
4.37674120521 0.487664 0.499645 0.500026 0.493664 0.505645 0.506026 8
4.39057820826 0.487682 0.499646 0.500024 0.493682 0.505646 0.506024 8
4.40450372922 0.487699 0.499648 0.500022 0.493699 0.505648 0.506022 8
4.41851868194 0.487716 0.49965 0.500018 0.493716 0.50565 0.506018 8
4.43262399328 0.487733 0.49965 0.500016 0.493733 0.50565 0.506016 8
4.44682060335 0.48775 0.49965 0.500016 0.49375 0.50565 0.506016 8
4.46110946578 0.487766 0.499652 0.500015 0.493766 0.505652 0.506015 8
4.47549154791 0.487779 0.499654 0.500013 0.493779 0.505654 0.506013 8
4.4899678311 0.487794 0.499654 0.500011 0.493794 0.505654 0.506011 8
4.50453931097 0.487809 0.499656 0.500009 0.493809 0.505656 0.506009 8
4.51920699764 0.487823 0.499656 0.500005 0.493823 0.505656 0.506005 8
4.53397191604 0.487838 0.499658 0.500003 0.493838 0.505658 0.506003 8
4.54883510616 0.487851 0.499658 0.499999 0.493851 0.505658 0.505999 8
4.56379762334 0.487865 0.499658 0.499997 0.493865 0.505658 0.505997 8
4.57886053856 0.487878 0.499658 0.499995 0.493878 0.505658 0.505995 8
4.59402493874 0.487891 0.49966 0.499994 0.493891 0.50566 0.505994 8
4.60929192703 0.487903 0.499662 0.499992 0.493903 0.505662 0.505992 8
4.62466262316 0.487916 0.499666 0.499992 0.493916 0.505666 0.505992 8
4.64013816369 0.487933 0.499671 0.499988 0.493933 0.505671 0.505988 8
4.65571970238 0.487949 0.499677 0.499986 0.493949 0.505677 0.505986 8
4.67140841054 0.487968 0.499683 0.499982 0.493968 0.505683 0.505982 8
4.68720547731 0.487985 0.499688 0.499978 0.493985 0.505688 0.505978 8
4.70311211006 0.488004 0.499694 0.499975 0.494004 0.505694 0.505975 8
4.71912953474 0.488025 0.4997 0.499973 0.494025 0.5057 0.505973 8
4.7352589962 0.488044 0.499704 0.499971 0.494044 0.505704 0.505971 8
4.75150175863 0.488063 0.499709 0.499969 0.494063 0.505709 0.505969 8
4.76785910589 0.488082 0.499713 0.499967 0.494082 0.505713 0.505967 8
4.78433234194 0.488103 0.499719 0.499963 0.494103 0.505719 0.505963 8
4.80092279121 0.488122 0.499725 0.499963 0.494122 0.505725 0.505963 8
4.81763179903 0.488143 0.49973 0.499961 0.494143 0.50573 0.505961 8
4.83446073204 0.488164 0.499734 0.499959 0.494164 0.505734 0.505959 8
4.85141097864 0.488185 0.499738 0.499957 0.494185 0.505738 0.505957 8
4.86848394941 0.488206 0.499744 0.499954 0.494206 0.505744 0.505954 8
4.88568107758 0.488227 0.499748 0.499952 0.494227 0.505748 0.505952 8
4.90300381948 0.48825 0.499753 0.49995 0.49425 0.505753 0.50595 8
4.92045365504 0.488273 0.499757 0.49995 0.494273 0.505757 0.50595 8
4.93803208824 0.488298 0.499761 0.499948 0.494298 0.505761 0.505948 8
4.95574064767 0.488323 0.499765 0.499948 0.494323 0.505765 0.505948 8
4.97358088686 0.488347 0.499767 0.499948 0.494347 0.505767 0.505948 8
4.99155534646 0.488372 0.499769 0.499948 0.494372 0.505769 0.505948 8
5.00966274837 0.488397 0.49977 0.499948 0.494397 0.50577 0.505948 8
5.02790760803 0.488422 0.499772 0.49995 0.494422 0.505772 0.50595 8
5.04629062378 0.488446 0.499772 0.499952 0.494446 0.505772 0.505952 8
5.06481348287 0.488469 0.499774 0.499954 0.494469 0.505774 0.505954 8
5.08347790102 0.488494 0.499774 0.499954 0.494494 0.505774 0.505954 8
5.102285623 0.488517 0.499774 0.499957 0.494517 0.505774 0.505957 8
5.1212384233 0.488538 0.499776 0.499959 0.494538 0.505776 0.505959 8
5.14033810674 0.488561 0.499776 0.499963 0.494561 0.505776 0.505963 8
5.15958650916 0.488582 0.499778 0.499965 0.494582 0.505778 0.505965 8
5.17898549807 0.488603 0.499778 0.499969 0.494603 0.505778 0.505969 8
5.19853697339 0.488626 0.499778 0.499973 0.494626 0.505778 0.505973 8
5.21824286815 0.488647 0.499778 0.499976 0.494647 0.505778 0.505976 8
5.2381051492 0.488666 0.499778 0.49998 0.494666 0.505778 0.50598 8
5.25812581801 0.488685 0.499778 0.499982 0.494685 0.505778 0.505982 8
5.27830691142 0.488704 0.49978 0.499984 0.494704 0.50578 0.505984 8
5.29865050248 0.488721 0.49978 0.499986 0.494721 0.50578 0.505986 8
5.3191587012 0.488738 0.499782 0.49999 0.494738 0.505782 0.50599 8
5.33983365548 0.488755 0.499786 0.499992 0.494755 0.505786 0.505992 8
5.36067755189 0.488775 0.499788 0.499992 0.494775 0.505788 0.505992 8
5.38169261666 0.48879 0.499791 0.499994 0.49479 0.505791 0.505994 8
5.40288111651 0.488807 0.499793 0.499995 0.494807 0.505793 0.505995 8
5.42424535963 0.488822 0.499797 0.499995 0.494822 0.505797 0.505995 8
5.44578769668 0.488838 0.499799 0.499997 0.494838 0.505799 0.505997 8
5.46751052172 0.488853 0.499803 0.499995 0.494853 0.505803 0.505995 8
5.48941627331 0.488866 0.499807 0.499994 0.494866 0.505807 0.505994 8
5.5115074355 0.488881 0.49981 0.499992 0.494881 0.50581 0.505992 8
5.53378653897 0.488897 0.499814 0.499992 0.494897 0.505814 0.505992 8
5.55625616212 0.488914 0.49982 0.499992 0.494914 0.50582 0.505992 8
5.57891893223 0.488929 0.499826 0.499992 0.494929 0.505826 0.505992 8
5.60177752664 0.488948 0.49983 0.499992 0.494948 0.50583 0.505992 8
5.62483467398 0.488965 0.499833 0.499992 0.494965 0.505833 0.505992 8
5.64809315541 0.488982 0.499839 0.49999 0.494982 0.505839 0.50599 8
5.67155580594 0.489 0.499843 0.49999 0.495 0.505843 0.50599 8
5.69522551575 0.489017 0.499849 0.499992 0.495017 0.505849 0.505992 8
5.71910523154 0.489036 0.499852 0.499992 0.495036 0.505852 0.505992 8
5.74319795799 0.489055 0.499858 0.49999 0.495055 0.505858 0.50599 8
5.76750675919 0.489074 0.499862 0.499992 0.495074 0.505862 0.505992 8
5.79203476016 0.489091 0.499868 0.499992 0.495091 0.505868 0.505992 8
5.81678514836 0.489112 0.499872 0.499994 0.495112 0.505872 0.505994 8
5.84176117534 0.489131 0.499877 0.499995 0.495131 0.505877 0.505995 8
5.86696615838 0.489152 0.499883 0.499995 0.495152 0.505883 0.505995 8
5.89240348214 0.489169 0.499892 0.499994 0.495169 0.505892 0.505994 8
5.91807660047 0.489194 0.499896 0.500001 0.495194 0.505896 0.506001 8
5.9439890382 0.489215 0.499902 0.49999 0.495215 0.505902 0.50599 8
5.97014439277 0.48923 0.49991 0.499986 0.49523 0.50591 0.505986 8
5.99654864503 0.489249 0.499917 0.499988 0.495249 0.505917 0.505988 8
6.02319862032 0.489269 0.499925 0.499994 0.495269 0.505925 0.505994 8
6.05010507006 0.489293 0.499931 0.500003 0.495293 0.505931 0.506003 8
