6.05010507006 0.504436 0.485347 0.489108 0.506436 0.487347 0.491108 10
6.02319862032 0.504474 0.485309 0.489139 0.506474 0.487309 0.491139 10
5.99654864503 0.504505 0.485279 0.489162 0.506505 0.487279 0.491162 10
5.97014439277 0.504543 0.485256 0.489192 0.506543 0.487256 0.491192 10
5.9439890382 0.504581 0.485217 0.489223 0.506581 0.487217 0.491223 10
5.91807660047 0.504611 0.485195 0.489246 0.506611 0.487195 0.491246 10
5.89240348214 0.50465 0.485164 0.489269 0.50665 0.487164 0.491269 10
5.86696615838 0.50468 0.485134 0.489299 0.50668 0.487134 0.491299 10
5.84176117534 0.504718 0.485103 0.489322 0.506718 0.487103 0.491322 10
5.81678514836 0.504749 0.485073 0.489353 0.506749 0.487073 0.491353 10
5.79203476016 0.504787 0.485042 0.489383 0.506787 0.487042 0.491383 10
5.76750675919 0.504825 0.485012 0.489406 0.506825 0.487012 0.491406 10
5.74319795799 0.504863 0.484981 0.489429 0.506863 0.486981 0.491429 10
5.71910523154 0.504899 0.484949 0.489454 0.506899 0.486949 0.491454 10
5.69522551575 0.50493 0.484922 0.48948 0.50693 0.486922 0.49148 10
5.67155580594 0.504968 0.484891 0.489507 0.506968 0.486891 0.491507 10
5.64809315541 0.504999 0.484861 0.489534 0.506999 0.486861 0.491534 10
5.62483467398 0.505041 0.484826 0.489561 0.507041 0.486826 0.491561 10
5.60177752664 0.505075 0.4848 0.489583 0.507075 0.4868 0.491583 10
5.57891893223 0.505117 0.484769 0.489614 0.507117 0.486769 0.491614 10
5.55625616212 0.505151 0.484739 0.489633 0.507151 0.486739 0.491633 10
5.53378653897 0.505193 0.484704 0.489667 0.507193 0.486704 0.491667 10
5.5115074355 0.50522 0.484674 0.489694 0.50722 0.486674 0.491694 10
5.48941627331 0.505262 0.484647 0.489717 0.507262 0.486647 0.491717 10
5.46751052172 0.505292 0.484617 0.489744 0.507292 0.486617 0.491744 10
5.44578769668 0.505327 0.484586 0.489767 0.507327 0.486586 0.491767 10
5.42424535963 0.505369 0.484559 0.489793 0.507369 0.486559 0.491793 10
5.40288111651 0.505407 0.484533 0.489816 0.507407 0.486533 0.491816 10
5.38169261666 0.505445 0.484502 0.489847 0.507445 0.486502 0.491847 10
5.36067755189 0.505479 0.484472 0.489873 0.507479 0.486472 0.491873 10
5.33983365548 0.505521 0.484445 0.489904 0.507521 0.486445 0.491904 10
5.3191587012 0.505559 0.484415 0.489931 0.507559 0.486415 0.491931 10
5.29865050248 0.505598 0.484384 0.489957 0.507598 0.486384 0.491957 10
5.27830691142 0.505636 0.484361 0.489984 0.507636 0.486361 0.491984 10
5.25812581801 0.505674 0.484327 0.490011 0.507674 0.486327 0.492011 10
5.2381051492 0.505715 0.484301 0.490035 0.507715 0.486301 0.492035 10
5.21824286815 0.505755 0.484274 0.490063 0.507755 0.486274 0.492063 10
5.19853697339 0.505795 0.484244 0.49009 0.507795 0.486244 0.49209 10
5.17898549807 0.505837 0.484219 0.49012 0.507837 0.486219 0.49212 10
5.15958650916 0.505871 0.484194 0.490149 0.507871 0.486194 0.492149 10
5.14033810674 0.505907 0.484169 0.49017 0.507907 0.486169 0.49217 10
5.1212384233 0.505944 0.484141 0.490195 0.507944 0.486141 0.492195 10
5.102285623 0.505982 0.484114 0.490218 0.507982 0.486114 0.492218 10
5.08347790102 0.506022 0.484089 0.490242 0.508022 0.486089 0.492242 10
5.06481348287 0.506056 0.484059 0.490269 0.508056 0.486059 0.492269 10
5.04629062378 0.506087 0.48403 0.490288 0.508087 0.48603 0.492288 10
5.02790760803 0.506125 0.484002 0.490307 0.508125 0.486002 0.492307 10
5.00966274837 0.506157 0.483973 0.490328 0.508157 0.485973 0.492328 10
4.99155534646 0.50619 0.483941 0.490353 0.50819 0.485941 0.492353 10
4.97358088686 0.50622 0.48391 0.490374 0.50822 0.48591 0.492374 10
4.95574064767 0.506253 0.483878 0.490395 0.508253 0.485878 0.492395 10
4.93803208824 0.506283 0.483843 0.490416 0.508283 0.485843 0.492416 10
4.92045365504 0.506316 0.483813 0.490435 0.508316 0.485813 0.492435 10
4.90300381948 0.506346 0.483782 0.490454 0.508346 0.485782 0.492454 10
4.88568107758 0.506377 0.483752 0.490477 0.508377 0.485752 0.492477 10
4.86848394941 0.506403 0.483717 0.490494 0.508403 0.485717 0.492494 10
4.85141097864 0.506436 0.483687 0.490513 0.508436 0.485687 0.492513 10
4.83446073204 0.506464 0.483656 0.490536 0.508464 0.485656 0.492536 10
4.81763179903 0.506489 0.483624 0.490555 0.508489 0.485624 0.492555 10
4.80092279121 0.50652 0.48359 0.490574 0.50852 0.48559 0.492574 10
4.78433234194 0.506548 0.483557 0.490601 0.508548 0.485557 0.492601 10
4.76785910589 0.506491 0.483439 0.490637 0.508491 0.485439 0.492637 10
4.75150175863 0.506602 0.48349 0.490639 0.508602 0.48549 0.492639 10
4.7352589962 0.506627 0.48346 0.490656 0.508627 0.48546 0.492656 10
4.71912953474 0.506651 0.483427 0.490675 0.508651 0.485427 0.492675 10
4.70311211006 0.506672 0.483395 0.490696 0.508672 0.485395 0.492696 10
4.68720547731 0.506655 0.483336 0.490656 0.508655 0.485336 0.492656 10
4.67140841054 0.506709 0.483328 0.490729 0.508709 0.485328 0.492729 10
4.65571970238 0.506726 0.483294 0.490744 0.508726 0.485294 0.492744 10
4.64013816369 0.506743 0.483258 0.490757 0.508743 0.485258 0.492757 10
4.62466262316 0.506762 0.483225 0.490771 0.508762 0.485225 0.492771 10
4.60929192703 0.506781 0.483193 0.490784 0.508781 0.485193 0.492784 10
4.59402493874 0.506806 0.48316 0.490797 0.508806 0.48516 0.492797 10
4.57886053856 0.506829 0.48313 0.490811 0.508829 0.48513 0.492811 10
4.56379762334 0.50693 0.483197 0.490761 0.50893 0.485197 0.492761 10
4.54883510616 0.506964 0.483176 0.490776 0.508964 0.485176 0.492776 10
4.53397191604 0.506997 0.483153 0.490794 0.508997 0.485153 0.492794 10
4.51920699764 0.507029 0.48313 0.490809 0.509029 0.48513 0.492809 10
4.50453931097 0.507061 0.483105 0.490826 0.509061 0.485105 0.492826 10
4.4899678311 0.507094 0.483078 0.490845 0.509094 0.485078 0.492845 10
4.47549154791 0.507121 0.48305 0.490862 0.509121 0.48505 0.492862 10
4.46110946578 0.507147 0.483025 0.490879 0.509147 0.485025 0.492879 10
4.44682060335 0.507174 0.483002 0.490899 0.509174 0.485002 0.492899 10
4.43262399328 0.507203 0.482977 0.490916 0.509203 0.484977 0.492916 10
4.41851868194 0.507233 0.482954 0.490933 0.509233 0.484954 0.492933 10
4.40450372922 0.507264 0.48293 0.490952 0.509264 0.48493 0.492952 10
4.39057820826 0.507294 0.482901 0.490969 0.509294 0.484901 0.492969 10
4.37674120521 0.507325 0.482874 0.490988 0.509325 0.484874 0.492988 10
4.36299181901 0.507357 0.482846 0.491005 0.509357 0.484846 0.493005 10
4.34932916116 0.507388 0.482817 0.491023 0.509388 0.484817 0.493023 10
4.3357523555 0.507416 0.48279 0.491038 0.509416 0.48479 0.493038 10
4.32226053798 0.507445 0.482768 0.491055 0.509445 0.484768 0.493055 10
4.30885285647 0.507466 0.482745 0.49108 0.509466 0.484745 0.49308 10
4.29552847053 0.507489 0.482718 0.491105 0.509489 0.484718 0.493105 10
4.28228655122 0.507439 0.4826 0.491074 0.509439 0.4846 0.493074 10
4.26912628089 0.507529 0.482649 0.491148 0.509529 0.484649 0.493148 10
4.256046853 0.507508 0.482567 0.491105 0.509508 0.484567 0.493105 10
4.24304747191 0.507542 0.482552 0.491122 0.509542 0.484552 0.493122 10
4.23012735271 0.507582 0.482537 0.491196 0.509582 0.484537 0.493196 10
4.21728572103 0.507601 0.4825 0.491213 0.509601 0.4845 0.493213 10
4.20452181286 0.507624 0.482468 0.491227 0.509624 0.484468 0.493227 10
4.19183487436 0.507647 0.482434 0.49124 0.509647 0.484434 0.49324 10
4.17922416173 0.50767 0.482405 0.491249 0.50967 0.484405 0.493249 10
4.16668894099 0.507693 0.482377 0.491261 0.509693 0.484377 0.493261 10
4.15422848784 0.507716 0.482348 0.491274 0.509716 0.484348 0.493274 10
4.14184208752 0.50774 0.482321 0.491288 0.50974 0.484321 0.493288 10
4.12952903459 0.507765 0.482293 0.491301 0.509765 0.484293 0.493301 10
4.11728863285 0.50779 0.482268 0.491314 0.50979 0.484268 0.493314 10
4.10512019513 0.507815 0.482241 0.49133 0.509815 0.484241 0.49333 10
4.09302304316 0.507842 0.482216 0.491345 0.509842 0.484216 0.493345 10
4.08099650744 0.507868 0.482193 0.491362 0.509868 0.484193 0.493362 10
4.06903992706 0.507895 0.482171 0.491379 0.509895 0.484171 0.493379 10
4.05715264959 0.507924 0.482146 0.491396 0.509924 0.484146 0.493396 10
4.04533403096 0.507952 0.482123 0.491415 0.509952 0.484123 0.493415 10
4.03358343525 0.507981 0.482102 0.491433 0.509981 0.484102 0.493433 10
4.02190023464 0.508011 0.482079 0.491454 0.510011 0.484079 0.493454 10
4.01028380925 0.50804 0.482058 0.491475 0.51004 0.484058 0.493475 10
3.99873457221 0.50807 0.482037 0.491497 0.51007 0.484037 0.493497 10
3.98724884333 0.508101 0.482006 0.491564 0.510101 0.484006 0.493564 10
3.97582910177 0.508128 0.481991 0.491547 0.510128 0.483991 0.493547 10
3.96447373261 0.508152 0.481965 0.491578 0.510152 0.483965 0.493578 10
3.95318215387 0.508173 0.481932 0.491604 0.510173 0.483932 0.493604 10
3.9419537907 0.508194 0.481907 0.491585 0.510194 0.483907 0.493585 10
3.93078807532 0.508217 0.481867 0.491642 0.510217 0.483867 0.493642 10
3.91968444696 0.508238 0.481835 0.491658 0.510238 0.483835 0.493658 10
3.90864235171 0.508274 0.481841 0.491644 0.510274 0.483841 0.493644 10
3.89766124244 0.508286 0.48178 0.491684 0.510286 0.48378 0.493684 10
3.88674057866 0.508311 0.481755 0.491696 0.510311 0.483755 0.493696 10
3.87587982647 0.508345 0.481747 0.491717 0.510345 0.483747 0.493717 10
3.86507845842 0.508368 0.481717 0.49173 0.510368 0.483717 0.49373 10
3.85433595341 0.508391 0.481684 0.491753 0.510391 0.483684 0.493753 10
3.84365179662 0.508412 0.481654 0.491766 0.510412 0.483654 0.493766 10
3.83302547938 0.508439 0.481629 0.491784 0.510439 0.483629 0.493784 10
3.82245649911 0.508463 0.481602 0.491801 0.510463 0.483602 0.493801 10
3.81194435921 0.508486 0.481577 0.491812 0.510486 0.483577 0.493812 10
3.80148856895 0.508511 0.481551 0.491829 0.510511 0.483551 0.493829 10
3.79108864344 0.508534 0.481524 0.491845 0.510534 0.483524 0.493845 10
3.78074410348 0.508559 0.481499 0.491862 0.510559 0.483499 0.493862 10
3.7704544755 0.508583 0.481472 0.491879 0.510583 0.483472 0.493879 10
3.7602192915 0.508608 0.481448 0.491896 0.510608 0.483448 0.493896 10
3.75003808891 0.508633 0.481421 0.491915 0.510633 0.483421 0.493915 10
3.73991041058 0.508658 0.481396 0.491934 0.510658 0.483396 0.493934 10
3.72983580463 0.508681 0.481369 0.491951 0.510681 0.483369 0.493951 10
3.71981382444 0.508706 0.481343 0.491969 0.510706 0.483343 0.493969 10
3.7098440285 0.50873 0.481316 0.491988 0.51073 0.483316 0.493988 10
3.6999259804 0.508753 0.481289 0.492007 0.510753 0.483289 0.494007 10
3.69005924874 0.508776 0.481263 0.492024 0.510776 0.483263 0.494024 10
3.68024340701 0.508801 0.481236 0.492041 0.510801 0.483236 0.494041 10
3.67047803359 0.508824 0.481211 0.492058 0.510824 0.483211 0.494058 10
3.66076271163 0.508847 0.481188 0.492077 0.510847 0.483188 0.494077 10
3.651097029 0.508871 0.481165 0.492096 0.510871 0.483165 0.494096 10
3.64148057822 0.508894 0.481141 0.492117 0.510894 0.483141 0.494117 10
3.63191295639 0.508919 0.481118 0.492138 0.510919 0.483118 0.494138 10
3.62239376513 0.508944 0.481095 0.492159 0.510944 0.483095 0.494159 10
3.61292261051 0.508967 0.481068 0.492182 0.510967 0.483068 0.494182 10
3.60349910299 0.508992 0.481041 0.492205 0.510992 0.483041 0.494205 10
3.59412285736 0.509015 0.481017 0.492226 0.511015 0.483017 0.494226 10
3.58479349268 0.509037 0.48099 0.492247 0.511037 0.48299 0.494247 10
3.57551063221 0.50906 0.480963 0.492266 0.51106 0.482963 0.494266 10
3.56627390335 0.509083 0.480936 0.492285 0.511083 0.482936 0.494285 10
3.55708293761 0.509106 0.480908 0.492302 0.511106 0.482908 0.494302 10
3.54793737052 0.509129 0.480883 0.492316 0.511129 0.482883 0.494316 10
3.53883684159 0.509154 0.480858 0.492333 0.511154 0.482858 0.494333 10
3.52978099426 0.50918 0.480835 0.49235 0.51118 0.482835 0.49435 10
3.52076947581 0.509203 0.480809 0.492367 0.511203 0.482809 0.494367 10
3.51180193737 0.509228 0.480784 0.492384 0.511228 0.482784 0.494384 10
3.50287803381 0.509251 0.480757 0.4924 0.511251 0.482757 0.4944 10
3.49399771037 0.509276 0.480734 0.492413 0.511276 0.482734 0.494413 10
3.4851597693 0.509301 0.480711 0.49243 0.511301 0.482711 0.49443 10
3.47636473651 0.509325 0.480687 0.492445 0.511325 0.482687 0.494445 10
3.46761199469 0.50935 0.480664 0.492461 0.51135 0.482664 0.494461 10
3.45890121678 0.509373 0.480641 0.492476 0.511373 0.482641 0.494476 10
3.45023207918 0.509398 0.480618 0.492491 0.511398 0.482618 0.494491 10
3.44160426172 0.509421 0.480595 0.492506 0.511421 0.482595 0.494506 10
3.43301744757 0.509448 0.480576 0.492526 0.511448 0.482576 0.494526 10
3.42447132326 0.509472 0.480551 0.492545 0.511472 0.482551 0.494545 10
3.41596557859 0.509497 0.480526 0.492564 0.511497 0.482526 0.494564 10
3.4074999066 0.509522 0.480503 0.492581 0.511522 0.482503 0.494581 10
3.39907400353 0.509547 0.480481 0.4926 0.511547 0.482481 0.4946 10
3.39068756876 0.50957 0.480454 0.492619 0.51157 0.482454 0.494619 10
3.38234030482 0.509594 0.480429 0.492638 0.511594 0.482429 0.494638 10
3.37403191728 0.509617 0.480402 0.492655 0.511617 0.482402 0.494655 10
3.36576211474 0.50964 0.480378 0.492672 0.51164 0.482378 0.494672 10
3.35753060882 0.509663 0.480351 0.49269 0.511663 0.482351 0.49469 10
3.34933711407 0.509684 0.480326 0.492705 0.511684 0.482326 0.494705 10
3.34118134796 0.509707 0.480301 0.492722 0.511707 0.482301 0.494722 10
3.33306303085 0.50973 0.480277 0.492737 0.51173 0.482277 0.494737 10
3.32498188593 0.509751 0.480252 0.492752 0.511751 0.482252 0.494752 10
3.31693763918 0.509774 0.480227 0.492768 0.511774 0.482227 0.494768 10
3.30893001938 0.509797 0.480204 0.492781 0.511797 0.482204 0.494781 10
3.30095875801 0.509819 0.480181 0.492796 0.511819 0.482181 0.494796 10
3.29302358927 0.509844 0.480158 0.492812 0.511844 0.482158 0.494812 10
3.28512425001 0.509869 0.480137 0.492829 0.511869 0.482137 0.494829 10
3.27726047972 0.509892 0.480112 0.492846 0.511892 0.482112 0.494846 10
3.26943202047 0.509917 0.48009 0.492865 0.511917 0.48209 0.494865 10
3.2616386169 0.50994 0.480063 0.492884 0.51194 0.482063 0.494884 10
3.25388001619 0.509961 0.480038 0.492899 0.511961 0.482038 0.494899 10
3.246155968 0.509983 0.480013 0.492915 0.511983 0.482013 0.494915 10
3.23846622448 0.510008 0.47999 0.492932 0.512008 0.48199 0.494932 10
3.2308105402 0.510031 0.479968 0.492947 0.512031 0.481968 0.494947 10
3.22318867213 0.510056 0.479943 0.492968 0.512056 0.481943 0.494968 10
3.21560037965 0.510077 0.479914 0.492985 0.512077 0.481914 0.494985 10
3.20804542444 0.5101 0.479889 0.493 0.5121 0.481889 0.495 10
3.20052357053 0.510123 0.479865 0.493018 0.512123 0.481865 0.495018 10
3.19303458422 0.510146 0.47984 0.493033 0.512146 0.48184 0.495033 10
3.1855782341 0.510167 0.479813 0.493048 0.512167 0.481813 0.495048 10
3.17815429096 0.510189 0.47979 0.493063 0.512189 0.48179 0.495063 10
3.17076252782 0.510212 0.479765 0.493079 0.512212 0.481765 0.495079 10
3.16340271985 0.510235 0.479741 0.493094 0.512235 0.481741 0.495094 10
3.1560746444 0.51026 0.479718 0.493109 0.51226 0.481718 0.495109 10
3.14877808094 0.510283 0.479695 0.493124 0.512283 0.481695 0.495124 10
3.14151281104 0.510306 0.479672 0.49314 0.512306 0.481672 0.49514 10
3.13427861833 0.510329 0.479649 0.493157 0.512329 0.481649 0.495157 10
3.1270752885 0.510353 0.479628 0.493172 0.512353 0.481628 0.495172 10
3.11990260928 0.510376 0.479603 0.493191 0.512376 0.481603 0.495191 10
3.11276037039 0.510399 0.47958 0.493206 0.512399 0.48158 0.495206 10
3.1056483635 0.510422 0.479556 0.493224 0.512422 0.481556 0.495224 10
3.09856638229 0.510445 0.479533 0.493239 0.512445 0.481533 0.495239 10
3.09151422231 0.510468 0.479508 0.493256 0.512468 0.481508 0.495256 10
3.08449168106 0.510491 0.479485 0.493271 0.512491 0.481485 0.495271 10
3.07749855791 0.510514 0.479462 0.493287 0.512514 0.481462 0.495287 10
3.07053465409 0.510537 0.479439 0.493302 0.512537 0.481439 0.495302 10
3.06359977268 0.510559 0.479416 0.493317 0.512559 0.481416 0.495317 10
3.05669371856 0.510582 0.479393 0.493332 0.512582 0.481393 0.495332 10
3.04981629843 0.510605 0.479371 0.493348 0.512605 0.481371 0.495348 10
3.04296732074 0.510628 0.479346 0.493365 0.512628 0.481346 0.495365 10
3.03614659574 0.510651 0.479323 0.49338 0.512651 0.481323 0.49538 10
3.02935393536 0.510674 0.4793 0.493395 0.512674 0.4813 0.495395 10
3.02258915329 0.510695 0.479275 0.493409 0.512695 0.481275 0.495409 10
3.01585206488 0.510716 0.47925 0.493424 0.512716 0.48125 0.495424 10
3.0091424872 0.510739 0.479227 0.493437 0.512739 0.481227 0.495437 10
3.00246023892 0.510762 0.479206 0.493451 0.512762 0.481206 0.495451 10
2.99580538563 0.510783 0.479182 0.493464 0.512783 0.481182 0.495464 10
2.98917701356 0.510806 0.479161 0.493477 0.512806 0.481161 0.495477 10
2.98257568203 0.51083 0.47914 0.493493 0.51283 0.48114 0.495493 10
2.97600097088 0.510853 0.479117 0.493508 0.512853 0.481117 0.495508 10
2.96945270684 0.510876 0.479094 0.493523 0.512876 0.481094 0.495523 10
2.96293071814 0.510897 0.479071 0.493536 0.512897 0.481071 0.495536 10
2.95643483458 0.51092 0.479048 0.493552 0.51292 0.481048 0.495552 10
2.94996488743 0.510943 0.479027 0.493565 0.512943 0.481027 0.495565 10
2.94352070948 0.510966 0.479004 0.493578 0.512966 0.481004 0.495578 10
2.93710213499 0.510989 0.478983 0.493594 0.512989 0.480983 0.495594 10
2.93070899968 0.511012 0.47896 0.493609 0.513012 0.48096 0.495609 10
2.92434114071 0.511033 0.478938 0.493624 0.513033 0.480938 0.495624 10
2.91799839668 0.511057 0.478917 0.493639 0.513057 0.480917 0.495639 10
2.9116806076 0.511078 0.478894 0.493655 0.513078 0.480894 0.495655 10
2.90538761486 0.511101 0.478871 0.49367 0.513101 0.480871 0.49567 10
2.89911926126 0.511124 0.47885 0.493683 0.513124 0.48085 0.495683 10
2.89287539095 0.511147 0.478827 0.493699 0.513147 0.480827 0.495699 10
2.88665584942 0.51117 0.478804 0.493714 0.51317 0.480804 0.495714 10
2.88046048351 0.511191 0.478781 0.493729 0.513191 0.480781 0.495729 10
2.87428914139 0.511214 0.47876 0.493742 0.513214 0.48076 0.495742 10
2.86814167251 0.511235 0.478737 0.493758 0.513235 0.480737 0.495758 10
2.86201792765 0.511258 0.478714 0.493773 0.513258 0.480714 0.495773 10
2.85591775883 0.511279 0.478692 0.493788 0.513279 0.480692 0.495788 10
2.84984101937 0.511301 0.478669 0.493803 0.513301 0.480669 0.495803 10
2.84378756381 0.511322 0.478646 0.493817 0.513322 0.480646 0.495817 10
2.83775724794 0.511343 0.478623 0.493832 0.513343 0.480623 0.495832 10
2.83174992879 0.511364 0.478602 0.493845 0.513364 0.480602 0.495845 10
2.82576546457 0.511385 0.478581 0.493861 0.513385 0.480581 0.495861 10
2.81980371471 0.511408 0.47856 0.493876 0.513408 0.48056 0.495876 10
2.81386453982 0.511429 0.478539 0.493889 0.513429 0.480539 0.495889 10
2.80794780169 0.51145 0.478518 0.493905 0.51345 0.480518 0.495905 10
2.80205336325 0.511471 0.478497 0.493918 0.513471 0.480497 0.495918 10
2.79618108859 0.511494 0.478476 0.493935 0.513494 0.480476 0.495935 10
2.79033084294 0.511515 0.478453 0.493952 0.513515 0.480453 0.495952 10
2.78450249264 0.511536 0.478432 0.493967 0.513536 0.480432 0.495967 10
2.77869590516 0.511557 0.478409 0.493985 0.513557 0.480409 0.495985 10
2.77291094905 0.511576 0.478386 0.494 0.513576 0.480386 0.496 10
2.76714749396 0.511597 0.478365 0.494017 0.513597 0.480365 0.496017 10
2.76140541061 0.511618 0.478342 0.494034 0.513618 0.480342 0.496034 10
2.75568457079 0.511637 0.47832 0.494049 0.513637 0.48032 0.496049 10
2.74998541481 0.511658 0.478297 0.494065 0.513658 0.480297 0.496065 10
2.7443061141 0.511677 0.478272 0.494082 0.513677 0.480272 0.496082 10
2.73864824615 0.511696 0.478249 0.494099 0.513696 0.480249 0.496099 10
2.73301111927 0.511715 0.478226 0.494114 0.513715 0.480226 0.496114 10
2.72739461045 0.511734 0.478203 0.49413 0.513734 0.480203 0.49613 10
2.72179859765 0.511753 0.47818 0.494145 0.513753 0.48018 0.496145 10
2.71622295981 0.511773 0.478159 0.49416 0.513773 0.480159 0.49616 10
2.71066757686 0.511792 0.478136 0.494175 0.513792 0.480136 0.496175 10
2.70513232968 0.511813 0.478114 0.494193 0.513813 0.480114 0.496193 10
2.69961710014 0.511832 0.478091 0.49421 0.513832 0.480091 0.49621 10
2.69412177102 0.511851 0.478068 0.494225 0.513851 0.480068 0.496225 10
2.68864622607 0.511872 0.478045 0.494244 0.513872 0.480045 0.496244 10
2.68319034997 0.511891 0.478022 0.494261 0.513891 0.480022 0.496261 10
2.6777540283 0.51191 0.477999 0.494278 0.51391 0.479999 0.496278 10
2.67233714759 0.511927 0.477974 0.494296 0.513927 0.479974 0.496296 10
2.66693959523 0.511948 0.477951 0.494313 0.513948 0.479951 0.496313 10
2.66156125953 0.511967 0.477929 0.49433 0.513967 0.479929 0.49633 10
2.65620202968 0.511988 0.477906 0.494349 0.513988 0.479906 0.496349 10
2.65086179574 0.512005 0.477881 0.494366 0.514005 0.479881 0.496366 10
2.64554044864 0.512024 0.477856 0.494383 0.514024 0.479856 0.496383 10
2.64023788017 0.512043 0.477833 0.4944 0.514043 0.479833 0.4964 10
2.63495398297 0.512062 0.47781 0.494418 0.514062 0.47981 0.496418 10
2.62968865053 0.512082 0.477786 0.494437 0.514082 0.479786 0.496437 10
2.62444177715 0.512101 0.477761 0.494454 0.514101 0.479761 0.496454 10
2.61921325797 0.51212 0.477738 0.494471 0.51412 0.479738 0.496471 10
2.61400298894 0.512139 0.477713 0.494488 0.514139 0.479713 0.496488 10
2.60881086684 0.512158 0.47769 0.494505 0.514158 0.47969 0.496505 10
2.60363678922 0.512177 0.477665 0.494524 0.514177 0.479665 0.496524 10
2.59848065444 0.512196 0.477641 0.494542 0.514196 0.479641 0.496542 10
2.59334236164 0.512215 0.477618 0.494559 0.514215 0.479618 0.496559 10
2.58822181074 0.512236 0.477595 0.494576 0.514236 0.479595 0.496576 10
2.58311890242 0.512257 0.47757 0.494595 0.514257 0.47957 0.496595 10
2.57803353814 0.512276 0.477545 0.494612 0.514276 0.479545 0.496612 10
2.57296562009 0.512297 0.47752 0.494631 0.514297 0.47952 0.496631 10
2.56791505123 0.512316 0.477496 0.49465 0.514316 0.479496 0.49665 10
2.56288173525 0.512335 0.477471 0.494667 0.514335 0.479471 0.496667 10
2.55786557658 0.512354 0.477448 0.494685 0.514354 0.479448 0.496685 10
2.55286648036 0.512375 0.477423 0.494704 0.514375 0.479423 0.496704 10
2.54788435246 0.512394 0.477398 0.494721 0.514394 0.479398 0.496721 10
2.54291909946 0.512413 0.477375 0.494738 0.514413 0.479375 0.496738 10
2.53797062865 0.512433 0.477351 0.494755 0.514433 0.479351 0.496755 10
2.53303884801 0.512453 0.47733 0.494772 0.514453 0.47933 0.496772 10
2.52812366621 0.512474 0.477305 0.494791 0.514474 0.479305 0.496791 10
2.52322499262 0.512494 0.47728 0.494809 0.514494 0.47928 0.496809 10
2.51834273727 0.512515 0.477257 0.494828 0.514515 0.479257 0.496828 10
2.51347681088 0.512534 0.477232 0.494843 0.514534 0.479232 0.496843 10
2.50862712481 0.512553 0.477208 0.494862 0.514553 0.479208 0.496862 10
2.5037935911 0.512574 0.477185 0.494877 0.514574 0.479185 0.496877 10
2.49897650109 0.512593 0.477162 0.494894 0.514593 0.479162 0.496894 10
2.49417463215 0.512614 0.477139 0.494912 0.514614 0.479139 0.496912 10
2.48938903429 0.512635 0.477116 0.494931 0.514635 0.479116 0.496931 10
2.48461924336 0.512654 0.477091 0.494948 0.514654 0.479091 0.496948 10
2.47986517465 0.512675 0.477068 0.494965 0.514675 0.479068 0.496965 10
2.47512674401 0.512694 0.477044 0.494984 0.514694 0.479044 0.496984 10
2.47040386793 0.512715 0.477021 0.495001 0.514715 0.479021 0.497001 10
2.4656964635 0.512734 0.476998 0.495018 0.514734 0.478998 0.497018 10
2.46100444841 0.512755 0.476975 0.495036 0.514755 0.478975 0.497036 10
2.45632774096 0.512774 0.476952 0.495053 0.514774 0.478952 0.497053 10
2.45166626005 0.512795 0.476927 0.495072 0.514795 0.478927 0.497072 10
2.44701992515 0.512814 0.476904 0.495089 0.514814 0.478904 0.497089 10
2.44238865633 0.512833 0.47688 0.495106 0.514833 0.47888 0.497106 10
2.43777237423 0.512852 0.476857 0.495123 0.514852 0.478857 0.497123 10
2.43317100006 0.512873 0.476834 0.49514 0.514873 0.478834 0.49714 10
2.42858445562 0.512892 0.476809 0.495158 0.514892 0.478809 0.497158 10
2.42401266324 0.512911 0.476786 0.495175 0.514911 0.478786 0.497175 10
2.41945554583 0.512932 0.476763 0.495192 0.514932 0.478763 0.497192 10
2.41491302685 0.512951 0.476738 0.495211 0.514951 0.478738 0.497211 10
2.41038503029 0.512972 0.476715 0.495228 0.514972 0.478715 0.497228 10
2.4058714807 0.512991 0.476691 0.495245 0.514991 0.478691 0.497245 10
2.40137230317 0.51301 0.476668 0.495261 0.51501 0.478668 0.497261 10
2.39688742332 0.51303 0.476645 0.495278 0.51503 0.478645 0.497278 10
2.39241676727 0.513049 0.476622 0.495295 0.515049 0.478622 0.497295 10
2.3879602617 0.513068 0.476597 0.495312 0.515068 0.478597 0.497312 10
2.3835178338 0.513089 0.476574 0.495329 0.515089 0.478574 0.497329 10
2.37908941125 0.513108 0.476551 0.495346 0.515108 0.478551 0.497346 10
2.37467492227 0.513127 0.476527 0.495364 0.515127 0.478527 0.497364 10
2.37027429557 0.513146 0.476504 0.495379 0.515146 0.478504 0.497379 10
2.36588746036 0.513165 0.476479 0.495398 0.515165 0.478479 0.497398 10
2.36151434634 0.513184 0.476456 0.495413 0.515184 0.478456 0.497413 10
2.35715488372 0.513203 0.476431 0.49543 0.515203 0.478431 0.49743 10
2.35280900318 0.513222 0.476408 0.495448 0.515222 0.478408 0.497448 10
2.34847663588 0.513241 0.476384 0.495465 0.515241 0.478384 0.497465 10
2.34415771346 0.51326 0.476361 0.495482 0.51526 0.478361 0.497482 10
2.33985216806 0.513281 0.476338 0.495499 0.515281 0.478338 0.497499 10
2.33555993226 0.513298 0.476313 0.495514 0.515298 0.478313 0.497514 10
2.3312809391 0.513319 0.47629 0.495531 0.515319 0.47829 0.497531 10
2.32701512212 0.513337 0.476263 0.495549 0.515337 0.478263 0.497549 10
2.32276241527 0.513358 0.476241 0.495566 0.515358 0.478241 0.497566 10
2.318522753 0.513377 0.476216 0.495583 0.515377 0.478216 0.497583 10
2.31429607016 0.513396 0.476193 0.495598 0.515396 0.478193 0.497598 10
2.3100823021 0.513415 0.476168 0.495615 0.515415 0.478168 0.497615 10
2.30588138457 0.513432 0.476145 0.495631 0.515432 0.478145 0.497631 10
2.30169325377 0.513451 0.47612 0.495648 0.515451 0.47812 0.497648 10
2.29751784634 0.513468 0.476096 0.495665 0.515468 0.478096 0.497665 10
2.29335509935 0.513487 0.476073 0.49568 0.515487 0.478073 0.49768 10
2.28920495029 0.513504 0.476048 0.495697 0.515504 0.478048 0.497697 10
2.28506733707 0.513522 0.476023 0.495713 0.515522 0.478023 0.497713 10
2.28094219804 0.513539 0.475998 0.49573 0.515539 0.477998 0.49773 10
2.27682947194 0.513556 0.475972 0.495747 0.515556 0.477972 0.497747 10
2.27272909793 0.513573 0.475949 0.495762 0.515573 0.477949 0.497762 10
2.2686410156 0.51359 0.475924 0.495778 0.51559 0.477924 0.497778 10
2.26456516492 0.513607 0.475897 0.495795 0.515607 0.477897 0.497795 10
2.26050148626 0.513625 0.475872 0.49581 0.515625 0.477872 0.49781 10
2.25644992041 0.513642 0.475848 0.495825 0.515642 0.477848 0.497825 10
2.25241040853 0.513657 0.475823 0.49584 0.515657 0.477823 0.49784 10
2.24838313276 0.513674 0.475798 0.495856 0.515674 0.477798 0.497856 10
2.24436731334 0.513689 0.475773 0.495871 0.515689 0.477773 0.497871 10
2.24036361436 0.513705 0.475747 0.495886 0.515705 0.477747 0.497886 10
2.23637173791 0.51372 0.475722 0.4959 0.51572 0.477722 0.4979 10
2.23239162711 0.513735 0.475695 0.495915 0.515735 0.477695 0.497915 10
2.22842322544 0.51375 0.47567 0.49593 0.51575 0.47767 0.49793 10
2.22446647674 0.513764 0.475644 0.495943 0.515764 0.477644 0.497943 10
2.22052132522 0.513777 0.475617 0.495957 0.515777 0.477617 0.497957 10
2.21658771548 0.513792 0.47559 0.495972 0.515792 0.47759 0.497972 10
2.21266559244 0.513806 0.475565 0.495985 0.515806 0.477565 0.497985 10
2.20875490142 0.513819 0.475539 0.495997 0.515819 0.477539 0.497997 10
2.20485558808 0.513831 0.475514 0.496008 0.515831 0.477514 0.498008 10
2.20096759843 0.513844 0.475489 0.49602 0.515844 0.477489 0.49802 10
2.19709087883 0.513855 0.475462 0.496031 0.515855 0.477462 0.498031 10
2.19322537601 0.513869 0.475438 0.496043 0.515869 0.477438 0.498043 10
2.18937103703 0.51388 0.475413 0.496052 0.51588 0.477413 0.498052 10
2.18552780928 0.51389 0.475388 0.496062 0.51589 0.477388 0.498062 10
2.18169564051 0.513901 0.475363 0.496071 0.515901 0.477363 0.498071 10
2.1778744788 0.513913 0.475338 0.496081 0.515913 0.477338 0.498081 10
2.17406427256 0.513924 0.475317 0.496088 0.515924 0.477317 0.498088 10
2.17026497053 0.513934 0.475293 0.496098 0.515934 0.477293 0.498098 10
2.1664765218 0.513945 0.475272 0.496106 0.515945 0.477272 0.498106 10
2.16269887575 0.513956 0.475251 0.496113 0.515956 0.477251 0.498113 10
2.15893198211 0.513968 0.475228 0.496123 0.515968 0.477228 0.498123 10
2.15517579093 0.513979 0.475207 0.49613 0.515979 0.477207 0.49813 10
2.15143025257 0.513989 0.475186 0.496138 0.515989 0.477186 0.498138 10
2.1476953177 0.514002 0.475167 0.496146 0.516002 0.477167 0.498146 10
2.14397093731 0.514014 0.475146 0.496153 0.516014 0.477146 0.498153 10
2.14025706271 0.514027 0.475125 0.496163 0.516027 0.477125 0.498163 10
2.13655364551 0.51404 0.475104 0.49617 0.51604 0.477104 0.49817 10
2.13286063762 0.514056 0.475085 0.496178 0.516056 0.477085 0.498178 10
2.12917799125 0.514071 0.475068 0.496186 0.516071 0.477068 0.498186 10
2.12550565893 0.514086 0.475048 0.496193 0.516086 0.477048 0.498193 10
2.12184359347 0.514101 0.475031 0.496201 0.516101 0.477031 0.498201 10
2.11819174799 0.514117 0.475012 0.496209 0.516117 0.477012 0.498209 10
2.11455007588 0.514132 0.474995 0.496216 0.516132 0.476995 0.498216 10
2.11091853086 0.514149 0.474978 0.496226 0.516149 0.476978 0.498226 10
2.1072970669 0.514166 0.474963 0.496233 0.516166 0.476963 0.498233 10
2.10368563827 0.514183 0.474945 0.496243 0.516183 0.476945 0.498243 10
2.10008419955 0.514203 0.474928 0.496252 0.516203 0.476928 0.498252 10
2.09649270555 0.51422 0.474913 0.496262 0.51622 0.476913 0.498262 10
2.09291111141 0.514239 0.474898 0.496272 0.516239 0.476898 0.498272 10
2.08933937252 0.514258 0.474883 0.496281 0.516258 0.476883 0.498281 10
2.08577744454 0.514279 0.474865 0.496291 0.516279 0.476865 0.498291 10
2.08222528344 0.514298 0.47485 0.4963 0.516298 0.47685 0.4983 10
2.07868284542 0.514319 0.474835 0.496312 0.516319 0.476835 0.498312 10
2.07515008697 0.514338 0.474821 0.496321 0.516338 0.476821 0.498321 10
2.07162696484 0.514359 0.474806 0.496333 0.516359 0.476806 0.498333 10
2.06811343605 0.51438 0.474791 0.496342 0.51638 0.476791 0.498342 10
2.06460945788 0.514399 0.474776 0.496354 0.516399 0.476776 0.498354 10
2.06111498788 0.514422 0.47476 0.496365 0.516422 0.47676 0.498365 10
2.05762998383 0.514443 0.474745 0.496376 0.516443 0.476745 0.498376 10
2.05415440381 0.514464 0.47473 0.496388 0.516464 0.47673 0.498388 10
2.05068820612 0.514485 0.474717 0.496399 0.516485 0.476717 0.498399 10
2.04723134932 0.514508 0.474701 0.496411 0.516508 0.476701 0.498411 10
2.04378379222 0.514529 0.474688 0.496424 0.516529 0.476688 0.498424 10
2.04034549391 0.514552 0.474673 0.496436 0.516552 0.476673 0.498436 10
2.03691641368 0.514574 0.474659 0.496447 0.516574 0.476659 0.498447 10
2.03349651109 0.514597 0.474644 0.49646 0.516597 0.476644 0.49846 10
2.03008574594 0.51462 0.474631 0.496474 0.51662 0.476631 0.498474 10
2.02668407827 0.514643 0.474617 0.496485 0.516643 0.476617 0.498485 10
2.02329146837 0.514668 0.474602 0.496499 0.516668 0.476602 0.498499 10
2.01990787675 0.514693 0.474589 0.49651 0.516693 0.476589 0.49851 10
2.01653326416 0.514716 0.474574 0.496523 0.516716 0.476574 0.498523 10
2.0131675916 0.51474 0.47456 0.496535 0.51674 0.47656 0.498535 10
2.00981082028 0.514767 0.474547 0.496546 0.516767 0.476547 0.498546 10
2.00646291165 0.514792 0.474533 0.49656 0.516792 0.476533 0.49856 10
2.0031238274 0.514819 0.474518 0.496571 0.516819 0.476518 0.498571 10
1.99979384142 0.514845 0.474505 0.496582 0.516845 0.476505 0.498582 10
1.9964719798569 0.514872 0.474492 0.496596 0.516872 0.476492 0.498596 10
1.9931591411101 0.514899 0.474476 0.496607 0.516899 0.476476 0.498607 10
1.9898549756829 0.514929 0.474463 0.496619 0.516929 0.476463 0.498619 10
1.9865594464052 0.514958 0.474448 0.49663 0.516958 0.476448 0.49863 10
1.9832725162948 0.514986 0.47443 0.49664 0.516986 0.47643 0.49864 10
1.9799941485864 0.515013 0.474411 0.496651 0.517013 0.476411 0.498651 10
1.9767243067303 0.51504 0.474392 0.496661 0.51704 0.476392 0.498661 10
1.9734629543905 0.515065 0.474375 0.496672 0.517065 0.476375 0.498672 10
1.9702100554437 0.515089 0.474356 0.496685 0.517089 0.476356 0.498685 10
1.9669655739769 0.515114 0.474339 0.496699 0.517114 0.476339 0.498699 10
1.9637294742865 0.515137 0.474322 0.496712 0.517137 0.476322 0.498712 10
1.9605017208764 0.515162 0.474305 0.496725 0.517162 0.476305 0.498725 10
1.9572822784566 0.515187 0.474287 0.496739 0.517187 0.476287 0.498739 10
1.9540711119419 0.51521 0.474272 0.496754 0.51721 0.476272 0.498754 10
1.9508681864497 0.515232 0.474255 0.496769 0.517232 0.476255 0.498769 10
1.9476734672994 0.515257 0.47424 0.496787 0.517257 0.47624 0.498787 10
1.9444869200103 0.51528 0.474224 0.496802 0.51728 0.476224 0.498802 10
1.9413085103002 0.515303 0.474207 0.496821 0.517303 0.476207 0.498821 10
1.9381382040843 0.515328 0.474192 0.496838 0.517328 0.476192 0.498838 10
1.9349759674734 0.515351 0.474173 0.496859 0.517351 0.476173 0.498859 10
1.9318217667726 0.515374 0.474154 0.49688 0.517374 0.476154 0.49888 10
1.9286755684799 0.515398 0.474133 0.496899 0.517398 0.476133 0.498899 10
1.9255373392848 0.515421 0.47411 0.496914 0.517421 0.47611 0.498914 10
1.9224070460669 0.515444 0.474087 0.496928 0.517444 0.476087 0.498928 10
1.9192846558945 0.515465 0.474064 0.496939 0.517465 0.476064 0.498939 10
1.9161701360233 0.515484 0.474043 0.496952 0.517484 0.476043 0.498952 10
1.9130634538948 0.515503 0.47402 0.496966 0.517503 0.47602 0.498966 10
1.9099645771355 0.515522 0.473999 0.496979 0.517522 0.475999 0.498979 10
1.9068734735549 0.515541 0.473977 0.496991 0.517541 0.475977 0.498991 10
1.9037901111446 0.515559 0.473956 0.497004 0.517559 0.475956 0.499004 10
1.9007144580771 0.515576 0.473938 0.497019 0.517576 0.475938 0.499019 10
1.897646482704 0.515595 0.473919 0.497033 0.517595 0.475919 0.499033 10
1.8945861535552 0.515616 0.4739 0.497044 0.517616 0.4759 0.499044 10
1.8915334393374 0.515635 0.473881 0.497054 0.517635 0.475881 0.499054 10
1.888488308933 0.515654 0.47386 0.497065 0.517654 0.47586 0.499065 10
1.8854507313985 0.515671 0.473841 0.497076 0.517671 0.475841 0.499076 10
1.8824206759637 0.515688 0.47382 0.497086 0.517688 0.47582 0.499086 10
1.8793981120302 0.515704 0.473803 0.497099 0.517704 0.475803 0.499099 10
1.8763830091701 0.515721 0.473786 0.497111 0.517721 0.475786 0.499111 10
1.8733753371253 0.51574 0.473769 0.497122 0.51774 0.475769 0.499122 10
1.8703750658056 0.515759 0.473751 0.497132 0.517759 0.475751 0.499132 10
1.867382165288 0.515778 0.473732 0.497141 0.517778 0.475732 0.499141 10
1.8643966058152 0.515793 0.473715 0.497153 0.517793 0.475715 0.499153 10
1.861418357795 0.51581 0.4737 0.497164 0.51781 0.4757 0.499164 10
1.8584473917983 0.515831 0.473685 0.497176 0.517831 0.475685 0.499176 10
1.8554836785586 0.51585 0.473671 0.497185 0.51785 0.475671 0.499185 10
1.8525271889708 0.51587 0.473656 0.497199 0.51787 0.475656 0.499199 10
1.8495778940897 0.515891 0.473639 0.497214 0.517891 0.475639 0.499214 10
1.8466357651293 0.515912 0.473622 0.497229 0.517912 0.475622 0.499229 10
1.8437007734613 0.515932 0.473603 0.497244 0.517932 0.475603 0.499244 10
1.8407728906143 0.515952 0.473582 0.497258 0.517952 0.475582 0.499258 10
1.8378520882728 0.515969 0.473563 0.497271 0.517969 0.475563 0.499271 10
1.8349383382757 0.515986 0.473542 0.497282 0.517986 0.475542 0.499282 10
1.8320316126155 0.516003 0.473523 0.497294 0.518003 0.475523 0.499294 10
1.8291318834372 0.51602 0.473502 0.497305 0.51802 0.475502 0.499305 10
1.8262391230374 0.516035 0.473483 0.497315 0.518035 0.475483 0.499315 10
1.8233533038629 0.516053 0.473463 0.497324 0.518053 0.475463 0.499324 10
1.82047439851 0.516068 0.473448 0.497332 0.518068 0.475448 0.499332 10
1.8176023797233 0.516087 0.473435 0.497342 0.518087 0.475435 0.499342 10
1.8147372203946 0.516106 0.473422 0.497353 0.518106 0.475422 0.499353 10
1.8118788935621 0.516127 0.473404 0.497368 0.518127 0.475404 0.499368 10
1.8090273724093 0.516146 0.473385 0.497384 0.518146 0.475385 0.499384 10
1.8061826302641 0.516163 0.473364 0.497395 0.518163 0.475364 0.499395 10
1.8033446405975 0.516179 0.473341 0.497405 0.518179 0.475341 0.499405 10
1.800513377023 0.516194 0.473326 0.49741 0.518194 0.475326 0.49941 10
1.7976888132955 0.516213 0.473315 0.497424 0.518213 0.475315 0.499424 10
1.7948709233101 0.516232 0.473296 0.497439 0.518232 0.475296 0.499439 10
1.7920596811017 0.516247 0.473273 0.497448 0.518247 0.475273 0.499448 10
1.7892550608434 0.516264 0.473257 0.497458 0.518264 0.475257 0.499458 10
1.786457036846 0.516282 0.473238 0.497471 0.518282 0.475238 0.499471 10
1.7836655835569 0.516299 0.473219 0.497483 0.518299 0.475219 0.499483 10
1.7808806755593 0.516316 0.473202 0.497494 0.518316 0.475202 0.499494 10
1.7781022875712 0.516333 0.473185 0.497506 0.518333 0.475185 0.499506 10
1.7753303944443 0.51635 0.473166 0.497517 0.51835 0.475166 0.499517 10
1.7725649711636 0.516367 0.473149 0.497528 0.518367 0.475149 0.499528 10
1.769805992846 0.516385 0.47313 0.49754 0.518385 0.47513 0.49954 10
1.7670534347397 0.516402 0.473111 0.497551 0.518402 0.475111 0.499551 10
1.7643072722231 0.516419 0.473093 0.497563 0.518419 0.475093 0.499563 10
1.7615674808042 0.516436 0.473074 0.497574 0.518436 0.475074 0.499574 10
1.7588340361196 0.516453 0.473055 0.497586 0.518453 0.475055 0.499586 10
1.7561069139336 0.51647 0.473036 0.497597 0.51847 0.475036 0.499597 10
1.7533860901375 0.516488 0.473017 0.497607 0.518488 0.475017 0.499607 10
1.7506715407485 0.516505 0.473 0.497618 0.518505 0.475 0.499618 10
1.7479633089344 0.516522 0.472981 0.497628 0.518522 0.474981 0.499628 10
1.7452611698793 0.516539 0.472964 0.497639 0.518539 0.474964 0.499639 10
1.7425653010698 0.516556 0.472945 0.497649 0.518556 0.474945 0.499649 10
1.7398756119736 0.516573 0.472927 0.497658 0.518573 0.474927 0.499658 10
1.7371920792326 0.516591 0.472908 0.497668 0.518591 0.474908 0.499668 10
1.7345146796028 0.516608 0.472891 0.497677 0.518608 0.474891 0.499677 10
1.731843389961 0.516625 0.472874 0.497687 0.518625 0.474874 0.499687 10
1.7291781873032 0.516642 0.472857 0.497696 0.518642 0.474857 0.499696 10
1.7265190487442 0.516659 0.47284 0.497706 0.518659 0.47484 0.499706 10
1.7238659515169 0.516676 0.472823 0.497715 0.518676 0.474823 0.499715 10
1.7212188729714 0.516694 0.472805 0.497725 0.518694 0.474805 0.499725 10
1.718577790574 0.516711 0.472788 0.497736 0.518711 0.474788 0.499736 10
1.715942681907 0.51673 0.472773 0.497746 0.51873 0.474773 0.499746 10
1.7133135246675 0.516747 0.472756 0.497755 0.518747 0.474756 0.499755 10
1.7106902966667 0.516764 0.472739 0.497765 0.518764 0.474739 0.499765 10
1.7080729758292 0.516781 0.472722 0.497775 0.518781 0.474722 0.499775 10
1.7054615401926 0.516798 0.472704 0.497784 0.518798 0.474704 0.499784 10
1.7028559679062 0.516817 0.472687 0.497796 0.518817 0.474687 0.499796 10
1.7002562372305 0.516835 0.47267 0.497805 0.518835 0.47467 0.499805 10
1.6976623265368 0.516852 0.472653 0.497815 0.518852 0.474653 0.499815 10
1.6950742143058 0.516869 0.472636 0.497824 0.518869 0.474636 0.499824 10
1.6924918791278 0.516886 0.472619 0.497834 0.518886 0.474619 0.499834 10
1.6899152997012 0.516905 0.472601 0.497843 0.518905 0.474601 0.499843 10
1.687344454832 0.516922 0.472584 0.497853 0.518922 0.474584 0.499853 10
1.6847793234335 0.51694 0.472569 0.497862 0.51894 0.474569 0.499862 10
1.6822198845251 0.516957 0.472552 0.497872 0.518957 0.474552 0.499872 10
1.679666117232 0.516976 0.472535 0.497881 0.518976 0.474535 0.499881 10
1.6771180007843 0.516993 0.472517 0.497891 0.518993 0.474517 0.499891 10
1.6745755145164 0.51701 0.4725 0.497899 0.51901 0.4745 0.499899 10
1.6720386378663 0.517029 0.472483 0.497908 0.519029 0.474483 0.499908 10
1.6695073503751 0.517046 0.472468 0.497918 0.519046 0.474468 0.499918 10
1.666981631686 0.517065 0.472453 0.497927 0.519065 0.474453 0.499927 10
1.6644614615442 0.517083 0.472435 0.497937 0.519083 0.474435 0.499937 10
1.6619468197955 0.5171 0.47242 0.497946 0.5191 0.47442 0.499946 10
1.6594376863865 0.517119 0.472405 0.497956 0.519119 0.474405 0.499956 10
1.6569340413633 0.517136 0.47239 0.497965 0.519136 0.47439 0.499965 10
1.6544358648711 0.517153 0.472374 0.497975 0.519153 0.474374 0.499975 10
1.6519431371539 0.517172 0.472361 0.497986 0.519172 0.474361 0.499986 10
1.6494558385532 0.517191 0.472346 0.497998 0.519191 0.474346 0.499998 10
1.6469739495079 0.51721 0.47233 0.498007 0.51921 0.47433 0.500007 10
1.6444974505537 0.517229 0.472317 0.498017 0.519229 0.474317 0.500017 10
1.6420263223221 0.51725 0.472302 0.498028 0.51925 0.474302 0.500028 10
1.6395605455402 0.51727 0.472287 0.49804 0.51927 0.474287 0.50004 10
1.6371001010299 0.517291 0.472271 0.498051 0.519291 0.474271 0.500051 10
1.6346449697073 0.51731 0.472256 0.498061 0.51931 0.474256 0.500061 10
1.6321951325823 0.517331 0.472241 0.498072 0.519331 0.474241 0.500072 10
1.6297505707577 0.51735 0.472224 0.498084 0.51935 0.474224 0.500084 10
1.627311265429 0.517369 0.472208 0.498093 0.519369 0.474208 0.500093 10
1.6248771978834 0.51739 0.472191 0.498104 0.51939 0.474191 0.500104 10
1.6224483494996 0.517409 0.472176 0.498114 0.519409 0.474176 0.500114 10
1.6200247017471 0.517428 0.472159 0.498124 0.519428 0.474159 0.500124 10
1.6176062361856 0.517449 0.472144 0.498133 0.519449 0.474144 0.500133 10
1.6151929344644 0.517468 0.472128 0.498143 0.519468 0.474128 0.500143 10
1.612784778322 0.517487 0.472113 0.498152 0.519487 0.474113 0.500152 10
1.6103817495855 0.517506 0.472098 0.498164 0.519506 0.474098 0.500164 10
1.6079838301698 0.517525 0.472083 0.498173 0.519525 0.474083 0.500173 10
1.6055910020776 0.517544 0.472065 0.498185 0.519544 0.474065 0.500185 10
1.6032032473982 0.517563 0.47205 0.498194 0.519563 0.47405 0.500194 10
1.6008205483077 0.517582 0.472035 0.498206 0.519582 0.474035 0.500206 10
1.5984428870677 0.517601 0.472018 0.498215 0.519601 0.474018 0.500215 10
1.5960702460253 0.51762 0.472002 0.498227 0.51962 0.474002 0.500227 10
1.5937026076126 0.51764 0.471987 0.498236 0.51964 0.473987 0.500236 10
1.5913399543458 0.517657 0.47197 0.498248 0.519657 0.47397 0.500248 10
1.588982268825 0.517676 0.471955 0.498257 0.519676 0.473955 0.500257 10
1.5866295337335 0.517695 0.471938 0.498269 0.519695 0.473938 0.500269 10
1.5842817318374 0.517712 0.47192 0.498278 0.519712 0.47392 0.500278 10
1.5819388459853 0.517731 0.471903 0.498288 0.519731 0.473903 0.500288 10
1.5796008591073 0.51775 0.471888 0.498297 0.51975 0.473888 0.500297 10
1.5772677542149 0.517767 0.471871 0.498309 0.519767 0.473871 0.500309 10
1.5749395144004 0.517786 0.471854 0.498318 0.519786 0.473854 0.500318 10
1.5726161228364 0.517804 0.471836 0.498328 0.519804 0.473836 0.500328 10
1.5702975627754 0.517823 0.471819 0.498337 0.519823 0.473819 0.500337 10
1.5679838175491 0.51784 0.471804 0.498345 0.51984 0.473804 0.500345 10
1.5656748705682 0.517859 0.471789 0.498354 0.519859 0.473789 0.500354 10
1.5633707053217 0.517876 0.471772 0.498364 0.519876 0.473772 0.500364 10
1.5610713053765 0.517895 0.471756 0.498375 0.519895 0.473756 0.500375 10
1.5587766543772 0.517912 0.471739 0.498387 0.519912 0.473739 0.500387 10
1.5564867360451 0.517929 0.471722 0.498396 0.519929 0.473722 0.500396 10
1.5542015341781 0.517945 0.471705 0.498406 0.519945 0.473705 0.500406 10
1.5519210326503 0.517962 0.471688 0.498413 0.519962 0.473688 0.500413 10
1.5496452154113 0.517979 0.471674 0.498423 0.519979 0.473674 0.500423 10
1.5473740664859 0.517996 0.471659 0.498434 0.519996 0.473659 0.500434 10
1.5451075699737 0.518013 0.471644 0.498446 0.520013 0.473644 0.500446 10
1.5428457100485 0.518031 0.471629 0.498455 0.520031 0.473629 0.500455 10
1.5405884709579 0.518048 0.471611 0.498467 0.520048 0.473611 0.500467 10
1.538335837023 0.518065 0.471596 0.498476 0.520065 0.473596 0.500476 10
1.5360877926378 0.518084 0.471581 0.498488 0.520084 0.473581 0.500488 10
1.533844322269 0.518101 0.471566 0.498499 0.520101 0.473566 0.500499 10
1.5316054104552 0.518118 0.471548 0.498509 0.520118 0.473548 0.500509 10
1.5293710418067 0.518135 0.471531 0.49852 0.520135 0.473531 0.50052 10
1.5271412010052 0.518155 0.471516 0.498532 0.520155 0.473516 0.500532 10
1.5249158728032 0.518172 0.471499 0.498541 0.520172 0.473499 0.500541 10
1.5226950420236 0.518189 0.471482 0.498553 0.520189 0.473482 0.500553 10
1.5204786935592 0.518206 0.471465 0.498562 0.520206 0.473465 0.500562 10
1.5182668123727 0.518225 0.471447 0.498572 0.520225 0.473447 0.500572 10
1.5160593834957 0.518242 0.47143 0.498581 0.520242 0.47343 0.500581 10
1.5138563920288 0.518259 0.471413 0.498591 0.520259 0.473413 0.500591 10
1.5116578231408 0.518279 0.471396 0.4986 0.520279 0.473396 0.5006 10
1.5094636620687 0.518296 0.471379 0.49861 0.520296 0.473379 0.50061 10
1.5072738941169 0.518315 0.471363 0.498621 0.520315 0.473363 0.500621 10
1.5050885046573 0.518334 0.471346 0.498631 0.520334 0.473346 0.500631 10
1.5029074791282 0.518351 0.471329 0.49864 0.520351 0.473329 0.50064 10
1.5007308030347 0.51837 0.471312 0.49865 0.52037 0.473312 0.50065 10
1.4985585349143 0.518387 0.471295 0.49866 0.520387 0.473295 0.50066 10
1.4963904414966 0.518404 0.471278 0.498667 0.520404 0.473278 0.500667 10
1.4942267274052 0.518422 0.47126 0.498677 0.520422 0.47326 0.500677 10
1.4920673054185 0.518439 0.471245 0.498686 0.520439 0.473245 0.500686 10
1.4899121613751 0.518456 0.471228 0.498698 0.520456 0.473228 0.500698 10
1.4877612811707 0.518473 0.471213 0.498707 0.520473 0.473213 0.500707 10
1.4856146507644 0.51849 0.471198 0.498717 0.52049 0.473198 0.500717 10
1.483472256179 0.518507 0.47118 0.498728 0.520507 0.47318 0.500728 10
1.4813340835005 0.518526 0.471165 0.498738 0.520526 0.473165 0.500738 10
1.4792001188771 0.518544 0.47115 0.498749 0.520544 0.47315 0.500749 10
1.4770703485199 0.518561 0.471133 0.498759 0.520561 0.473133 0.500759 10
1.4749447587017 0.51858 0.471117 0.498768 0.52058 0.473117 0.500768 10
1.4728233357568 0.518597 0.471102 0.49878 0.520597 0.473102 0.50078 10
1.4707060660812 0.518614 0.471085 0.498791 0.520614 0.473085 0.500791 10
1.4685929361313 0.518633 0.47107 0.498801 0.520633 0.47307 0.500801 10
1.4664839324246 0.51865 0.471054 0.498812 0.52065 0.473054 0.500812 10
1.4643790415385 0.51867 0.471039 0.498822 0.52067 0.473039 0.500822 10
1.4622782501103 0.518689 0.471022 0.498833 0.520689 0.473022 0.500833 10
1.4601815448372 0.518708 0.471005 0.498845 0.520708 0.473005 0.500845 10
1.4580889124752 0.518727 0.470988 0.498854 0.520727 0.472988 0.500854 10
1.4560003398395 0.518746 0.470971 0.498866 0.520746 0.472971 0.500866 10
1.4539158138036 0.518763 0.470951 0.498875 0.520763 0.472951 0.500875 10
1.4518353212994 0.51878 0.470934 0.498885 0.52078 0.472934 0.500885 10
1.4497588493167 0.518797 0.470917 0.498894 0.520797 0.472917 0.500894 10
1.4476863849028 0.518814 0.4709 0.498902 0.520814 0.4729 0.500902 10
1.4456179151623 0.518832 0.470883 0.498911 0.520832 0.472883 0.500911 10
1.4435534272567 0.518849 0.470866 0.498921 0.520849 0.472866 0.500921 10
1.441492908404 0.518866 0.47085 0.49893 0.520866 0.47285 0.50093 10
1.4394363458787 0.518883 0.470835 0.49894 0.520883 0.472835 0.50094 10
1.4373837270112 0.5189 0.47082 0.498949 0.5209 0.47282 0.500949 10
1.4353350391876 0.518917 0.470805 0.498959 0.520917 0.472805 0.500959 10
1.4332902698491 0.518937 0.470789 0.498969 0.520937 0.472789 0.500969 10
1.4312494064923 0.518954 0.470774 0.49898 0.520954 0.472774 0.50098 10
1.4292124366683 0.518973 0.470759 0.49899 0.520973 0.472759 0.50099 10
1.4271793479828 0.518992 0.470744 0.499001 0.520992 0.472744 0.501001 10
1.4251501280956 0.519009 0.470728 0.499012 0.521009 0.472728 0.501012 10
1.4231247647201 0.519028 0.470711 0.499024 0.521028 0.472711 0.501024 10
1.4211032456236 0.519045 0.470694 0.499035 0.521045 0.472694 0.501035 10
1.4190855586263 0.519062 0.470677 0.499045 0.521062 0.472677 0.501045 10
1.4170716916017 0.519082 0.47066 0.499056 0.521082 0.47266 0.501056 10
1.4150616324756 0.519099 0.470642 0.499066 0.521099 0.472642 0.501066 10
1.4130553692264 0.519116 0.470625 0.499075 0.521116 0.472625 0.501075 10
1.4110528898844 0.519131 0.470608 0.499085 0.521131 0.472608 0.501085 10
1.4090541825319 0.519148 0.470593 0.499094 0.521148 0.472593 0.501094 10
1.4070592353026 0.519167 0.47058 0.499104 0.521167 0.47258 0.501104 10
1.4050680363814 0.519185 0.470564 0.499115 0.521185 0.472564 0.501115 10
1.403080574004 0.519204 0.470549 0.499127 0.521204 0.472549 0.501127 10
1.4010968364571 0.519221 0.470534 0.499138 0.521221 0.472534 0.501138 10
1.3991169216237 0.51924 0.470517 0.49915 0.52124 0.472517 0.50115 10
1.3971404892412 0.519257 0.470498 0.499161 0.521257 0.472498 0.501161 10
1.395167856418 0.519276 0.47048 0.499169 0.521276 0.47248 0.501169 10
1.3931989020615 0.519293 0.470463 0.499178 0.521293 0.472463 0.501178 10
1.3912336147183 0.519312 0.470448 0.49919 0.521312 0.472448 0.50119 10
1.389271982973 0.519329 0.470431 0.499199 0.521329 0.472431 0.501199 10
1.3873139954593 0.519347 0.470414 0.499209 0.521347 0.472414 0.501209 10
1.3853596408591 0.519364 0.470398 0.499218 0.521364 0.472398 0.501218 10
1.3834089079026 0.519381 0.470383 0.499228 0.521381 0.472383 0.501228 10
1.381461785368 0.519398 0.470368 0.499237 0.521398 0.472368 0.501237 10
1.3795182620813 0.519417 0.470353 0.499249 0.521417 0.472353 0.501249 10
1.3775783269158 0.519434 0.470335 0.49926 0.521434 0.472335 0.50126 10
1.3756419687921 0.519452 0.47032 0.49927 0.521452 0.47232 0.50127 10
1.3737091766776 0.519471 0.470305 0.499281 0.521471 0.472305 0.501281 10
1.3717799395867 0.519488 0.470288 0.499291 0.521488 0.472288 0.501291 10
1.36985424658 0.519507 0.470271 0.499302 0.521507 0.472271 0.501302 10
1.3679320867643 0.519524 0.470253 0.499312 0.521524 0.472253 0.501312 10
1.3660134492924 0.519541 0.470236 0.499321 0.521541 0.472236 0.501321 10
1.3640983233629 0.51956 0.470221 0.499331 0.52156 0.472221 0.501331 10
1.3621866982196 0.519577 0.470204 0.49934 0.521577 0.472204 0.50134 10
1.3602785631518 0.519595 0.470189 0.499352 0.521595 0.472189 0.501352 10
1.3583739074936 0.519614 0.470171 0.499361 0.521614 0.472171 0.501361 10
1.3564727206238 0.519631 0.470156 0.499371 0.521631 0.472156 0.501371 10
1.3545749919659 0.51965 0.470141 0.499381 0.52165 0.472141 0.501381 10
1.3526807109875 0.519669 0.470126 0.49939 0.521669 0.472126 0.50139 10
1.3507898672002 0.519688 0.470108 0.4994 0.521688 0.472108 0.5014 10
1.3489024501595 0.519707 0.470093 0.499409 0.521707 0.472093 0.501409 10
1.3470184494644 0.519724 0.470076 0.499419 0.521724 0.472076 0.501419 10
1.3451378547571 0.519743 0.470061 0.499428 0.521743 0.472061 0.501428 10
1.3432606557232 0.519761 0.470045 0.499436 0.521761 0.472045 0.501436 10
1.3413868420909 0.51978 0.47003 0.499447 0.52178 0.47203 0.501447 10
1.3395164036311 0.519797 0.470015 0.499455 0.521797 0.472015 0.501455 10
1.3376493301573 0.519816 0.470002 0.499464 0.521816 0.472002 0.501464 10
1.335785611525 0.519835 0.469986 0.499476 0.521835 0.471986 0.501476 10
1.3339252376317 0.519852 0.469971 0.499484 0.521852 0.471971 0.501484 10
1.3320681984167 0.519869 0.469956 0.499493 0.521869 0.471956 0.501493 10
1.3302144838608 0.519888 0.469942 0.499504 0.521888 0.471942 0.501504 10
1.3283640839862 0.519905 0.469927 0.499514 0.521905 0.471927 0.501514 10
1.326516988856 0.519925 0.469912 0.499524 0.521925 0.471912 0.501524 10
1.3246731885746 0.519942 0.469899 0.499533 0.521942 0.471899 0.501533 10
1.3228326732865 0.519961 0.469883 0.499545 0.521961 0.471883 0.501545 10
1.3209954331772 0.519978 0.46987 0.499554 0.521978 0.47187 0.501554 10
1.319161458472 0.519997 0.469855 0.499566 0.521997 0.471855 0.501566 10
1.3173307394366 0.520014 0.46984 0.499575 0.522014 0.47184 0.501575 10
1.3155032663764 0.520033 0.469826 0.499585 0.522033 0.471826 0.501585 10
1.3136790296363 0.520052 0.469811 0.499596 0.522052 0.471811 0.501596 10
1.3118580196009 0.52007 0.469796 0.499606 0.52207 0.471796 0.501606 10
1.3100402266936 0.520089 0.46978 0.499615 0.522089 0.47178 0.501615 10
1.3082256413773 0.520106 0.469765 0.499625 0.522106 0.471765 0.501625 10
1.3064142541534 0.520125 0.469752 0.499634 0.522125 0.471752 0.501634 10
1.3046060555619 0.520142 0.469737 0.499644 0.522142 0.471737 0.501644 10
1.3028010361813 0.520161 0.469721 0.499655 0.522161 0.471721 0.501655 10
1.3009991866284 0.520178 0.469708 0.499665 0.522178 0.471708 0.501665 10
1.29920059736 0.520197 0.469695 0.499674 0.522197 0.471695 0.501674 10
1.2974049596524 0.520214 0.469679 0.499686 0.522214 0.471679 0.501686 10
1.2956125636719 0.520234 0.469664 0.499695 0.522234 0.471664 0.501695 10
1.2938233003542 0.520251 0.469649 0.499705 0.522251 0.471649 0.501705 10
1.292037160514 0.52027 0.469634 0.499716 0.52227 0.471634 0.501716 10
1.2902541349934 0.520287 0.469618 0.499726 0.522287 0.471618 0.501726 10
1.2884742146709 0.520306 0.469605 0.499735 0.522306 0.471605 0.501735 10
1.2866973904622 0.520323 0.46959 0.499745 0.522323 0.47159 0.501745 10
1.2849236533191 0.52034 0.469576 0.499754 0.52234 0.471576 0.501754 10
1.2831529942298 0.520358 0.469561 0.499764 0.522358 0.471561 0.501764 10
1.2813854042187 0.520377 0.469548 0.499773 0.522377 0.471548 0.501773 10
1.2796208743461 0.520394 0.469532 0.499785 0.522394 0.471532 0.501785 10
1.2778593957079 0.520411 0.469517 0.499793 0.522411 0.471517 0.501793 10
1.2761009594359 0.520428 0.469502 0.499802 0.522428 0.471502 0.501802 10
1.274345556697 0.520447 0.469487 0.499813 0.522447 0.471487 0.501813 10
1.2725931786933 0.520464 0.469473 0.499823 0.522464 0.471473 0.501823 10
1.2708438166622 0.520482 0.469458 0.499833 0.522482 0.471458 0.501833 10
1.2690974618756 0.520499 0.469445 0.499842 0.522499 0.471445 0.501842 10
1.2673541056404 0.520516 0.469429 0.499852 0.522516 0.471429 0.501852 10
1.2656137392978 0.520535 0.469414 0.499861 0.522535 0.471414 0.501861 10
1.2638763542234 0.520552 0.469401 0.499871 0.522552 0.471401 0.501871 10
1.262141941827 0.520569 0.469386 0.499882 0.522569 0.471386 0.501882 10
1.2604104935523 0.520586 0.469372 0.499892 0.522586 0.471372 0.501892 10
1.2586820008768 0.520604 0.469357 0.499901 0.522604 0.471357 0.501901 10
1.2569564553117 0.520621 0.469342 0.499911 0.522621 0.471342 0.501911 10
1.2552338484018 0.520638 0.469328 0.49992 0.522638 0.471328 0.50192 10
1.253514171725 0.520655 0.469313 0.499932 0.522655 0.471313 0.501932 10
1.2517974168924 0.520672 0.469298 0.499941 0.522672 0.471298 0.501941 10
1.2500835755481 0.520689 0.469284 0.499951 0.522689 0.471284 0.501951 10
1.2483726393691 0.520707 0.469269 0.499962 0.522707 0.471269 0.501962 10
1.2466646000649 0.520724 0.469256 0.499972 0.522724 0.471256 0.501972 10
1.2449594493775 0.520741 0.469241 0.499981 0.522741 0.471241 0.501981 10
1.2432571790814 0.520758 0.469225 0.499993 0.522758 0.471225 0.501993 10
1.241557780983 0.520775 0.46921 0.500002 0.522775 0.47121 0.502002 10
1.239861246921 0.520792 0.469197 0.500014 0.522792 0.471197 0.502014 10
1.2381675687657 0.520808 0.469181 0.500021 0.522808 0.471181 0.502021 10
1.2364767384192 0.520825 0.469166 0.500033 0.522825 0.471166 0.502033 10
1.2347887478152 0.520842 0.469151 0.500042 0.522842 0.471151 0.502042 10
1.2331035889185 0.520859 0.469138 0.500052 0.522859 0.471138 0.502052 10
1.2314212537255 0.520876 0.469122 0.500061 0.522876 0.471122 0.502061 10
1.2297417342634 0.520892 0.469109 0.500071 0.522892 0.471109 0.502071 10
1.2280650225903 0.520909 0.469094 0.500081 0.522909 0.471094 0.502081 10
1.2263911107954 0.520926 0.46908 0.50009 0.522926 0.47108 0.50209 10
1.224719990998 0.520945 0.469065 0.500101 0.522945 0.471065 0.502101 10
1.2230516553484 0.520962 0.469052 0.500111 0.522962 0.471052 0.502111 10
1.2213860960267 0.520979 0.469037 0.500121 0.522979 0.471037 0.502121 10
1.2197233052435 0.520996 0.469023 0.500132 0.522996 0.471023 0.502132 10
1.2180632752394 0.521014 0.469008 0.500142 0.523014 0.471008 0.502142 10
1.2164059982847 0.521033 0.468995 0.500151 0.523033 0.470995 0.502151 10
1.2147514666796 0.52105 0.468979 0.500161 0.52305 0.470979 0.502161 10
1.2130996727537 0.521067 0.468964 0.50017 0.523067 0.470964 0.50217 10
1.2114506088661 0.521084 0.468951 0.50018 0.523084 0.470951 0.50218 10
1.2098042674054 0.521103 0.468935 0.500189 0.523103 0.470935 0.502189 10
1.2081606407889 0.52112 0.468922 0.500199 0.52312 0.470922 0.502199 10
1.2065197214634 0.521138 0.468909 0.500208 0.523138 0.470909 0.502208 10
1.2048815019043 0.521157 0.468893 0.50022 0.523157 0.470893 0.50222 10
1.2032459746156 0.521174 0.46888 0.500227 0.523174 0.47088 0.502227 10
1.2016131321303 0.521193 0.468867 0.500239 0.523193 0.470867 0.502239 10
1.1999831282051 0.52121 0.468851 0.500248 0.52321 0.470851 0.502248 10
1.1983554718264 0.521227 0.468838 0.500258 0.523227 0.470838 0.502258 10
1.1967306392472 0.521246 0.468825 0.500267 0.523246 0.470825 0.502267 10
1.1951084618694 0.521264 0.46881 0.500277 0.523264 0.47081 0.502277 10
1.1934889323825 0.521281 0.468796 0.500287 0.523281 0.470796 0.502287 10
1.1918720434881 0.5213 0.468783 0.500296 0.5233 0.470783 0.502296 10
1.1902577879152 0.521317 0.468768 0.500306 0.523317 0.470768 0.502306 10
1.1886461584202 0.521334 0.468754 0.500315 0.523334 0.470754 0.502315 10
1.1870371477871 0.521351 0.468739 0.500325 0.523351 0.470739 0.502325 10
1.185430748827 0.52137 0.468726 0.500334 0.52337 0.470726 0.502334 10
1.1838269543782 0.521388 0.468712 0.500344 0.523388 0.470712 0.502344 10
1.182225757306 0.521405 0.468699 0.500353 0.523405 0.470699 0.502353 10
1.1806271505024 0.521422 0.468684 0.500363 0.523422 0.470684 0.502363 10
1.1790311268861 0.521441 0.46867 0.500374 0.523441 0.47067 0.502374 10
1.1774376794027 0.521458 0.468657 0.500384 0.523458 0.470657 0.502384 10
1.175846801024 0.521475 0.468644 0.500391 0.523475 0.470644 0.502391 10
1.1742584847482 0.521492 0.468628 0.500401 0.523492 0.470628 0.502401 10
1.1726727235998 0.521511 0.468615 0.50041 0.523511 0.470615 0.50241 10
1.1710895106292 0.521529 0.468602 0.50042 0.523529 0.470602 0.50242 10
1.1695088389129 0.521546 0.468586 0.50043 0.523546 0.470586 0.50243 10
1.1679307015533 0.521565 0.468573 0.500439 0.523565 0.470573 0.502439 10
1.1663550916785 0.521582 0.46856 0.500447 0.523582 0.47056 0.502447 10
1.1647820024421 0.521599 0.468546 0.500456 0.523599 0.470546 0.502456 10
1.1632114270233 0.521616 0.468533 0.500464 0.523616 0.470533 0.502464 10
1.1616433586265 0.521634 0.46852 0.500473 0.523634 0.47052 0.502473 10
1.1600777904815 0.521653 0.468506 0.500483 0.523653 0.470506 0.502483 10
1.1585147158432 0.52167 0.468495 0.500493 0.52367 0.470495 0.502493 10
1.1569541279915 0.521687 0.468481 0.500502 0.523687 0.470481 0.502502 10
1.155396020231 0.521704 0.468468 0.500512 0.523704 0.470468 0.502512 10
1.1538403858914 0.521721 0.468455 0.500519 0.523721 0.470455 0.502519 10
1.1522872183268 0.521738 0.468441 0.500529 0.523738 0.470441 0.502529 10
1.1507365109159 0.521758 0.46843 0.500538 0.523758 0.47043 0.502538 10
1.1491882570619 0.521775 0.468417 0.500548 0.523775 0.470417 0.502548 10
1.1476424501922 0.521792 0.468403 0.500557 0.523792 0.470403 0.502557 10
1.1460990837585 0.521809 0.46839 0.500565 0.523809 0.47039 0.502565 10
1.1445581512364 0.521826 0.468378 0.500575 0.523826 0.470378 0.502575 10
1.1430196461257 0.521843 0.468365 0.500584 0.523843 0.470365 0.502584 10
1.14148356195 0.521861 0.468354 0.500592 0.523861 0.470354 0.502592 10
1.1399498922564 0.52188 0.46834 0.500603 0.52388 0.47034 0.502603 10
1.138418630616 0.521897 0.468327 0.500613 0.523897 0.470327 0.502613 10
1.1368897706233 0.521914 0.468316 0.50062 0.523914 0.470316 0.50262 10
1.135363305896 0.521931 0.468302 0.50063 0.523931 0.470302 0.50263 10
1.1338392300754 0.521948 0.468291 0.500639 0.523948 0.470291 0.502639 10
1.1323175368259 0.521965 0.468277 0.500649 0.523965 0.470277 0.502649 10
1.1307982198349 0.521983 0.468266 0.500657 0.523983 0.470266 0.502657 10
1.129281272813 0.522 0.468254 0.500666 0.524 0.470254 0.502666 10
1.1277666894934 0.522017 0.468243 0.500678 0.524017 0.470243 0.502678 10
1.1262544636323 0.522034 0.468232 0.500687 0.524034 0.470232 0.502687 10
1.1247445890085 0.522053 0.46822 0.500698 0.524053 0.47022 0.502698 10
1.1232370594234 0.52207 0.468209 0.500708 0.52407 0.470209 0.502708 10
1.1217318687007 0.522088 0.468195 0.500719 0.524088 0.470195 0.502719 10
1.1202290106866 0.522105 0.468182 0.500729 0.524105 0.470182 0.502729 10
1.1187284792496 0.522122 0.468169 0.50074 0.524122 0.470169 0.50274 10
1.1172302682803 0.522139 0.468155 0.50075 0.524139 0.470155 0.50275 10
1.1157343716913 0.522156 0.468142 0.50076 0.524156 0.470142 0.50276 10
1.1142407834171 0.522173 0.468129 0.500769 0.524173 0.470129 0.502769 10
1.1127494974144 0.52219 0.468115 0.500779 0.52419 0.470115 0.502779 10
1.1112605076611 0.52221 0.468104 0.50079 0.52421 0.470104 0.50279 10
1.1097731995472 0.522227 0.46809 0.5008 0.524227 0.47009 0.5028 10
1.108286836547 0.522244 0.468077 0.500809 0.524244 0.470077 0.502809 10
1.1068029696186 0.522261 0.468064 0.500819 0.524261 0.470064 0.502819 10
1.1053215921417 0.52228 0.468052 0.500828 0.52428 0.470052 0.502828 10
1.1038426975203 0.522297 0.468039 0.500838 0.524297 0.470039 0.502838 10
1.102366279182 0.522314 0.468028 0.500847 0.524314 0.470028 0.502847 10
1.1008923305785 0.522332 0.468014 0.500857 0.524332 0.470014 0.502857 10
1.0994209343228 0.522351 0.468003 0.500866 0.524351 0.470003 0.502866 10
1.0979518164907 0.522368 0.467989 0.500876 0.524368 0.469989 0.502876 10
1.0964852380452 0.522385 0.467978 0.500884 0.524385 0.469978 0.502884 10
1.0950211033669 0.522402 0.467965 0.500893 0.524402 0.469965 0.502893 10
1.0935594060336 0.522419 0.467953 0.500901 0.524419 0.469953 0.502901 10
1.0921001396371 0.522438 0.467942 0.50091 0.524438 0.469942 0.50291 10
1.0906432977921 0.522456 0.46793 0.50092 0.524456 0.46993 0.50292 10
1.0891888741365 0.522473 0.467919 0.500927 0.524473 0.469919 0.502927 10
1.0877368623309 0.52249 0.467907 0.500935 0.52449 0.469907 0.502935 10
1.0862872560585 0.522507 0.467898 0.500945 0.524507 0.469898 0.502945 10
1.0848400490252 0.522524 0.467886 0.500954 0.524524 0.469886 0.502954 10
1.0833952349593 0.522541 0.467875 0.500962 0.524541 0.469875 0.502962 10
1.0819528076118 0.522559 0.467865 0.500971 0.524559 0.469865 0.502971 10
1.0805106941479 0.522576 0.467854 0.500981 0.524576 0.469854 0.502981 10
1.0790688320625 0.522593 0.467844 0.50099 0.524593 0.469844 0.50299 10
1.0776293478821 0.52261 0.467833 0.501 0.52461 0.469833 0.503 10
1.0761922354159 0.522627 0.467823 0.501009 0.524627 0.469823 0.503009 10
1.074757488495 0.522643 0.467812 0.501017 0.524643 0.469812 0.503017 10
1.0733251009724 0.52266 0.467802 0.501027 0.52466 0.469802 0.503027 10
1.071895066723 0.522677 0.467793 0.501034 0.524677 0.469793 0.503034 10
1.0704673796431 0.522694 0.467783 0.501046 0.524694 0.469783 0.503046 10
1.0690420336511 0.522711 0.467774 0.501055 0.524711 0.469774 0.503055 10
1.0676190226866 0.522726 0.467762 0.501065 0.524726 0.469762 0.503065 10
1.0661983407108 0.522744 0.467753 0.501074 0.524744 0.469753 0.503074 10
1.064779981706 0.522761 0.467743 0.501084 0.524761 0.469743 0.503084 10
1.063363939676 0.522776 0.467734 0.501093 0.524776 0.469734 0.503093 10
1.0619502086456 0.522793 0.467724 0.501105 0.524793 0.469724 0.503105 10
1.0605387826606 0.522808 0.467715 0.501114 0.524808 0.469715 0.503114 10
1.0591296557879 0.522826 0.467705 0.501126 0.524826 0.469705 0.503126 10
1.0577228221152 0.522841 0.467694 0.501135 0.524841 0.469694 0.503135 10
1.056318275751 0.522858 0.467684 0.501147 0.524858 0.469684 0.503147 10
1.0549160108243 0.522873 0.467673 0.501156 0.524873 0.469673 0.503156 10
1.0535160214848 0.52289 0.467663 0.501168 0.52489 0.469663 0.503168 10
1.0521167395202 0.522906 0.467652 0.501177 0.524906 0.469652 0.503177 10
1.0507170886573 0.522923 0.467642 0.501189 0.524923 0.469642 0.503189 10
1.0493197056002 0.522938 0.467631 0.501198 0.524938 0.469631 0.503198 10
1.0479245845509 0.522955 0.467621 0.50121 0.524955 0.469621 0.50321 10
1.0465317197313 0.522971 0.46761 0.501219 0.524971 0.46961 0.503219 10
1.0451411053839 0.522988 0.4676 0.501231 0.524988 0.4696 0.503231 10
1.0437527357708 0.523003 0.467591 0.50124 0.525003 0.469591 0.50324 10
1.0423666051744 0.523018 0.467579 0.501252 0.525018 0.469579 0.503252 10
1.0409827078969 0.523035 0.46757 0.501261 0.525035 0.46957 0.503261 10
1.0396010382602 0.523051 0.467558 0.501273 0.525051 0.469558 0.503273 10
1.0382215906061 0.523066 0.467549 0.501282 0.525066 0.469549 0.503282 10
1.0368443592959 0.523083 0.467539 0.501294 0.525083 0.469539 0.503294 10
1.0354693387104 0.523098 0.467528 0.501305 0.525098 0.469528 0.503305 10
1.0340965232501 0.523114 0.467516 0.501316 0.525114 0.469516 0.503316 10
1.0327259073345 0.523129 0.467507 0.501326 0.525129 0.469507 0.503326 10
1.0313574854026 0.523146 0.467495 0.501337 0.525146 0.469495 0.503337 10
1.0299912519127 0.523161 0.467486 0.501347 0.525161 0.469486 0.503347 10
1.028627201342 0.523177 0.467474 0.501358 0.525177 0.469474 0.503358 10
1.0272653281868 0.523192 0.467463 0.501366 0.525192 0.469463 0.503366 10
1.0259056269625 0.523207 0.467453 0.501376 0.525207 0.469453 0.503376 10
1.0245480922031 0.523222 0.467442 0.501385 0.525222 0.469442 0.503385 10
1.0231888303846 0.52324 0.467434 0.501397 0.52524 0.469434 0.503397 10
1.021831418541 0.523255 0.467425 0.501406 0.525255 0.469425 0.503406 10
1.0204761663522 0.52327 0.467415 0.501416 0.52527 0.469415 0.503416 10
1.0191230683987 0.523285 0.467406 0.501427 0.525285 0.469406 0.503427 10
1.0177721192798 0.523301 0.467398 0.501437 0.525301 0.469398 0.503437 10
1.0164233136129 0.523316 0.467389 0.501448 0.525316 0.469389 0.503448 10
1.0150766460342 0.523331 0.467379 0.50146 0.525331 0.469379 0.50346 10
1.0137321111979 0.523346 0.467368 0.501473 0.525346 0.469368 0.503473 10
1.0123897037768 0.523362 0.467358 0.501484 0.525362 0.469358 0.503484 10
1.0110494184615 0.523377 0.467349 0.501496 0.525377 0.469349 0.503496 10
1.0097112499609 0.523392 0.467339 0.501507 0.525392 0.469339 0.503507 10
1.0083751930019 0.523407 0.467328 0.501519 0.525407 0.469328 0.503519 10
1.0070412423293 0.523425 0.467318 0.501532 0.525425 0.469318 0.503532 10
1.0057093927057 0.523438 0.467307 0.501542 0.525438 0.469307 0.503542 10
1.0043796389116 0.523453 0.467295 0.501555 0.525453 0.469295 0.503555 10
1.0030519757452 0.523468 0.467284 0.501564 0.525468 0.469284 0.503564 10
1.0017263980222 0.523484 0.467272 0.501576 0.525484 0.469272 0.503576 10
1.0004029005759 0.523499 0.467263 0.501587 0.525499 0.469263 0.503587 10
0.99908151849779 0.523514 0.467251 0.501597 0.525514 0.469251 0.503597 10
0.99776212593026 0.523529 0.467242 0.501608 0.525529 0.469242 0.503608 10
0.99644420662016 0.523543 0.46723 0.501618 0.525543 0.46923 0.503618 10
0.99512477505909 0.523558 0.467223 0.501627 0.525558 0.469223 0.503627 10
0.9938074075444 0.523573 0.467213 0.501639 0.525573 0.469213 0.503639 10
0.99249209898581 0.523587 0.467204 0.50165 0.525587 0.469204 0.50365 10
0.99117884431017 0.523602 0.467194 0.501662 0.525602 0.469194 0.503662 10
0.98986763846139 0.523615 0.467184 0.501673 0.525615 0.469184 0.503673 10
0.98855847640038 0.523631 0.467175 0.501687 0.525631 0.469175 0.503687 10
0.98725135310495 0.523644 0.467163 0.501698 0.525644 0.469163 0.503698 10
0.98594626356978 0.523659 0.467154 0.501711 0.525659 0.469154 0.503711 10
0.98464320280631 0.523673 0.467143 0.501721 0.525673 0.469143 0.503721 10
0.98334216584268 0.523688 0.467131 0.501732 0.525688 0.469131 0.503732 10
0.98204314772367 0.523701 0.467122 0.501742 0.525701 0.469122 0.503742 10
0.98074614351062 0.523714 0.467112 0.501751 0.525714 0.469112 0.503751 10
0.97945114828135 0.52373 0.467104 0.501765 0.52573 0.469104 0.503765 10
0.97815815713012 0.523743 0.467097 0.501776 0.525743 0.469097 0.503776 10
0.97686716516752 0.523758 0.467087 0.501789 0.525758 0.469087 0.503789 10
0.97557816752046 0.523772 0.467076 0.501803 0.525772 0.469076 0.503803 10
0.97429115933202 0.523785 0.467064 0.501814 0.525785 0.469064 0.503814 10
0.97300613576145 0.523798 0.467055 0.501824 0.525798 0.469055 0.503824 10
0.97172309198408 0.523814 0.467047 0.501835 0.525814 0.469047 0.503835 10
0.97044202319125 0.523827 0.467038 0.501851 0.525827 0.469038 0.503851 10
0.96916273567844 0.52384 0.467026 0.501862 0.52584 0.469026 0.503862 10
0.96788139562453 0.523854 0.467017 0.501875 0.525854 0.469017 0.503875 10
0.96660202541678 0.523867 0.467005 0.501887 0.525867 0.469005 0.503887 10
0.96532462028347 0.52388 0.466996 0.5019 0.52588 0.468996 0.5039 10
0.96404917546863 0.523896 0.466986 0.501913 0.525896 0.468986 0.503913 10
0.962775686232 0.523909 0.466975 0.501927 0.525909 0.468975 0.503927 10
0.96150414784898 0.523922 0.466965 0.501938 0.525922 0.468965 0.503938 10
0.96023455561054 0.523936 0.466956 0.501952 0.525936 0.468956 0.503952 10
0.95896690482314 0.523949 0.466944 0.501963 0.525949 0.468944 0.503963 10
0.95770119080872 0.523962 0.466935 0.501975 0.525962 0.468935 0.503975 10
0.9564374089046 0.523976 0.466923 0.501988 0.525976 0.468923 0.503988 10
0.95517555446339 0.523987 0.466912 0.501999 0.525987 0.468912 0.503999 10
0.95391562285298 0.524001 0.466902 0.502013 0.526001 0.468902 0.504013 10
0.95265760945646 0.524014 0.466891 0.502026 0.526014 0.468891 0.504026 10
0.95140150967202 0.524027 0.466881 0.502039 0.526027 0.468881 0.504039 10
0.95014731891295 0.524039 0.46687 0.502051 0.526039 0.46887 0.504051 10
0.94889503260751 0.524052 0.46686 0.502064 0.526052 0.46886 0.504064 10
0.94764464619893 0.524064 0.466851 0.502076 0.526064 0.468851 0.504076 10
0.9463961551453 0.524077 0.466841 0.502089 0.526077 0.468841 0.504089 10
0.94514955491954 0.524088 0.46683 0.502102 0.526088 0.46883 0.504102 10
0.94390484100932 0.5241 0.46682 0.502114 0.5261 0.46882 0.504114 10
0.94266200891701 0.524111 0.466809 0.502127 0.526111 0.468809 0.504127 10
0.94141849658821 0.524123 0.466797 0.502139 0.526123 0.468797 0.504139 10
0.94017521181356 0.524136 0.466788 0.502152 0.526136 0.468788 0.504152 10
0.93893380447808 0.524147 0.466778 0.502165 0.526147 0.468778 0.504165 10
0.93769427011682 0.524159 0.466767 0.502179 0.526159 0.468767 0.504179 10
0.93645660427933 0.52417 0.466757 0.502192 0.52617 0.468757 0.504192 10
0.93522080252955 0.524182 0.466746 0.502205 0.526182 0.468746 0.504205 10
0.93398686044583 0.524191 0.466736 0.502217 0.526191 0.468736 0.504217 10
0.93275477362081 0.524203 0.466725 0.50223 0.526203 0.468725 0.50423 10
0.93152453766137 0.524214 0.466715 0.502243 0.526214 0.468715 0.504243 10
0.93029614818861 0.524226 0.466704 0.502259 0.526226 0.468704 0.504259 10
0.92906960083776 0.524237 0.466694 0.502272 0.526237 0.468694 0.504272 10
0.9278448912581 0.524247 0.466683 0.502285 0.526247 0.468683 0.504285 10
0.92662201511297 0.524258 0.466671 0.502301 0.526258 0.468671 0.504301 10
0.92540096807964 0.52427 0.46666 0.502316 0.52627 0.46866 0.504316 10
0.92418174584931 0.524279 0.466649 0.502329 0.526279 0.468649 0.504329 10
0.92296434412701 0.52429 0.466637 0.502345 0.52629 0.468637 0.504345 10
0.92174875863157 0.5243 0.466624 0.502358 0.5263 0.468624 0.504358 10
0.92053498509556 0.52431 0.466612 0.502371 0.52631 0.468612 0.504371 10
0.91932301926523 0.524321 0.466599 0.502386 0.526321 0.468599 0.504386 10
0.91811285690046 0.524331 0.466586 0.5024 0.526331 0.468586 0.5044 10
0.91690449377467 0.524342 0.466574 0.502413 0.526342 0.468574 0.504413 10
0.91569792567485 0.524352 0.466563 0.502427 0.526352 0.468563 0.504427 10
0.91448962824135 0.524361 0.466549 0.50244 0.526361 0.468549 0.50444 10
0.91328243646103 0.524371 0.466536 0.502453 0.526371 0.468536 0.504453 10
0.91207703601997 0.524382 0.466525 0.502469 0.526382 0.468525 0.504469 10
0.91087342273402 0.524392 0.466511 0.502482 0.526392 0.468511 0.504482 10
0.90967159243235 0.524401 0.466498 0.502495 0.526401 0.468498 0.504495 10
0.90847154095742 0.524413 0.466484 0.502509 0.526413 0.468484 0.504509 10
0.90727326416491 0.524422 0.466471 0.502522 0.526422 0.468471 0.504522 10
0.90607675792368 0.524432 0.466458 0.502535 0.526432 0.468458 0.504535 10
0.9048820181157 0.524441 0.466444 0.502549 0.526441 0.468444 0.504549 10
0.90368904063599 0.524453 0.466431 0.502564 0.526453 0.468431 0.504564 10
0.90249782139261 0.524462 0.466418 0.502575 0.526462 0.468418 0.504575 10
0.90130835630656 0.524472 0.466402 0.502589 0.526472 0.468402 0.504589 10
0.90012064131176 0.524483 0.466389 0.502604 0.526483 0.468389 0.504604 10
0.8989346844035 0.524493 0.466374 0.502615 0.526493 0.468374 0.504615 10
0.89775044539463 0.524504 0.466362 0.502629 0.526504 0.468362 0.504629 10
0.8965679564066 0.524514 0.466347 0.50264 0.526514 0.468347 0.50464 10
0.89538720137234 0.524525 0.466334 0.502654 0.526525 0.468334 0.504654 10
0.89420817629074 0.524535 0.466319 0.502665 0.526535 0.468319 0.504665 10
0.89303087717209 0.524546 0.466303 0.50268 0.526546 0.468303 0.50468 10
0.89185530003923 0.524558 0.46629 0.502694 0.526558 0.46829 0.504694 10
0.8906814409275 0.524569 0.466277 0.502707 0.526569 0.468277 0.504707 10
0.8895092958847 0.524578 0.466261 0.502718 0.526578 0.468261 0.504718 10
0.88833578955585 0.52459 0.466246 0.502732 0.52659 0.468246 0.504732 10
0.88716285934819 0.524601 0.466231 0.502745 0.526601 0.468231 0.504745 10
0.88599164015428 0.524611 0.466216 0.502757 0.526611 0.468216 0.504757 10
0.88482212804744 0.524622 0.466202 0.50277 0.526622 0.468202 0.50477 10
0.88365431911324 0.524634 0.466187 0.502783 0.526634 0.468187 0.504783 10
0.88248820944953 0.524645 0.466174 0.502797 0.526645 0.468174 0.504797 10
0.88132379516631 0.524657 0.466158 0.502808 0.526657 0.468158 0.504808 10
0.88016107238577 0.524666 0.466141 0.502819 0.526666 0.468141 0.504819 10
0.87900003724216 0.524678 0.466128 0.502833 0.526678 0.468128 0.504833 10
0.87784068588179 0.524689 0.466113 0.502844 0.526689 0.468113 0.504844 10
0.87668301446298 0.524701 0.466097 0.502858 0.526701 0.468097 0.504858 10
0.87552701915599 0.524712 0.466084 0.502869 0.526712 0.468084 0.504869 10
0.874372696143 0.524723 0.466069 0.502882 0.526723 0.468069 0.504882 10
0.87322004161803 0.524733 0.466053 0.502894 0.526733 0.468053 0.504894 10
0.87206905178694 0.524744 0.466038 0.502907 0.526744 0.468038 0.504907 10
0.87091972286734 0.524756 0.466023 0.502921 0.526756 0.468023 0.504921 10
0.86977205108854 0.524767 0.466008 0.502932 0.526767 0.468008 0.504932 10
0.86862603269158 0.524779 0.465992 0.502943 0.526779 0.467992 0.504943 10
0.86748166392906 0.52479 0.465977 0.502957 0.52679 0.467977 0.504957 10
0.86633894106523 0.524802 0.465962 0.502968 0.526802 0.467962 0.504968 10
0.86519786037582 0.524813 0.465947 0.50298 0.526813 0.467947 0.50498 10
0.86405841814809 0.524826 0.465931 0.502993 0.526826 0.467931 0.504993 10
0.86291940513267 0.524838 0.465916 0.503004 0.526838 0.467916 0.505004 10
0.8617790249579 0.524849 0.465899 0.503016 0.526849 0.467899 0.505016 10
0.8606402807669 0.524861 0.465884 0.503027 0.526861 0.467884 0.505027 10
0.85950316886941 0.524874 0.465868 0.503041 0.526874 0.467868 0.505041 10
0.85836768558649 0.524886 0.465851 0.503052 0.526886 0.467851 0.505052 10
0.85723382725053 0.524897 0.465836 0.503062 0.526897 0.467836 0.505062 10
0.85610159020517 0.52491 0.465821 0.503075 0.52691 0.467821 0.505075 10
0.85497097080526 0.524922 0.465804 0.503086 0.526922 0.467804 0.505086 10
0.85384196541684 0.524933 0.465786 0.503096 0.526933 0.467786 0.505096 10
0.85271457041708 0.524947 0.465771 0.503109 0.526947 0.467771 0.505109 10
0.85158878219422 0.524958 0.465756 0.503119 0.526958 0.467756 0.505119 10
0.85046459714756 0.52497 0.465739 0.503128 0.52697 0.467739 0.505128 10
0.84934201168739 0.524983 0.465723 0.50314 0.526983 0.467723 0.50514 10
0.84822102223497 0.524994 0.465706 0.503149 0.526994 0.467706 0.505149 10
0.84710162522247 0.525006 0.465691 0.503159 0.527006 0.467691 0.505159 10
0.84598381709294 0.525019 0.465676 0.50317 0.527019 0.467676 0.50517 10
0.84486759430024 0.525031 0.46566 0.50318 0.527031 0.46766 0.50518 10
0.84375295330906 0.525042 0.465643 0.503189 0.527042 0.467643 0.505189 10
0.84263989059481 0.525055 0.465628 0.503201 0.527055 0.467628 0.505201 10
0.84152840264361 0.525067 0.465613 0.50321 0.527067 0.467613 0.50521 10
0.84041848595225 0.525078 0.465598 0.50322 0.527078 0.467598 0.50522 10
0.83931013702816 0.525092 0.46558 0.50323 0.527092 0.46758 0.50523 10
0.83820335238933 0.525103 0.465565 0.503239 0.527103 0.467565 0.505239 10
0.83709600416894 0.525114 0.46555 0.503249 0.527114 0.46755 0.505249 10
0.83598813831035 0.525128 0.465535 0.503258 0.527128 0.467535 0.505258 10
0.8348818347968 0.525139 0.465519 0.503266 0.527139 0.467519 0.505266 10
0.83377709016597 0.525153 0.465504 0.503277 0.527153 0.467504 0.505277 10
0.83267390096599 0.525164 0.465489 0.503285 0.527164 0.467489 0.505285 10
0.83157226375543 0.525177 0.465474 0.503294 0.527177 0.467474 0.505294 10
0.83047217510322 0.525191 0.46546 0.503306 0.527191 0.46746 0.505306 10
0.82937363158864 0.525204 0.465445 0.503315 0.527204 0.467445 0.505315 10
0.82827662980127 0.525216 0.465428 0.503325 0.527216 0.467428 0.505325 10
0.82718116634095 0.525229 0.465414 0.503334 0.527229 0.467414 0.505334 10
0.82608723781772 0.525242 0.465401 0.503344 0.527242 0.467401 0.505344 10
0.82499484085185 0.525254 0.465386 0.503354 0.527254 0.467386 0.505354 10
0.82390397207369 0.525267 0.465371 0.503363 0.527267 0.467371 0.505363 10
0.82281462812376 0.52528 0.465355 0.503373 0.52728 0.467355 0.505373 10
0.8217268056526 0.525294 0.465342 0.503382 0.527294 0.467342 0.505382 10
0.8206405013208 0.525307 0.465327 0.503392 0.527307 0.467327 0.505392 10
0.81955571179894 0.52532 0.465311 0.503401 0.52732 0.467311 0.505401 10
0.81847243376754 0.525332 0.465296 0.503409 0.527332 0.467296 0.505409 10
0.81739066391705 0.525345 0.465283 0.503418 0.527345 0.467283 0.505418 10
0.81631039894779 0.525359 0.465269 0.503428 0.527359 0.467269 0.505428 10
0.81523163556993 0.525372 0.465256 0.503437 0.527372 0.467256 0.505437 10
0.81415437050341 0.525385 0.465243 0.503449 0.527385 0.467243 0.505449 10
0.81307860047799 0.525399 0.465229 0.50346 0.527399 0.467229 0.50546 10
0.81200270496937 0.525412 0.465214 0.503472 0.527412 0.467214 0.505472 10
0.81092571834226 0.525425 0.465199 0.503483 0.527425 0.467199 0.505483 10
0.80985022530642 0.525439 0.465182 0.503495 0.527439 0.467182 0.505495 10
0.80877622260875 0.525452 0.465166 0.503504 0.527452 0.467166 0.505504 10
0.80770370700584 0.525465 0.465149 0.503514 0.527465 0.467149 0.505514 10
0.80663267526386 0.525479 0.465134 0.503523 0.527479 0.467134 0.505523 10
0.80556312415859 0.525492 0.465119 0.503533 0.527492 0.467119 0.505533 10
0.80449505047533 0.525505 0.465104 0.503544 0.527505 0.467104 0.505544 10
0.80342845100893 0.525519 0.465086 0.503554 0.527519 0.467086 0.505554 10
0.80236332256368 0.525532 0.465069 0.503561 0.527532 0.467069 0.505561 10
0.80129966195332 0.525546 0.465054 0.503571 0.527546 0.467054 0.505571 10
0.80023746600101 0.525561 0.465039 0.50358 0.527561 0.467039 0.50558 10
0.79917675525922 0.525574 0.465023 0.503588 0.527574 0.467023 0.505588 10
0.79811745540754 0.525587 0.465006 0.503598 0.527587 0.467006 0.505598 10
0.79705963446412 0.525603 0.464991 0.503607 0.527603 0.466991 0.505607 10
0.79600326556231 0.525616 0.464974 0.503615 0.527616 0.466974 0.505615 10
0.79494834557413 0.525629 0.464959 0.503622 0.527629 0.466959 0.505622 10
0.79389487137841 0.525645 0.464943 0.503632 0.527645 0.466943 0.505632 10
0.79284283986316 0.525658 0.464928 0.50364 0.527658 0.466928 0.50564 10
0.79179224792552 0.525671 0.464911 0.503647 0.527671 0.466911 0.505647 10
0.79074309247171 0.525687 0.464896 0.503657 0.527687 0.466896 0.505657 10
0.78969537041702 0.5257 0.46488 0.503664 0.5277 0.46688 0.505664 10
0.78864907868576 0.525713 0.464865 0.503672 0.527713 0.466865 0.505672 10
0.78760421421124 0.525729 0.46485 0.50368 0.527729 0.46685 0.50568 10
0.78655689426304 0.525742 0.464835 0.503687 0.527742 0.466835 0.505687 10
0.78551068710495 0.525757 0.464821 0.503695 0.527757 0.466821 0.505695 10
0.78446590620772 0.525771 0.464804 0.503703 0.527771 0.466804 0.505703 10
0.78342254851955 0.525786 0.464791 0.50371 0.527786 0.466791 0.50571 10
0.78238061099752 0.525799 0.464775 0.503718 0.527799 0.466775 0.505718 10
0.78134009060757 0.525814 0.464762 0.503725 0.527814 0.466762 0.505725 10
0.78030098432449 0.525828 0.464749 0.503733 0.527828 0.466749 0.505733 10
0.77926328913186 0.525843 0.464734 0.503743 0.527843 0.466734 0.505743 10
0.77822700202203 0.525858 0.46472 0.503752 0.527858 0.46672 0.505752 10
0.77719211999606 0.525872 0.464705 0.503758 0.527872 0.466705 0.505758 10
0.77615864006373 0.525887 0.46469 0.503767 0.527887 0.46669 0.505767 10
0.7751265592435 0.525902 0.464674 0.503775 0.527902 0.466674 0.505775 10
0.77409587456246 0.525917 0.464661 0.503785 0.527917 0.466661 0.505785 10
0.77306658305628 0.525931 0.464644 0.503792 0.527931 0.466644 0.505792 10
0.77203868176924 0.525946 0.464631 0.5038 0.527946 0.466631 0.5058 10
0.77101216775414 0.525961 0.464615 0.503807 0.527961 0.466615 0.505807 10
0.7699870380723 0.525977 0.464602 0.503815 0.527977 0.466602 0.505815 10
0.76896328979354 0.525992 0.464587 0.503825 0.527992 0.466587 0.505825 10
0.76794091999608 0.526005 0.464571 0.50383 0.528005 0.466571 0.50583 10
0.76691992576661 0.52602 0.464558 0.503838 0.52802 0.466558 0.505838 10
0.76590030420018 0.526036 0.464543 0.503846 0.528036 0.466543 0.505846 10
0.7648820524002 0.526053 0.464531 0.503855 0.528053 0.466531 0.505855 10
0.76386516747842 0.526068 0.464518 0.503861 0.528068 0.466518 0.505861 10
0.76284912705285 0.526083 0.464503 0.50387 0.528083 0.466503 0.50587 10
0.76183077818167 0.526099 0.464489 0.503878 0.528099 0.466489 0.505878 10
0.76081379560129 0.526114 0.464476 0.503888 0.528114 0.466476 0.505888 10
0.75979817643636 0.526129 0.464463 0.503895 0.528129 0.466463 0.505895 10
0.75878391781975 0.526144 0.464449 0.503905 0.528144 0.466449 0.505905 10
0.75777101689254 0.52616 0.464434 0.503914 0.52816 0.466434 0.505914 10
0.756759470804 0.526175 0.464421 0.503924 0.528175 0.466421 0.505924 10
0.75574927671155 0.52619 0.464405 0.503933 0.52819 0.466405 0.505933 10
0.75474043178073 0.526205 0.46439 0.503943 0.528205 0.46639 0.505943 10
0.75373293318518 0.526221 0.464375 0.503951 0.528221 0.466375 0.505951 10
0.7527267781066 0.526236 0.46436 0.50396 0.528236 0.46636 0.50596 10
0.75172196373472 0.526251 0.464344 0.503968 0.528251 0.466344 0.505968 10
0.75071848726727 0.526267 0.464329 0.503973 0.528267 0.466329 0.505973 10
0.74971634590998 0.526282 0.464314 0.503979 0.528282 0.466314 0.505979 10
0.74871553687651 0.526297 0.464299 0.503985 0.528297 0.466299 0.505985 10
0.74771605738845 0.526314 0.464285 0.503992 0.528314 0.466285 0.505992 10
0.74671790467527 0.526329 0.464272 0.504 0.528329 0.466272 0.506 10
0.7457210759743 0.526347 0.464261 0.504008 0.528347 0.466261 0.506008 10
0.74472556853073 0.526362 0.464245 0.504015 0.528362 0.466245 0.506015 10
0.74373137959753 0.526377 0.46423 0.504023 0.528377 0.46623 0.506023 10
0.74273850643545 0.526394 0.464217 0.504029 0.528394 0.466217 0.506029 10
0.74174694631302 0.526411 0.464203 0.504038 0.528411 0.466203 0.506038 10
0.74075669650645 0.526427 0.464192 0.504042 0.528427 0.466192 0.506042 10
0.73976775429967 0.526444 0.464178 0.50405 0.528444 0.466178 0.50605 10
0.73878011698429 0.526461 0.464167 0.504059 0.528461 0.466167 0.506059 10
0.73778967333979 0.526478 0.464154 0.504069 0.528478 0.466154 0.506069 10
0.73680046191599 0.526493 0.464138 0.504076 0.528493 0.466138 0.506076 10
0.73581255517725 0.526511 0.464127 0.504082 0.528511 0.466127 0.506082 10
0.73482595042616 0.526528 0.464114 0.504092 0.528528 0.466114 0.506092 10
0.73384064497293 0.526545 0.4641 0.504099 0.528545 0.4661 0.506099 10
0.73285663613532 0.52656 0.464085 0.504107 0.52856 0.466085 0.506107 10
0.73187392123862 0.526577 0.46407 0.504115 0.528577 0.46607 0.506115 10
0.73089249761566 0.526595 0.464056 0.50412 0.528595 0.466056 0.50612 10
0.72991236260672 0.526612 0.464043 0.504126 0.528612 0.466043 0.506126 10
0.72893351355958 0.526629 0.46403 0.504132 0.528629 0.46603 0.506132 10
0.72795594782942 0.526646 0.464016 0.504137 0.528646 0.466016 0.506137 10
0.72697966277883 0.526663 0.464005 0.504141 0.528663 0.466005 0.506141 10
0.72600465577779 0.526682 0.463995 0.504147 0.528682 0.465995 0.506147 10
0.72503092420363 0.526698 0.463988 0.504181 0.528698 0.465988 0.506181 10
0.72405846544102 0.526717 0.463972 0.50416 0.528717 0.465972 0.50616 10
0.7230872768819 0.526736 0.463965 0.504168 0.528736 0.465965 0.506168 10
0.72211735592551 0.526753 0.463953 0.504176 0.528753 0.465953 0.506176 10
0.72114869997835 0.526772 0.46394 0.504185 0.528772 0.46594 0.506185 10
0.72018130645411 0.526789 0.463929 0.504191 0.528789 0.465929 0.506191 10
0.71921517277372 0.526808 0.463917 0.504198 0.528808 0.465917 0.506198 10
0.71825029636524 0.526827 0.463906 0.504204 0.528827 0.465906 0.506204 10
0.71728667466393 0.526846 0.463896 0.504208 0.528846 0.465896 0.506208 10
0.71632430511212 0.526865 0.463889 0.504216 0.528865 0.465889 0.506216 10
0.71536318515927 0.526884 0.463881 0.504223 0.528884 0.465881 0.506223 10
0.71440122817365 0.526904 0.463869 0.504233 0.528904 0.465869 0.506233 10
0.71343842765891 0.526921 0.463858 0.504239 0.528921 0.465858 0.506239 10
0.71247687688033 0.526942 0.463852 0.504246 0.528942 0.465852 0.506246 10
0.71151657329676 0.526961 0.463845 0.504252 0.528961 0.465845 0.506252 10
0.71055751437406 0.52698 0.463837 0.50426 0.52898 0.465837 0.50626 10
0.70959969758509 0.526997 0.463829 0.504267 0.528997 0.465829 0.506267 10
0.70864312040972 0.527016 0.463824 0.504275 0.529016 0.465824 0.506275 10
0.70768778033476 0.527035 0.463818 0.504284 0.529035 0.465818 0.506284 10
0.70673367485397 0.527052 0.46381 0.504292 0.529052 0.46581 0.506292 10
0.705780801468 0.527071 0.463807 0.504301 0.529071 0.465807 0.506301 10
0.70482915768441 0.527089 0.463801 0.504311 0.529089 0.465801 0.506311 10
0.70387874101761 0.527106 0.463795 0.504321 0.529106 0.465795 0.506321 10
0.70292954898885 0.527123 0.463791 0.50433 0.529123 0.465791 0.50633 10
0.7019815791262 0.52714 0.463787 0.50434 0.52914 0.465787 0.50634 10
0.70103482896451 0.527155 0.463782 0.504351 0.529155 0.465782 0.506351 10
0.70008929604541 0.527172 0.463778 0.504363 0.529172 0.465778 0.506363 10
0.69914498683684 0.527188 0.463776 0.504372 0.529188 0.465776 0.506372 10
0.69820187213429 0.527203 0.46377 0.504383 0.529203 0.46577 0.506383 10
0.69725997626094 0.527218 0.463767 0.504397 0.529218 0.465767 0.506397 10
0.69631928786299 0.527232 0.463763 0.504408 0.529232 0.465763 0.506408 10
0.69537980451646 0.527247 0.463759 0.504422 0.529247 0.465759 0.506422 10
0.69444152380309 0.52726 0.463755 0.504437 0.52926 0.465755 0.506437 10
0.69350444331122 0.527274 0.463749 0.504452 0.529274 0.465749 0.506452 10
0.69256856063579 0.527287 0.463746 0.504467 0.529287 0.465746 0.506467 10
0.69163387337829 0.527298 0.463738 0.504483 0.529298 0.465738 0.506483 10
0.69069756903507 0.527312 0.46373 0.5045 0.529312 0.46573 0.5065 10
0.68976110314229 0.527323 0.463723 0.504517 0.529323 0.465723 0.506517 10
0.68882583311989 0.527335 0.463713 0.504532 0.529335 0.465713 0.506532 10
0.68789175657726 0.527346 0.463705 0.504548 0.529346 0.465705 0.506548 10
0.68695887113027 0.527356 0.463692 0.504565 0.529356 0.465692 0.506565 10
0.68602717440128 0.527367 0.463683 0.50458 0.529367 0.465683 0.50658 10
0.68509666401909 0.527377 0.463671 0.504595 0.529377 0.465671 0.506595 10
0.68416733761897 0.527388 0.463662 0.50461 0.529388 0.465662 0.50661 10
0.68323919284256 0.527398 0.463648 0.504628 0.529398 0.465648 0.506628 10
0.68231222733794 0.527407 0.463633 0.504643 0.529407 0.465633 0.506643 10
0.68138643875952 0.527419 0.463622 0.504658 0.529419 0.465622 0.506658 10
0.68046182476809 0.527428 0.463608 0.504673 0.529428 0.465608 0.506673 10
0.67953838303073 0.527438 0.463593 0.504687 0.529438 0.465593 0.506687 10
0.67861611122085 0.527447 0.463578 0.504702 0.529447 0.465578 0.506702 10
0.67769500701815 0.527457 0.463562 0.504715 0.529457 0.465562 0.506715 10
0.67677506810857 0.527466 0.463545 0.504731 0.529466 0.465545 0.506731 10
0.6758562921843 0.527478 0.463532 0.504744 0.529478 0.465532 0.506744 10
0.67493867694374 0.527487 0.463513 0.504757 0.529487 0.465513 0.506757 10
