M200(Msun), Mstar_low(Msun, Mstar_high(Msun)
100.000000 0.000000 0.000000
103.279473 0.000000 0.000000
106.666496 0.000000 0.000000
110.164595 0.000000 0.000000
113.777413 0.000000 0.000000
117.508713 0.000000 0.000000
121.362380 0.000000 0.000000
125.342427 0.000000 0.000000
129.452998 0.000000 0.000000
133.698374 0.000000 0.000000
138.082977 0.000000 0.000000
142.611371 0.000000 0.000000
147.288272 0.000000 0.000000
152.118552 0.000000 0.000000
157.107239 0.000000 0.000000
162.259529 0.000000 0.000000
167.580786 0.000000 0.000000
173.076553 0.000000 0.000000
178.752553 0.000000 0.000000
184.614695 0.000000 0.000000
190.669084 0.000000 0.000000
196.922026 0.000000 0.000000
203.380031 0.000000 0.000000
210.049824 0.000000 0.000000
216.938352 0.000000 0.000000
224.052787 0.000000 0.000000
231.400538 0.000000 0.000000
238.989257 0.000000 0.000000
246.826845 0.000000 0.000000
254.921465 0.000000 0.000000
263.281547 0.000000 0.000000
271.915794 0.000000 0.000000
280.833200 0.000000 0.000000
290.043049 0.000000 0.000000
299.554933 0.000000 0.000000
309.378757 0.000000 0.000000
319.524751 0.000000 0.000000
330.003479 0.000000 0.000000
340.825855 0.000000 0.000000
352.003147 0.000000 0.000000
363.546996 0.000000 0.000000
375.469422 0.000000 0.000000
387.782841 0.000000 0.000000
400.500076 0.000000 0.000000
413.634368 0.000000 0.000000
427.199397 0.000000 0.000000
441.209286 0.000000 0.000000
455.678627 0.000000 0.000000
470.622485 0.000000 0.000000
486.056423 0.000000 0.000000
501.996513 0.000000 0.000000
518.459354 0.000000 0.000000
535.462090 0.000000 0.000000
553.022426 0.000000 0.000000
571.158648 0.000000 0.000000
589.889643 0.000000 0.000000
609.234915 0.000000 0.000000
629.214611 0.000000 0.000000
649.849535 0.000000 0.000000
671.161177 0.000000 0.000000
693.171728 0.000000 0.000000
715.904109 0.000000 0.000000
739.381992 0.000000 0.000000
763.629826 0.000000 0.000000
788.672862 0.000000 0.000000
814.537177 0.000000 0.000000
841.249705 0.000000 0.000000
868.838264 0.000000 0.000000
897.331581 0.000000 0.000000
926.759330 0.000000 0.000000
957.152154 0.000000 0.000000
988.541702 0.000000 0.000000
1020.960662 0.000000 0.000000
1054.442794 0.000000 0.000000
1089.022962 0.000000 0.000000
1124.737178 0.000000 0.000000
1161.622633 0.000000 0.000000
1199.717735 0.000000 0.000000
1239.062157 0.000000 0.000000
1279.696868 0.000000 0.000000
1321.664184 0.000000 0.000000
1365.007807 0.000000 0.000000
1409.772872 0.000000 0.000000
1456.005995 0.000000 0.000000
1503.755321 0.000000 0.000000
1553.070574 0.000000 0.000000
1604.003107 0.000000 0.000000
1656.605959 0.000000 0.000000
1710.933907 0.000000 0.000000
1767.043526 0.000000 0.000000
1824.993245 0.000000 0.000000
1884.843409 0.000000 0.000000
1946.656343 0.000000 0.000000
2010.496416 0.000000 0.000000
2076.430107 0.000000 0.000000
2144.526076 0.000000 0.000000
2214.855234 0.000000 0.000000
2287.490817 0.000000 0.000000
2362.508465 0.000000 0.000000
2439.986297 0.000000 0.000000
2520.004994 0.000000 0.000000
2602.647882 0.000000 0.000000
2688.001022 0.000000 0.000000
2776.153294 0.000000 0.000000
2867.196497 0.000000 0.000000
2961.225438 0.000000 0.000000
3058.338032 0.000000 0.000000
3158.635408 0.000000 0.000000
3262.222010 0.000000 0.000000
3369.205706 0.000000 0.000000
3479.697904 0.000000 0.000000
3593.813664 0.000000 0.000000
3711.671819 0.000000 0.000000
3833.395102 0.000000 0.000000
3959.110266 0.000000 0.000000
4088.948226 0.000000 0.000000
4223.044187 0.000000 0.000000
4361.537789 0.000000 0.000000
4504.573252 0.000000 0.000000
4652.299524 0.000000 0.000000
4804.870440 0.000000 0.000000
4962.444878 0.000000 0.000000
5125.186927 0.000000 0.000000
5293.266058 0.000000 0.000000
5466.857300 0.000000 0.000000
5646.141419 0.000000 0.000000
5831.305114 0.000000 0.000000
6022.541201 0.000000 0.000000
6220.048826 0.000000 0.000000
6424.033659 0.000000 0.000000
6634.708121 0.000000 0.000000
6852.291595 0.000000 0.000000
7077.010661 0.000000 0.000000
7309.099329 0.000000 0.000000
7548.799282 0.000000 0.000000
7796.360130 0.000000 0.000000
8052.039671 0.000000 0.000000
8316.104153 0.000000 0.000000
8588.828560 0.000000 0.000000
8870.496890 0.000000 0.000000
9161.402457 0.000000 0.000000
9461.848195 0.000000 0.000000
9772.146970 0.000000 0.000000
10092.621910 0.000000 0.000000
10423.606740 0.000000 0.000000
10765.446128 0.000000 0.000000
11118.496048 0.000000 0.000000
11483.124145 0.000000 0.000000
11859.710123 0.000000 0.000000
12248.646138 0.000000 0.000000
12650.337204 0.000000 0.000000
13065.201621 0.000000 0.000000
13493.671406 0.000000 0.000000
13936.192742 0.000000 0.000000
14393.226447 0.000000 0.000000
14865.248450 0.000000 0.000000
15352.750288 0.000000 0.000000
15856.239618 0.000000 0.000000
16376.240745 0.000000 0.000000
16913.295170 0.000000 0.000000
17467.962151 0.000000 0.000000
18040.819287 0.000000 0.000000
18632.463119 0.000000 0.000000
19243.509752 0.000000 0.000000
19874.595496 0.000000 0.000000
20526.377527 0.000000 0.000000
21199.534575 0.000000 0.000000
21894.767629 0.000000 0.000000
22612.800663 0.000000 0.000000
23354.381399 0.000000 0.000000
24120.282076 0.000000 0.000000
24911.300261 0.000000 0.000000
25728.259674 0.000000 0.000000
26572.011053 0.000000 0.000000
27443.433032 0.000000 0.000000
28343.433062 0.000000 0.000000
29272.948350 0.000000 0.000000
30232.946844 0.000000 0.000000
31224.428231 0.000000 0.000000
32248.424984 0.000000 0.000000
33306.003436 0.000000 0.000000
34398.264890 0.000000 0.000000
35526.346766 0.000000 0.000000
36691.423784 0.000000 0.000000
37894.709191 0.000000 0.000000
39137.456020 0.000000 0.000000
40420.958398 0.000000 0.000000
41746.552893 0.000000 0.000000
43115.619903 0.000000 0.000000
44529.585099 0.000000 0.000000
45989.920905 0.000000 0.000000
47498.148032 0.000000 0.000000
49055.837064 0.000000 0.000000
50664.610089 0.000000 0.000000
52326.142395 0.000000 0.000000
54042.164207 0.000000 0.000000
55814.462495 0.000000 0.000000
57644.882829 0.000000 0.000000
59535.331308 0.000000 0.000000
61487.776538 0.000000 0.000000
63504.251686 0.000000 0.000000
65586.856596 0.000000 0.000000
67737.759975 0.000000 0.000000
69959.201654 0.000000 0.000000
72253.494918 0.000000 0.000000
74623.028914 0.000000 0.000000
77070.271142 0.000000 0.000000
79597.770023 0.000000 0.000000
82208.157552 0.000000 0.000000
84904.152041 0.000000 0.000000
87688.560946 0.000000 0.000000
90564.283794 0.000000 0.000000
93534.315203 0.000000 0.000000
96601.747995 0.000000 0.000000
99769.776424 0.000000 0.000000
103041.699495 0.000000 0.000000
106420.924406 0.000000 0.000000
109910.970093 0.000000 0.000000
113515.470892 0.000000 0.000000
117238.180329 0.000000 0.000000
121082.975023 0.000000 0.000000
125053.858729 0.000000 0.000000
129154.966501 0.000000 0.000000
133390.569004 0.000000 0.000000
137765.076955 0.000000 0.000000
142283.045721 0.000000 0.000000
146949.180062 0.000000 0.000000
151768.339028 0.000000 0.000000
156745.541021 0.000000 0.000000
161885.969018 0.000000 0.000000
167194.975973 0.000000 0.000000
172678.090388 0.000000 0.000000
178341.022071 0.000000 0.000000
184189.668080 0.000000 0.000000
190230.118867 0.000000 0.000000
196468.664618 0.000000 0.000000
202911.801805 0.000000 0.000000
209566.239948 0.000000 0.000000
216438.908606 0.000000 0.000000
223536.964591 0.000000 0.000000
230867.799419 0.000000 0.000000
238439.047009 0.000000 0.000000
246258.591635 0.000000 0.000000
254334.576130 0.000000 0.000000
262675.410372 0.000000 0.000000
271289.780037 0.000000 0.000000
280186.655646 0.000000 0.000000
289375.301905 0.000000 0.000000
298865.287355 0.000000 0.000000
308666.494334 0.000000 0.000000
318789.129268 0.000000 0.000000
329243.733301 0.000000 0.000000
340041.193270 0.000000 0.000000
351192.753045 0.000000 0.000000
362710.025233 0.000000 0.000000
374605.003275 0.000000 0.000000
386890.073933 0.000000 0.000000
399578.030190 0.000000 0.000000
412682.084570 0.000000 0.000000
426215.882902 0.000000 0.000000
440193.518521 0.000000 0.000000
454629.546953 0.000000 0.000000
469539.001068 0.000000 0.000000
484937.406734 0.000000 0.000000
500840.798985 0.000000 0.000000
517265.738722 0.000000 0.000000
534229.329954 0.000000 0.000000
551749.237613 0.000000 0.000000
569843.705947 0.000000 0.000000
588531.577519 0.000000 0.000000
607832.312830 0.000000 0.000000
627766.010581 0.000000 0.000000
648353.428605 0.000000 0.000000
669616.005485 0.000000 0.000000
691575.882874 0.000000 0.000000
714255.928554 0.000000 0.000000
737679.760253 0.000000 0.000000
761871.770232 0.000000 0.000000
786857.150694 0.000000 0.000000
812661.920009 0.000000 0.000000
839312.949817 0.000000 0.000000
866837.993002 0.000000 0.000000
895265.712600 0.000000 0.000000
924625.711641 0.000000 0.000000
954948.563979 0.000000 0.000000
986265.846131 0.000000 0.000000
1018610.170156 0.000000 0.000000
1052015.217616 0.000000 0.000000
1086515.774653 0.000000 0.000000
1122147.768208 0.000000 0.000000
1158948.303440 0.000000 0.000000
1196955.702359 0.000000 0.000000
1236209.543737 0.000000 0.000000
1276750.704319 0.000000 0.000000
1318621.401395 0.000000 0.000000
1361865.236756 0.000000 0.000000
1406527.242105 0.000000 0.000000
1452653.925947 0.000000 0.000000
1500293.322019 0.000000 0.000000
1549495.039315 0.000000 0.000000
1600310.313739 0.000000 0.000000
1652792.061465 0.000000 0.000000
1706994.934038 0.000000 0.000000
1762975.375287 0.000000 0.000000
1820791.680099 0.000000 0.000000
1880504.055129 0.000000 0.000000
1942174.681489 0.000000 0.000000
2005867.779508 0.000000 0.000000
2071649.675602 0.000000 0.000000
2139588.871343 0.000000 103.819133
2209756.114796 0.000000 109.028559
2282224.474187 0.000000 114.485120
2357069.413997 0.000000 120.226598
2434368.873543 0.000000 126.246657
2514203.348143 0.000000 132.574522
2596655.972935 0.000000 139.216247
2681812.609453 0.000000 146.190382
2769761.935037 0.000000 153.517943
2860595.535176 0.000000 161.204347
2954407.998880 0.000000 169.288534
3051297.017183 0.000000 177.759945
3151363.484866 0.000000 186.678852
3254711.605532 0.000000 196.015432
3361449.000109 0.000000 205.855211
3471686.818927 0.000000 216.145310
3585539.857460 0.000000 227.000998
3703126.675870 100.764031 238.341987
3824569.722467 107.122834 250.318426
3949995.461221 112.501157 262.817617
4079534.503452 118.129133 276.030463
4213321.743847 124.056800 289.806125
4351496.500925 130.266077 304.382963
4494202.662119 136.799193 319.567596
4641588.833613 143.649792 335.647015
4793808.495089 150.850197 352.399925
4951020.159556 158.408334 370.121530
5113387.538414 166.344181 388.604610
5281079.711934 174.682908 408.136099
5454271.305330 183.429310 428.527946
5633142.670601 192.629219 450.054134
5817880.074345 202.268962 472.551771
6008675.891720 212.418962 496.276346
6205728.806777 223.043287 521.097120
6409244.019356 234.241465 547.244563
6619433.458774 245.950930 574.628242
6836516.004510 258.305494 603.445955
7060717.714138 271.210930 633.657037
7292272.058728 284.841258 665.417676
7531420.165974 299.064811 698.747941
7778411.071286 314.102601 733.751999
8033501.977125 329.778895 770.523317
8296958.520835 346.369435 809.101963
8569055.051268 363.652134 849.669397
8850074.914473 381.950416 892.187605
9140310.748756 401.018551 936.942832
9440064.789418 421.185891 983.802834
9749649.183484 442.223854 1033.177914
10069386.314760 464.451157 1084.822999
10399609.139541 487.662376 1139.294538
10740661.533334 512.160047 1196.213242
11092898.648952 537.768952 1256.306982
11456687.286349 564.768886 1319.037706
11832406.274584 593.023078 1385.333580
12220446.866315 622.780856 1454.469677
12621213.145225 653.953496 1527.607393
13035122.446815 686.750804 1603.802773
13462605.792989 721.143256 1684.487972
13904108.340901 757.290549 1768.538509
14360089.846513 795.235287 1857.474318
14831025.143361 835.074730 1950.202173
15317404.637021 876.938551 2048.219182
15819734.815786 920.847258 2150.519556
16338538.778099 967.034822 2258.544814
16874356.777274 1015.428425 2371.405179
17427746.784089 1066.386165 2490.460337
17999285.067825 1119.722749 2614.969932
18589566.796357 1175.943182 2746.180894
19199206.655933 1234.727618 2883.541198
19828839.491271 1296.754103 3028.148747
20479120.966651 1361.542832 3179.685032
21150728.248688 1429.974813 3339.056551
21844360.711494 1501.381110 3506.230613
22560740.664969 1576.879911 3681.872989
23300614.106969 1655.579691 3866.297198
24064751.500154 1738.874895 4059.871045
24853948.574298 1825.645955 4263.323823
25669027.154920 1917.509612 4476.659154
26510836.019085 2013.245650 4701.102056
27380251.779279 2114.493081 4936.215549
28278179.796253 2220.120092 5183.812079
29205555.121827 2331.709838 5442.926105
30163343.472592 2448.249448 5716.062476
31152542.235555 2571.237964 6001.626054
32174181.506764 2699.817303 6302.934070
33229325.163990 2835.368966 6617.645963
34319071.974590 2977.231560 6950.028242
35444556.739704 3126.629690 7296.862403
36606951.475969 3283.147484 7663.520186
37807466.635993 3447.806500 8045.753787
39047352.368856 3620.493117 8450.217594
40327899.821937 3801.971927 8871.513042
41650442.485452 3992.497301 9317.625329
43016357.581068 4192.514067 9782.374394
44427067.496069 4402.720582 10274.016695
45884041.264548 4623.168990 10786.695488
47388796.097177 4855.089292 11328.511967
48942898.961145 5098.056484 11894.056812
50547968.211912 5353.933129 12491.164926
52205675.278470 5621.719472 13115.019540
53917746.403875 5904.026605 13773.058208
55685964.442864 6199.167476 14461.225701
57512170.718416 6510.634750 15186.408357
59398266.939204 6835.924549 15945.508529
61346217.179925 7179.563512 16744.681562
63358049.926583 7538.082134 17582.014049
65435860.188832 7917.215348 18462.721174
67581811.681611 8312.357353 19386.335015
69798139.078307 8730.650519 20356.888172
72087150.337821 9166.409224 21375.658466
74451229.107951 9627.654687 22445.215901
76892837.207583 10108.446130 23568.928248
79414517.190293 10616.813473 24747.580512
82018894.992022 11147.290982 25987.024043
84708682.665574 11707.594673 27285.888698
87486681.204799 12292.892442 28652.958540
90355783.461389 12910.438924 30084.284455
93318977.157332 13556.221725 31592.094584
96379347.996158 14236.859710 33169.376778
99540082.876215 14949.377739 34832.384310
102804473.209331 15699.553641 36570.490413
106175918.348300 16485.703046 38404.632463
109657929.126781 17312.522081 40319.941952
113254131.515281 18179.911746 42342.786326
116968270.397039 19091.205289 44453.343826
120804213.467733 20048.230541 46684.254919
124765955.263087 21052.630365 49009.938978
128857621.318552 22108.554295 51470.260393
133083472.465408 23215.574415 54032.969275
137447909.267754 24380.617633 56746.224821
141955476.605010 25600.744515 59571.922254
146610868.404698 26886.184188 62562.195912
151418932.530435 28230.976199 65678.376492
156384675.830225 29649.255350 68973.315508
161513269.350309 31131.452378 72409.741176
166810053.720006 32696.300506 76040.335107
172280544.713139 34329.944807 79829.801021
177930438.991858 36056.511009 83830.183058
183765620.038817 37857.080421 88008.824079
189792164.283910 39762.080303 92416.588518
196016347.431918 41746.639460 97024.216226
202444650.997680 43848.512924 101880.767763
209083769.055575 46038.291714 106961.240959
215940615.210357 48354.965352 112312.178960
223022329.796594 50771.190641 117913.810904
230336287.314213 53324.622001 123809.352098
237890104.107889 55990.717688 129985.358019
245691646.298279 58805.109992 136480.801400
253749037.973357 61746.924695 143289.790142
262070669.648386 64848.956704 150446.028245
270665207.003324 68095.015098 157952.542251
279541599.906787 71514.094541 165836.623336
288709091.735923 75095.874817 174111.731572
298177229.001967 78864.417796 182797.477700
307955871.291423 82816.657954 191919.426509
318055201.533291 86970.397012 201488.112977
328485736.603005 91331.433008 211543.040292
339258338.274099 95909.756787 222084.142369
350384224.529068 100721.895863 233166.861197
361874981.241128 105768.223617 244778.874721
373742574.239106 111078.156483 256993.732291
385999361.767978 116640.351019 269785.075240
398658107.358044 122499.606959 283246.894771
411731993.116168 128630.429982 297336.897614
425234633.452869 135095.879375 312172.010203
439180089.259608 141853.493575 327692.003550
453582882.551020 148987.902807 344039.378311
468458011.587305 156436.425531 361133.887147
483820966.492596 164309.069776 379146.368361
499687745.385489 172519.183592 397974.423001
516074871.038590 181206.523556 417820.083697
532999408.084410 190257.528829 438556.658512
550478980.785497 199842.578913 460420.280638
568531791.387375 209830.938841 483257.872559
587176639.073326 220396.290195 507342.564601
606432939.540805 231419.193130 532492.924498
626320745.219871 243065.182147 559021.888176
646860766.154632 255229.914440 586717.919317
668074391.569561 268067.160448 615936.377764
689983712.143003 281492.159404 646434.216790
712611543.011173 295642.620759 678611.517382
735981447.526579 310458.638038 712192.814537
760117761.795532 326056.777058 747624.720339
785045620.020451 342408.164218 784599.137082
810790980.673169 359602.232240 823610.321625
837380653.526647 377648.361371 864318.265222
864842327.573174 396601.816389 907265.026051
893204599.858096 416518.650178 952080.642337
922497005.259217 437411.720840 999353.849436
952750047.242730 459393.547970 1048688.296565
983995229.627821 482424.959122 1100716.592353
1016265089.392997 506686.312616 1155021.620108
1049593230.558227 532075.189220 1212274.888154
1084014359.178331 558852.967247 1272046.749203
1119564319.483879 586840.935232 1335039.869095
1156280131.207373 616396.746033 1400823.590478
1194200028.133535 647250.250621 1470120.496377
1233363497.913775 679873.005550 1542514.541432
1273811323.186478 713885.869742 1618732.601634
1315585624.045705 749894.651067 1698393.954574
1358729901.902706 787419.180386 1782208.688832
1403289084.785876 827138.132401 1869858.396193
1449309574.126215 868561.851205 1962008.546579
1496839293.077255 912350.069904 2058437.751735
1545927736.419478 958079.416455 2159730.721202
1596626022.101422 1006354.577707 2265807.230112
1648986944.471068 1056838.577530 2377124.900701
1703065029.252843 1110061.358634 2493800.318888
1758916590.327733 1165796.124608 2616105.258368
1816599788.375329 1224474.653349 2744422.740848
1876174691.439116 1286008.367613 2878764.802404
1937703337.477993 1350703.135286 3019867.459737
2001249798.969035 1418641.565622 3167390.773881
2066880249.629082 1489970.852997 3322530.778694
2134663033.324245 1564983.462216 3484481.129540
2204668735.239403 1643629.332713 3655029.568592
2276970255.381685 1726456.046226 3832762.137746
2351642884.494346 1813170.966414 4020219.654779
2428764382.460451 1904629.670529 4215207.104926
2508415059.277541 2000243.824557 4421215.378988
2590677858.688001 2101238.676316 4635384.951616
2675638444.552051 2206668.048139 4861410.337802
2763385290.053167 2318198.686751 5096720.709980
2854009769.829237 2434458.502090 5344499.279247
2947606255.124859 2557625.752319 5602987.047303
3044272212.064293 2686034.767204 5874501.113846
3144108303.147271 2821857.550684 6158390.371227
3247218492.073125 2963693.437609 6455782.964812
3353710152.002929 3113476.866874 6767501.019725
3463694177.371734 3270153.032601 7093085.142526
3577285099.367862 3435337.605236 7435279.266296
3694601205.199310 3608417.838525 7791546.879558
3815764661.271245 3790593.613344 8167102.094755
3940901640.403448 3981808.350783 8557352.660308
4070142453.219439 4182730.630204 8968790.504570
4203621683.844701 4393995.024896 9396943.261379
4341478330.055101 4615601.707099 9846637.029916
4483855948.021182 4849035.707004 10316236.164266
4630902801.799737 5093466.489826 10807433.060883
4782772017.727486 5351417.157386 11322330.055839
4939621743.878305 5621034.796356 11858495.440484
5101615314.749845 5906101.128957 12422871.309139
5268921421.350666 6203514.974814 13009071.971718
5441714286.865888 6518575.517195 13626079.929462
5620173848.083188 6847205.471101 14268325.113501
5804485942.768960 7194911.159055 14940773.097495
5994842503.189421 7558213.210684 15644147.276418
6191441755.977835 7941824.927290 16376385.214641
6394488428.556936 8343499.556946 17146385.174556
6604193962.330305 8766749.844068 17945816.181088
6820776732.865664 9210899.517527 18785542.146352
7044462277.299051 9677913.025040 19660209.644137
7275483529.196218 10169087.011104 20572786.326397
7514081061.116962 10684422.363483 21529302.755230
7760503335.133571 11227666.732066 22522002.317507
8015006961.565380 11796362.975143 23565423.619541
8277856966.198489 12397276.403307 24650305.881935
8549327066.268367 13024904.549886 25781572.330954
8829699955.494083 13689700.643465 26966513.829666
9119267598.459299 14383604.121601 28195757.866545
9418331534.647961 15117997.827595 29484815.089930
9727203192.450558 15885955.313122 30826393.404956
10046204213.468111 16696641.492978 32220003.112992
10375666787.451849 17546693.487564 33683180.685983
10715933998.226711 18441678.037546 35200335.640027
11067360180.959745 19382760.518369 36782014.161021
11430311291.144810 20370902.680251 38435158.636795
11805165285.688032 21412950.428109 40148692.361718
12192312516.491095 22504055.904549 41939050.867779
12592156136.941509 23658118.315431 43804277.190876
13005112521.734098 24863524.759753 45736921.515141
13431611700.460180 26141413.864537 47757641.586227
13872097805.416182 27477049.583700 49859005.529177
14327029534.098295 28888542.484407 52035453.004107
14796880626.863962 30368801.451290 54308958.534507
15282140360.258709 31928057.525382 56672448.290369
15783314056.521196 33568976.955098 59119331.090812
16300923609.797379 35291687.476793 61668297.115262
16835508029.612007 37111143.644876 64321757.677339
17387624002.162506 39014702.569354 67067553.937319
17957846470.020969 41032631.213894 69914201.759201
18546769230.847012 43142682.384581 72887167.322667
19155005555.735241 45374970.375005 75962008.568573
19783188827.841621 47716693.670379 79141584.497357
20431973201.952705 50184385.580465 82450525.607746
21102034285.685966 52783975.625835 85885871.528914
21794069843.029583 55512348.581570 89436184.566372
22508800520.954571 58399081.984792 93104535.251165
23246970599.856457 61419908.909798 96921310.397938
24009348768.606518 64622817.221835 100875028.815036
24796728925.021603 67979884.253353 104973996.620500
25609931002.584621 71522986.616414 109266664.455342
26449801824.277145 75255022.663210 113847478.105198
27317215984.413734 79175241.408571 118670475.925661
28213076759.394707 83325639.995703 123604198.372623
29138317048.327885 87673428.856264 128673908.925722
30093900344.497242 92281443.641646 133959544.340043
31080821738.690575 97121002.196731 139477881.598963
32100108955.431683 102222687.731757 145265470.860052
33152823423.194233 107572622.715669 151276279.176723
34240061379.714256 113155024.464458 157571789.951451
35362955013.550461 119019547.820483 164166361.468960
36522673643.081680 125002884.398379 171131634.479364
37720424934.169937 131193063.455963 178638492.396985
38957456157.755013 137563378.927459 186787802.543866
40235055488.692932 144252304.352948 195194324.714454
41554553347.188797 151180148.607247 204008088.580264
42917323784.221489 158474057.098061 213302828.578195
44324785912.403915 166128703.231287 223163967.169394
45778405383.766167 174373460.669662 233863136.186751
47279695916.003906 183308530.465506 244785567.425879
48830220868.778847 192784979.776497 256024476.721966
50431594871.713486 202636497.055835 267594784.203764
52085485505.776550 213129464.664719 279528986.666815
53793615039.806976 224315425.309053 292107221.394821
55557762223.988777 236312710.317005 305311902.641227
57379764142.141396 248643658.836081 319422077.769104
59261518124.755646 261296069.152339 334914366.717710
61204983724.766907 274444574.124985 352232968.970108
63212184758.124481 288071337.395191 372157542.851065
65285211411.278473 302582053.383904 393177329.813527
67426222417.783493 318057327.971295 415010216.876584
69637447306.282364 335319900.611119 437911648.262353
71921188722.211777 354992203.048704 462223200.460213
74279824825.649109 377504200.783284 487288327.898998
76715811767.793030 401034650.199483 513010680.335427
79231686248.662613 425482727.311287 539567514.380450
81830068158.674057 451200724.305884 567013487.009699
84513663306.847046 478007659.333441 595713893.795041
87285266238.483704 505543410.104819 625434915.132269
90147763145.249176 533906554.900069 656885580.791704
93104134870.690842 563487284.591616 690019386.970566
96157460014.321152 594325300.112896 726126791.414496
99310918137.497803 626438459.249169 764180578.506537
102567793074.442078 660564877.904112 804238399.072550
105931476351.837006 696941159.298984 846814515.736375
109405470720.574356 736234021.586375 892550134.685726
112993393803.322403 777892074.333791 943895129.148171
116698981861.714508 821720706.859767 1004443829.836785
120526093687.084137 868364117.017843 1075009332.406045
124478714618.790619 919188888.064947 1147611687.962851
128560960694.329651 977031513.996708 1223894970.646919
132777082935.543182 1045484352.669089 1306518167.207761
137131471775.394272 1117970089.971128 1395514630.461663
141628661629.919739 1192597451.615562 1491147438.978540
146273335620.112976 1272796848.288491 1590275008.237739
151070330448.665558 1359494305.826806 1694169726.537035
156024641436.637115 1452966649.769419 1807081995.488200
161141427725.301666 1550944231.232709 1932142750.198547
166426017648.590179 1652431046.468929 2074467018.578095
171883914281.714569 1761364878.643258 2227360078.336593
177520801171.763611 1881478055.335445 2388109043.898216
183342548256.229248 2016788590.287710 2557027074.219666
189355217975.629150 2166878235.898714 2736796477.313083
195565071586.594696 2324543732.543788 2931162947.628347
201978575681.987823 2490100211.883460 3139216122.465310
208602408924.850494 2665169995.059504 3361583457.454883
215443469003.188660 2853536334.977598 3594807563.216562
222508879812.836487 3057073023.115356 3844224312.339232
229805998875.884888 3274580546.040324 4119626930.298370
237342425002.386627 3503635150.945476 4416175250.392019
245126006203.333984 3745753758.772378 4729450584.879763
253164847863.135803 4010635311.895359 5049137537.978771
261467321180.108673 4300075911.206431 5375072697.187399
270042071883.776978 4608084865.040945 5709147336.997994
278898029238.043945 4925963852.660186 6059649809.973588
288044415339.629761 5249472238.829694 6439602822.502148
297490754721.444336 5580578501.890838 6845805588.284325
307246884270.899719 5923347281.116959 7271478789.952857
317322963473.497314 6291961499.547952 7710090956.156374
327729484992.338196 6690429890.689924 8157540990.808853
338477285594.598328 7108835603.055440 8623315379.423910
349577557436.327881 7543870551.690022 9117988178.579611
361041859717.333008 7987355644.228288 9639522805.063446
372882130718.282959 8445622339.254206 10180256943.523918
385110700232.556885 8930092903.080416 10739577169.737242
397740302405.803650 9442382808.945910 11320695767.227951
410784088996.565125 9976003462.329882 11914773343.225578
424255643071.776855 10530612110.056274 12511194668.370464
438168993151.418579 11102406340.063478 13111934805.031433
452538627817.016663 11694844051.554636 13730356366.715414
467379510799.246338 12291462751.188072 14370097078.787668
482707096560.318787 12890033032.671879 15030946421.829803
498537346387.388367 13500856734.257875 15700584689.606256
514886745013.748718 14135201862.735544 16383458024.662521
531772317785.096680 14788075423.033905 17072370030.784081
549211648388.778931 15456945539.978184 17764334624.007488
567222897164.454956 16136520159.795910 18461948713.725990
585824820015.254761 16822569841.158884 19172373499.621506
605036787939.121216 17515139350.207108 19903072870.657486
624878807200.688843 18212627093.648945 20650380877.064846
645371540164.670166 18920015318.797607 21404661088.626625
666536326812.492065 19642609172.778858 22164112345.992729
688395206964.551025 20383810105.402046 22930342288.345856
710970943231.242432 21136604883.859226 23706010014.616199
734287044716.675781 21895790588.985924 24493868026.052860
758367791499.719116 22661034308.430588 25296491914.960701
783238259917.920410 23434491925.394608 26113497434.204102
808924348680.595459 24219246159.259033 26943203189.004745
835452805838.285400 25017722220.342949 27786568771.615093
862851256636.688721 25831302707.202209 28646143580.920570
891148232284.020142 26657865947.609173 29518699947.987747
920373199661.822998 27497005754.645081 30399370248.846378
950556592010.121094 28351222415.587917 31289713475.070278
981729840618.882080 29221865601.281544 32190981161.357857
1013925407558.814331 30099691924.620373 33103618314.177933
1047176819485.520264 30990561043.580048 34027019277.633644
1081518702552.289185 31893766970.264183 34958780642.079910
1116986818467.824951 32807257615.095680 35900193878.678116
1153618101736.476074 33728298149.343613 36850794859.757332
1191450698119.774658 34656674171.213837 37809351819.671967
1230524004359.261475 35593499016.884445 38786550786.930191
1270878709202.059570 36539858322.709862 39782257794.526337
1312556835771.845459 37504883070.116631 40788408936.922287
1355601785329.366211 38481575841.053192 41799201463.553993
1400058382468.096191 39470571957.737396 42809804937.006989
1445972921792.019531 40471202841.980644 43827940330.890869
1493393216124.253418 41484345772.903168 44843509186.801155
1542368646296.630615 42503872756.775719 45855598584.351082
1592950212572.119629 43520875780.588654 46888570577.026634
1645190587753.660645 44534385456.771568 47929896708.899971
1699144172034.625977 45554008245.389961 48974083883.540764
1754867149648.152100 46586388291.393066 50048499658.730957
1812417547374.239502 47620939688.972717 51139344904.269218
1871855294965.575439 48667622336.109283 52233511536.775826
1933242287555.043213 49743012857.254501 53349752829.018753
1996642450109.793457 50824495542.245361 54474779596.607437
2062121803999.144531 51922780938.176193 55597478976.797699
2129748535745.523193 53042110704.966751 56762590073.106606
2199593068030.070312 54160303778.206551 57925140785.935326
2271728133026.902832 55292983959.396072 59090410128.286324
2346228848142.262695 56452269667.785538 60275087849.933075
2423172794237.600586 57609297937.759064 61448391713.951561
2502640096417.921875 58787604651.647842 62642463543.810028
2584713507469.558594 59968750967.100655 63840770870.559738
2669478494034.317871 61140958207.079750 65040760715.302788
2757023325609.582520 62344367639.363861 66260024030.769135
2847439166467.247559 63536543482.769005 67459659683.692673
2940820170587.066895 64749756879.511818 68697738178.181953
3037263579703.305176 65965375230.765099 69918405250.946426
3136869824566.873047 67176077229.906410 71168928242.031174
3239742629528.195312 68411399725.548241 72416121454.893250
3345989120549.975098 69626264832.673019 73679463841.245285
3455719936762.143066 70889515902.717056 74950445669.385666
3569049345675.222168 72130557673.197144 76225740110.610489
3686095362172.154297 73407459453.276031 77523138728.150024
3806979871402.284180 74673049133.757874 78820296419.357178
3931828755705.770020 75961910634.704056 80155297633.109406
4060772025700.369629 77252442808.171783 81486813068.258682
4193943955667.177734 78563269293.776764 82846866606.395859
4331483223376.394043 79889610930.275513 84190632150.177048
4473533054498.462891 81235013935.263763 85570118721.275085
4620241371751.313477 82591457462.315430 86932986690.164474
4771760948938.750977 83949084215.491516 88339205709.311798
4928249570040.502930 85324425382.075500 89733336857.057541
5089870193519.674805 86701184894.585052 91165085635.833984
5256791122018.418945 88101989399.766373 92588264482.466354
5429186177618.942383 89510148873.516541 94028114074.995071
5607234882852.038086 90937809257.524368 95459331473.410172
5791122647641.746094 92375110699.010559 96900253970.903839
5981040962380.931641 93815003121.809525 98349559314.949966
6177187597338.488281 95260210493.311661 99793446245.569748
6379766808606.282227 96700586180.510651 101273289020.039581
6588989550799.956055 98163828928.811264 102720167399.920441
6805073696735.220703 99606552465.515518 104222225622.528259
7028244264308.337891 101100376530.631134 105679518800.775482
7258733650817.246094 102549637188.762955 107189430104.110825
7496781874966.876953 104064195780.915710 108674468278.960663
7742636826811.277344 105534857227.232452 110181390771.187454
7996554525892.362305 107046697109.386871 111709446541.152939
8258799387844.254883 108545063643.909622 113211896722.517609
8529644499741.016602 110053874092.187836 114795963884.979889
8809371904473.990234 111595321228.071762 116332463375.753769
9098272894455.568359 113100293411.253647 117931794588.055145
9396648314954.708984 114697885624.057571 119517468864.726624
9704808877380.287109 116247322256.399780 121114283193.808167
10023075482838.644531 117851959080.992645 122771828832.931000
10351779556301.761719 119450590762.150055 124379275494.299377
10691263391734.771484 121053701278.548492 126127719506.352234
11041880508541.625000 122724352655.543091 127835694842.487396
11403996019700.306641 124344285623.624268 129591342420.735138
11777987011971.179688 126101611693.287888 131368792705.327377
12164242938573.679688 127822356122.121231 133122368092.831604
12563166024741.214844 129590002352.426941 134953584942.888184
12975171686575.894531 131380188432.004440 136728843425.729645
13400688963639.478516 133148084135.154770 138594927439.026184
13840160965731.300781 134991814875.626160 140446760393.601624
14294045334317.611328 136778896056.616348 142317351460.077240
14762814719093.910156 138662871608.570862 144271728591.932312
15246957270175.761719 140526361182.297638 146165820035.302979
15746977146430.833984 142419082743.426758 148147588435.794922
16263395040481.906250 144385001219.234924 150076786493.628418
16796748720926.531250 146291292121.412598 152029961559.389404
17347593592339.326172 148293088799.055054 154014551267.594299
17916503273639.031250 150232458708.296417 155937250813.092316
18504070195422.984375 152210880762.319214 157994690866.124146
19110906216891.359375 154205027483.330597 159996948314.955444
19737643263002.554688 156148805331.902344 162023903091.349976
20384933982524.640625 158224784205.731812 164109169055.878662
21053452427667.082031 160235196562.745422 166128575185.486877
21743894756000.753906 162296609206.313293 168265809576.361816
22456979955397.718750 164389249824.949860 170366738246.154449
23193450592744.273438 166415229635.841492 172466738969.840973
23954073587208.792969 168590326220.265961 174687189089.591187
24739641008868.167969 170696853766.082855 176836471651.961823
25550970903525.019531 172844411484.355103 179128702740.550842
26388908144575.078125 175069381741.817810 181447595469.206146
27254325312810.277344 177222330201.082794 183723633459.941162
28148123605075.812500 179576451323.908386 186094992361.253601
29071233772725.812500 181897693317.870728 188389044799.076935
30024617090855.429688 184216875755.829163 190733144141.268097
31009266359319.234375 186588886492.280243 193093566146.688141
32026206936576.500000 188882681390.659637 195376154446.501465
33076497807442.425781 191274827443.434113 197815251617.481476
34161232685855.320312 193633067050.029022 200194264240.586609
35281541153808.757812 195952534890.924500 202557295790.820648
36438589837635.406250 198408951694.670990 205053425035.494110
37633583622865.328125 200782625110.302216 207465473194.839233
38867766908926.679688 203211095743.875610 209943478490.641205
40142424904993.257812 205699245535.622498 212473035850.765015
41458884968329.023438 208102378451.096527 214916161491.293732
42818517986524.070312 210648112853.201385 217543600721.809113
44222739805058.968750 213165670544.652618 220154883522.443420
45673012701687.468750 215618176849.062531 222705242614.585571
47170846909170.218750 218306970085.675903 225571350260.151520
48717802187946.210938 220901422373.006439 228336895574.502258
50315489450380.460938 223563843047.127106 231158776557.106384
51965572438276.570312 226407959407.957031 234062420661.610382
53669769455404.757812 229150505308.942871 236862368422.680695
55429855156846.742188 232049814716.676849 239846714976.117645
57247662397021.664062 234925391839.026550 242782557061.552216
59125084138318.687500 237741740239.465637 245685777680.452362
61064075422320.367188 240753916783.369202 248827838300.342804
63066655405674.054688 243654947589.803864 251853960614.599548
65134909462728.093750 246650365611.240845 255030648803.168640
67270991357123.507812 249750204757.665771 258295500286.179993
69477125484602.257812 252733157409.261902 261437243108.399780
71755609189369.203125 256002836173.649536 264817739089.187103
74108815156415.703125 259215443237.876617 268072254487.667297
76539193882301.562500 262404194029.788757 271364631584.033875
79049276226964.359375 265727880573.556335 274795903082.491638
81641676049214.546875 268921147117.531189 278092532994.799622
84319092928662.515625 272262493321.215820 281661189652.683228
87084314976907.234375 275622221440.891235 285219224865.489624
89940221740920.531250 278846608053.287659 288724871586.385010
92889787201645.171875 282458553318.686951 292506108780.047424
95936082870931.265625 285930682729.684448 296132175308.414124
99082280990037.875000 289446315133.355408 299939440081.876526
102331657833024.484375 293127284995.161011 303791181921.329468
105687597118480.500000 296652692350.744507 307525129003.072510
109153593533139.328125 300424692633.100525 311737638139.428650
112733256371048.484375 304159480378.548584 315768399113.792480
116430313292087.562500 307824841079.414124 320154286456.912231
120248614203741.218750 311897773229.273865 324689767184.877869
124192135270178.468750 315789133348.838501 329194016242.378967
128264983052806.250000 320009642947.487183 333878790604.026184
132471398786611.484375 324376153124.392822 338349864900.933716
136815762796747.046875 328652205894.261841 343268548729.398193
141302599059953.375000 333166046103.690186 347976635429.314148
145936579915575.781250 337466391136.139709 353024828869.282227
150722530931075.875000 342068453183.871643 358128633480.401917
155665435927105.875000 346605628041.494080 363333777667.733643
160770442167382.187500 351194819687.689819 368780562685.916870
166042865718752.968750 356134028286.600769 374123720059.690857
171488196987054.093750 360823897772.318420 379805084430.537292
177112106434509.062500 366075508074.773499 385212003692.151306
182920450484629.000000 371093698042.965759 391305144033.946167
188919277620766.437500 376337056786.707458 397077496569.006348
195114834684661.625000 381579691193.670593 403730672127.635498
201513573381555.843750 386831376688.506104 410178448869.589539
208122156998634.125000 392479565433.281189 417080872881.222839
214947467343797.625000 397831535363.596436 423681991976.284180
221996611911995.250000 404216242055.612793 430890391071.964539
229276931286564.875000 410232916463.839539 437777171993.097290
236796006783307.875000 416704190848.818237 445592212000.161133
244561668345244.906250 422872057395.446899 453116544464.090576
252582002696277.937500 429495001495.538208 461452431243.477173
260865361762254.531250 435954236895.383240 469456366372.901917
269420371368188.218750 442933209578.991821 477489796454.279602
278255940220712.593750 449966792209.716919 485263825478.298340
287381269185106.937500 457411294611.395264 493067892905.635620
296805860866559.625000 464884556543.686340 500589128922.202881
306539529505652.375000 472322544940.154480 508255253071.274292
316592411198352.062500 479494252262.998108 515494710632.033081
326974974451176.812500 486583783182.822754 523407024889.809265
337698031082509.500000 493530373883.684875 530758095306.146240
348772747481417.062500 500179362416.356750 539064120023.190918
360210656235706.625000 506998329397.257812 546998774652.450378
372023668141306.562500 513305182581.907654 556180030291.835205
384224084605506.062500 520030810442.232605 565392708326.823608
396824610456948.562500 526541076266.585083 576668683436.746704
409838367175725.312500 532755180836.517517 588036339720.817627
423278906557354.437500 539870673403.615784 599732197340.478516
437160224824850.250000 546395864383.898682 611442705160.128418
451496777203610.187500 553736049088.703125 623043736274.610962
466303492974273.625000 561555986390.966431 635666011718.778442
481595791019234.125000 569481536738.644653 647952696671.704102
497389595879005.750000 579498322601.318726 660714022390.771851
513701354335133.875000 589098474539.564819 673242947470.342285
530548052536957.437500 598842959316.739624 685455755481.764648
547947233690029.250000 608258651808.972046 698140900812.152222
565917016324623.125000 618048863155.979248 710118092694.122559
584476113163362.500000 627480835498.148071 723330381833.929565
603643850607586.375000 637883336876.043945 735562313168.460327
623440188862786.375000 647643767306.745483 748215362921.231445
643885742724042.625000 658009932720.657959 759758664227.821533
665001803043113.250000 667396466696.089355 772012908367.602173
686810358899529.375000 677455277561.807251 782888958589.430908
709334120498799.000000 686356504065.240112 795226018859.704224
732596542821523.000000 696003685222.755737 806200217527.155151
756621850048106.250000 705041243672.424194 817620635953.010986
781435060784455.750000 713806672076.587036 828241628169.358276
807062014114949.125000 723656668128.769287 837934206291.139038
833529396509818.750000 732232441722.890259 847628086534.208008
860864769614924.500000 741313867241.671997 856037770652.697266
889096598952916.750000 749704538803.768921 863424891706.024292
918254283565630.000000 756929136008.523926 871311902194.665894
948368186628590.875000 765311552257.691162 878076095909.042969
979469667069538.625000 773036115255.215210 883853731795.559326
1011591112223829.750000 779606344691.435181 888767976573.615723
1044765971560805.250000 786916158467.775146 0.000000
1079028791516185.750000 795845241452.371216 0.000000
1114415251466785.875000 803338373812.005737 0.000000
1150962200885031.250000 810249403802.828857 0.000000
1188707697711903.250000 820502887331.969238 0.000000
1227691047988360.500000 828980689454.224365 0.000000
1267952846786436.500000 836191467515.489014 0.000000
1309535020482665.000000 844606975436.195679 0.000000
1352480870417874.000000 851452273838.628906 0.000000
1396835117988739.750000 856988080936.587036 0.000000
1442643951218158.750000 861438114290.900269 0.000000
1489955072852856.750000 867059690143.963867 0.000000
1538817750038343.250000 872604295895.693726 0.000000
1589282865622976.250000 876976597600.265015 0.000000
1641402971144466.500000 880400995757.065186 0.000000
1695232341554121.500000 883064146941.368164 0.000000
1750827031735727.000000 885120247670.425659 0.000000
1808244934877948.000000 886695776016.992432 0.000000
1867545842761074.000000 887893713606.703979 0.000000
1928791508020777.750000 888797274979.062012 0.000000
1992045708453871.250000 889473174811.469360 0.000000
2057374313432915.750000 889974466170.805420 0.000000
2124845352498878.500000 890342984764.376465 0.000000
2194529086203311.500000 890611435135.346924 0.000000
2266498079273693.000000 890805154935.185547 0.000000
2340827276178294.500000 890943592876.796875 0.000000
2417594079169133.500000 891041534813.692627 0.000000
2496878428884321.500000 891110110702.263062 0.000000
2578762887593798.500000 0.000000 0.000000
2663332725174981.000000 0.000000 0.000000
2750676007908067.500000 0.000000 0.000000
2840883690183307.000000 0.000000 0.000000
2934049709215781.000000 0.000000 0.000000
3030271082866393.000000 0.000000 0.000000
3129648010670750.500000 0.000000 0.000000
3232283978181380.500000 0.000000 0.000000
3338285864731764.500000 0.000000 0.000000
3447764054734457.000000 0.000000 0.000000
3560832552629274.500000 0.000000 0.000000
3677609101601030.500000 0.000000 0.000000
3798215306190736.000000 0.000000 0.000000
3922776758927723.500000 0.000000 0.000000
4051423171114639.000000 0.000000 0.000000
4184288507901576.000000 0.000000 0.000000
4321511127789762.000000 0.000000 0.000000
4463233926710397.500000 0.000000 0.000000
4609604486828439.000000 0.000000 0.000000
4760775230226358.000000 0.000000 0.000000
4916903577628021.000000 0.000000 0.000000
5078152112327671.000000 0.000000 0.000000
5244688749495119.000000 0.000000 0.000000
5416686911033158.000000 0.000000 0.000000
5594325706169366.000000 0.000000 0.000000
5777790117970495.000000 0.000000 0.000000
5967271195973310.000000 0.000000 0.000000
6162966255132942.000000 0.000000 0.000000
6365079081295578.000000 0.000000 0.000000
6573820143409572.000000 0.000000 0.000000
6789406812696099.000000 0.000000 0.000000
7012063589007177.000000 0.000000 0.000000
7242022334607315.000000 0.000000 0.000000
7479522515621829.000000 0.000000 0.000000
7724811451403416.000000 0.000000 0.000000
7978144572076613.000000 0.000000 0.000000
8239785684528511.000000 0.000000 0.000000
8510007247122246.000000 0.000000 0.000000
8789090653419963.000000 0.000000 0.000000
9077326525210242.000000 0.000000 0.000000
9375015015145270.000000 0.000000 0.000000
9682466119303114.000000 0.000000 0.000000
10000000000000000.000000 0.000000 0.000000
