|            redshift |   name |                  xc |                  yc |                 zc |  Rvir |               Mvir |              Mstar |               Mism |                   SFR |
|   0.099999997552952 | RD0040 |  0.4901866912841797 |  0.4727497100830078 | 0.5089473724365234 | 147.0 | 372177534442.29364 |  53760283.28885962 |  1646902428.746817 |                   0.0 |
|     2.9999997540543 | RD0016 |  0.4950590133666992 |  0.4918336868286133 | 0.5012044906616211 |  28.0 |   46013965080.9852 |  915361764.1490893 |  1250451706.939364 |     2.295294372772322 |
|    0.90489352256633 | DD0902 |  0.4923076629638672 | 0.48210716247558594 | 0.5049610137939453 |  97.0 | 272915010297.77045 | 28939394133.046524 | 1396118725.9548256 |    1.9838683379450561 |
|     1.7499999328217 | RD0021 | 0.49373817443847656 |  0.4878101348876953 | 0.5025234222412109 |  58.0 | 144154502698.32953 | 14381727510.754961 | 2562615981.6944833 |     9.279913726363395 |
|     1.2999999001012 | RD0024 | 0.49306678771972656 | 0.48512840270996094 | 0.5037555694580078 |  79.0 | 228259093876.22662 | 21693104929.104187 | 2511799409.4118648 |    3.6283001772809613 |
|    0.90250976835784 | DD0904 | 0.49230003356933594 | 0.48209571838378906 | 0.5049648284912109 |  97.0 | 273575982847.56482 |  28957994489.99028 | 1436823808.1214905 |    1.3790365278389587 |
|    0.49999999931585 | RD0032 | 0.49134254455566406 |  0.4780445098876953 | 0.5066852569580078 | 122.0 |  335775443375.2751 | 33668098702.133514 | 1570777129.6089606 |    0.6299007890503098 |
|    0.34999999873848 | RD0035 | 0.49093055725097656 |  0.4762439727783203 | 0.5074672698974609 | 132.0 |  356137841396.7133 |   34869628932.0102 |  2179687125.912436 |    3.3976371992905237 |
|    0.91088045637552 | DD0897 | 0.49231910705566406 | 0.48217201232910156 | 0.5049343109130859 |  96.0 |  268750605514.5374 | 28896228687.375313 | 1352721340.2982354 |     1.777176451710575 |
|    0.95392705067826 | DD0862 | 0.49240684509277344 | 0.48255348205566406 | 0.5047893524169922 |  93.0 |  251854147616.8108 |  28373750617.55869 | 1240902562.2739992 |     4.244855279565765 |
|    0.91449165062318 | DD0894 | 0.49233055114746094 |  0.4821949005126953 | 0.5049266815185547 |  96.0 | 266831563363.54678 | 28867936806.225952 | 1350921241.0868554 |    1.5386190128141142 |
|                 0.2 | RD0038 |  0.4904613494873047 | 0.47418785095214844 | 0.5082798004150391 | 144.0 | 384812385728.78345 |  35668171544.59102 | 2332995303.1685734 |    0.4176448228466327 |
|     0.9205423460325 | DD0889 |  0.4923419952392578 | 0.48225975036621094 | 0.5049037933349609 |  95.0 | 260294044950.20532 | 28831572175.358383 | 1404615192.5506108 |   0.41243243795076123 |
|    0.90013226819215 | DD0906 |  0.4922962188720703 | 0.48206520080566406 | 0.5049762725830078 |  98.0 |  276185158101.8992 |  28973914429.46025 | 1466501903.8132918 |     1.280609880598455 |
|    0.92663349597294 | DD0884 |  0.4923534393310547 |  0.4823169708251953 | 0.5048809051513672 |  94.0 | 256249059633.31027 |  28818447352.75379 |  1139115060.948722 |    0.2749378568009442 |
|      1.099999996918 | RD0026 | 0.49265480041503906 |  0.4837627410888672 | 0.5043315887451172 |  87.0 |  248990858912.0362 |  25685408813.80395 | 1869443528.4117064 |     5.501209757784116 |
|    0.94765228326771 | DD0867 | 0.49239540100097656 | 0.48250389099121094 | 0.5048084259033203 |  93.0 | 252161027729.11914 | 28595670411.271267 |  999067853.0784289 |    10.347503631410769 |
|    0.80237544973716 | DD0993 |  0.4920978546142578 | 0.48119163513183594 | 0.5052661895751953 | 105.0 |  302251915828.7389 | 29605065377.675964 |  2759863989.421796 |     7.504423565667552 |
|    0.90132023828806 | DD0905 | 0.49230003356933594 |  0.4820880889892578 | 0.5049686431884766 |  97.0 |  273831484841.5962 | 28970954838.580936 | 1450396821.9506943 |    1.6675700430800289 |
|     1.4999999269094 | RD0022 |  0.4933948516845703 |  0.4863910675048828 | 0.5031719207763672 |  69.0 | 191008569428.15634 | 18644590340.840183 | 2378840533.3549147 |    1.9947506630211427 |
|     2.4999996210603 | RD0018 | 0.49463367462158203 | 0.49077320098876953 | 0.5014505386352539 |  42.0 |  104410056707.8467 |   4730801776.65835 | 3508229521.9806933 |    26.314020740857902 |
|     1.9999996879495 | RD0020 |  0.4940309524536133 | 0.48897266387939453 | 0.5021486282348633 |  49.0 | 112345893100.92874 | 12325561929.357819 |  3410300483.264577 |     8.620447318318174 |
|    0.89776099384078 | DD0908 | 0.49228858947753906 |  0.4820537567138672 | 0.5049800872802734 |  98.0 |  276726711241.4394 | 28989545914.351906 | 1507619078.3931906 |    1.4597539883527633 |
|    0.93646462467179 | DD0876 |  0.4923725128173828 |  0.4824047088623047 | 0.5048465728759766 |  94.0 | 255088191878.08398 | 28784569333.661568 |  880762650.5950408 |    1.2215079873267054 |
|    0.93399691662521 | DD0878 |  0.4923686981201172 | 0.48237037658691406 | 0.5048618316650391 |  94.0 |  255231217450.7644 |  28794672736.26046 |   918391765.910796 |    1.1049520629425271 |
|    0.90608775380641 | DD0901 |  0.4923076629638672 |  0.4821300506591797 | 0.5049533843994141 |  97.0 | 272635902141.26056 | 28940699938.531815 | 1391125711.5790465 |    2.1750944106631556 |
|    0.89999999392967 | RD0028 |  0.4922962188720703 | 0.48206520080566406 | 0.5049762725830078 |  98.0 |  276219873046.7395 | 28974469195.607426 |  1472084429.495201 |    0.9371430063818417 |
|     0.9666062844074 | DD0852 |  0.4924297332763672 | 0.48267173767089844 | 0.5047435760498047 |  92.0 | 250135063548.47086 |  28180049878.79449 |  1276607914.099858 |    1.9650639535452266 |
|    0.91811724011803 | DD0891 | 0.49233436584472656 |  0.4822368621826172 | 0.5049114227294922 |  95.0 | 261452135510.24924 | 28846511100.495007 | 1390785576.4715598 |    0.9801266096799328 |
|     0.9602448811173 | DD0857 |  0.4924182891845703 | 0.48261451721191406 | 0.5047626495361328 |  92.0 | 249894836129.99054 | 28250707390.223118 | 1310884099.5819666 |     3.499512156728757 |
|    0.94640245306303 | DD0868 | 0.49239158630371094 | 0.48249244689941406 | 0.5048122406005859 |  93.0 | 252183245293.78418 | 28646470201.691765 |  934176539.7891493 |    11.808278287862867 |
|     0.9217573239434 | DD0888 |  0.4923419952392578 |  0.4822711944580078 | 0.5048999786376953 |  95.0 | 259855248047.39734 |  28833594624.01326 | 1390964855.1205757 |    0.7305764230450346 |
|    0.91932898599203 | DD0890 |  0.4923381805419922 |  0.4822406768798828 | 0.5049114227294922 |  95.0 | 260699515505.97165 |  28839066211.61553 |   1388076736.34871 |    0.8121407415430828 |
|    0.92419215542285 | DD0886 |  0.4922962188720703 | 0.48223304748535156 | 0.5048809051513672 |  95.0 | 259484492492.80664 |  28258097475.82777 |  689489006.2949555 |    0.5371624418808892 |
|    0.91208259439732 | DD0896 |  0.4923229217529297 | 0.48218345642089844 | 0.5049304962158203 |  96.0 | 268234047135.26343 | 28885235714.565445 | 1372445468.0806143 |    1.5073679786628305 |
|   0.049999996776817 | RD0041 |  0.4900188446044922 |  0.4720630645751953 | 0.5092449188232422 | 150.0 |  376711306226.9283 | 12125586013.083889 |  2604043392.381465 |    0.1529102538748522 |
|    0.94266313735113 | DD0871 |  0.4923839569091797 | 0.48245811462402344 | 0.5048274993896484 |  93.0 |  252472073634.7879 |   28737051295.6915 |  828218318.1330118 |     6.471994011604395 |
|    0.93030779055435 | DD0881 | 0.49236106872558594 |  0.4823474884033203 | 0.5048694610595703 |  94.0 |  255756107416.6987 | 28812962073.211517 | 1009111267.5059229 |    0.8631345624412616 |
|    0.95266866832299 | DD0863 | 0.49240684509277344 | 0.48254966735839844 | 0.5047893524169922 |  93.0 |  251958292451.3451 | 28398513167.111538 | 1208544929.2872417 |     4.219673368223528 |
| 4.4408920985006e-16 | RD0042 | 0.48984336853027344 | 0.47135353088378906 | 0.5095806121826172 | 154.0 | 386330123146.63885 |  38174915931.11603 | 3541514504.2771597 |    1.3961553802252438 |
|    0.91328632460147 | DD0895 |  0.4923229217529297 |  0.4821949005126953 | 0.5049266815185547 |  96.0 | 267681385213.35553 | 28872463395.788864 | 1375251918.8427808 |     1.246487873133129 |
|    0.92908138282124 | DD0882 |  0.4923572540283203 |  0.4823284149169922 | 0.5048770904541016 |  94.0 | 255892190000.43094 | 28813465321.241203 | 1028018595.4000973 |    0.5440222355828905 |
|    0.93153584622265 | DD0880 | 0.49236106872558594 |  0.4823589324951172 | 0.5048656463623047 |  94.0 | 255603361659.42157 |  28809156340.92279 |  976583728.9000117 |    0.9329925191640823 |
|    0.14999999464742 | RD0039 | 0.49030494689941406 | 0.47352027893066406 | 0.5085773468017578 | 146.0 | 379875920574.75366 |  37296163005.69394 | 3068085042.7835445 |   0.33318350084347326 |
|    0.89894585346205 | DD0907 |  0.4922924041748047 | 0.48206520080566406 | 0.5049762725830078 |  98.0 | 276467043454.01953 | 28990829222.858288 |  1494175730.651867 |    1.6654153394990239 |
|     3.4999997122807 | RD0015 | 0.49524974822998047 |  0.4933004379272461 | 0.5000715255737305 |  17.0 | 14701084838.198656 | 500554061.82278824 |  842583916.3724408 |                   0.0 |
|    0.92785661922339 | DD0883 |  0.4923534393310547 |  0.4823284149169922 | 0.5048770904541016 |  94.0 |  256035215573.1189 |  28816093327.94204 | 1088091960.2951283 |    0.4218305009782126 |
|    0.94890381590252 | DD0866 | 0.49239540100097656 | 0.48250770568847656 | 0.5048084259033203 |  93.0 | 252055494296.79822 | 28520189633.594593 | 1078426693.2902346 |       7.3817118055975 |
|    0.95644898692565 | DD0860 | 0.49241065979003906 | 0.48258018493652344 | 0.5047779083251953 |  93.0 |   251904137137.479 | 28331617745.026127 | 1291252617.6949403 |      4.83024597076046 |
|      2.749999432498 | RD0017 | 0.49477291107177734 | 0.49135875701904297 | 0.5013113021850586 |  35.0 |  72872223605.34119 |  766671457.9436555 | 1964863806.9202988 |    0.8178096656463878 |
|    0.92541200929404 | DD0885 | 0.49234962463378906 | 0.48230552673339844 | 0.5048885345458984 |  94.0 | 256401805390.58975 | 28819494727.975155 |  1199279528.556952 |    0.2631402355829809 |
|    0.90728355922317 | DD0900 |  0.4923114776611328 | 0.48214149475097656 | 0.5049495697021484 |  97.0 | 272265146530.34616 | 28920023861.974922 | 1398143465.6373987 |    1.4985850300462267 |
|    0.94142007725206 | DD0872 | 0.49238014221191406 | 0.48244667053222656 | 0.5048313140869141 |  93.0 |  252483182417.1062 | 28751314862.397484 |     821378205.8167 |     4.447245065631899 |
|    0.94017869983918 | DD0873 | 0.49238014221191406 |  0.4824352264404297 | 0.5048351287841797 |  93.0 |  252554000904.5611 | 28766629574.995018 |  818317508.8869982 |     3.422809544831372 |
|    0.29999999504188 | RD0036 | 0.49077796936035156 |  0.4755992889404297 | 0.5077571868896484 | 136.0 | 367514623108.51294 |  35367804007.82264 |  2504088286.856001 |    0.7418668818305553 |
|     0.9084809423952 | DD0899 | 0.49231529235839844 |  0.4821491241455078 | 0.5049457550048828 |  97.0 | 271902722506.18536 | 28912473784.003994 | 1398964770.0085096 |    1.8059292930839257 |
|     1.1999999997946 | RD0025 |  0.4928722381591797 |  0.4844951629638672 | 0.5040187835693359 |  84.0 | 245549913596.60797 | 24005469731.500645 | 1579257781.9439971 |     4.922740453096864 |
|    0.90370086193555 | DD0903 | 0.49230384826660156 | 0.48210716247558594 | 0.5049610137939453 |  97.0 |  273264936941.7889 | 28959625964.287872 |  1416566855.130479 |     2.258812310766406 |
|                 0.6 | RD0031 | 0.49162864685058594 |  0.4791545867919922 | 0.5061435699462891 | 116.0 |  319395543771.7942 | 31289029702.498882 | 2031027423.5284142 | 0.0007998931362564679 |
|    0.80025005399538 | DD0995 |  0.4920940399169922 |  0.4811687469482422 | 0.5052776336669922 | 105.0 |  302535189778.8975 |  29581583526.48267 |  2719581954.492708 |     6.399243967661449 |
|    0.91569857610913 | DD0893 | 0.49233055114746094 | 0.48221778869628906 | 0.5049190521240234 |  96.0 | 266240020703.38226 | 28863715106.198772 | 1418979985.4193351 |    1.5727008103778142 |
|    0.90967990691228 | DD0898 | 0.49231910705566406 |  0.4821491241455078 | 0.5049457550048828 |  97.0 | 271379221137.98846 | 28900304519.769234 | 1377613984.6877718 |    1.7671883776556785 |
|    0.95518715552846 | DD0861 | 0.49240684509277344 | 0.48256874084472656 | 0.5047817230224609 |  93.0 | 251922188908.76352 | 28361806284.332478 |  1255348165.494824 |     5.028453033368423 |
|    0.94515432131422 | DD0869 |  0.4923877716064453 |  0.4824810028076172 | 0.5048160552978516 |  93.0 | 252319327877.54803 |  28691114047.97978 |  878144983.9951435 |    11.234900395849607 |
|    0.93893900120165 | DD0874 | 0.49237632751464844 | 0.48241615295410156 | 0.5048427581787109 |  93.0 | 252606767620.68805 | 28768232410.788357 |  826048057.3585166 |    2.3760055983587303 |
|    0.95141200442371 | DD0864 |  0.4924030303955078 | 0.48253822326660156 | 0.5047931671142578 |  93.0 | 251968012635.87015 |   28429243495.4385 |  1177038535.924551 |    4.4476809501793655 |
|    0.89657768257188 | DD0909 | 0.49228858947753906 |  0.4820423126220703 | 0.5049839019775391 |  98.0 | 276980824637.67883 | 28992259714.468765 | 1510260618.7644563 |    1.0018180622317856 |
|    0.95015705495453 | DD0865 |  0.4923992156982422 |  0.4825267791748047 | 0.5048007965087891 |  93.0 | 252047162710.08203 |  28460315862.90168 | 1149220907.3261883 |     5.171348131445078 |
|    0.93522993902017 | DD0877 |  0.4923686981201172 |  0.4823932647705078 | 0.5048542022705078 |  94.0 | 255189559516.99332 |  28790415176.69595 |  898064835.5905018 |    1.1129491724261715 |
|    0.69999999695239 | RD0030 | 0.49190711975097656 |  0.4802112579345703 | 0.5056781768798828 | 111.0 |  317611195805.9031 |  30872365813.89521 | 2030548847.3571265 |     1.279316072928003 |
|    0.91690710471751 | DD0892 | 0.49233055114746094 | 0.48222923278808594 | 0.5049152374267578 |  95.0 | 262356112674.06723 |  28855397920.74229 | 1372478784.3938875 |    1.4338956639301563 |
|     1.3999998903415 | RD0023 |  0.4932537078857422 | 0.48575401306152344 | 0.5034694671630859 |  74.0 | 211744500326.25787 | 20207795457.287624 | 2443433919.4001136 |     8.853326321031313 |
|     0.9327655536382 | DD0879 | 0.49236488342285156 | 0.48237037658691406 | 0.5048618316650391 |  94.0 | 255431175533.04315 |   28804210540.5634 |   948842895.293215 |    1.1087043665989913 |
|    0.44999999629946 | RD0033 |  0.4911937713623047 |  0.4774799346923828 | 0.5069293975830078 | 126.0 |  343687673607.2629 | 33871273067.386868 | 1700894671.2195652 |     1.357254718417003 |
|    0.24999999404183 | RD0037 |  0.4906139373779297 |  0.4749011993408203 | 0.5080432891845703 | 141.0 |  382932224334.4133 |  35693709107.51182 | 2894643440.3712726 |    0.8059609129629284 |
|    0.93770097744113 | DD0875 |  0.4923725128173828 | 0.48241615295410156 | 0.5048427581787109 |  94.0 | 255013207597.25864 | 28780297670.674725 |  857072262.4255567 |    1.7495802072285997 |
|    0.84264772546133 | DD0956 | 0.49216651916503906 | 0.48156166076660156 | 0.5051555633544922 | 102.0 |  291870758719.3254 | 29194784453.388485 | 1860513741.9583972 |    0.7513843042120911 |
|    0.92297393060746 | DD0887 | 0.49234580993652344 |  0.4822826385498047 | 0.5048961639404297 |  95.0 | 259356741495.66287 | 28828208354.907238 | 1352906402.1576188 |    0.4449898742462809 |
|    0.94390788405984 | DD0870 |  0.4923877716064453 |  0.4824657440185547 | 0.5048313140869141 |  93.0 | 252370705995.84012 | 28712930289.130882 |  822331435.8168114 |     8.585187421644198 |
|                 0.4 | RD0034 |  0.4910717010498047 |  0.4768848419189453 | 0.5071926116943359 | 129.0 |  351005583983.4621 |  34069962027.14386 | 2011152399.4373302 |    1.1272796493167678 |
