     redshift             x0             y0             z0   name
------------- -------------- -------------- -------------- ------
1.97999414859  0.49400806427 0.488810539246  0.50222492218 DD0493
1.98327251629 0.494013786316 0.488823890686 0.502219200134 DD0492
1.98655944641 0.494017601013 0.488837242126 0.502213478088 DD0491
1.98985497568  0.49402141571 0.488852500916 0.502209663391 DD0490
1.99315914111 0.494027137756 0.488865852356 0.502203941345 DD0489
1.99647197986 0.494030952454 0.488879203796 0.502198219299 DD0488
1.99979384142 0.494034767151 0.488894462585 0.502194404602 DD0487
 2.0031238274 0.494038581848 0.488907814026 0.502188682556 DD0486
2.00646291165 0.494042396545 0.488921165466  0.50218296051 DD0485
2.00981082028 0.494048118591 0.488936424255 0.502177238464 DD0484
 2.0131675916 0.494051933289 0.488949775696 0.502171516418 DD0483
2.01653326416 0.494055747986 0.488965034485 0.502165794373 DD0482
2.01990787675 0.494061470032 0.488978385925 0.502160072327 DD0481
2.02329146837 0.494067192078 0.488991737366 0.502154350281 DD0480
2.02668407827 0.494072914124 0.489005088806 0.502148628235 DD0479
2.03008574594 0.494076728821 0.489020347595 0.502142906189 DD0478
2.03349651109 0.494080543518 0.489033699036 0.502137184143 DD0477
2.03691641368 0.494084358215 0.489048957825 0.502131462097 DD0476
2.04034549391 0.494088172913 0.489062309265 0.502125740051 DD0475
2.04378379222 0.494093894958 0.489077568054 0.502120018005 DD0474
2.04723134931 0.494097709656 0.489092826843 0.502114295959 DD0473
2.05068820611 0.494101524353 0.489106178284 0.502108573914 DD0472
2.05415440381 0.494107246399 0.489121437073 0.502102851868 DD0471
2.05762998383 0.494111061096 0.489134788513 0.502097129822 DD0470
2.06111498788 0.494116783142 0.489150047302 0.502091407776 DD0469
2.06460945788 0.494120597839 0.489163398743  0.50208568573 DD0468
2.06811343605 0.494124412537 0.489176750183 0.502079963684 DD0467
2.07162696484 0.494130134583 0.489192008972 0.502074241638 DD0466
2.07515008697  0.49413394928 0.489205360413 0.502068519592 DD0465
2.07868284542 0.494137763977 0.489220619202 0.502064704895 DD0464
2.08222528344 0.494143486023 0.489233970642 0.502060890198 DD0463
2.08577744454  0.49414730072 0.489247322083 0.502055168152 DD0462
2.08933937252 0.494153022766 0.489260673523 0.502049446106 DD0461
2.09291111141 0.494156837463 0.489275932312  0.50204372406 DD0460
2.09649270555 0.494162559509 0.489291191101 0.502038002014 DD0459
2.10008419955 0.494166374207 0.489304542542 0.502034187317 DD0458
2.10368563827 0.494172096252 0.489317893982 0.502028465271 DD0457
 2.1072970669 0.494177818298 0.489333152771 0.502022743225 DD0456
2.11091853086 0.494181632996 0.489346504211 0.502018928528 DD0455
2.11455007588 0.494187355042 0.489359855652 0.502013206482 DD0454
2.11819174799 0.494191169739 0.489375114441 0.502007484436 DD0453
2.12184359347 0.494196891785 0.489388465881 0.502003669739 DD0452
2.12550565893 0.494200706482 0.489401817322 0.501999855042 DD0451
2.12917799125 0.494204521179 0.489415168762 0.501994132996 DD0450
2.13286063762 0.494208335876 0.489428520203 0.501990318298 DD0449
2.13655364551 0.494214057922 0.489441871643 0.501986503601 DD0448
2.14025706271 0.494215965271 0.489457130432 0.501980781555 DD0447
2.14397093731 0.494219779968 0.489470481873 0.501976966858 DD0446
 2.1476953177 0.494223594666 0.489485740662 0.501971244812 DD0445
2.15143025257 0.494227409363 0.489499092102 0.501967430115 DD0444
2.15517579093  0.49423122406 0.489512443542 0.501963615417 DD0443
2.15893198211 0.494235038757 0.489525794983  0.50195980072 DD0442
2.16269887575 0.494238853455 0.489539146423 0.501954078674 DD0441
 2.1664765218 0.494242668152 0.489552497864 0.501950263977 DD0440
2.17026497053 0.494248390198 0.489565849304  0.50194644928 DD0439
2.17406427256 0.494252204895 0.489579200745 0.501940727234 DD0438
 2.1778744788 0.494257926941 0.489592552185 0.501936912537 DD0437
2.18169564051  0.49425983429 0.489605903625 0.501931190491 DD0436
2.18552780928 0.494265556335 0.489619255066 0.501927375793 DD0435
2.18937103703 0.494269371033 0.489634513855 0.501921653748 DD0434
2.19322537601 0.494275093079 0.489647865295  0.50191783905 DD0433
2.19709087883 0.494278907776 0.489661216736 0.501912117004 DD0432
2.20096759842 0.494282722473 0.489674568176 0.501906394958 DD0431
2.20485558808 0.494288444519 0.489689826965 0.501900672913 DD0430
2.20875490142 0.494294166565 0.489703178406 0.501896858215 DD0429
2.21266559244 0.494299888611 0.489718437195 0.501891136169 DD0428
2.21658771548 0.494303703308 0.489733695984 0.501885414124 DD0427
2.22052132522 0.494307518005 0.489747047424 0.501879692078 DD0426
2.22446647674 0.494313240051 0.489762306213 0.501873970032 DD0425
2.22842322544 0.494318962097 0.489775657654 0.501868247986 DD0424
2.23239162711 0.494322776794 0.489790916443  0.50186252594 DD0423
2.23637173791 0.494326591492 0.489806175232 0.501854896545 DD0422
2.24036361436 0.494332313538 0.489821434021   0.5018491745 DD0421
2.24436731334 0.494338035583  0.48983669281 0.501843452454 DD0420
2.24838313276 0.494341850281  0.48985004425 0.501837730408 DD0419
2.25241040853 0.494347572327  0.48986530304 0.501830101013 DD0418
2.25644992041 0.494353294373 0.489882469177 0.501824378967 DD0417
2.26050148626 0.494359016418 0.489899635315 0.501816749573 DD0416
2.26456516492 0.494362831116 0.489914894104 0.501811027527 DD0415
 2.2686410156 0.494368553162 0.489930152893  0.50180721283 DD0414
2.27272909793 0.494372367859 0.489945411682 0.501801490784 DD0413
2.27682947194 0.494378089905 0.489958763123 0.501795768738 DD0412
2.28094219804 0.494383811951 0.489974021912 0.501791954041 DD0411
2.28506733707 0.494389533997 0.489989280701 0.501786231995 DD0410
2.28920495029 0.494393348694 0.490002632141 0.501780509949 DD0409
2.29335509935  0.49439907074  0.49001789093 0.501774787903 DD0408
2.29751784634 0.494402885437 0.490031242371 0.501769065857 DD0407
2.30169325377 0.494406700134  0.49004650116 0.501761436462 DD0406
2.30588138457 0.494408607483 0.490061759949 0.501753807068 DD0405
 2.3100823021  0.49441242218 0.490077018738 0.501748085022 DD0404
2.31429607016 0.494416236877 0.490092277527 0.501742362976 DD0403
  2.318522753 0.494420051575 0.490105628967  0.50173664093 DD0402
2.32276241527 0.494421958923 0.490120887756 0.501729011536 DD0401
2.32701512212 0.494425773621 0.490136146545  0.50172328949 DD0400
 2.3312809391 0.494429588318 0.490151405334 0.501717567444 DD0399
2.33555993226 0.494433403015 0.490166664124 0.501711845398 DD0398
2.33985216806 0.494435310364 0.490180015564 0.501706123352 DD0397
2.34415771346 0.494439125061 0.490193367004 0.501700401306 DD0396
2.34847663588 0.494442939758 0.490208625793  0.50169467926 DD0395
2.35280900318 0.494446754456 0.490223884583 0.501688957214 DD0394
2.35715488372 0.494448661804 0.490237236023 0.501683235168 DD0393
2.36151434634 0.494452476501 0.490252494812 0.501677513123 DD0392
2.36588746036 0.494456291199 0.490265846252 0.501669883728 DD0391
2.37027429557 0.494460105896 0.490279197693 0.501664161682 DD0390
2.37467492227 0.494465827942 0.490292549133 0.501660346985 DD0389
2.37908941125 0.494469642639 0.490307807922 0.501654624939 DD0388
 2.3835178338 0.494475364685 0.490323066711 0.501648902893 DD0387
 2.3879602617 0.494481086731   0.4903383255 0.501643180847 DD0386
2.39241676727 0.494484901428  0.49035358429 0.501637458801 DD0385
2.39688742332 0.494490623474 0.490368843079 0.501629829407 DD0384
2.40137230317 0.494494438171 0.490386009216 0.501624107361 DD0383
 2.4058714807 0.494500160217 0.490401268005 0.501616477966 DD0382
2.41038503029 0.494503974915 0.490416526794 0.501608848572 DD0381
2.41491302684  0.49450969696 0.490431785583 0.501601219177 DD0380
2.41945554583 0.494515419006 0.490447044373 0.501593589783 DD0379
2.42401266324 0.494521141052 0.490462303162 0.501585960388 DD0378
2.42858445562 0.494526863098 0.490477561951 0.501578330994 DD0377
2.43317100006 0.494532585144 0.490490913391 0.501572608948 DD0376
2.43777237423 0.494540214539 0.490508079529 0.501564979553 DD0375
2.44238865633 0.494547843933 0.490523338318 0.501557350159 DD0374
2.44701992515 0.494555473328 0.490540504456 0.501551628113 DD0373
2.45166626005 0.494565010071 0.490557670593 0.501543998718 DD0372
2.45632774096 0.494572639465 0.490574836731 0.501536369324 DD0371
2.46100444841 0.494582176208 0.490592002869 0.501528739929 DD0370
 2.4656964635 0.494589805603 0.490611076355 0.501521110535 DD0369
2.47040386793 0.494599342346 0.490630149841  0.50151348114 DD0368
2.47512674401 0.494606971741 0.490649223328 0.501505851746 DD0367
2.47986517465 0.494614601135 0.490666389465 0.501498222351 DD0366
2.48461924336  0.49462223053 0.490683555603 0.501490592957 DD0365
2.48938903429 0.494629859924 0.490702629089 0.501482963562 DD0364
2.49417463215 0.494639396667 0.490719795227 0.501475334167 DD0363
2.49897650109 0.494647026062 0.490735054016 0.501467704773 DD0362
 2.5037935911 0.494658470154 0.490750312805 0.501461982727 DD0361
2.50862712481 0.494666099548 0.490763664246  0.50145816803 DD0360
2.51347681088 0.494673728943 0.490775108337 0.501454353333 DD0359
2.51834273727 0.494681358337 0.490788459778 0.501450538635 DD0358
2.52322499262 0.494687080383 0.490801811218 0.501446723938 DD0357
2.52812366621 0.494694709778  0.49081325531 0.501442909241 DD0356
2.53303884801 0.494702339172  0.49082660675 0.501441001892 DD0355
2.53797062865 0.494708061218 0.490839958191 0.501437187195 DD0354
2.54291909946 0.494715690613  0.49085521698 0.501433372498 DD0353
2.54788435246 0.494721412659  0.49086856842   0.5014295578 DD0352
2.55286648036 0.494729042053 0.490881919861 0.501425743103 DD0351
2.55786557658 0.494734764099  0.49089717865 0.501423835754 DD0350
2.56288173525 0.494740486145 0.490912437439 0.501420021057 DD0349
2.56791505123 0.494744300842 0.490927696228 0.501414299011 DD0348
2.57296562009 0.494750022888 0.490942955017 0.501410484314 DD0347
2.57803353814 0.494753837585 0.490958213806 0.501404762268 DD0346
2.58311890242 0.494755744934 0.490973472595 0.501399040222 DD0345
2.58822181074 0.494759559631 0.490986824036 0.501393318176 DD0344
2.59334236164  0.49476146698 0.491002082825  0.50138759613 DD0343
2.59848065444 0.494763374329 0.491015434265 0.501381874084 DD0342
2.60363678922 0.494767189026 0.491030693054 0.501376152039 DD0341
2.60881086684 0.494769096375 0.491044044495 0.501370429993 DD0340
2.61400298894 0.494772911072 0.491051673889 0.501368522644 DD0339
2.61921325797 0.494772911072 0.491066932678 0.501353263855 DD0338
2.62444177715  0.49477481842 0.491072654724 0.501355171204 DD0337
2.62968865053 0.494786262512 0.491093635559 0.501355171204 DD0336
2.63495398297 0.494788169861 0.491112709045 0.501336097717 DD0335
2.64023788017 0.494788169861 0.491124153137 0.501322746277 DD0334
2.64554044864 0.494788169861  0.49113368988 0.501313209534 DD0333
2.65086179573 0.494790077209 0.491147041321 0.501307487488 DD0332
2.65620202968 0.494790077209 0.491158485413 0.501303672791 DD0331
2.66156125953 0.494791984558 0.491169929504 0.501303672791 DD0330
2.66693959523 0.494795799255 0.491181373596 0.501307487488 DD0329
2.67233714759  0.49480342865 0.491194725037 0.501315116882 DD0328
 2.6777540283  0.49481678009 0.491209983826 0.501324653625 DD0327
2.68319034997 0.494837760925 0.491230964661 0.501326560974 DD0326
2.68864622607 0.494856834412 0.491251945496 0.501320838928 DD0325
2.69412177102 0.494872093201 0.491271018982 0.501311302185 DD0324
2.69961710014 0.494885444641 0.491290092468 0.501301765442 DD0323
2.70513232968 0.494898796082 0.491309165955 0.501292228699 DD0322
2.71066757686 0.494910240173 0.491326332092 0.501280784607 DD0321
2.71622295981 0.494919776917 0.491341590881 0.501269340515 DD0320
2.72179859765 0.494931221008  0.49135684967 0.501257896423 DD0319
2.72739461045   0.4949426651 0.491372108459  0.50124835968 DD0318
2.73301111927 0.494954109192   0.4913854599 0.501236915588 DD0317
2.73864824615 0.494963645935 0.491396903992 0.501227378845 DD0316
 2.7443061141 0.494973182678 0.491410255432 0.501219749451 DD0315
2.74998541481 0.494980812073 0.491421699524 0.501212120056 DD0314
2.75568457079 0.494988441467 0.491433143616 0.501208305359 DD0313
2.76140541061 0.494996070862 0.491446495056 0.501202583313 DD0312
2.76714749396 0.495001792908 0.491459846497 0.501196861267 DD0311
2.77291094905 0.495005607605 0.491473197937  0.50119304657 DD0310
2.77869590516 0.495011329651 0.491488456726 0.501189231873 DD0309
2.78450249264    0.495013237 0.491501808167 0.501185417175 DD0308
2.79033084294 0.495017051697 0.491515159607 0.501181602478 DD0307
2.79618108859 0.495018959045 0.491528511047 0.501177787781 DD0306
2.80205336325 0.495018959045 0.491541862488 0.501173973083 DD0305
2.80794780169 0.495020866394 0.491557121277 0.501172065735 DD0304
2.81386453982 0.495020866394 0.491570472717 0.501168251038 DD0303
2.81980371471 0.495020866394 0.491583824158 0.501166343689 DD0302
2.82576546457 0.495018959045 0.491597175598 0.501162528992 DD0301
2.83174992879 0.495017051697 0.491610527039 0.501160621643 DD0300
2.83775724794    0.495013237 0.491625785828 0.501160621643 DD0299
2.84378756381 0.495009422302 0.491639137268 0.501160621643 DD0298
2.84984101937 0.495001792908 0.491652488708 0.501160621643 DD0297
2.85591775883 0.494992256165   0.4916639328 0.501162528992 DD0296
2.86201792765 0.494980812073 0.491673469543  0.50116443634 DD0295
2.86814167251  0.49497127533 0.491681098938 0.501166343689 DD0294
2.87428914139 0.494961738586 0.491686820984 0.501170158386 DD0293
2.88046048351 0.494956016541  0.49169254303 0.501175880432 DD0292
2.88665584942 0.494952201843 0.491698265076 0.501183509827 DD0291
2.89287539095 0.494950294495 0.491702079773 0.501189231873 DD0290
2.89911926126 0.494950294495 0.491707801819 0.501194953918 DD0289
2.90538761486 0.494952201843 0.491713523865 0.501198768616 DD0288
 2.9116806076 0.494954109192 0.491721153259 0.501202583313 DD0287
2.91799839668 0.494957923889 0.491728782654 0.501208305359 DD0286
2.92434114071 0.494961738586 0.491736412048 0.501212120056 DD0285
2.93070899968 0.494965553284 0.491744041443 0.501215934753 DD0284
2.93710213499 0.494969367981 0.491751670837 0.501219749451 DD0283
2.94352070948 0.494975090027 0.491761207581 0.501223564148 DD0282
2.94996488743 0.494978904724 0.491768836975 0.501227378845 DD0281
2.95643483458  0.49498462677 0.491778373718 0.501229286194 DD0280
2.96293071814 0.494990348816 0.491786003113 0.501231193542 DD0279
2.96945270684 0.494996070862 0.491795539856 0.501233100891 DD0278
2.97600097088 0.495001792908  0.49180316925 0.501233100891 DD0277
2.98257568203 0.495007514954 0.491810798645  0.50123500824 DD0276
2.98917701356    0.495013237  0.49181842804  0.50123500824 DD0275
2.99580538563 0.495020866394 0.491827964783 0.501236915588 DD0274
3.00246023892  0.49502658844 0.491835594177 0.501236915588 DD0273
 3.0091424872 0.495034217834  0.49184513092 0.501236915588 DD0272
3.01585206488 0.495041847229 0.491854667664 0.501236915588 DD0271
3.02258915329 0.495049476624 0.491864204407 0.501236915588 DD0270
3.02935393536 0.495057106018  0.49187374115  0.50123500824 DD0269
3.03614659574 0.495064735413 0.491883277893  0.50123500824 DD0268
3.04296732074 0.495074272156 0.491894721985  0.50123500824 DD0267
3.04981629843  0.49508190155 0.491904258728 0.501233100891 DD0266
3.05669371856 0.495091438293  0.49191570282 0.501233100891 DD0265
3.06359977268 0.495099067688 0.491927146912 0.501231193542 DD0264
3.07053465409 0.495108604431 0.491936683655 0.501229286194 DD0263
3.07749855791 0.495116233826 0.491948127747 0.501227378845 DD0262
3.08449168106 0.495125770569  0.49195766449 0.501223564148 DD0261
3.09151422231 0.495133399963 0.491969108582 0.501219749451 DD0260
3.09856638229 0.495142936707 0.491982460022 0.501215934753 DD0259
 3.1056483635 0.495150566101 0.491993904114 0.501212120056 DD0258
3.11276037039 0.495158195496 0.492007255554  0.50120639801 DD0257
3.11990260928  0.49516582489 0.492018699646 0.501202583313 DD0256
 3.1270752885 0.495173454285 0.492032051086 0.501196861267 DD0255
3.13427861833 0.495181083679 0.492045402527  0.50119304657 DD0254
3.14151281104 0.495188713074 0.492060661316 0.501189231873 DD0253
3.14877808094 0.495196342468 0.492074012756 0.501185417175 DD0252
 3.1560746444 0.495203971863 0.492087364197 0.501181602478 DD0251
3.16340271985 0.495211601257 0.492102622986 0.501177787781 DD0250
3.17076252782 0.495219230652 0.492115974426 0.501173973083 DD0249
3.17815429096 0.495226860046 0.492131233215 0.501170158386 DD0248
 3.1855782341 0.495234489441 0.492144584656 0.501166343689 DD0247
3.19303458422 0.495242118835 0.492157936096 0.501162528992 DD0246
3.20052357053  0.49524974823 0.492171287537 0.501158714294 DD0245
3.20804542444 0.495257377625 0.492184638977 0.501154899597 DD0244
3.21560037965 0.495265007019 0.492197990417   0.5011510849 DD0243
3.22318867213 0.495272636414 0.492211341858 0.501147270203 DD0242
 3.2308105402 0.495280265808 0.492224693298 0.501143455505 DD0241
3.23846622448 0.495287895203 0.492239952087 0.501139640808 DD0240
  3.246155968 0.495295524597 0.492253303528 0.501135826111 DD0239
3.25388001619 0.495301246643 0.492266654968 0.501132011414 DD0238
 3.2616386169 0.495306968689 0.492281913757 0.501128196716 DD0237
3.26943202047 0.495312690735 0.492295265198 0.501124382019 DD0236
3.27726047972 0.495318412781 0.492310523987 0.501120567322 DD0235
3.28512425001 0.495324134827 0.492325782776 0.501118659973 DD0234
3.29302358927 0.495327949524 0.492339134216 0.501114845276 DD0233
3.30095875801  0.49533367157 0.492354393005 0.501111030579 DD0232
3.30893001938 0.495339393616 0.492371559143  0.50110912323 DD0231
3.31693763918 0.495343208313 0.492386817932 0.501107215881 DD0230
3.32498188593 0.495348930359 0.492402076721 0.501103401184 DD0229
3.33306303085 0.495350837708 0.492419242859 0.501103401184 DD0228
3.34118134796 0.495362281799 0.492438316345 0.501093864441 DD0227
3.34933711407 0.495373725891 0.492457389832 0.501088142395 DD0226
3.35753060882 0.495383262634 0.492476463318 0.501082420349 DD0225
3.36576211474 0.495392799377 0.492495536804 0.501078605652 DD0224
3.37403191728 0.495402336121 0.492514610291 0.501074790955 DD0223
3.38234030482 0.495411872864 0.492533683777 0.501070976257 DD0222
3.39068756876 0.495421409607 0.492550849915  0.50106716156 DD0221
3.39907400353  0.49543094635 0.492569923401 0.501063346863 DD0220
 3.4074999066 0.495438575745 0.492590904236 0.501061439514 DD0219
3.41596557859 0.495448112488 0.492609977722 0.501059532166 DD0218
3.42447132326 0.495457649231 0.492629051208 0.501055717468 DD0217
3.43301744757 0.495465278625 0.492648124695 0.501051902771 DD0216
3.44160426172  0.49547290802 0.492667198181 0.501049995422 DD0215
3.45023207918 0.495482444763 0.492686271667 0.501044273376 DD0214
3.45890121678 0.495488166809 0.492705345154 0.501040458679 DD0213
3.46761199469 0.495493888855  0.49272441864 0.501034736633 DD0212
3.47636473651 0.495499610901 0.492745399475 0.501030921936 DD0211
 3.4851597693 0.495503425598 0.492762565613 0.501027107239 DD0210
3.49399771037 0.495509147644 0.492781639099 0.501023292542 DD0209
3.50287803381 0.495512962341 0.492800712585 0.501019477844 DD0208
3.51180193737 0.495516777039  0.49282169342 0.501015663147 DD0207
3.52076947581 0.495516777039 0.492840766907  0.50101184845 DD0206
3.52978099426  0.49551486969 0.492856025696 0.501009941101 DD0205
3.53883684159 0.495516777039 0.492869377136 0.501008033752 DD0204
3.54793737052 0.495522499084 0.492884635925 0.501008033752 DD0203
3.55708293761 0.495526313782 0.492897987366 0.501008033752 DD0202
3.56627390335 0.495532035828 0.492913246155 0.501008033752 DD0201
3.57551063221 0.495537757874 0.492928504944 0.501008033752 DD0200
3.58479349268 0.495545387268 0.492943763733 0.501008033752 DD0199
3.59412285736 0.495551109314 0.492959022522 0.501008033752 DD0198
3.60349910299 0.495558738708 0.492972373962 0.501009941101 DD0197
3.61292261051 0.495566368103 0.492987632751 0.501009941101 DD0196
3.62239376513 0.495573997498 0.493004798889  0.50101184845 DD0195
3.63191295639 0.495579719543 0.493020057678 0.501013755798 DD0194
3.64148057822 0.495587348938 0.493035316467 0.501013755798 DD0193
  3.651097029 0.495596885681 0.493050575256 0.501013755798 DD0192
3.66076271163 0.495602607727 0.493063926697 0.501013755798 DD0191
3.67047803359  0.49561214447 0.493079185486 0.501013755798 DD0190
3.68024340701 0.495619773865 0.493094444275 0.501013755798 DD0189
3.69005924874 0.495625495911 0.493109703064 0.501013755798 DD0188
 3.6999259804 0.495633125305 0.493126869202 0.501013755798 DD0187
 3.7098440285   0.4956407547 0.493142127991 0.501013755798 DD0186
3.71981382444 0.495648384094  0.49315738678 0.501013755798 DD0185
3.72983580463 0.495656013489 0.493172645569  0.50101184845 DD0184
3.73991041058 0.495663642883 0.493187904358 0.501009941101 DD0183
3.75003808891 0.495669364929 0.493203163147 0.501009941101 DD0182
 3.7602192915 0.495678901672 0.493216514587 0.501008033752 DD0181
 3.7704544755 0.495686531067 0.493229866028 0.501006126404 DD0180
3.78074410348 0.495694160461  0.49324131012 0.501006126404 DD0179
3.79108864344 0.495701789856  0.49325466156 0.501008033752 DD0178
3.80148856895  0.49570941925    0.493268013 0.501009941101 DD0177
3.81194435921 0.495715141296 0.493279457092 0.501009941101 DD0176
3.82245649911 0.495720863342 0.493292808533  0.50101184845 DD0175
3.83302547938 0.495728492737 0.493308067322 0.501013755798 DD0174
3.84365179662 0.495734214783 0.493321418762 0.501015663147 DD0173
3.85433595341 0.495739936829 0.493336677551 0.501015663147 DD0172
3.86507845842 0.495745658875  0.49335193634 0.501017570496 DD0171
3.87587982647  0.49575138092 0.493367195129 0.501019477844 DD0170
3.88674057866 0.495757102966 0.493384361267 0.501021385193 DD0169
3.89766124244 0.495760917664 0.493399620056 0.501023292542 DD0168
3.90864235171 0.495764732361 0.493416786194  0.50102519989 DD0167
3.91968444696 0.495768547058 0.493433952332 0.501027107239 DD0166
3.93078807532 0.495774269104 0.493451118469 0.501029014587 DD0165
 3.9419537907 0.495778083801 0.493468284607 0.501029014587 DD0164
3.95318215387 0.495783805847 0.493485450745 0.501029014587 DD0163
3.96447373261 0.495783805847 0.493500709534 0.501029014587 DD0162
3.97582910177 0.495789527893 0.493517875671 0.501032829285 DD0161
3.98724884333 0.495797157288 0.493535041809 0.501032829285 DD0160
3.99873457221 0.495800971985 0.493550300598 0.501032829285 DD0159
4.01028380925 0.495806694031 0.493567466736 0.501034736633 DD0158
4.02190023464 0.495812416077 0.493584632874 0.501036643982 DD0157
4.03358343525 0.495816230774 0.493601799011 0.501034736633 DD0156
4.04533403096  0.49582195282 0.493620872498 0.501036643982 DD0155
4.05715264959 0.495829582214 0.493638038635 0.501036643982 DD0154
4.06903992706  0.49583530426 0.493655204773 0.501036643982 DD0153
4.08099650744 0.495839118958 0.493670463562 0.501038551331 DD0152
4.09302304316 0.495844841003 0.493691444397 0.501040458679 DD0151
4.10512019513 0.495850563049 0.493710517883 0.501038551331 DD0150
4.11728863285 0.495856285095 0.493731498718 0.501038551331 DD0149
4.12952903459 0.495862007141 0.493748664856 0.501038551331 DD0148
4.14184208752 0.495867729187 0.493767738342 0.501040458679 DD0147
4.15422848784 0.495871543884  0.49378490448 0.501042366028 DD0146
4.16668894099 0.495875358582 0.493802070618 0.501042366028 DD0145
4.17922416173 0.495881080627 0.493821144104 0.501042366028 DD0144
4.19183487436 0.495886802673 0.493842124939 0.501044273376 DD0143
4.20452181286 0.495890617371 0.493861198425 0.501046180725 DD0142
4.21728572103 0.495894432068 0.493880271912 0.501046180725 DD0141
4.23012735271 0.495900154114 0.493899345398 0.501046180725 DD0140
4.24304747191 0.495903968811 0.493918418884 0.501046180725 DD0139
  4.256046853 0.495907783508 0.493937492371 0.501048088074 DD0138
4.26912628089 0.495911598206 0.493954658508 0.501046180725 DD0137
4.28228655122 0.495915412903 0.493973731995 0.501048088074 DD0136
4.29552847053 0.495921134949 0.493990898132 0.501048088074 DD0135
4.30885285647 0.495926856995 0.494011878967 0.501048088074 DD0134
4.32226053798 0.495930671692 0.494030952454 0.501048088074 DD0133
 4.3357523555 0.495934486389  0.49405002594 0.501048088074 DD0132
4.34932916116 0.495938301086 0.494069099426 0.501048088074 DD0131
4.36299181901 0.495942115784 0.494090080261 0.501048088074 DD0130
4.37674120521  0.49594783783 0.494109153748 0.501049995422 DD0129
4.39057820826 0.495953559875 0.494128227234 0.501048088074 DD0128
4.40450372922 0.495955467224  0.49414730072 0.501046180725 DD0127
4.41851868194  0.49596118927 0.494168281555 0.501048088074 DD0126
4.43262399328 0.495965003967  0.49418926239 0.501046180725 DD0125
4.44682060335 0.495968818665 0.494210243225 0.501046180725 DD0124
4.46110946578 0.495976448059  0.49423122406 0.501048088074 DD0123
4.47549154791 0.495982170105 0.494250297546 0.501048088074 DD0122
 4.4899678311   0.4959897995 0.494269371033 0.501046180725 DD0121
4.50453931097 0.495993614197 0.494288444519 0.501046180725 DD0120
4.51920699764 0.495999336243 0.494307518005 0.501046180725 DD0119
4.53397191604 0.496005058289 0.494326591492 0.501046180725 DD0118
4.54883510616 0.496010780334 0.494347572327 0.501042366028 DD0117
4.56379762334  0.49601650238 0.494366645813 0.501042366028 DD0116
4.57886053856 0.496022224426 0.494385719299 0.501040458679 DD0115
4.59402493874 0.496027946472 0.494406700134 0.501040458679 DD0114
4.60929192703 0.496035575867 0.494425773621 0.501040458679 DD0113
4.62466262316 0.496041297913 0.494444847107 0.501040458679 DD0112
4.64013816369  0.49604511261 0.494465827942 0.501036643982 DD0111
4.65571970238 0.496050834656 0.494486808777 0.501038551331 DD0110
4.67140841054 0.496056556702 0.494505882263 0.501036643982 DD0109
4.68720547731 0.496062278748  0.49452495575 0.501034736633 DD0108
4.70311211006 0.496071815491 0.494545936584 0.501034736633 DD0107
4.71912953474 0.496075630188 0.494565010071 0.501032829285 DD0106
 4.7352589962 0.496083259583 0.494584083557 0.501034736633 DD0105
4.75150175863 0.496090888977 0.494601249695 0.501032829285 DD0104
4.76785910589 0.496096611023 0.494624137878 0.501032829285 DD0103
4.78433234194 0.496102333069 0.494645118713 0.501032829285 DD0102
4.80092279121 0.496108055115 0.494666099548 0.501032829285 DD0101
4.81763179903 0.496115684509 0.494687080383 0.501032829285 DD0100
4.83446073204 0.496121406555 0.494708061218 0.501032829285 DD0099
4.85141097864 0.496125221252 0.494727134705 0.501030921936 DD0098
4.86848394941  0.49612903595  0.49474811554 0.501029014587 DD0097
4.88568107758 0.496136665344 0.494767189026 0.501029014587 DD0096
4.90300381948  0.49614238739 0.494786262512 0.501027107239 DD0095
4.92045365504 0.496148109436 0.494807243347  0.50102519989 DD0094
4.93803208824 0.496153831482 0.494826316833  0.50102519989 DD0093
4.95574064767 0.496157646179 0.494847297668  0.50102519989 DD0092
4.97358088686 0.496165275574 0.494870185852 0.501021385193 DD0091
4.99155534646 0.496167182922  0.49488735199  0.50102519989 DD0090
5.00966274837 0.496172904968 0.494908332825 0.501023292542 DD0089
5.02790760803 0.496178627014 0.494931221008 0.501023292542 DD0088
5.04629062378  0.49618434906 0.494952201843 0.501023292542 DD0087
5.06481348287 0.496190071106 0.494973182678 0.501023292542 DD0086
5.08347790102 0.496195793152 0.494994163513 0.501021385193 DD0085
  5.102285623 0.496203422546 0.495017051697 0.501021385193 DD0084
 5.1212384233 0.496207237244 0.495038032532 0.501019477844 DD0083
5.14033810674 0.496213912964 0.495058059692 0.501020431519 DD0082
5.15958650916 0.496217727661 0.495077133179 0.501016616821 DD0081
5.17898549807 0.496221542358 0.495096206665 0.501008987427 DD0080
5.19853697339 0.496229171753 0.495115280151 0.501008987427 DD0079
5.21824286815  0.49623298645 0.495138168335 0.501008987427 DD0078
 5.2381051492 0.496236801147 0.495161056519 0.501012802124 DD0077
5.25812581801 0.496244430542 0.495180130005 0.501008987427 DD0076
5.27830691142 0.496248245239 0.495203018188 0.501008987427 DD0075
5.29865050248 0.496252059937 0.495225906372 0.501005172729 DD0074
 5.3191587012 0.496259689331 0.495248794556 0.501001358032 DD0073
5.33983365548 0.496263504028 0.495267868042 0.500997543335 DD0072
5.36067755189 0.496267318726 0.495290756226 0.500997543335 DD0071
5.38169261666 0.496271133423 0.495313644409 0.501001358032 DD0070
5.40288111651 0.496278762817 0.495332717896 0.500997543335 DD0069
5.42424535963 0.496282577515 0.495355606079 0.501001358032 DD0068
5.44578769668 0.496286392212 0.495378494263 0.500997543335 DD0067
5.46751052172 0.496290206909 0.495401382446 0.500993728638 DD0066
5.48941627331 0.496294021606  0.49542427063 0.500997543335 DD0065
 5.5115074355 0.496297836304 0.495443344116 0.500993728638 DD0064
5.53378653897 0.496305465698   0.4954662323 0.500997543335 DD0063
5.55625616212 0.496313095093 0.495485305786 0.500997543335 DD0062
5.57891893223 0.496313095093  0.49550819397 0.500993728638 DD0061
5.60177752664  0.49631690979 0.495527267456 0.500993728638 DD0060
5.62483467398 0.496320724487  0.49555015564 0.500986099243 DD0059
5.64809315541 0.496324539185 0.495573043823 0.500986099243 DD0058
5.67155580594 0.496328353882 0.495595932007 0.500986099243 DD0057
5.69522551575 0.496332168579  0.49561882019 0.500986099243 DD0056
5.71910523154 0.496335983276 0.495641708374 0.500982284546 DD0055
5.74319795799 0.496347427368 0.495656967163  0.50098991394 DD0054
5.76750675919 0.496347427368 0.495683670044 0.500978469849 DD0053
5.79203476016 0.496350288391 0.495707511902 0.500973701477 DD0052
5.81678514836 0.496354103088 0.495726585388 0.500971794128 DD0051
5.84176117534 0.496363639832 0.495745658875 0.500967979431 DD0050
5.86696615838 0.496362686157 0.495771408081 0.500970840454 DD0049
5.89240348214 0.496364593506 0.495792388916 0.500972747803 DD0048
5.91807660047   0.4963722229   0.4958152771 0.500965118408 DD0047
 5.9439890382 0.496376037598  0.49584197998 0.500968933105 DD0046
5.97014439277 0.496376037598  0.49585723877 0.500968933105 DD0045
5.99654864503 0.496391296387 0.495887756348 0.500968933105 DD0044
6.02319745036 0.496391296387 0.495903015137 0.500968933105 DD0043
6.13238754544 0.496391296387 0.495964050293 0.500968933105 DD0042
6.24590439422 0.496391296387  0.49600982666 0.500953674316 DD0041
6.36402960687 0.496368408203 0.496002197266 0.501007080078 DD0040
