        redshift                  x0                  y0                 z0   name
---------------- ------------------- ------------------- ------------------ ------
0.85498144309949 0.49218654632568354 0.48164844512939453 0.5050973892211914 DD1088
0.85385309601751  0.4921846389770508 0.48163700103759766  0.505101203918457 DD1089
0.85272617301961 0.49218273162841797  0.4816274642944336 0.5051031112670898 DD1090
0.85160067099918 0.49218082427978516  0.4816179275512696 0.5051069259643556 DD1091
0.85047658685901 0.49217891693115234 0.48160648345947266 0.5051088333129883 DD1092
0.84935391751118  0.4921751022338867  0.4815969467163086 0.5051126480102539 DD1093
0.84823265987706  0.4921731948852539  0.4815874099731446 0.5051164627075195 DD1094
0.84711281088727 0.49217128753662104 0.48157787322998047 0.5051183700561523 DD1095
0.84599436748166  0.4921693801879883 0.48156642913818365 0.5051221847534181 DD1096
0.84487732660924 0.49216747283935547 0.48155689239501953 0.5051240921020508 DD1097
0.84376168522816  0.4921655654907227  0.4815473556518555 0.5051279067993164 DD1098
0.84264744030569 0.49216556549072266 0.48153591156005865 0.5051298141479492 DD1099
0.84153458881819 0.49216365814208984 0.48152637481689453 0.5051336288452148 DD1100
0.84042312775103  0.4921617507934571  0.4815168380737305 0.5051355361938477 DD1101
0.83931305409861  0.4921598434448242  0.4815073013305664 0.5051393508911133 DD1102
0.83820436486429 0.49215984344482416  0.4814958572387695 0.5051412582397461 DD1103
0.83709705706036 0.49215793609619146  0.4814863204956055 0.5051450729370117 DD1104
0.83599112770804  0.4921560287475586  0.4814767837524414 0.5051469802856445 DD1105
0.83488657383741  0.4921541213989258  0.4814653396606445 0.5051507949829102 DD1106
0.83378339248737  0.4921541213989258 0.48145580291748047 0.5051546096801757 DD1107
0.83268158070565 0.49215221405029297  0.4814462661743164 0.5051565170288086 DD1108
0.83158113554873 0.49215030670166016 0.48143672943115234 0.5051603317260742 DD1109
0.83048205408185  0.4921483993530273  0.4814252853393554 0.5051641464233398 DD1110
0.82938433337893  0.4921483993530273  0.4814157485961914 0.5051679611206055 DD1111
0.82828797052259  0.4921464920043945 0.48140621185302734 0.5051698684692383 DD1112
0.82719296260407  0.4921445846557617  0.4813966751098633 0.5051736831665039 DD1113
0.82609930672322  0.4921445846557617  0.4813852310180664 0.5051774978637695 DD1114
0.82500699998847 0.49214267730712885 0.48137569427490234 0.5051813125610352 DD1115
0.82391603951679 0.49214076995849604  0.4813661575317382 0.5051851272583008 DD1116
0.82282642243367  0.4921407699584961  0.4813566207885742 0.5051870346069336 DD1117
0.82173814587307  0.4921388626098633 0.48134708404541016 0.5051908493041992 DD1118
 0.8206512069774  0.4921369552612304  0.4813375473022461 0.5051946640014648 DD1119
0.81956560289748  0.4921369552612304  0.4813261032104492 0.5051984786987304 DD1120
0.81848133079254  0.4921350479125976  0.4813165664672851 0.5052022933959961 DD1121
0.81739838783013  0.4921331405639648 0.48130702972412104 0.5052061080932617 DD1122
0.81631677118615  0.4921331405639649  0.4812974929809571 0.5052099227905273 DD1123
0.81523647804477 0.49213123321533203 0.48128795623779297  0.505213737487793 DD1124
0.81415750559844  0.4921293258666993  0.4812765121459961 0.5052175521850586 DD1125
0.81307985104783  0.4921274185180664 0.48126697540283203 0.5052213668823242 DD1126
 0.8120035116018  0.4921274185180664 0.48125743865966797 0.5052251815795898 DD1127
 0.8109284844774 0.49212551116943354  0.4812479019165039 0.5052289962768555 DD1128
 0.8098547668998  0.4921236038208007  0.4812383651733398 0.5052328109741211 DD1129
0.80878235610231   0.492121696472168  0.4812288284301758 0.5052366256713867 DD1130
0.80771124932627 0.49212169647216797  0.4812192916870118 0.5052404403686523 DD1131
0.80664144382111  0.4921197891235352 0.48120975494384766  0.505244255065918 DD1132
0.80557293684426 0.49211788177490234  0.4812002182006836 0.5052480697631837 DD1133
0.80450572566116 0.49211597442626953  0.4811906814575195 0.5052518844604492 DD1134
0.80343980754517  0.4921140670776367 0.48117923736572266 0.5052556991577148 DD1135
0.80237517977762  0.4921121597290039 0.48116970062255865 0.5052595138549805 DD1136
0.80131183964773  0.4921102523803711 0.48116016387939453 0.5052614212036133 DD1137
0.80024978445258  0.4921083450317382 0.48115062713623047 0.5052671432495117 DD1138
0.79918903645146  0.4921064376831054 0.48114109039306635 0.5052709579467773 DD1139
0.79812951809158  0.4921045303344727 0.48113155364990234  0.505274772644043 DD1140
  0.797071301564 0.49210262298583984  0.4811220169067383 0.5052785873413086 DD1141
0.79601435923518  0.4921026229858398  0.4811124801635742 0.5052824020385742 DD1142
0.79495868844364 0.49210071563720703  0.4811010360717774 0.5052862167358398 DD1143
0.79390428653309  0.4920988082885742 0.48109149932861334 0.5052919387817383 DD1144
0.79285115085495 0.49209690093994146  0.4810819625854493  0.505295753479004 DD1145
0.79179927876823 0.49209499359130854 0.48107242584228516 0.5052995681762695 DD1146
0.79074866763961  0.4920930862426758 0.48106288909912104 0.5053033828735352 DD1147
0.78969931484333 0.49209117889404297   0.481053352355957 0.5053071975708008 DD1148
0.78865121776119 0.49208927154541016 0.48104381561279297 0.5053129196166992 DD1149
0.78760437378254 0.49208927154541016 0.48103427886962885 0.5053167343139648 DD1150
0.78655878030422 0.49208736419677734 0.48102474212646484 0.5053205490112305 DD1151
0.78551443473056  0.4920854568481446  0.4810152053833008 0.5053243637084961 DD1152
0.78447133447334 0.49208354949951166 0.48100566864013666 0.5053281784057616 DD1153
0.78342947695175  0.4920816421508789  0.4809942245483398 0.5053319931030273 DD1154
0.78238885959241  0.4920797348022461 0.48098468780517584 0.5053377151489258 DD1155
0.78134947982927  0.4920778274536132 0.48097515106201166 0.5053415298461914 DD1156
0.78031133510366 0.49207592010498047 0.48096561431884766  0.505345344543457 DD1157
0.77927442286421 0.49207401275634766  0.4809560775756836 0.5053491592407227 DD1158
0.77823874056684 0.49207210540771484 0.48094654083251953 0.5053548812866211 DD1159
0.77720428567475   0.492070198059082 0.48093700408935547 0.5053586959838867 DD1160
0.77617105565835  0.4920682907104492  0.4809274673461914 0.5053625106811523 DD1161
0.77513904799529  0.4920663833618164 0.48091793060302734  0.505366325378418 DD1162
 0.7741082601704 0.49206447601318354  0.4809083938598633 0.5053720474243164 DD1163
0.77307868967566  0.4920625686645508  0.4808969497680664 0.5053739547729492 DD1164
0.77205033401019  0.4920625686645507  0.4808874130249023 0.5053777694702148 DD1165
0.77102319068022 0.49206066131591797 0.48087787628173834 0.5053834915161133 DD1166
0.76999725719907 0.49205875396728516  0.4808683395385742 0.5053873062133789 DD1167
0.76897253108711 0.49205684661865234 0.48085880279541016 0.5053911209106445 DD1168
0.76794900987174  0.4920549392700196  0.4808492660522461 0.5053949356079102 DD1169
0.76692669108738  0.4920530319213868  0.4808397293090821 0.5053987503051758 DD1170
 0.7659055722754 0.49205112457275396   0.480830192565918 0.5054025650024414 DD1171
0.76488565098418 0.49204921722412104  0.4808206558227539 0.5054082870483398 DD1172
0.76386692476899 0.49204730987548834 0.48081111907958984 0.5054121017456055 DD1173
0.76284939119202  0.4920454025268554  0.4808015823364257 0.5054159164428711 DD1174
0.76183304782234  0.4920434951782226 0.48079204559326166 0.5054197311401366 DD1175
0.76081789223589 0.49204158782958984 0.48078250885009766 0.5054235458374023 DD1176
0.75980392201543 0.49203968048095703  0.4807710647583008  0.505427360534668 DD1177
0.75879113475054  0.4920377731323242  0.4807615280151367 0.5054330825805664 DD1178
0.75777952803757  0.4920358657836914  0.4807519912719726  0.505436897277832 DD1179
0.75676909947965  0.4920339584350586  0.4807424545288086 0.5054407119750977 DD1180
0.75575984668663 0.49203014373779297 0.48073291778564453 0.5054445266723633 DD1181
0.75475176727508 0.49202823638916016  0.4807233810424804 0.5054502487182617 DD1182
0.75374485886827 0.49202632904052734  0.4807138442993164 0.5054540634155273 DD1183
0.75273911909612 0.49202442169189453 0.48070430755615234  0.505457878112793 DD1184
0.75173454559519  0.4920225143432618  0.4806928634643555 0.5054616928100586 DD1185
0.75073113600866  0.4920206069946289 0.48068332672119135 0.5054655075073241 DD1186
0.74972888798633  0.4920186996459961 0.48067378997802734 0.5054712295532227 DD1187
0.74872779918454  0.4920167922973633  0.4806642532348633 0.5054750442504883 DD1188
0.74772786726618 0.49201488494873047  0.4806547164916992 0.5054788589477539 DD1189
0.74672908990068  0.4920129776000977 0.48064517974853516 0.5054826736450196 DD1190
0.74573146476397 0.49201107025146484  0.4806337356567383 0.5054864883422852 DD1191
0.74473498953844  0.4920091629028321  0.4806241989135743 0.5054922103881836 DD1192
0.74373966191297  0.4920072555541993 0.48061466217041016 0.5054960250854492 DD1193
0.74274547958284 0.49200344085693365 0.48060512542724615 0.5054998397827148 DD1194
0.74175244024975  0.4920034408569336  0.4805936813354492 0.5055036544799805 DD1195
0.74076054162181   0.491999626159668  0.4805841445922852 0.5055074691772461 DD1196
0.73976978141346 0.49199771881103516  0.4805746078491211 0.5055112838745117 DD1197
0.73878015734552  0.4919958114624024 0.48056507110595703 0.5055170059204102 DD1198
0.73779166714509 0.49199390411376953   0.480555534362793 0.5055208206176758 DD1199
0.73680430854561  0.4919919967651368  0.4805440902709961 0.5055246353149415 DD1200
0.73581807928677 0.49199008941650385 0.48053455352783203  0.505528450012207 DD1201
0.73483297711452 0.49198818206787115 0.48052501678466797 0.5055322647094727 DD1202
0.73384899978105 0.49198436737060547  0.4805154800415039 0.5055360794067383 DD1203
0.73286614504475  0.4919824600219726 0.48050594329833984 0.5055418014526367 DD1204
0.73188441067022  0.4919805526733398  0.4804964065551757 0.5055456161499023 DD1205
 0.7309037944282  0.4919786453247071 0.48048496246337896  0.505549430847168 DD1206
0.72992429409559  0.4919767379760743 0.48047542572021484 0.5055532455444336 DD1207
0.72894590745543  0.4919748306274414 0.48046588897705084 0.5055570602416992 DD1208
0.72796863229683 0.49197292327880865  0.4804563522338867 0.5055608749389648 DD1209
0.72699246641501 0.49197101593017584  0.4804468154907227 0.5055646896362305 DD1210
0.72601740761124 0.49196910858154297  0.4804372787475586 0.5055704116821289 DD1211
0.72504345369283 0.49196720123291016  0.4804258346557617 0.5055742263793945 DD1212
0.72407060247312 0.49196529388427734 0.48041629791259766 0.5055780410766602 DD1213
0.72309885177142  0.4919614791870117  0.4804067611694336 0.5055818557739258 DD1214
0.72212819941305  0.4919595718383789  0.4803972244262696 0.5055875778198242 DD1215
0.72115864322926 0.49195766448974604 0.48038768768310547 0.5055913925170898 DD1216
0.72019018105726  0.4919557571411133 0.48037624359130854 0.5055952072143554 DD1217
0.71922281074016  0.4919538497924804 0.48036670684814453 0.5055990219116211 DD1218
0.71825653012697 0.49195003509521484  0.4803571701049804 0.5056047439575195 DD1219
0.71729133707257   0.491948127746582  0.4803476333618164 0.5056085586547852 DD1220
0.71632722943769 0.49194622039794916 0.48033809661865234 0.5056123733520508 DD1221
0.71536420508892 0.49194431304931646  0.4803266525268555 0.5056161880493164 DD1222
0.71440226189862  0.4919424057006836  0.4803171157836914 0.5056219100952148 DD1223
0.71344139774499   0.491938591003418 0.48030757904052734 0.5056257247924805 DD1224
0.71248161051197  0.4919366836547852 0.48029613494873047 0.5056295394897461 DD1225
0.71152289808928 0.49193477630615234  0.4802865982055664 0.5056333541870117 DD1226
0.71056525837235  0.4919328689575195 0.48027706146240234 0.5056371688842773 DD1227
0.70960868926233  0.4919309616088867  0.4802675247192383 0.5056428909301758 DD1228
0.70865318866608 0.49192905426025396  0.4802560806274414 0.5056467056274414 DD1229
0.70769875449613  0.4919252395629883  0.4802465438842774  0.505650520324707 DD1230
0.70674538467066 0.49192333221435547  0.4802370071411133 0.5056543350219727 DD1231
0.70579307711348 0.49192142486572266  0.4802274703979492 0.5056581497192383 DD1232
0.70484182975403  0.4919195175170898 0.48021602630615234 0.5056638717651367 DD1233
0.70389164052734  0.4919157028198242  0.4802064895629883 0.5056676864624023 DD1234
0.70294250737403  0.4919137954711914  0.4801969528198242  0.505671501159668 DD1235
0.70199442824027  0.4919118881225586 0.48018741607666016 0.5056753158569336 DD1236
0.70104740107777  0.4919099807739258  0.4801759719848633 0.5056791305541992 DD1237
0.70010142384376 0.49190616607666016  0.4801664352416993 0.5056848526000977 DD1238
0.69915650463376  0.4919042587280274  0.4801568984985352 0.5056886672973633 DD1239
0.69821261101667 0.49190235137939453  0.4801473617553711 0.5056924819946289 DD1240
0.69726977136751 0.49190044403076166 0.48013591766357416 0.5056962966918945 DD1241
0.69632797352963  0.4918966293334961 0.48012638092041016 0.5057001113891602 DD1242
0.69538721548858 0.49189472198486334 0.48011684417724615 0.5057058334350586 DD1243
0.69444749523436  0.4918928146362305 0.48010730743408203 0.5057096481323242 DD1244
0.69350881076232 0.49189090728759766 0.48009777069091797 0.5057134628295898 DD1245
 0.6925711600732 0.49188899993896484  0.4800863265991211 0.5057172775268555 DD1246
0.69163454117311  0.4918851852416992 0.48007678985595703 0.5057229995727539 DD1247
0.69069895207346  0.4918832778930664 0.48006725311279297 0.5057268142700195 DD1248
0.68976439079101  0.4918813705444336 0.48005771636962885 0.5057306289672852 DD1249
0.68883085534782   0.491877555847168  0.4800462722778321 0.5057344436645508 DD1250
0.68789834377121  0.4918756484985351  0.4800367355346679 0.5057401657104492 DD1251
0.68696685409379  0.4918737411499023 0.48002719879150385 0.5057439804077148 DD1252
0.68603638435341  0.4918718338012695 0.48001766204833984 0.5057477951049805 DD1253
0.68510693259314 0.49186801910400385  0.4800081253051758 0.5057516098022461 DD1254
0.68417849686127 0.49186611175537115  0.4799985885620118 0.5057554244995118 DD1255
0.68325107521129  0.4918642044067383 0.47998905181884766 0.5057611465454102 DD1256
0.68232466570187  0.4918622970581055  0.4799776077270508 0.5057649612426758 DD1257
0.68139926639682 0.49185848236083984  0.4799680709838867 0.5057687759399414 DD1258
 0.6804748753651 0.49185657501220703 0.47995853424072266  0.505772590637207 DD1259
0.67955149068081  0.4918546676635742  0.4799489974975586 0.5057783126831055 DD1260
0.67862911042314 0.49185085296630854 0.47993946075439453 0.5057821273803711 DD1261
0.67770773267639  0.4918489456176758 0.47992992401123047 0.5057859420776367 DD1262
0.67678735552991   0.491847038269043  0.4799203872680664 0.5057897567749023 DD1263
0.67586797707812  0.4918432235717773  0.4799108505249023 0.5057954788208008 DD1264
0.67494959542049  0.4918413162231446  0.4798994064331055 0.5057992935180665 DD1265
0.67403220866149  0.4918394088745118  0.4798898696899414  0.505803108215332 DD1266
0.67311581491061  0.4918375015258789 0.47988033294677734 0.5058069229125977 DD1267
0.67220041228233  0.4918336868286132  0.4798707962036132 0.5058126449584961 DD1268
 0.6712859988961  0.4918317794799805  0.4798612594604493 0.5058164596557617 DD1269
0.67037257287633 0.49182987213134766 0.47985172271728516 0.5058202743530273 DD1270
0.66946013235236   0.491826057434082  0.4798421859741211  0.505824089050293 DD1271
0.66854867545847  0.4918241500854492 0.47983264923095703 0.5058298110961915 DD1272
0.66763820033383 0.49182224273681635  0.4798231124877929 0.5058336257934569 DD1273
0.66672870512251  0.4918184280395507  0.4798135757446289 0.5058374404907227 DD1274
0.66582018797345 0.49181652069091797  0.4798040390014648 0.5058412551879883 DD1275
0.66491264704045 0.49181461334228516  0.4797945022583008 0.5058450698852539 DD1276
0.66400608048215  0.4918127059936524  0.4797849655151367 0.5058488845825195 DD1277
0.66310048646203  0.4918088912963867 0.47977542877197266  0.505854606628418 DD1278
0.66219586314836  0.4918069839477539  0.4797658920288086 0.5058584213256836 DD1279
0.66129220871422 0.49180507659912104  0.4797563552856445 0.5058622360229492 DD1280
0.66038952133745  0.4918031692504883 0.47974681854248047 0.5058660507202148 DD1281
0.65948779920067  0.4918012619018554 0.47973728179931635 0.5058717727661133 DD1282
0.65858704049124  0.4917993545532226  0.4797277450561523 0.5058755874633789 DD1283
0.65768724340125 0.49179553985595703 0.47971820831298834 0.5058794021606445 DD1284
0.65678840612751  0.4917936325073243  0.4797086715698242 0.5058832168579102 DD1285
0.65589052687153  0.4917917251586914 0.47969913482666016 0.5058870315551758 DD1286
0.65499360383949  0.4917898178100586  0.4796895980834961 0.5058927536010742 DD1287
0.65409763524226 0.49178791046142584 0.47968006134033203 0.5058965682983398 DD1288
0.65320261929535  0.4917860031127929  0.4796705245971679 0.5059003829956055 DD1289
0.65230855421891 0.49178409576416016  0.4796609878540039  0.505904197692871 DD1290
0.65141543823773  0.4917821884155273  0.4796514511108398 0.5059099197387694 DD1291
0.65052326958117  0.4917783737182618 0.47964382171630865 0.5059137344360352 DD1292
0.64963204648323  0.4917764663696289 0.47963428497314453 0.5059175491333008 DD1293
0.64874176718245  0.4917745590209961 0.47962474822998047 0.5059213638305664 DD1294
0.64785242992195  0.4917726516723633  0.4796152114868164 0.5059251785278319 DD1295
0.64696403294939 0.49177074432373047 0.47960567474365234 0.5059289932250977 DD1296
0.64607657451698  0.4917688369750977  0.4795961380004883 0.5059347152709961 DD1297
0.64519005288142 0.49176692962646484  0.4795866012573242 0.5059385299682617 DD1298
0.64430446630395  0.4917631149291993  0.4795770645141602 0.5059423446655273 DD1299
0.64341981305026 0.49176120758056635  0.4795675277709961  0.505946159362793 DD1300
0.64253609139054  0.4917593002319336 0.47955989837646484 0.5059499740600586 DD1301
0.64165329959942  0.4917573928833008  0.4795503616333007  0.505955696105957 DD1302
0.64077143595601 0.49175548553466797  0.4795408248901367 0.5059595108032227 DD1303
 0.6398904987438 0.49175357818603516  0.4795312881469726 0.5059633255004882 DD1304
0.63901048625075  0.4917516708374024  0.4795217514038086 0.5059671401977539 DD1305
0.63813139676917  0.4917478561401367  0.4795122146606446 0.5059709548950195 DD1306
0.63725322859579 0.49174594879150396  0.4795026779174805 0.5059747695922852 DD1307
0.63637598003171  0.4917440414428711 0.47949314117431635 0.5059785842895508 DD1308
0.63549964938239  0.4917421340942383 0.47948551177978516 0.5059823989868164 DD1309
0.63462423495761  0.4917402267456055 0.47947597503662115  0.505986213684082 DD1310
0.63374973507151  0.4917383193969726   0.479466438293457 0.5059900283813477 DD1311
0.63287614804254   0.491734504699707 0.47945690155029297 0.5059938430786133 DD1312
0.63200347219345 0.49173259735107416 0.47944927215576166 0.5059995651245117 DD1313
0.63113170585127  0.4917306900024414 0.47943973541259766 0.5060033798217773 DD1314
0.63026084734731 0.49172878265380865  0.4794301986694336  0.506007194519043 DD1315
0.62939089501715 0.49172687530517584 0.47942066192626953 0.5060110092163086 DD1316
0.62852184720062 0.49172496795654297 0.47941112518310547 0.5060148239135742 DD1317
0.62765370224176  0.4917230606079101 0.47940158843994135 0.5060186386108398 DD1318
0.62678645848885  0.4917211532592774 0.47939205169677734 0.5060224533081055 DD1319
0.62592011429438  0.4917173385620117  0.4793844223022461 0.5060262680053711 DD1320
0.62505466801502  0.4917154312133789 0.47937488555908203 0.5060300827026367 DD1321
0.62419011801161 0.49171352386474615   0.479365348815918 0.5060358047485352 DD1322
0.62332646264919 0.49171161651611334  0.4793558120727539 0.5060396194458008 DD1323
0.62246370029693 0.49170970916748047 0.47934818267822266 0.5060434341430664 DD1324
0.62160182932813 0.49170589447021484  0.4793386459350586  0.506047248840332 DD1325
0.62074084812024   0.491703987121582  0.4793291091918945 0.5060510635375975 DD1326
0.61988075505481 0.49170207977294916 0.47931957244873047 0.5060548782348632 DD1327
0.61902154851748 0.49170017242431635 0.47931194305419916 0.5060586929321288 DD1328
0.61816322689801  0.4916963577270508  0.4793024063110352 0.5060625076293945 DD1329
0.61730578859018 0.49169635772705084  0.4792928695678711 0.5060663223266602 DD1330
0.61644923199189 0.49169254302978516 0.47928333282470703 0.5060701370239258 DD1331
0.61559355550504  0.4916906356811523  0.4792757034301758 0.5060739517211913 DD1332
0.61473875753559  0.4916887283325195 0.47926616668701166  0.506077766418457 DD1333
0.61388483649351  0.4916868209838867 0.47925662994384766 0.5060815811157227 DD1334
 0.6130317907928 0.49168491363525396  0.4792470932006836 0.5060853958129884 DD1335
0.61217961885142 0.49168300628662104 0.47923946380615234 0.5060892105102539 DD1336
0.61132831909135  0.4916810989379883  0.4792299270629882 0.5060930252075195 DD1337
0.61047788993851 0.49167728424072266  0.4792203903198242  0.506098747253418 DD1338
 0.6096283298228  0.4916753768920898  0.4792108535766601 0.5061006546020508 DD1339
0.60877963717805  0.4916734695434571  0.4792032241821289 0.5061063766479492 DD1340
0.60793181044205  0.4916715621948243  0.4791936874389649  0.506110191345215 DD1341
0.60708484805647  0.4916696548461914  0.4791841506958008 0.5061140060424805 DD1342
0.60623874846692  0.4916677474975586 0.47917652130126953 0.5061178207397461 DD1343
0.60539351012289 0.49166584014892584  0.4791669845581055 0.5061216354370117 DD1344
0.60454913147777  0.4916620254516602  0.4791574478149414 0.5061254501342773 DD1345
0.60370561098879  0.4916601181030273  0.4791479110717773 0.5061292648315429 DD1346
0.60286294711708 0.49165821075439453  0.4791402816772461 0.5061330795288086 DD1347
0.60202113832758  0.4916563034057617 0.47913074493408203 0.5061368942260742 DD1348
0.60118018308908 0.49165439605712885  0.4791212081909179 0.5061407089233398 DD1349
0.60034007987421  0.4916524887084961 0.47911167144775396 0.5061445236206055 DD1350
 0.5995008611433 0.49164867401123047 0.47910404205322266 0.5061502456665039 DD1351
0.59866242342139 0.49164676666259766  0.4790945053100586 0.5061540603637695 DD1352
0.59782486715447  0.4916448593139649 0.47908496856689453 0.5061578750610353 DD1353
 0.5969881568362 0.49164295196533203  0.4790773391723632 0.5061616897583008 DD1354
0.59615229096152  0.4916410446166992  0.4790678024291992 0.5061655044555664 DD1355
0.59531726802574 0.49163722991943365  0.4790582656860352 0.5061693191528321 DD1356
0.59448308652787  0.4916353225708008  0.4790487289428711 0.5061731338500977 DD1357
0.59364974497069 0.49163341522216797  0.4790410995483399 0.5061769485473633 DD1358
0.59281724186066  0.4916315078735352 0.47903156280517584 0.5061807632446289 DD1359
0.59198557570797 0.49162960052490234  0.4790220260620117 0.5061845779418945 DD1360
 0.5911547450265  0.4916257858276367  0.4790124893188477 0.5061883926391602 DD1361
0.59032474833379  0.4916238784790039  0.4790048599243164 0.5061922073364258 DD1362
0.58949558415108 0.49162197113037104 0.47899532318115234 0.5061979293823242 DD1363
0.58866725100323  0.4916200637817383  0.4789857864379883  0.506199836730957 DD1364
0.58783974741878 0.49161815643310547   0.478978157043457 0.5062036514282227 DD1365
0.58701307192989 0.49161624908447266 0.47896862030029297 0.5062074661254883 DD1366
0.58618722307235 0.49161434173583984  0.4789590835571289 0.5062112808227539 DD1367
0.58536219938555  0.4916105270385743 0.47895145416259766 0.5062150955200195 DD1368
0.58453799941249  0.4916086196899414 0.47894191741943365 0.5062189102172852 DD1369
0.58371462169977  0.4916067123413086 0.47893238067626953 0.5062246322631836 DD1370
0.58289206479754  0.4916048049926758  0.4789247512817383 0.5062284469604492 DD1371
0.58207032725955   0.491602897644043  0.4789152145385742 0.5062322616577148 DD1372
0.58124940764308  0.4916009902954101 0.47890567779541016 0.5062360763549804 DD1373
0.58042930450898 0.49159908294677734 0.47889804840087896 0.5062398910522461 DD1374
0.57961001642161  0.4915971755981446  0.4788885116577149 0.5062437057495117 DD1375
0.57879154194888 0.49159336090087885  0.4788808822631836 0.5062475204467773 DD1376
0.57797387966218 0.49159145355224615 0.47887134552001953 0.5062513351440431 DD1377
0.57715702813642  0.4915895462036133 0.47886180877685547 0.5062551498413086 DD1378
0.57634098595002  0.4915876388549804 0.47885417938232416 0.5062589645385742 DD1379
0.57552575168484 0.49158573150634766 0.47884464263916016   0.50626277923584 DD1380
0.57471132392624  0.4915838241577148 0.47883510589599604 0.5062665939331055 DD1381
0.57389770126302   0.491581916809082 0.47882747650146484 0.5062704086303711 DD1382
0.57308488228744  0.4915800094604492  0.4788179397583007 0.5062742233276367 DD1383
0.57227286559519  0.4915781021118164  0.4788084030151367 0.5062780380249023 DD1384
 0.5714616497854  0.4915742874145508 0.47880077362060547 0.5062837600708008 DD1385
0.57065123346059   0.491572380065918  0.4787912368774414 0.5062875747680664 DD1386
0.56984161522671 0.49157047271728516 0.47878360748291016  0.506291389465332 DD1387
 0.5690327936931 0.49156856536865234  0.4787740707397461 0.5062952041625977 DD1388
0.56822476747247 0.49156665802001953 0.47876453399658203 0.5062990188598633 DD1389
0.56741753518093 0.49156284332275385  0.4787569046020508 0.5063028335571289 DD1390
0.56661109543793 0.49156093597412104  0.4787473678588867 0.5063066482543945 DD1391
0.56580544686627  0.4915590286254883 0.47873783111572266 0.5063104629516602 DD1392
0.56500058809213 0.49155712127685547 0.47873020172119135 0.5063142776489258 DD1393
0.56419651774499 0.49155521392822266 0.47872066497802734 0.5063180923461914 DD1394
0.56339323445765 0.49155330657958984  0.4787130355834961 0.5063238143920898 DD1395
0.56259073686625 0.49155139923095703   0.478703498840332 0.5063276290893555 DD1396
 0.5617890236102 0.49154949188232416  0.4786939620971679 0.5063314437866211 DD1397
0.56098809333224 0.49154567718505854 0.47868633270263666 0.5063352584838867 DD1398
0.56018794467835  0.4915437698364257 0.47867679595947266 0.5063390731811523 DD1399
0.55938857629783 0.49154186248779297  0.4786691665649414  0.506342887878418 DD1400
0.55858998684319 0.49153995513916016 0.47865962982177734 0.5063467025756836 DD1401
0.55779217497022  0.4915380477905274 0.47865200042724615 0.5063505172729492 DD1402
0.55699513933797  0.4915361404418945 0.47864246368408203 0.5063543319702147 DD1403
0.55619887860869  0.4915342330932617  0.4786348342895508 0.5063600540161133 DD1404
0.55540339144787  0.4915304183959961  0.4786252975463867 0.5063638687133789 DD1405
0.55460867652421  0.4915285110473632  0.4786176681518554 0.5063676834106444 DD1406
0.55381473250961 0.49152660369873047  0.4786081314086914 0.5063714981079102 DD1407
0.55302155807917  0.4915246963500977  0.4785985946655274 0.5063753128051758 DD1408
0.55222915191116 0.49152278900146484  0.4785909652709961 0.5063791275024414 DD1409
0.55143751268704 0.49152088165283203 0.47858142852783203  0.506382942199707 DD1410
0.55064663909143 0.49151897430419916  0.4785737991333007 0.5063867568969725 DD1411
 0.5498565298121  0.4915170669555664  0.4785642623901367 0.5063905715942383 DD1412
0.54906718353997  0.4915132522583007  0.4785566329956054 0.5063943862915039 DD1413
0.54827859896909 0.49151134490966797 0.47854709625244135 0.5064001083374023 DD1414
0.54749077479664 0.49150943756103516  0.4785394668579102  0.506403923034668 DD1415
0.54670370972293  0.4915075302124024 0.47853183746337896 0.5064077377319336 DD1416
0.54591740245135  0.4915056228637696  0.4785223007202149 0.5064115524291992 DD1417
0.54513185168841  0.4915037155151368  0.4785146713256836  0.506415367126465 DD1418
0.54434705614371  0.4915018081665039  0.4785051345825196 0.5064191818237305 DD1419
 0.5435630145299  0.4914999008178711  0.4784975051879883 0.5064229965209961 DD1420
0.54277972556273 0.49149608612060547 0.47848987579345703 0.5064287185668945 DD1421
0.54199718796101 0.49149417877197266 0.47848033905029297 0.5064325332641602 DD1422
0.54121540044659 0.49149227142333984  0.4784727096557617 0.5064363479614258 DD1423
0.54043436174437 0.49149036407470703 0.47846508026123047 0.5064401626586914 DD1424
0.53965407058227  0.4914884567260743 0.47845554351806646   0.50644588470459 DD1425
0.53887452569124  0.4914865493774414 0.47844791412353516 0.5064496994018555 DD1426
0.53809572580527 0.49148464202880865 0.47843837738037115 0.5064535140991212 DD1427
0.53731766966132  0.4914827346801758 0.47843074798583984 0.5064573287963867 DD1428
0.53654035599936   0.491480827331543 0.47842121124267584 0.5064630508422852 DD1429
0.53576378356237  0.4914789199829101 0.47841358184814453 0.5064668655395508 DD1430
0.53498795109626 0.49147701263427734  0.4784059524536133 0.5064706802368164 DD1431
0.53421285734997  0.4914731979370118  0.4783964157104493  0.506476402282715 DD1432
0.53343850107535  0.4914712905883789 0.47838878631591797 0.5064802169799805 DD1433
0.53266488102724 0.49146938323974615  0.4783792495727539 0.5064840316772462 DD1434
0.53189199596339  0.4914674758911133 0.47837162017822266 0.5064897537231445 DD1435
0.53111984464452  0.4914655685424804 0.47836208343505854 0.5064935684204102 DD1436
0.53034842583426  0.4914636611938476  0.4783544540405273 0.5064973831176758 DD1437
0.52957773829914  0.4914617538452148  0.4783449172973633 0.5065031051635742 DD1438
0.52880778080862   0.491459846496582 0.47833728790283203 0.5065069198608398 DD1439
0.52803855213507  0.4914579391479492   0.478327751159668 0.5065107345581055 DD1440
0.52727005105372  0.4914560317993164  0.4783201217651367 0.5065164566040039 DD1441
0.52650227634272 0.49145412445068354  0.4783105850219726 0.5065202713012694 DD1442
0.52573522678305 0.49145030975341797  0.4783029556274414 0.5065240859985352 DD1443
 0.5249689011586   0.491450309753418  0.4782934188842774 0.5065298080444337 DD1444
0.52420329825609  0.4914464950561524 0.47828578948974615 0.5065336227416992 DD1445
0.52343841686509  0.4914445877075196  0.4782762527465821 0.5065374374389648 DD1446
0.52267425577803 0.49144268035888666  0.4782686233520508 0.5065431594848632 DD1447
0.52191081379015  0.4914407730102539 0.47826099395751953 0.5065469741821289 DD1448
0.52114808969952 0.49143886566162115 0.47825145721435547 0.5065507888793945 DD1449
0.52038608230704  0.4914369583129883  0.4782438278198242 0.5065546035766602 DD1450
0.51962479041639 0.49143505096435547  0.4782342910766602 0.5065603256225586 DD1451
0.51886421283408 0.49143314361572266  0.4782247543334961 0.5065641403198242 DD1452
0.51810434836938  0.4914312362670899 0.47821712493896484 0.5065679550170898 DD1453
0.51734519583436  0.4914293289184571 0.47820758819580084 0.5065717697143556 DD1454
0.51658675404386  0.4914255142211914 0.47819995880126953 0.5065774917602539 DD1455
0.51582902181549 0.49142360687255854  0.4781904220581054 0.5065813064575194 DD1456
 0.5150719979696  0.4914216995239258  0.4781827926635742 0.5065851211547852 DD1457
0.51431568132932 0.49141979217529297 0.47817325592041016 0.5065889358520508 DD1458
0.51356007072049 0.49141788482666016  0.4781656265258789 0.5065927505493164 DD1459
0.51280516497171  0.4914159774780274  0.4781560897827149 0.5065984725952148 DD1460
0.51205096291429  0.4914140701293946  0.4781484603881836 0.5066022872924805 DD1461
0.51129746338225  0.4914121627807618 0.47813892364501953 0.5066061019897461 DD1462
0.51054466521234 0.49141025543212896  0.4781312942504883 0.5066099166870117 DD1463
  0.509792567244 0.49140834808349615  0.4781217575073242 0.5066137313842773 DD1464
0.50904116831936 0.49140453338623047  0.4781141281127929 0.5066194534301758 DD1465
0.50829046728324  0.4914026260375976 0.47810459136962885 0.5066232681274414 DD1466
0.50754046298314  0.4914007186889649 0.47809696197509766 0.5066270828247071 DD1467
0.50679115426923 0.49139881134033203  0.4780874252319336 0.5066308975219727 DD1468
0.50604253999434  0.4913969039916992 0.47807979583740234 0.5066347122192383 DD1469
0.50529461901395  0.4913949966430664 0.47807025909423834 0.5066385269165039 DD1470
0.50454739018619  0.4913930892944336 0.47806262969970703 0.5066442489624023 DD1471
0.50380085237184  0.4913911819458008   0.478053092956543  0.506648063659668 DD1472
0.50305500443429 0.49138736724853516  0.4780454635620117 0.5066499710083008 DD1473
0.50230984523957  0.4913854598999024  0.4780359268188477 0.5066556930541992 DD1474
0.50156537365632  0.4913835525512696 0.47802829742431646 0.5066595077514648 DD1475
0.50082158855578  0.4913816452026368  0.4780187606811524 0.5066633224487305 DD1476
0.50007848881181  0.4913797378540039  0.4780111312866211 0.5066671371459961 DD1477
0.49933608114367 0.49137783050537104   0.478001594543457 0.5066709518432617 DD1478
0.49859434090114  0.4913740158081054  0.4779939651489257 0.5066766738891602 DD1479
0.49785329049664 0.49137210845947266  0.4779844284057617 0.5066804885864258 DD1480
0.49711292096918  0.4913702011108399  0.4779767990112305 0.5066843032836914 DD1481
0.49637323120627  0.4913682937622071 0.47796726226806646  0.506688117980957 DD1482
0.49563422009722  0.4913663864135743  0.4779596328735352 0.5066919326782227 DD1483
0.49489588653386  0.4913644790649414  0.4779500961303711 0.5066957473754883 DD1484
0.49415822941059  0.4913606643676758 0.47794246673583984 0.5066995620727539 DD1485
0.49342124762432 0.49135875701904297  0.4779329299926758 0.5067033767700195 DD1486
0.49268494007448 0.49135684967041016 0.47792530059814453 0.5067071914672852 DD1487
0.49194930566306 0.49135494232177734  0.4779157638549804 0.5067110061645508 DD1488
0.49121434329452  0.4913530349731445 0.47790813446044916 0.5067148208618164 DD1489
0.49048005187584  0.4913511276245118  0.4778985977172852  0.506718635559082 DD1490
0.48974643031649  0.4913473129272461  0.4778909683227539 0.5067224502563477 DD1491
0.48901347752845  0.4913454055786133 0.47788333892822266 0.5067262649536133 DD1492
0.48828119242616 0.49134349822998047  0.4778738021850586 0.5067300796508789 DD1493
0.48754957392656 0.49133968353271484  0.4778661727905274 0.5067338943481446 DD1494
0.48681862094902 0.49133777618408203  0.4778566360473633 0.5067377090454102 DD1495
0.48608833241541  0.4913358688354492  0.4778490066528321 0.5067415237426758 DD1496
0.48535870725003  0.4913339614868164 0.47783946990966797 0.5067453384399414 DD1497
0.48462974437965  0.4913320541381836  0.4778318405151368  0.506749153137207 DD1498
0.48390144273346   0.491328239440918  0.4778242111206055 0.5067529678344727 DD1499
0.48317380124309 0.49132633209228516  0.4778165817260742 0.5067567825317383 DD1500
0.48244681884259  0.4913225173950196  0.4778070449829102 0.5067605972290039 DD1501
0.48172049446845  0.4913206100463867  0.4777994155883789 0.5067644119262695 DD1502
0.48099482705955  0.4913187026977539  0.4777898788452149 0.5067682266235352 DD1503
0.48026981555718  0.4913148880004882 0.47778224945068354 0.5067720413208008 DD1504
0.47954545890504 0.49131298065185547 0.47777462005615234 0.5067758560180664 DD1505
0.47882175604921 0.49131107330322266  0.4777669906616211 0.5067777633666992 DD1506
0.47809870593816 0.49130725860595703 0.47775745391845703 0.5067815780639648 DD1507
0.47737630752274  0.4913053512573242  0.4777498245239258 0.5067853927612305 DD1508
0.47665455975617  0.4913034439086914 0.47774219512939453 0.5067873001098633 DD1509
0.47593346159403  0.4912996292114257  0.4777345657348633 0.5067911148071289 DD1510
0.47521301199427  0.4912977218627929   0.477726936340332 0.5067930221557617 DD1511
0.47449320991717  0.4912958145141602  0.4777193069458008 0.5067968368530273 DD1512
0.47377405432537  0.4912939071655274 0.47771167755126953 0.5067987442016602 DD1513
0.47305554418385 0.49129199981689453  0.4777040481567382 0.5068025588989258 DD1514
0.47233767845991  0.4912900924682617  0.4776945114135742 0.5068044662475586 DD1515
0.47162045612319  0.4912881851196289   0.477686882019043 0.5068082809448242 DD1516
0.47090387614563  0.4912862777709961  0.4776792526245117  0.506810188293457 DD1517
 0.4701879375015 0.49128437042236334  0.4776716232299805 0.5068140029907227 DD1518
0.46947263916735  0.4912824630737305  0.4776639938354493 0.5068178176879884 DD1519
0.46875798012205  0.4912805557250976 0.47765445709228516 0.5068197250366211 DD1520
0.46804395934676  0.4912786483764648 0.47764682769775385 0.5068235397338867 DD1521
0.46733057582492   0.491276741027832  0.4776391983032226 0.5068254470825194 DD1522
0.46661782854224  0.4912748336791992 0.47763156890869135 0.5068292617797852 DD1523
0.46590571648672 0.49127483367919916 0.47762203216552734  0.506831169128418 DD1524
0.46519423864861  0.4912729263305664  0.4776144027709961 0.5068349838256836 DD1525
0.46448339402042  0.4912710189819336  0.4776067733764648 0.5068387985229492 DD1526
0.46377318159694 0.49126911163330084 0.47759914398193365  0.506840705871582 DD1527
0.46306360037518   0.491267204284668  0.4775896072387696 0.5068445205688477 DD1528
0.46235464935439  0.4912652969360352  0.4775819778442383 0.5068483352661133 DD1529
0.46164632753607  0.4912633895874023   0.477574348449707 0.5068521499633789 DD1530
0.46093863392393  0.4912614822387695  0.4775667190551757 0.5068540573120116 DD1531
0.46023156752391  0.4912595748901367  0.4775571823120118 0.5068578720092773 DD1532
0.45952512734418  0.4912576675415039 0.47754955291748047  0.506861686706543 DD1533
 0.4588193123951 0.49125576019287104  0.4775419235229492 0.5068635940551758 DD1534
0.45811412168923  0.4912538528442382 0.47753429412841797 0.5068674087524414 DD1535
0.45740955424134  0.4912538528442382 0.47752475738525385  0.506871223449707 DD1536
0.45670560906839  0.4912519454956055 0.47751712799072266 0.5068750381469727 DD1537
0.45600228518951 0.49125003814697266  0.4775094985961914 0.5068788528442383 DD1538
0.45529958162603 0.49124813079833984  0.4774999618530274 0.5068807601928711 DD1539
0.45459749740144  0.4912443161010743 0.47749233245849615 0.5068845748901367 DD1540
0.45389603154139  0.4912424087524414 0.47748470306396484 0.5068883895874023 DD1541
0.45319518307369 0.49124050140380865 0.47747707366943365 0.5068902969360352 DD1542
0.45249495102833  0.4912405014038086 0.47746753692626953 0.5068941116333007 DD1543
0.45179533443742 0.49123859405517584 0.47745990753173834 0.5068979263305664 DD1544
0.45109633233521   0.491236686706543  0.4774522781372071 0.5068998336791992 DD1545
0.45039794375812  0.4912347793579101  0.4774427413940429 0.5069036483764648 DD1546
0.44970020751806 0.49123287200927734  0.4774351119995117 0.5069074630737305 DD1547
