6.2231238274 0.498397 0.505843 0.487594 0.502397 0.509843 0.491594 5
6.2131238274 0.498397 0.505843 0.487585 0.502397 0.509843 0.491585 5
6.2031238274 0.498397 0.505843 0.487564 0.502397 0.509843 0.491564 5
6.1931238274 0.498397 0.505843 0.487542 0.502397 0.509843 0.491542 5
6.1831238274 0.498397 0.505843 0.487532 0.502397 0.509843 0.491532 5
6.1731238274 0.498397 0.505843 0.487532 0.502397 0.509843 0.491532 5
6.1631238274 0.498397 0.505843 0.487532 0.502397 0.509843 0.491532 5
6.1531238274 0.498385 0.505823 0.487529 0.502385 0.509823 0.491529 5
6.1431238274 0.498369 0.505796 0.487523 0.502369 0.509796 0.491523 5
6.1331238274 0.498352 0.505769 0.487518 0.502352 0.509769 0.491518 5
6.1231238274 0.498351 0.505757 0.487507 0.502351 0.509757 0.491507 5
6.1131238274 0.498351 0.505745 0.487496 0.502351 0.509745 0.491496 5
6.1031238274 0.498347 0.505736 0.48749 0.502347 0.509736 0.49149 5
6.0931238274 0.498325 0.505736 0.487512 0.502325 0.509736 0.491512 5
6.0831238274 0.498303 0.505736 0.487535 0.502303 0.509736 0.491535 5
6.0731238274 0.498295 0.505732 0.487529 0.502295 0.509732 0.491529 5
6.0631238274 0.498306 0.50572 0.487484 0.502306 0.50972 0.491484 5
6.0531238274 0.498317 0.505709 0.487439 0.502317 0.509709 0.491439 5
6.0431238274 0.49832 0.505698 0.487418 0.50232 0.509698 0.491418 5
6.0331238274 0.49832 0.505686 0.487406 0.50232 0.509686 0.491406 5
6.0231238274 0.49832 0.505675 0.487395 0.50232 0.509675 0.491395 5
6.0131238274 0.49832 0.505664 0.487384 0.50232 0.509664 0.491384 5
6.0031238274 0.49832 0.505652 0.487372 0.50232 0.509652 0.491372 5
5.9931238274 0.49832 0.505645 0.487361 0.50232 0.509645 0.491361 5
5.9831238274 0.49832 0.505645 0.487349 0.50232 0.509645 0.491349 5
5.9731238274 0.49832 0.505645 0.487338 0.50232 0.509645 0.491338 5
5.9631238274 0.498312 0.505636 0.487326 0.502312 0.509636 0.491326 5
5.9531238274 0.498301 0.505625 0.487314 0.502301 0.509625 0.491314 5
5.9431238274 0.49829 0.505613 0.487303 0.50229 0.509613 0.491303 5
5.9331238274 0.49829 0.505601 0.487291 0.50229 0.509601 0.491291 5
5.9231238274 0.49829 0.50559 0.487279 0.50229 0.50959 0.491279 5
5.9131238274 0.498284 0.505578 0.487267 0.502284 0.509578 0.491267 5
5.9031238274 0.498272 0.505566 0.487255 0.502272 0.509566 0.491255 5
5.8931238274 0.49826 0.505554 0.487243 0.50226 0.509554 0.491243 5
5.8831238274 0.498259 0.505542 0.487231 0.502259 0.509542 0.491231 5
5.8731238274 0.498259 0.50553 0.487219 0.502259 0.50953 0.491219 5
5.8631238274 0.498259 0.505523 0.487207 0.502259 0.509523 0.491207 5
5.8531238274 0.498259 0.505523 0.487195 0.502259 0.509523 0.491195 5
5.8431238274 0.498259 0.505523 0.487183 0.502259 0.509523 0.491183 5
5.8331238274 0.498249 0.505512 0.487171 0.502249 0.509512 0.491171 5
5.8231238274 0.498237 0.5055 0.487159 0.502237 0.5095 0.491159 5
5.8131238274 0.49823 0.505489 0.48715 0.50223 0.509489 0.49115 5
5.8031238274 0.498233 0.505479 0.487147 0.502233 0.509479 0.491147 5
5.7931238274 0.498236 0.50547 0.487144 0.502236 0.50947 0.491144 5
5.7831238274 0.498231 0.505458 0.487127 0.502231 0.509458 0.491127 5
5.7731238274 0.498225 0.505446 0.487108 0.502225 0.509446 0.491108 5
5.7631238274 0.498217 0.505432 0.487091 0.502217 0.509432 0.491091 5
5.7531238274 0.498208 0.505416 0.487075 0.502208 0.509416 0.491075 5
5.7431238274 0.498198 0.5054 0.487059 0.502198 0.5094 0.491059 5
5.7331238274 0.498202 0.505397 0.487056 0.502202 0.509397 0.491056 5
5.7231238274 0.498205 0.505394 0.487053 0.502205 0.509394 0.491053 5
5.7131238274 0.498202 0.505385 0.487044 0.502202 0.509385 0.491044 5
5.7031238274 0.498196 0.505372 0.487031 0.502196 0.509372 0.491031 5
5.6931238274 0.498191 0.505361 0.487019 0.502191 0.509361 0.491019 5
5.6831238274 0.498191 0.505355 0.487006 0.502191 0.509355 0.491006 5
5.6731238274 0.498191 0.505348 0.486993 0.502191 0.509348 0.490993 5
5.6631238274 0.498185 0.505336 0.48698 0.502185 0.509336 0.49098 5
5.6531238274 0.498179 0.505323 0.486967 0.502179 0.509323 0.490967 5
5.6431238274 0.498172 0.50531 0.486957 0.502172 0.50931 0.490957 5
5.6331238274 0.498166 0.505297 0.48695 0.502166 0.509297 0.49095 5
5.6231238274 0.49816 0.505285 0.486943 0.50216 0.509285 0.490943 5
5.6131238274 0.49816 0.505278 0.48693 0.50216 0.509278 0.49093 5
5.6031238274 0.49816 0.505272 0.486916 0.50216 0.509272 0.490916 5
5.5931238274 0.498154 0.505259 0.486903 0.502154 0.509259 0.490903 5
5.5831238274 0.498148 0.505246 0.48689 0.502148 0.509246 0.49089 5
5.5731238274 0.498145 0.505236 0.486876 0.502145 0.509236 0.490876 5
5.5631238274 0.498145 0.50523 0.486863 0.502145 0.50923 0.490863 5
5.5531238274 0.498143 0.505221 0.486851 0.502143 0.509221 0.490851 5
5.5431238274 0.498136 0.505207 0.486845 0.502136 0.509207 0.490845 5
5.5331238274 0.498129 0.505194 0.486837 0.502129 0.509194 0.490837 5
5.5231238274 0.498122 0.50518 0.486824 0.502122 0.50918 0.490824 5
5.5131238274 0.498116 0.505166 0.48681 0.502116 0.509166 0.49081 5
5.5031238274 0.498114 0.505158 0.486796 0.502114 0.509158 0.490796 5
5.4931238274 0.498114 0.505151 0.486782 0.502114 0.509151 0.490782 5
5.4831238274 0.49811 0.50514 0.486768 0.50211 0.50914 0.490768 5
5.4731238274 0.498103 0.505126 0.486754 0.502103 0.509126 0.490754 5
5.4631238274 0.498097 0.505114 0.486743 0.502097 0.509114 0.490743 5
5.4531238274 0.498092 0.505106 0.486734 0.502092 0.509106 0.490734 5
5.4431238274 0.498087 0.505096 0.486725 0.502087 0.509096 0.490725 5
5.4331238274 0.498083 0.505086 0.486714 0.502083 0.509086 0.490714 5
5.4231238274 0.49808 0.505075 0.486703 0.50208 0.509075 0.490703 5
5.4131238274 0.49808 0.50506 0.486693 0.50208 0.50906 0.490693 5
5.4031238274 0.49808 0.505046 0.486682 0.50208 0.509046 0.490682 5
5.3931238274 0.498076 0.505033 0.486669 0.502076 0.509033 0.490669 5
5.3831238274 0.498071 0.505019 0.486655 0.502071 0.509019 0.490655 5
5.3731238274 0.498065 0.505012 0.486641 0.502065 0.509012 0.490641 5
5.3631238274 0.498058 0.505006 0.486627 0.502058 0.509006 0.490627 5
5.3531238274 0.498052 0.504998 0.486615 0.502052 0.508998 0.490615 5
5.3431238274 0.498047 0.504989 0.486603 0.502047 0.508989 0.490603 5
5.3331238274 0.498044 0.504978 0.486592 0.502044 0.508978 0.490592 5
5.3231238274 0.498042 0.504966 0.486582 0.502042 0.508966 0.490582 5
5.3131238274 0.498038 0.504954 0.48657 0.502038 0.508954 0.49057 5
5.3031238274 0.498032 0.504941 0.486557 0.502032 0.508941 0.490557 5
5.2931238274 0.498027 0.50493 0.486544 0.502027 0.50893 0.490544 5
5.2831238274 0.498024 0.50492 0.486531 0.502024 0.50892 0.490531 5
5.2731238274 0.49802 0.504909 0.486519 0.50202 0.508909 0.490519 5
5.2631238274 0.498018 0.504898 0.486509 0.502018 0.508898 0.490509 5
5.2531238274 0.498013 0.504886 0.486497 0.502013 0.508886 0.490497 5
5.2431238274 0.498008 0.504874 0.486483 0.502008 0.508874 0.490483 5
5.2331238274 0.498003 0.504861 0.486471 0.502003 0.508861 0.490471 5
5.2231238274 0.497999 0.504849 0.486461 0.501999 0.508849 0.490461 5
5.2131238274 0.497995 0.504835 0.486449 0.501995 0.508835 0.490449 5
5.2031238274 0.49799 0.504821 0.486435 0.50199 0.508821 0.490435 5
5.1931238274 0.497985 0.504808 0.486422 0.501985 0.508808 0.490422 5
5.1831238274 0.497982 0.504796 0.48641 0.501982 0.508796 0.49041 5
5.1731238274 0.497977 0.504783 0.486396 0.501977 0.508783 0.490396 5
5.1631238274 0.497971 0.504769 0.486382 0.501971 0.508769 0.490382 5
5.1531238274 0.497966 0.504757 0.486369 0.501966 0.508757 0.490369 5
5.1431238274 0.497962 0.504746 0.486355 0.501962 0.508746 0.490355 5
5.1331238274 0.497957 0.504734 0.486342 0.501957 0.508734 0.490342 5
5.1231238274 0.497951 0.504721 0.486329 0.501951 0.508721 0.490329 5
5.1131238274 0.497945 0.504709 0.486315 0.501945 0.508709 0.490315 5
5.1031238274 0.49794 0.504697 0.486302 0.50194 0.508697 0.490302 5
5.0931238274 0.497936 0.504685 0.486289 0.501936 0.508685 0.490289 5
5.0831238274 0.497932 0.504672 0.486276 0.501932 0.508672 0.490276 5
5.0731238274 0.497927 0.504659 0.486263 0.501927 0.508659 0.490263 5
5.0631238274 0.497922 0.504646 0.48625 0.501922 0.508646 0.49025 5
5.0531238274 0.497918 0.504634 0.486237 0.501918 0.508634 0.490237 5
5.0431238274 0.497913 0.504621 0.486225 0.501913 0.508621 0.490225 5
5.0331238274 0.497907 0.504607 0.486211 0.501907 0.508607 0.490211 5
5.0231238274 0.497902 0.504595 0.486198 0.501902 0.508595 0.490198 5
5.0131238274 0.497899 0.504583 0.486184 0.501899 0.508583 0.490184 5
5.0031238274 0.497894 0.504572 0.486171 0.501894 0.508572 0.490171 5
4.9931238274 0.497888 0.50456 0.486158 0.501888 0.50856 0.490158 5
4.9831238274 0.497884 0.504548 0.486145 0.501884 0.508548 0.490145 5
4.9731238274 0.497881 0.504535 0.486131 0.501881 0.508535 0.490131 5
4.9631238274 0.497875 0.504522 0.486118 0.501875 0.508522 0.490118 5
4.9531238274 0.49787 0.504509 0.486105 0.50187 0.508509 0.490105 5
4.9431238274 0.497866 0.504496 0.486091 0.501866 0.508496 0.490091 5
4.9331238274 0.497861 0.504483 0.486077 0.501861 0.508483 0.490077 5
4.9231238274 0.497857 0.50447 0.486064 0.501857 0.50847 0.490064 5
4.9131238274 0.497852 0.504457 0.486051 0.501852 0.508457 0.490051 5
4.9031238274 0.497847 0.504444 0.486036 0.501847 0.508444 0.490036 5
4.8931238274 0.497841 0.504433 0.486023 0.501841 0.508433 0.490023 5
4.8831238274 0.497836 0.504421 0.48601 0.501836 0.508421 0.49001 5
4.8731238274 0.497831 0.504407 0.485997 0.501831 0.508407 0.489997 5
4.8631238274 0.497827 0.504394 0.485983 0.501827 0.508394 0.489983 5
4.8531238274 0.497822 0.504383 0.48597 0.501822 0.508383 0.48997 5
4.8431238274 0.497817 0.504369 0.485957 0.501817 0.508369 0.489957 5
4.8331238274 0.497812 0.504355 0.485945 0.501812 0.508355 0.489945 5
4.8231238274 0.497808 0.504342 0.485934 0.501808 0.508342 0.489934 5
4.8131238274 0.497803 0.504329 0.485922 0.501803 0.508329 0.489922 5
4.8031238274 0.497796 0.504315 0.485909 0.501796 0.508315 0.489909 5
4.7931238274 0.49779 0.504303 0.485896 0.50179 0.508303 0.489896 5
4.7831238274 0.497785 0.50429 0.485882 0.501785 0.50829 0.489882 5
4.7731238274 0.497778 0.504275 0.485869 0.501778 0.508275 0.489869 5
4.7631238274 0.497771 0.50426 0.485856 0.501771 0.50826 0.489856 5
4.7531238274 0.497765 0.504246 0.485842 0.501765 0.508246 0.489842 5
4.7431238274 0.497759 0.504232 0.485828 0.501759 0.508232 0.489828 5
4.7331238274 0.497751 0.504218 0.485814 0.501751 0.508218 0.489814 5
4.7231238274 0.497744 0.504204 0.485801 0.501744 0.508204 0.489801 5
4.7131238274 0.497737 0.504189 0.485788 0.501737 0.508189 0.489788 5
4.7031238274 0.49773 0.504175 0.485775 0.50173 0.508175 0.489775 5
4.6931238274 0.497721 0.504161 0.48576 0.501721 0.508161 0.48976 5
4.6831238274 0.49771 0.504146 0.485747 0.50171 0.508146 0.489747 5
4.6731238274 0.4977 0.504132 0.485733 0.5017 0.508132 0.489733 5
4.6631238274 0.49769 0.504117 0.485719 0.50169 0.508117 0.489719 5
4.6531238274 0.497678 0.504097 0.485691 0.501678 0.508097 0.489691 5
4.6431238274 0.497662 0.504059 0.485623 0.501662 0.508059 0.489623 5
4.6331238274 0.497655 0.504052 0.485629 0.501655 0.508052 0.489629 5
4.6231238274 0.497652 0.504053 0.485648 0.501652 0.508053 0.489648 5
4.6131238274 0.497652 0.504014 0.485569 0.501652 0.508014 0.489569 5
4.6031238274 0.49765 0.50399 0.485524 0.50165 0.50799 0.489524 5
4.5931238274 0.497648 0.503973 0.485502 0.501648 0.507973 0.489502 5
4.5831238274 0.497647 0.503957 0.485479 0.501647 0.507957 0.489479 5
4.5731238274 0.497643 0.503941 0.485458 0.501643 0.507941 0.489458 5
4.5631238274 0.497638 0.503924 0.485438 0.501638 0.507924 0.489438 5
4.5531238274 0.497636 0.503909 0.485417 0.501636 0.507909 0.489417 5
4.5431238274 0.497633 0.503893 0.485396 0.501633 0.507893 0.489396 5
4.5331238274 0.497631 0.503878 0.485375 0.501631 0.507878 0.489375 5
4.5231238274 0.497627 0.503861 0.485355 0.501627 0.507861 0.489355 5
4.5131238274 0.497622 0.503842 0.485334 0.501622 0.507842 0.489334 5
4.5031238274 0.497617 0.503823 0.485313 0.501617 0.507823 0.489313 5
4.4931238274 0.497615 0.503812 0.485294 0.501615 0.507812 0.489294 5
4.4831238274 0.497569 0.503813 0.485332 0.501569 0.507813 0.489332 5
4.4731238274 0.497517 0.503815 0.485375 0.501517 0.507815 0.489375 5
4.4631238274 0.49751 0.503799 0.485355 0.50151 0.507799 0.489355 5
4.4531238274 0.497504 0.503782 0.485335 0.501504 0.507782 0.489335 5
4.4431238274 0.497497 0.503764 0.485315 0.501497 0.507764 0.489315 5
4.4331238274 0.497492 0.503747 0.485293 0.501492 0.507747 0.489293 5
4.4231238274 0.497484 0.50373 0.485273 0.501484 0.50773 0.489273 5
4.4131238274 0.497476 0.503713 0.48525 0.501476 0.507713 0.48925 5
4.4031238274 0.497468 0.503696 0.485226 0.501468 0.507696 0.489226 5
4.3931238274 0.497461 0.503678 0.485203 0.501461 0.507678 0.489203 5
4.3831238274 0.497455 0.503661 0.485179 0.501455 0.507661 0.489179 5
4.3731238274 0.497449 0.503644 0.485156 0.501449 0.507644 0.489156 5
4.3631238274 0.497442 0.503626 0.485134 0.501442 0.507626 0.489134 5
4.3531238274 0.497438 0.503609 0.485112 0.501438 0.507609 0.489112 5
4.3431238274 0.497432 0.503592 0.485089 0.501432 0.507592 0.489089 5
4.3331238274 0.497426 0.503575 0.485065 0.501426 0.507575 0.489065 5
4.3231238274 0.497421 0.503559 0.485041 0.501421 0.507559 0.489041 5
4.3131238274 0.497415 0.50354 0.485018 0.501415 0.50754 0.489018 5
4.3031238274 0.497408 0.503522 0.484993 0.501408 0.507522 0.488993 5
4.2931238274 0.497403 0.503503 0.484968 0.501403 0.507503 0.488968 5
4.2831238274 0.497397 0.503484 0.484945 0.501397 0.507484 0.488945 5
4.2731238274 0.497392 0.503465 0.484921 0.501392 0.507465 0.488921 5
4.2631238274 0.497386 0.503446 0.484895 0.501386 0.507446 0.488895 5
4.2531238274 0.49738 0.503428 0.484868 0.50138 0.507428 0.488868 5
4.2431238274 0.497377 0.503408 0.48484 0.501377 0.507408 0.48884 5
4.2331238274 0.497374 0.503388 0.484815 0.501374 0.507388 0.488815 5
4.2231238274 0.497371 0.503368 0.484789 0.501371 0.507368 0.488789 5
4.2131238274 0.49737 0.503348 0.484762 0.50137 0.507348 0.488762 5
4.2031238274 0.49737 0.503327 0.484736 0.50137 0.507327 0.488736 5
4.1931238274 0.497371 0.503306 0.484715 0.501371 0.507306 0.488715 5
4.1831238274 0.497369 0.503286 0.484698 0.501369 0.507286 0.488698 5
4.1731238274 0.49735 0.503267 0.484675 0.50135 0.507267 0.488675 5
4.1631238274 0.497336 0.503248 0.484653 0.501336 0.507248 0.488653 5
4.1531238274 0.497346 0.503227 0.48464 0.501346 0.507227 0.48864 5
4.1431238274 0.49732 0.50321 0.484601 0.50132 0.50721 0.488601 5
4.1331238274 0.497311 0.50319 0.484574 0.501311 0.50719 0.488574 5
4.1231238274 0.497306 0.503172 0.484553 0.501306 0.507172 0.488553 5
4.1131238274 0.497302 0.503153 0.484532 0.501302 0.507153 0.488532 5
4.1031238274 0.497297 0.503131 0.484512 0.501297 0.507131 0.488512 5
4.0931238274 0.497286 0.503109 0.484491 0.501286 0.507109 0.488491 5
4.0831238274 0.497279 0.50309 0.484468 0.501279 0.50709 0.488468 5
4.0731238274 0.497272 0.50307 0.484445 0.501272 0.50707 0.488445 5
4.0631238274 0.497264 0.503049 0.484423 0.501264 0.507049 0.488423 5
4.0531238274 0.497256 0.503028 0.484399 0.501256 0.507028 0.488399 5
4.0431238274 0.497248 0.503007 0.484376 0.501248 0.507007 0.488376 5
4.0331238274 0.49724 0.502986 0.484353 0.50124 0.506986 0.488353 5
4.0231238274 0.497231 0.502965 0.484328 0.501231 0.506965 0.488328 5
4.0131238274 0.497225 0.502945 0.484304 0.501225 0.506945 0.488304 5
4.0031238274 0.497218 0.502924 0.48428 0.501218 0.506924 0.48828 5
3.9931238274 0.497211 0.502903 0.484256 0.501211 0.506903 0.488256 5
3.9831238274 0.497205 0.502882 0.484232 0.501205 0.506882 0.488232 5
3.9731238274 0.497198 0.502861 0.484208 0.501198 0.506861 0.488208 5
3.9631238274 0.497192 0.502839 0.484183 0.501192 0.506839 0.488183 5
3.9531238274 0.497186 0.502817 0.484159 0.501186 0.506817 0.488159 5
3.9431238274 0.49718 0.502795 0.484135 0.50118 0.506795 0.488135 5
3.9331238274 0.497174 0.502773 0.484112 0.501174 0.506773 0.488112 5
3.9231238274 0.497169 0.502749 0.484087 0.501169 0.506749 0.488087 5
3.9131238274 0.497162 0.502725 0.484064 0.501162 0.506725 0.488064 5
3.9031238274 0.497153 0.502703 0.484042 0.501153 0.506703 0.488042 5
3.8931238274 0.497145 0.502682 0.484019 0.501145 0.506682 0.488019 5
3.8831238274 0.497138 0.50266 0.483993 0.501138 0.50666 0.487993 5
3.8731238274 0.497131 0.502638 0.483967 0.501131 0.506638 0.487967 5
3.8631238274 0.497124 0.502616 0.483943 0.501124 0.506616 0.487943 5
3.8531238274 0.497117 0.502593 0.483918 0.501117 0.506593 0.487918 5
3.8431238274 0.49711 0.50257 0.483893 0.50111 0.50657 0.487893 5
3.8331238274 0.497103 0.502546 0.483868 0.501103 0.506546 0.487868 5
3.8231238274 0.497095 0.502523 0.483842 0.501095 0.506523 0.487842 5
3.8131238274 0.497088 0.502499 0.483817 0.501088 0.506499 0.487817 5
3.8031238274 0.497079 0.502474 0.483793 0.501079 0.506474 0.487793 5
3.7931238274 0.497072 0.50245 0.483768 0.501072 0.50645 0.487768 5
3.7831238274 0.497063 0.502426 0.483742 0.501063 0.506426 0.487742 5
3.7731238274 0.497054 0.502402 0.483718 0.501054 0.506402 0.487718 5
3.7631238274 0.497044 0.502378 0.483692 0.501044 0.506378 0.487692 5
3.7531238274 0.497035 0.502353 0.483666 0.501035 0.506353 0.487666 5
3.7431238274 0.497026 0.50233 0.483639 0.501026 0.50633 0.487639 5
3.7331238274 0.497016 0.502308 0.483613 0.501016 0.506308 0.487613 5
3.7231238274 0.497007 0.502284 0.483586 0.501007 0.506284 0.487586 5
3.7131238274 0.496998 0.502259 0.48356 0.500998 0.506259 0.48756 5
3.7031238274 0.496989 0.502235 0.483533 0.500989 0.506235 0.487533 5
3.6931238274 0.496978 0.502211 0.483507 0.500978 0.506211 0.487507 5
3.6831238274 0.496968 0.502187 0.483482 0.500968 0.506187 0.487482 5
3.6731238274 0.496958 0.502165 0.483455 0.500958 0.506165 0.487455 5
3.6631238274 0.496947 0.502142 0.483428 0.500947 0.506142 0.487428 5
3.6531238274 0.496938 0.502118 0.483402 0.500938 0.506118 0.487402 5
3.6431238274 0.496929 0.502096 0.483373 0.500929 0.506096 0.487373 5
3.6331238274 0.496919 0.502072 0.483344 0.500919 0.506072 0.487344 5
3.6231238274 0.496911 0.50205 0.483316 0.500911 0.50605 0.487316 5
3.6131238274 0.496902 0.502026 0.483288 0.500902 0.506026 0.487288 5
3.6031238274 0.496892 0.502004 0.483258 0.500892 0.506004 0.487258 5
3.5931238274 0.496884 0.501979 0.483229 0.500884 0.505979 0.487229 5
3.5831238274 0.496876 0.501955 0.483201 0.500876 0.505955 0.487201 5
3.5731238274 0.496866 0.50193 0.483172 0.500866 0.50593 0.487172 5
3.5631238274 0.496858 0.501905 0.483141 0.500858 0.505905 0.487141 5
3.5531238274 0.496849 0.501879 0.483111 0.500849 0.505879 0.487111 5
3.5431238274 0.496841 0.501853 0.483081 0.500841 0.505853 0.487081 5
3.5331238274 0.496831 0.501827 0.483051 0.500831 0.505827 0.487051 5
3.5231238274 0.496822 0.501801 0.483022 0.500822 0.505801 0.487022 5
3.5131238274 0.496814 0.501774 0.482992 0.500814 0.505774 0.486992 5
3.5031238274 0.496803 0.501746 0.482962 0.500803 0.505746 0.486962 5
3.4931238274 0.496795 0.501718 0.482932 0.500795 0.505718 0.486932 5
3.4831238274 0.496786 0.50169 0.482902 0.500786 0.50569 0.486902 5
3.4731238274 0.496777 0.501662 0.482872 0.500777 0.505662 0.486872 5
3.4631238274 0.496769 0.501633 0.482842 0.500769 0.505633 0.486842 5
3.4531238274 0.49676 0.501605 0.482812 0.50076 0.505605 0.486812 5
3.4431238274 0.49675 0.501576 0.482781 0.50075 0.505576 0.486781 5
3.4331238274 0.49674 0.501547 0.482752 0.50074 0.505547 0.486752 5
3.4231238274 0.496731 0.501518 0.482721 0.500731 0.505518 0.486721 5
3.4131238274 0.49672 0.501489 0.48269 0.50072 0.505489 0.48669 5
3.4031238274 0.496711 0.501458 0.48266 0.500711 0.505458 0.48666 5
3.3931238274 0.496702 0.501428 0.482629 0.500702 0.505428 0.486629 5
3.3831238274 0.496692 0.501398 0.482598 0.500692 0.505398 0.486598 5
3.3731238274 0.496682 0.501368 0.482568 0.500682 0.505368 0.486568 5
3.3631238274 0.496671 0.501337 0.482536 0.500671 0.505337 0.486536 5
3.3531238274 0.496662 0.501306 0.482505 0.500662 0.505306 0.486505 5
3.3431238274 0.496651 0.501276 0.482473 0.500651 0.505276 0.486473 5
3.3331238274 0.496641 0.501244 0.482441 0.500641 0.505244 0.486441 5
3.3231238274 0.49663 0.501212 0.482408 0.50063 0.505212 0.486408 5
3.3131238274 0.496619 0.50118 0.482377 0.500619 0.50518 0.486377 5
3.3031238274 0.496609 0.501148 0.482343 0.500609 0.505148 0.486343 5
3.2931238274 0.496597 0.501116 0.482311 0.500597 0.505116 0.486311 5
3.2831238274 0.496585 0.501083 0.482278 0.500585 0.505083 0.486278 5
3.2731238274 0.496574 0.501051 0.482247 0.500574 0.505051 0.486247 5
3.2631238274 0.496563 0.501018 0.482213 0.500563 0.505018 0.486213 5
3.2531238274 0.496551 0.500985 0.482181 0.500551 0.504985 0.486181 5
3.2431238274 0.49654 0.500953 0.482146 0.50054 0.504953 0.486146 5
3.2331238274 0.496529 0.500921 0.482113 0.500529 0.504921 0.486113 5
3.2231238274 0.496517 0.500888 0.482078 0.500517 0.504888 0.486078 5
3.2131238274 0.496507 0.500855 0.482045 0.500507 0.504855 0.486045 5
3.2031238274 0.496497 0.500821 0.482009 0.500497 0.504821 0.486009 5
3.1931238274 0.496487 0.500786 0.481976 0.500487 0.504786 0.485976 5
3.1831238274 0.496476 0.500753 0.481942 0.500476 0.504753 0.485942 5
3.1731238274 0.496466 0.500718 0.48191 0.500466 0.504718 0.48591 5
3.1631238274 0.496456 0.500682 0.481877 0.500456 0.504682 0.485877 5
3.1531238274 0.496447 0.500646 0.481843 0.500447 0.504646 0.485843 5
3.1431238274 0.496437 0.500608 0.481809 0.500437 0.504608 0.485809 5
3.1331238274 0.496426 0.500572 0.481777 0.500426 0.504572 0.485777 5
3.1231238274 0.496417 0.500534 0.481742 0.500417 0.504534 0.485742 5
3.1131238274 0.496407 0.500497 0.481708 0.500407 0.504497 0.485708 5
3.1031238274 0.496398 0.500459 0.481675 0.500398 0.504459 0.485675 5
3.0931238274 0.496387 0.50042 0.481642 0.500387 0.50442 0.485642 5
3.0831238274 0.496376 0.500381 0.481609 0.500376 0.504381 0.485609 5
3.0731238274 0.496365 0.500342 0.481576 0.500365 0.504342 0.485576 5
3.0631238274 0.496355 0.500303 0.481543 0.500355 0.504303 0.485543 5
3.0531238274 0.496345 0.500264 0.48151 0.500345 0.504264 0.48551 5
3.0431238274 0.496334 0.500226 0.481476 0.500334 0.504226 0.485476 5
3.0331238274 0.496325 0.500186 0.481443 0.500325 0.504186 0.485443 5
3.0231238274 0.496315 0.500149 0.481409 0.500315 0.504149 0.485409 5
3.0131238274 0.496305 0.500109 0.481375 0.500305 0.504109 0.485375 5
3.0031238274 0.496295 0.500069 0.481341 0.500295 0.504069 0.485341 5
2.9931238274 0.496285 0.500028 0.481306 0.500285 0.504028 0.485306 5
2.9831238274 0.496274 0.499987 0.481272 0.500274 0.503987 0.485272 5
2.9731238274 0.496263 0.499947 0.481239 0.500263 0.503947 0.485239 5
2.9631238274 0.496252 0.499907 0.481204 0.500252 0.503907 0.485204 5
2.9531238274 0.496242 0.499865 0.481169 0.500242 0.503865 0.485169 5
2.9431238274 0.49623 0.499823 0.481137 0.50023 0.503823 0.485137 5
2.9331238274 0.496219 0.49978 0.481103 0.500219 0.50378 0.485103 5
2.9231238274 0.496209 0.499737 0.481067 0.500209 0.503737 0.485067 5
2.9131238274 0.496198 0.499693 0.481033 0.500198 0.503693 0.485033 5
2.9031238274 0.496188 0.499646 0.480999 0.500188 0.503646 0.484999 5
2.8931238274 0.496176 0.4996 0.480965 0.500176 0.5036 0.484965 5
2.8831238274 0.496166 0.499554 0.480932 0.500166 0.503554 0.484932 5
2.8731238274 0.496153 0.499508 0.480898 0.500153 0.503508 0.484898 5
2.8631238274 0.496141 0.499461 0.480865 0.500141 0.503461 0.484865 5
2.8531238274 0.49613 0.499415 0.480831 0.50013 0.503415 0.484831 5
2.8431238274 0.496118 0.499369 0.480796 0.500118 0.503369 0.484796 5
2.8331238274 0.496106 0.499322 0.480761 0.500106 0.503322 0.484761 5
2.8231238274 0.496094 0.499273 0.480727 0.500094 0.503273 0.484727 5
2.8131238274 0.496083 0.499223 0.480693 0.500083 0.503223 0.484693 5
2.8031238274 0.49607 0.499172 0.480662 0.50007 0.503172 0.484662 5
2.7931238274 0.496057 0.49912 0.480631 0.500057 0.50312 0.484631 5
2.7831238274 0.496044 0.49907 0.4806 0.500044 0.50307 0.4846 5
2.7731238274 0.496029 0.499021 0.48057 0.500029 0.503021 0.48457 5
2.7631238274 0.496014 0.498969 0.48054 0.500014 0.502969 0.48454 5
2.7531238274 0.495999 0.498922 0.480512 0.499999 0.502922 0.484512 5
2.7431238274 0.495986 0.498894 0.480491 0.499986 0.502894 0.484491 5
2.7331238274 0.495979 0.498928 0.480469 0.499979 0.502928 0.484469 5
2.7231238274 0.495976 0.498876 0.480411 0.499976 0.502876 0.484411 5
2.7131238274 0.495961 0.498783 0.480373 0.499961 0.502783 0.484373 5
2.7031238274 0.495948 0.49872 0.480345 0.499948 0.50272 0.484345 5
2.6931238274 0.495954 0.498695 0.480269 0.499954 0.502695 0.484269 5
2.6831238274 0.495954 0.49864 0.480201 0.499954 0.50264 0.484201 5
2.6731238274 0.495949 0.498578 0.480156 0.499949 0.502578 0.484156 5
2.6631238274 0.495943 0.498518 0.480113 0.499943 0.502518 0.484113 5
2.6531238274 0.49594 0.498457 0.48007 0.49994 0.502457 0.48407 5
2.6431238274 0.495935 0.498396 0.480027 0.499935 0.502396 0.484027 5
2.6331238274 0.495926 0.498333 0.479986 0.499926 0.502333 0.483986 5
2.6231238274 0.495917 0.498271 0.479946 0.499917 0.502271 0.483946 5
2.6131238274 0.495906 0.498209 0.479908 0.499906 0.502209 0.483908 5
2.6031238274 0.495893 0.498147 0.479872 0.499893 0.502147 0.483872 5
2.5931238274 0.49588 0.498093 0.47984 0.49988 0.502093 0.48384 5
2.5831238274 0.495874 0.498045 0.479807 0.499874 0.502045 0.483807 5
2.5731238274 0.495871 0.498 0.479769 0.499871 0.502 0.483769 5
2.5631238274 0.495867 0.497956 0.479733 0.499867 0.501956 0.483733 5
2.5531238274 0.495869 0.497916 0.479695 0.499869 0.501916 0.483695 5
2.5431238274 0.495875 0.497872 0.479657 0.499875 0.501872 0.483657 5
2.5331238274 0.495882 0.497832 0.479622 0.499882 0.501832 0.483622 5
2.5231238274 0.49589 0.497787 0.479585 0.49989 0.501787 0.483585 5
2.5131238274 0.495895 0.497742 0.479548 0.499895 0.501742 0.483548 5
2.5031238274 0.495899 0.497693 0.479513 0.499899 0.501693 0.483513 5
2.4931238274 0.495903 0.497643 0.479477 0.499903 0.501643 0.483477 5
2.4831238274 0.495904 0.49759 0.479445 0.499904 0.50159 0.483445 5
2.4731238274 0.4959 0.497533 0.479414 0.4999 0.501533 0.483414 5
2.4631238274 0.495892 0.497472 0.47939 0.499892 0.501472 0.48339 5
2.4531238274 0.495874 0.49742 0.479379 0.499874 0.50142 0.483379 5
2.4431238274 0.495863 0.497367 0.47935 0.499863 0.501367 0.48335 5
2.4331238274 0.495846 0.497316 0.479322 0.499846 0.501316 0.483322 5
2.4231238274 0.495832 0.497268 0.479293 0.499832 0.501268 0.483293 5
2.4131238274 0.495821 0.497222 0.479261 0.499821 0.501222 0.483261 5
2.4031238274 0.495812 0.497179 0.479227 0.499812 0.501179 0.483227 5
2.3931238274 0.495804 0.497136 0.479191 0.499804 0.501136 0.483191 5
2.3831238274 0.495801 0.497095 0.479151 0.499801 0.501095 0.483151 5
2.3731238274 0.495792 0.497052 0.479116 0.499792 0.501052 0.483116 5
2.3631238274 0.495784 0.497007 0.479077 0.499784 0.501007 0.483077 5
2.3531238274 0.495777 0.496965 0.479036 0.499777 0.500965 0.483036 5
2.3431238274 0.495771 0.49692 0.478992 0.499771 0.50092 0.482992 5
2.3331238274 0.495764 0.496873 0.478944 0.499764 0.500873 0.482944 5
2.3231238274 0.495764 0.496822 0.478891 0.499764 0.500822 0.482891 5
2.3131238274 0.495768 0.496761 0.478839 0.499768 0.500761 0.482839 5
2.3031238274 0.495771 0.496693 0.478799 0.499771 0.500693 0.482799 5
2.2931238274 0.495773 0.496628 0.478767 0.499773 0.500628 0.482767 5
2.2831238274 0.495775 0.496569 0.47874 0.499775 0.500569 0.48274 5
2.2731238274 0.495773 0.496517 0.478715 0.499773 0.500517 0.482715 5
2.2631238274 0.495769 0.496474 0.47868 0.499769 0.500474 0.48268 5
2.2531238274 0.495774 0.496417 0.478635 0.499774 0.500417 0.482635 5
2.2431238274 0.495781 0.496349 0.478605 0.499781 0.500349 0.482605 5
2.2331238274 0.49578 0.496295 0.478586 0.49978 0.500295 0.482586 5
2.2231238274 0.495786 0.496229 0.47855 0.499786 0.500229 0.48255 5
2.2131238274 0.495785 0.496171 0.478531 0.499785 0.500171 0.482531 5
2.2031238274 0.495792 0.496098 0.478516 0.499792 0.500098 0.482516 5
2.1931238274 0.495806 0.49604 0.478469 0.499806 0.50004 0.482469 5
2.1831238274 0.495807 0.495987 0.478394 0.499807 0.499987 0.482394 5
2.1731238274 0.495818 0.495932 0.47833 0.499818 0.499932 0.48233 5
2.1631238274 0.495826 0.495875 0.478261 0.499826 0.499875 0.482261 5
2.1531238274 0.495836 0.495818 0.478195 0.499836 0.499818 0.482195 5
2.1431238274 0.495844 0.495757 0.478133 0.499844 0.499757 0.482133 5
2.1331238274 0.495848 0.495689 0.478074 0.499848 0.499689 0.482074 5
2.1231238274 0.495844 0.495625 0.47803 0.499844 0.499625 0.48203 5
2.1131238274 0.495841 0.495573 0.477991 0.499841 0.499573 0.481991 5
2.1031238274 0.495838 0.495527 0.477951 0.499838 0.499527 0.481951 5
2.0931238274 0.495836 0.495482 0.47791 0.499836 0.499482 0.48191 5
2.0831238274 0.495834 0.495445 0.477869 0.499834 0.499445 0.481869 5
2.0731238274 0.495832 0.495409 0.477825 0.499832 0.499409 0.481825 5
2.0631238274 0.49583 0.495373 0.47778 0.49983 0.499373 0.48178 5
2.0531238274 0.49583 0.495341 0.47773 0.49983 0.499341 0.48173 5
2.0431238274 0.495831 0.495309 0.47768 0.499831 0.499309 0.48168 5
2.0331238274 0.495834 0.495276 0.477628 0.499834 0.499276 0.481628 5
2.0231238274 0.495836 0.495242 0.477574 0.499836 0.499242 0.481574 5
2.0131238274 0.495838 0.495207 0.477518 0.499838 0.499207 0.481518 5
2.0031238274 0.495842 0.495172 0.477463 0.499842 0.499172 0.481463 5
------------ -0.002 -0.002 -0.002 0.002 0.002 0.002 5
redshift -0.002 -0.002 -0.002 0.002 0.002 0.002 5
