6.2231238274 0.499397 0.506843 0.488594 0.501397 0.508843 0.490594 10
6.2131238274 0.499397 0.506843 0.488585 0.501397 0.508843 0.490585 10
6.2031238274 0.499397 0.506843 0.488564 0.501397 0.508843 0.490564 10
6.1931238274 0.499397 0.506843 0.488542 0.501397 0.508843 0.490542 10
6.1831238274 0.499397 0.506843 0.488532 0.501397 0.508843 0.490532 10
6.1731238274 0.499397 0.506843 0.488532 0.501397 0.508843 0.490532 10
6.1631238274 0.499397 0.506843 0.488532 0.501397 0.508843 0.490532 10
6.1531238274 0.499385 0.506823 0.488529 0.501385 0.508823 0.490529 10
6.1431238274 0.499369 0.506796 0.488523 0.501369 0.508796 0.490523 10
6.1331238274 0.499352 0.506769 0.488518 0.501352 0.508769 0.490518 10
6.1231238274 0.499351 0.506757 0.488507 0.501351 0.508757 0.490507 10
6.1131238274 0.499351 0.506745 0.488496 0.501351 0.508745 0.490496 10
6.1031238274 0.499347 0.506736 0.48849 0.501347 0.508736 0.49049 10
6.0931238274 0.499325 0.506736 0.488512 0.501325 0.508736 0.490512 10
6.0831238274 0.499303 0.506736 0.488535 0.501303 0.508736 0.490535 10
6.0731238274 0.499295 0.506732 0.488529 0.501295 0.508732 0.490529 10
6.0631238274 0.499306 0.50672 0.488484 0.501306 0.50872 0.490484 10
6.0531238274 0.499317 0.506709 0.488439 0.501317 0.508709 0.490439 10
6.0431238274 0.49932 0.506698 0.488418 0.50132 0.508698 0.490418 10
6.0331238274 0.49932 0.506686 0.488406 0.50132 0.508686 0.490406 10
6.0231238274 0.49932 0.506675 0.488395 0.50132 0.508675 0.490395 10
6.0131238274 0.49932 0.506664 0.488384 0.50132 0.508664 0.490384 10
6.0031238274 0.49932 0.506652 0.488372 0.50132 0.508652 0.490372 10
5.9931238274 0.49932 0.506645 0.488361 0.50132 0.508645 0.490361 10
5.9831238274 0.49932 0.506645 0.488349 0.50132 0.508645 0.490349 10
5.9731238274 0.49932 0.506645 0.488338 0.50132 0.508645 0.490338 10
5.9631238274 0.499312 0.506636 0.488326 0.501312 0.508636 0.490326 10
5.9531238274 0.499301 0.506625 0.488314 0.501301 0.508625 0.490314 10
5.9431238274 0.49929 0.506613 0.488303 0.50129 0.508613 0.490303 10
5.9331238274 0.49929 0.506601 0.488291 0.50129 0.508601 0.490291 10
5.9231238274 0.49929 0.50659 0.488279 0.50129 0.50859 0.490279 10
5.9131238274 0.499284 0.506578 0.488267 0.501284 0.508578 0.490267 10
5.9031238274 0.499272 0.506566 0.488255 0.501272 0.508566 0.490255 10
5.8931238274 0.49926 0.506554 0.488243 0.50126 0.508554 0.490243 10
5.8831238274 0.499259 0.506542 0.488231 0.501259 0.508542 0.490231 10
5.8731238274 0.499259 0.50653 0.488219 0.501259 0.50853 0.490219 10
5.8631238274 0.499259 0.506523 0.488207 0.501259 0.508523 0.490207 10
5.8531238274 0.499259 0.506523 0.488195 0.501259 0.508523 0.490195 10
5.8431238274 0.499259 0.506523 0.488183 0.501259 0.508523 0.490183 10
5.8331238274 0.499249 0.506512 0.488171 0.501249 0.508512 0.490171 10
5.8231238274 0.499237 0.5065 0.488159 0.501237 0.5085 0.490159 10
5.8131238274 0.49923 0.506489 0.48815 0.50123 0.508489 0.49015 10
5.8031238274 0.499233 0.506479 0.488147 0.501233 0.508479 0.490147 10
5.7931238274 0.499236 0.50647 0.488144 0.501236 0.50847 0.490144 10
5.7831238274 0.499231 0.506458 0.488127 0.501231 0.508458 0.490127 10
5.7731238274 0.499225 0.506446 0.488108 0.501225 0.508446 0.490108 10
5.7631238274 0.499217 0.506432 0.488091 0.501217 0.508432 0.490091 10
5.7531238274 0.499208 0.506416 0.488075 0.501208 0.508416 0.490075 10
5.7431238274 0.499198 0.5064 0.488059 0.501198 0.5084 0.490059 10
5.7331238274 0.499202 0.506397 0.488056 0.501202 0.508397 0.490056 10
5.7231238274 0.499205 0.506394 0.488053 0.501205 0.508394 0.490053 10
5.7131238274 0.499202 0.506385 0.488044 0.501202 0.508385 0.490044 10
5.7031238274 0.499196 0.506372 0.488031 0.501196 0.508372 0.490031 10
5.6931238274 0.499191 0.506361 0.488019 0.501191 0.508361 0.490019 10
5.6831238274 0.499191 0.506355 0.488006 0.501191 0.508355 0.490006 10
5.6731238274 0.499191 0.506348 0.487993 0.501191 0.508348 0.489993 10
5.6631238274 0.499185 0.506336 0.48798 0.501185 0.508336 0.48998 10
5.6531238274 0.499179 0.506323 0.487967 0.501179 0.508323 0.489967 10
5.6431238274 0.499172 0.50631 0.487957 0.501172 0.50831 0.489957 10
5.6331238274 0.499166 0.506297 0.48795 0.501166 0.508297 0.48995 10
5.6231238274 0.49916 0.506285 0.487943 0.50116 0.508285 0.489943 10
5.6131238274 0.49916 0.506278 0.48793 0.50116 0.508278 0.48993 10
5.6031238274 0.49916 0.506272 0.487916 0.50116 0.508272 0.489916 10
5.5931238274 0.499154 0.506259 0.487903 0.501154 0.508259 0.489903 10
5.5831238274 0.499148 0.506246 0.48789 0.501148 0.508246 0.48989 10
5.5731238274 0.499145 0.506236 0.487876 0.501145 0.508236 0.489876 10
5.5631238274 0.499145 0.50623 0.487863 0.501145 0.50823 0.489863 10
5.5531238274 0.499143 0.506221 0.487851 0.501143 0.508221 0.489851 10
5.5431238274 0.499136 0.506207 0.487845 0.501136 0.508207 0.489845 10
5.5331238274 0.499129 0.506194 0.487837 0.501129 0.508194 0.489837 10
5.5231238274 0.499122 0.50618 0.487824 0.501122 0.50818 0.489824 10
5.5131238274 0.499116 0.506166 0.48781 0.501116 0.508166 0.48981 10
5.5031238274 0.499114 0.506158 0.487796 0.501114 0.508158 0.489796 10
5.4931238274 0.499114 0.506151 0.487782 0.501114 0.508151 0.489782 10
5.4831238274 0.49911 0.50614 0.487768 0.50111 0.50814 0.489768 10
5.4731238274 0.499103 0.506126 0.487754 0.501103 0.508126 0.489754 10
5.4631238274 0.499097 0.506114 0.487743 0.501097 0.508114 0.489743 10
5.4531238274 0.499092 0.506106 0.487734 0.501092 0.508106 0.489734 10
5.4431238274 0.499087 0.506096 0.487725 0.501087 0.508096 0.489725 10
5.4331238274 0.499083 0.506086 0.487714 0.501083 0.508086 0.489714 10
5.4231238274 0.49908 0.506075 0.487703 0.50108 0.508075 0.489703 10
5.4131238274 0.49908 0.50606 0.487693 0.50108 0.50806 0.489693 10
5.4031238274 0.49908 0.506046 0.487682 0.50108 0.508046 0.489682 10
5.3931238274 0.499076 0.506033 0.487669 0.501076 0.508033 0.489669 10
5.3831238274 0.499071 0.506019 0.487655 0.501071 0.508019 0.489655 10
5.3731238274 0.499065 0.506012 0.487641 0.501065 0.508012 0.489641 10
5.3631238274 0.499058 0.506006 0.487627 0.501058 0.508006 0.489627 10
5.3531238274 0.499052 0.505998 0.487615 0.501052 0.507998 0.489615 10
5.3431238274 0.499047 0.505989 0.487603 0.501047 0.507989 0.489603 10
5.3331238274 0.499044 0.505978 0.487592 0.501044 0.507978 0.489592 10
5.3231238274 0.499042 0.505966 0.487582 0.501042 0.507966 0.489582 10
5.3131238274 0.499038 0.505954 0.48757 0.501038 0.507954 0.48957 10
5.3031238274 0.499032 0.505941 0.487557 0.501032 0.507941 0.489557 10
5.2931238274 0.499027 0.50593 0.487544 0.501027 0.50793 0.489544 10
5.2831238274 0.499024 0.50592 0.487531 0.501024 0.50792 0.489531 10
5.2731238274 0.49902 0.505909 0.487519 0.50102 0.507909 0.489519 10
5.2631238274 0.499018 0.505898 0.487509 0.501018 0.507898 0.489509 10
5.2531238274 0.499013 0.505886 0.487497 0.501013 0.507886 0.489497 10
5.2431238274 0.499008 0.505874 0.487483 0.501008 0.507874 0.489483 10
5.2331238274 0.499003 0.505861 0.487471 0.501003 0.507861 0.489471 10
5.2231238274 0.498999 0.505849 0.487461 0.500999 0.507849 0.489461 10
5.2131238274 0.498995 0.505835 0.487449 0.500995 0.507835 0.489449 10
5.2031238274 0.49899 0.505821 0.487435 0.50099 0.507821 0.489435 10
5.1931238274 0.498985 0.505808 0.487422 0.500985 0.507808 0.489422 10
5.1831238274 0.498982 0.505796 0.48741 0.500982 0.507796 0.48941 10
5.1731238274 0.498977 0.505783 0.487396 0.500977 0.507783 0.489396 10
5.1631238274 0.498971 0.505769 0.487382 0.500971 0.507769 0.489382 10
5.1531238274 0.498966 0.505757 0.487369 0.500966 0.507757 0.489369 10
5.1431238274 0.498962 0.505746 0.487355 0.500962 0.507746 0.489355 10
5.1331238274 0.498957 0.505734 0.487342 0.500957 0.507734 0.489342 10
5.1231238274 0.498951 0.505721 0.487329 0.500951 0.507721 0.489329 10
5.1131238274 0.498945 0.505709 0.487315 0.500945 0.507709 0.489315 10
5.1031238274 0.49894 0.505697 0.487302 0.50094 0.507697 0.489302 10
5.0931238274 0.498936 0.505685 0.487289 0.500936 0.507685 0.489289 10
5.0831238274 0.498932 0.505672 0.487276 0.500932 0.507672 0.489276 10
5.0731238274 0.498927 0.505659 0.487263 0.500927 0.507659 0.489263 10
5.0631238274 0.498922 0.505646 0.48725 0.500922 0.507646 0.48925 10
5.0531238274 0.498918 0.505634 0.487237 0.500918 0.507634 0.489237 10
5.0431238274 0.498913 0.505621 0.487225 0.500913 0.507621 0.489225 10
5.0331238274 0.498907 0.505607 0.487211 0.500907 0.507607 0.489211 10
5.0231238274 0.498902 0.505595 0.487198 0.500902 0.507595 0.489198 10
5.0131238274 0.498899 0.505583 0.487184 0.500899 0.507583 0.489184 10
5.0031238274 0.498894 0.505572 0.487171 0.500894 0.507572 0.489171 10
4.9931238274 0.498888 0.50556 0.487158 0.500888 0.50756 0.489158 10
4.9831238274 0.498884 0.505548 0.487145 0.500884 0.507548 0.489145 10
4.9731238274 0.498881 0.505535 0.487131 0.500881 0.507535 0.489131 10
4.9631238274 0.498875 0.505522 0.487118 0.500875 0.507522 0.489118 10
4.9531238274 0.49887 0.505509 0.487105 0.50087 0.507509 0.489105 10
4.9431238274 0.498866 0.505496 0.487091 0.500866 0.507496 0.489091 10
4.9331238274 0.498861 0.505483 0.487077 0.500861 0.507483 0.489077 10
4.9231238274 0.498857 0.50547 0.487064 0.500857 0.50747 0.489064 10
4.9131238274 0.498852 0.505457 0.487051 0.500852 0.507457 0.489051 10
4.9031238274 0.498847 0.505444 0.487036 0.500847 0.507444 0.489036 10
4.8931238274 0.498841 0.505433 0.487023 0.500841 0.507433 0.489023 10
4.8831238274 0.498836 0.505421 0.48701 0.500836 0.507421 0.48901 10
4.8731238274 0.498831 0.505407 0.486997 0.500831 0.507407 0.488997 10
4.8631238274 0.498827 0.505394 0.486983 0.500827 0.507394 0.488983 10
4.8531238274 0.498822 0.505383 0.48697 0.500822 0.507383 0.48897 10
4.8431238274 0.498817 0.505369 0.486957 0.500817 0.507369 0.488957 10
4.8331238274 0.498812 0.505355 0.486945 0.500812 0.507355 0.488945 10
4.8231238274 0.498808 0.505342 0.486934 0.500808 0.507342 0.488934 10
4.8131238274 0.498803 0.505329 0.486922 0.500803 0.507329 0.488922 10
4.8031238274 0.498796 0.505315 0.486909 0.500796 0.507315 0.488909 10
4.7931238274 0.49879 0.505303 0.486896 0.50079 0.507303 0.488896 10
4.7831238274 0.498785 0.50529 0.486882 0.500785 0.50729 0.488882 10
4.7731238274 0.498778 0.505275 0.486869 0.500778 0.507275 0.488869 10
4.7631238274 0.498771 0.50526 0.486856 0.500771 0.50726 0.488856 10
4.7531238274 0.498765 0.505246 0.486842 0.500765 0.507246 0.488842 10
4.7431238274 0.498759 0.505232 0.486828 0.500759 0.507232 0.488828 10
4.7331238274 0.498751 0.505218 0.486814 0.500751 0.507218 0.488814 10
4.7231238274 0.498744 0.505204 0.486801 0.500744 0.507204 0.488801 10
4.7131238274 0.498737 0.505189 0.486788 0.500737 0.507189 0.488788 10
4.7031238274 0.49873 0.505175 0.486775 0.50073 0.507175 0.488775 10
4.6931238274 0.498721 0.505161 0.48676 0.500721 0.507161 0.48876 10
4.6831238274 0.49871 0.505146 0.486747 0.50071 0.507146 0.488747 10
4.6731238274 0.4987 0.505132 0.486733 0.5007 0.507132 0.488733 10
4.6631238274 0.49869 0.505117 0.486719 0.50069 0.507117 0.488719 10
4.6531238274 0.498678 0.505097 0.486691 0.500678 0.507097 0.488691 10
4.6431238274 0.498662 0.505059 0.486623 0.500662 0.507059 0.488623 10
4.6331238274 0.498655 0.505052 0.486629 0.500655 0.507052 0.488629 10
4.6231238274 0.498652 0.505053 0.486648 0.500652 0.507053 0.488648 10
4.6131238274 0.498652 0.505014 0.486569 0.500652 0.507014 0.488569 10
4.6031238274 0.49865 0.50499 0.486524 0.50065 0.50699 0.488524 10
4.5931238274 0.498648 0.504973 0.486502 0.500648 0.506973 0.488502 10
4.5831238274 0.498647 0.504957 0.486479 0.500647 0.506957 0.488479 10
4.5731238274 0.498643 0.504941 0.486458 0.500643 0.506941 0.488458 10
4.5631238274 0.498638 0.504924 0.486438 0.500638 0.506924 0.488438 10
4.5531238274 0.498636 0.504909 0.486417 0.500636 0.506909 0.488417 10
4.5431238274 0.498633 0.504893 0.486396 0.500633 0.506893 0.488396 10
4.5331238274 0.498631 0.504878 0.486375 0.500631 0.506878 0.488375 10
4.5231238274 0.498627 0.504861 0.486355 0.500627 0.506861 0.488355 10
4.5131238274 0.498622 0.504842 0.486334 0.500622 0.506842 0.488334 10
4.5031238274 0.498617 0.504823 0.486313 0.500617 0.506823 0.488313 10
4.4931238274 0.498615 0.504812 0.486294 0.500615 0.506812 0.488294 10
4.4831238274 0.498569 0.504813 0.486332 0.500569 0.506813 0.488332 10
4.4731238274 0.498517 0.504815 0.486375 0.500517 0.506815 0.488375 10
4.4631238274 0.49851 0.504799 0.486355 0.50051 0.506799 0.488355 10
4.4531238274 0.498504 0.504782 0.486335 0.500504 0.506782 0.488335 10
4.4431238274 0.498497 0.504764 0.486315 0.500497 0.506764 0.488315 10
4.4331238274 0.498492 0.504747 0.486293 0.500492 0.506747 0.488293 10
4.4231238274 0.498484 0.50473 0.486273 0.500484 0.50673 0.488273 10
4.4131238274 0.498476 0.504713 0.48625 0.500476 0.506713 0.48825 10
4.4031238274 0.498468 0.504696 0.486226 0.500468 0.506696 0.488226 10
4.3931238274 0.498461 0.504678 0.486203 0.500461 0.506678 0.488203 10
4.3831238274 0.498455 0.504661 0.486179 0.500455 0.506661 0.488179 10
4.3731238274 0.498449 0.504644 0.486156 0.500449 0.506644 0.488156 10
4.3631238274 0.498442 0.504626 0.486134 0.500442 0.506626 0.488134 10
4.3531238274 0.498438 0.504609 0.486112 0.500438 0.506609 0.488112 10
4.3431238274 0.498432 0.504592 0.486089 0.500432 0.506592 0.488089 10
4.3331238274 0.498426 0.504575 0.486065 0.500426 0.506575 0.488065 10
4.3231238274 0.498421 0.504559 0.486041 0.500421 0.506559 0.488041 10
4.3131238274 0.498415 0.50454 0.486018 0.500415 0.50654 0.488018 10
4.3031238274 0.498408 0.504522 0.485993 0.500408 0.506522 0.487993 10
4.2931238274 0.498403 0.504503 0.485968 0.500403 0.506503 0.487968 10
4.2831238274 0.498397 0.504484 0.485945 0.500397 0.506484 0.487945 10
4.2731238274 0.498392 0.504465 0.485921 0.500392 0.506465 0.487921 10
4.2631238274 0.498386 0.504446 0.485895 0.500386 0.506446 0.487895 10
4.2531238274 0.49838 0.504428 0.485868 0.50038 0.506428 0.487868 10
4.2431238274 0.498377 0.504408 0.48584 0.500377 0.506408 0.48784 10
4.2331238274 0.498374 0.504388 0.485815 0.500374 0.506388 0.487815 10
4.2231238274 0.498371 0.504368 0.485789 0.500371 0.506368 0.487789 10
4.2131238274 0.49837 0.504348 0.485762 0.50037 0.506348 0.487762 10
4.2031238274 0.49837 0.504327 0.485736 0.50037 0.506327 0.487736 10
4.1931238274 0.498371 0.504306 0.485715 0.500371 0.506306 0.487715 10
4.1831238274 0.498369 0.504286 0.485698 0.500369 0.506286 0.487698 10
4.1731238274 0.49835 0.504267 0.485675 0.50035 0.506267 0.487675 10
4.1631238274 0.498336 0.504248 0.485653 0.500336 0.506248 0.487653 10
4.1531238274 0.498346 0.504227 0.48564 0.500346 0.506227 0.48764 10
4.1431238274 0.49832 0.50421 0.485601 0.50032 0.50621 0.487601 10
4.1331238274 0.498311 0.50419 0.485574 0.500311 0.50619 0.487574 10
4.1231238274 0.498306 0.504172 0.485553 0.500306 0.506172 0.487553 10
4.1131238274 0.498302 0.504153 0.485532 0.500302 0.506153 0.487532 10
4.1031238274 0.498297 0.504131 0.485512 0.500297 0.506131 0.487512 10
4.0931238274 0.498286 0.504109 0.485491 0.500286 0.506109 0.487491 10
4.0831238274 0.498279 0.50409 0.485468 0.500279 0.50609 0.487468 10
4.0731238274 0.498272 0.50407 0.485445 0.500272 0.50607 0.487445 10
4.0631238274 0.498264 0.504049 0.485423 0.500264 0.506049 0.487423 10
4.0531238274 0.498256 0.504028 0.485399 0.500256 0.506028 0.487399 10
4.0431238274 0.498248 0.504007 0.485376 0.500248 0.506007 0.487376 10
4.0331238274 0.49824 0.503986 0.485353 0.50024 0.505986 0.487353 10
4.0231238274 0.498231 0.503965 0.485328 0.500231 0.505965 0.487328 10
4.0131238274 0.498225 0.503945 0.485304 0.500225 0.505945 0.487304 10
4.0031238274 0.498218 0.503924 0.48528 0.500218 0.505924 0.48728 10
3.9931238274 0.498211 0.503903 0.485256 0.500211 0.505903 0.487256 10
3.9831238274 0.498205 0.503882 0.485232 0.500205 0.505882 0.487232 10
3.9731238274 0.498198 0.503861 0.485208 0.500198 0.505861 0.487208 10
3.9631238274 0.498192 0.503839 0.485183 0.500192 0.505839 0.487183 10
3.9531238274 0.498186 0.503817 0.485159 0.500186 0.505817 0.487159 10
3.9431238274 0.49818 0.503795 0.485135 0.50018 0.505795 0.487135 10
3.9331238274 0.498174 0.503773 0.485112 0.500174 0.505773 0.487112 10
3.9231238274 0.498169 0.503749 0.485087 0.500169 0.505749 0.487087 10
3.9131238274 0.498162 0.503725 0.485064 0.500162 0.505725 0.487064 10
3.9031238274 0.498153 0.503703 0.485042 0.500153 0.505703 0.487042 10
3.8931238274 0.498145 0.503682 0.485019 0.500145 0.505682 0.487019 10
3.8831238274 0.498138 0.50366 0.484993 0.500138 0.50566 0.486993 10
3.8731238274 0.498131 0.503638 0.484967 0.500131 0.505638 0.486967 10
3.8631238274 0.498124 0.503616 0.484943 0.500124 0.505616 0.486943 10
3.8531238274 0.498117 0.503593 0.484918 0.500117 0.505593 0.486918 10
3.8431238274 0.49811 0.50357 0.484893 0.50011 0.50557 0.486893 10
3.8331238274 0.498103 0.503546 0.484868 0.500103 0.505546 0.486868 10
3.8231238274 0.498095 0.503523 0.484842 0.500095 0.505523 0.486842 10
3.8131238274 0.498088 0.503499 0.484817 0.500088 0.505499 0.486817 10
3.8031238274 0.498079 0.503474 0.484793 0.500079 0.505474 0.486793 10
3.7931238274 0.498072 0.50345 0.484768 0.500072 0.50545 0.486768 10
3.7831238274 0.498063 0.503426 0.484742 0.500063 0.505426 0.486742 10
3.7731238274 0.498054 0.503402 0.484718 0.500054 0.505402 0.486718 10
3.7631238274 0.498044 0.503378 0.484692 0.500044 0.505378 0.486692 10
3.7531238274 0.498035 0.503353 0.484666 0.500035 0.505353 0.486666 10
3.7431238274 0.498026 0.50333 0.484639 0.500026 0.50533 0.486639 10
3.7331238274 0.498016 0.503308 0.484613 0.500016 0.505308 0.486613 10
3.7231238274 0.498007 0.503284 0.484586 0.500007 0.505284 0.486586 10
3.7131238274 0.497998 0.503259 0.48456 0.499998 0.505259 0.48656 10
3.7031238274 0.497989 0.503235 0.484533 0.499989 0.505235 0.486533 10
3.6931238274 0.497978 0.503211 0.484507 0.499978 0.505211 0.486507 10
3.6831238274 0.497968 0.503187 0.484482 0.499968 0.505187 0.486482 10
3.6731238274 0.497958 0.503165 0.484455 0.499958 0.505165 0.486455 10
3.6631238274 0.497947 0.503142 0.484428 0.499947 0.505142 0.486428 10
3.6531238274 0.497938 0.503118 0.484402 0.499938 0.505118 0.486402 10
3.6431238274 0.497929 0.503096 0.484373 0.499929 0.505096 0.486373 10
3.6331238274 0.497919 0.503072 0.484344 0.499919 0.505072 0.486344 10
3.6231238274 0.497911 0.50305 0.484316 0.499911 0.50505 0.486316 10
3.6131238274 0.497902 0.503026 0.484288 0.499902 0.505026 0.486288 10
3.6031238274 0.497892 0.503004 0.484258 0.499892 0.505004 0.486258 10
3.5931238274 0.497884 0.502979 0.484229 0.499884 0.504979 0.486229 10
3.5831238274 0.497876 0.502955 0.484201 0.499876 0.504955 0.486201 10
3.5731238274 0.497866 0.50293 0.484172 0.499866 0.50493 0.486172 10
3.5631238274 0.497858 0.502905 0.484141 0.499858 0.504905 0.486141 10
3.5531238274 0.497849 0.502879 0.484111 0.499849 0.504879 0.486111 10
3.5431238274 0.497841 0.502853 0.484081 0.499841 0.504853 0.486081 10
3.5331238274 0.497831 0.502827 0.484051 0.499831 0.504827 0.486051 10
3.5231238274 0.497822 0.502801 0.484022 0.499822 0.504801 0.486022 10
3.5131238274 0.497814 0.502774 0.483992 0.499814 0.504774 0.485992 10
3.5031238274 0.497803 0.502746 0.483962 0.499803 0.504746 0.485962 10
3.4931238274 0.497795 0.502718 0.483932 0.499795 0.504718 0.485932 10
3.4831238274 0.497786 0.50269 0.483902 0.499786 0.50469 0.485902 10
3.4731238274 0.497777 0.502662 0.483872 0.499777 0.504662 0.485872 10
3.4631238274 0.497769 0.502633 0.483842 0.499769 0.504633 0.485842 10
3.4531238274 0.49776 0.502605 0.483812 0.49976 0.504605 0.485812 10
3.4431238274 0.49775 0.502576 0.483781 0.49975 0.504576 0.485781 10
3.4331238274 0.49774 0.502547 0.483752 0.49974 0.504547 0.485752 10
3.4231238274 0.497731 0.502518 0.483721 0.499731 0.504518 0.485721 10
3.4131238274 0.49772 0.502489 0.48369 0.49972 0.504489 0.48569 10
3.4031238274 0.497711 0.502458 0.48366 0.499711 0.504458 0.48566 10
3.3931238274 0.497702 0.502428 0.483629 0.499702 0.504428 0.485629 10
3.3831238274 0.497692 0.502398 0.483598 0.499692 0.504398 0.485598 10
3.3731238274 0.497682 0.502368 0.483568 0.499682 0.504368 0.485568 10
3.3631238274 0.497671 0.502337 0.483536 0.499671 0.504337 0.485536 10
3.3531238274 0.497662 0.502306 0.483505 0.499662 0.504306 0.485505 10
3.3431238274 0.497651 0.502276 0.483473 0.499651 0.504276 0.485473 10
3.3331238274 0.497641 0.502244 0.483441 0.499641 0.504244 0.485441 10
3.3231238274 0.49763 0.502212 0.483408 0.49963 0.504212 0.485408 10
3.3131238274 0.497619 0.50218 0.483377 0.499619 0.50418 0.485377 10
3.3031238274 0.497609 0.502148 0.483343 0.499609 0.504148 0.485343 10
3.2931238274 0.497597 0.502116 0.483311 0.499597 0.504116 0.485311 10
3.2831238274 0.497585 0.502083 0.483278 0.499585 0.504083 0.485278 10
3.2731238274 0.497574 0.502051 0.483247 0.499574 0.504051 0.485247 10
3.2631238274 0.497563 0.502018 0.483213 0.499563 0.504018 0.485213 10
3.2531238274 0.497551 0.501985 0.483181 0.499551 0.503985 0.485181 10
3.2431238274 0.49754 0.501953 0.483146 0.49954 0.503953 0.485146 10
3.2331238274 0.497529 0.501921 0.483113 0.499529 0.503921 0.485113 10
3.2231238274 0.497517 0.501888 0.483078 0.499517 0.503888 0.485078 10
3.2131238274 0.497507 0.501855 0.483045 0.499507 0.503855 0.485045 10
3.2031238274 0.497497 0.501821 0.483009 0.499497 0.503821 0.485009 10
3.1931238274 0.497487 0.501786 0.482976 0.499487 0.503786 0.484976 10
3.1831238274 0.497476 0.501753 0.482942 0.499476 0.503753 0.484942 10
3.1731238274 0.497466 0.501718 0.48291 0.499466 0.503718 0.48491 10
3.1631238274 0.497456 0.501682 0.482877 0.499456 0.503682 0.484877 10
3.1531238274 0.497447 0.501646 0.482843 0.499447 0.503646 0.484843 10
3.1431238274 0.497437 0.501608 0.482809 0.499437 0.503608 0.484809 10
3.1331238274 0.497426 0.501572 0.482777 0.499426 0.503572 0.484777 10
3.1231238274 0.497417 0.501534 0.482742 0.499417 0.503534 0.484742 10
3.1131238274 0.497407 0.501497 0.482708 0.499407 0.503497 0.484708 10
3.1031238274 0.497398 0.501459 0.482675 0.499398 0.503459 0.484675 10
3.0931238274 0.497387 0.50142 0.482642 0.499387 0.50342 0.484642 10
3.0831238274 0.497376 0.501381 0.482609 0.499376 0.503381 0.484609 10
3.0731238274 0.497365 0.501342 0.482576 0.499365 0.503342 0.484576 10
3.0631238274 0.497355 0.501303 0.482543 0.499355 0.503303 0.484543 10
3.0531238274 0.497345 0.501264 0.48251 0.499345 0.503264 0.48451 10
3.0431238274 0.497334 0.501226 0.482476 0.499334 0.503226 0.484476 10
3.0331238274 0.497325 0.501186 0.482443 0.499325 0.503186 0.484443 10
3.0231238274 0.497315 0.501149 0.482409 0.499315 0.503149 0.484409 10
3.0131238274 0.497305 0.501109 0.482375 0.499305 0.503109 0.484375 10
3.0031238274 0.497295 0.501069 0.482341 0.499295 0.503069 0.484341 10
2.9931238274 0.497285 0.501028 0.482306 0.499285 0.503028 0.484306 10
2.9831238274 0.497274 0.500987 0.482272 0.499274 0.502987 0.484272 10
2.9731238274 0.497263 0.500947 0.482239 0.499263 0.502947 0.484239 10
2.9631238274 0.497252 0.500907 0.482204 0.499252 0.502907 0.484204 10
2.9531238274 0.497242 0.500865 0.482169 0.499242 0.502865 0.484169 10
2.9431238274 0.49723 0.500823 0.482137 0.49923 0.502823 0.484137 10
2.9331238274 0.497219 0.50078 0.482103 0.499219 0.50278 0.484103 10
2.9231238274 0.497209 0.500737 0.482067 0.499209 0.502737 0.484067 10
2.9131238274 0.497198 0.500693 0.482033 0.499198 0.502693 0.484033 10
2.9031238274 0.497188 0.500646 0.481999 0.499188 0.502646 0.483999 10
2.8931238274 0.497176 0.5006 0.481965 0.499176 0.5026 0.483965 10
2.8831238274 0.497166 0.500554 0.481932 0.499166 0.502554 0.483932 10
2.8731238274 0.497153 0.500508 0.481898 0.499153 0.502508 0.483898 10
2.8631238274 0.497141 0.500461 0.481865 0.499141 0.502461 0.483865 10
2.8531238274 0.49713 0.500415 0.481831 0.49913 0.502415 0.483831 10
2.8431238274 0.497118 0.500369 0.481796 0.499118 0.502369 0.483796 10
2.8331238274 0.497106 0.500322 0.481761 0.499106 0.502322 0.483761 10
2.8231238274 0.497094 0.500273 0.481727 0.499094 0.502273 0.483727 10
2.8131238274 0.497083 0.500223 0.481693 0.499083 0.502223 0.483693 10
2.8031238274 0.49707 0.500172 0.481662 0.49907 0.502172 0.483662 10
2.7931238274 0.497057 0.50012 0.481631 0.499057 0.50212 0.483631 10
2.7831238274 0.497044 0.50007 0.4816 0.499044 0.50207 0.4836 10
2.7731238274 0.497029 0.500021 0.48157 0.499029 0.502021 0.48357 10
2.7631238274 0.497014 0.499969 0.48154 0.499014 0.501969 0.48354 10
2.7531238274 0.496999 0.499922 0.481512 0.498999 0.501922 0.483512 10
2.7431238274 0.496986 0.499894 0.481491 0.498986 0.501894 0.483491 10
2.7331238274 0.496979 0.499928 0.481469 0.498979 0.501928 0.483469 10
2.7231238274 0.496976 0.499876 0.481411 0.498976 0.501876 0.483411 10
2.7131238274 0.496961 0.499783 0.481373 0.498961 0.501783 0.483373 10
2.7031238274 0.496948 0.49972 0.481345 0.498948 0.50172 0.483345 10
2.6931238274 0.496954 0.499695 0.481269 0.498954 0.501695 0.483269 10
2.6831238274 0.496954 0.49964 0.481201 0.498954 0.50164 0.483201 10
2.6731238274 0.496949 0.499578 0.481156 0.498949 0.501578 0.483156 10
2.6631238274 0.496943 0.499518 0.481113 0.498943 0.501518 0.483113 10
2.6531238274 0.49694 0.499457 0.48107 0.49894 0.501457 0.48307 10
2.6431238274 0.496935 0.499396 0.481027 0.498935 0.501396 0.483027 10
2.6331238274 0.496926 0.499333 0.480986 0.498926 0.501333 0.482986 10
2.6231238274 0.496917 0.499271 0.480946 0.498917 0.501271 0.482946 10
2.6131238274 0.496906 0.499209 0.480908 0.498906 0.501209 0.482908 10
2.6031238274 0.496893 0.499147 0.480872 0.498893 0.501147 0.482872 10
2.5931238274 0.49688 0.499093 0.48084 0.49888 0.501093 0.48284 10
2.5831238274 0.496874 0.499045 0.480807 0.498874 0.501045 0.482807 10
2.5731238274 0.496871 0.499 0.480769 0.498871 0.501 0.482769 10
2.5631238274 0.496867 0.498956 0.480733 0.498867 0.500956 0.482733 10
2.5531238274 0.496869 0.498916 0.480695 0.498869 0.500916 0.482695 10
2.5431238274 0.496875 0.498872 0.480657 0.498875 0.500872 0.482657 10
2.5331238274 0.496882 0.498832 0.480622 0.498882 0.500832 0.482622 10
2.5231238274 0.49689 0.498787 0.480585 0.49889 0.500787 0.482585 10
2.5131238274 0.496895 0.498742 0.480548 0.498895 0.500742 0.482548 10
2.5031238274 0.496899 0.498693 0.480513 0.498899 0.500693 0.482513 10
2.4931238274 0.496903 0.498643 0.480477 0.498903 0.500643 0.482477 10
2.4831238274 0.496904 0.49859 0.480445 0.498904 0.50059 0.482445 10
2.4731238274 0.4969 0.498533 0.480414 0.4989 0.500533 0.482414 10
2.4631238274 0.496892 0.498472 0.48039 0.498892 0.500472 0.48239 10
2.4531238274 0.496874 0.49842 0.480379 0.498874 0.50042 0.482379 10
2.4431238274 0.496863 0.498367 0.48035 0.498863 0.500367 0.48235 10
2.4331238274 0.496846 0.498316 0.480322 0.498846 0.500316 0.482322 10
2.4231238274 0.496832 0.498268 0.480293 0.498832 0.500268 0.482293 10
2.4131238274 0.496821 0.498222 0.480261 0.498821 0.500222 0.482261 10
2.4031238274 0.496812 0.498179 0.480227 0.498812 0.500179 0.482227 10
2.3931238274 0.496804 0.498136 0.480191 0.498804 0.500136 0.482191 10
2.3831238274 0.496801 0.498095 0.480151 0.498801 0.500095 0.482151 10
2.3731238274 0.496792 0.498052 0.480116 0.498792 0.500052 0.482116 10
2.3631238274 0.496784 0.498007 0.480077 0.498784 0.500007 0.482077 10
2.3531238274 0.496777 0.497965 0.480036 0.498777 0.499965 0.482036 10
2.3431238274 0.496771 0.49792 0.479992 0.498771 0.49992 0.481992 10
2.3331238274 0.496764 0.497873 0.479944 0.498764 0.499873 0.481944 10
2.3231238274 0.496764 0.497822 0.479891 0.498764 0.499822 0.481891 10
2.3131238274 0.496768 0.497761 0.479839 0.498768 0.499761 0.481839 10
2.3031238274 0.496771 0.497693 0.479799 0.498771 0.499693 0.481799 10
2.2931238274 0.496773 0.497628 0.479767 0.498773 0.499628 0.481767 10
2.2831238274 0.496775 0.497569 0.47974 0.498775 0.499569 0.48174 10
2.2731238274 0.496773 0.497517 0.479715 0.498773 0.499517 0.481715 10
2.2631238274 0.496769 0.497474 0.47968 0.498769 0.499474 0.48168 10
2.2531238274 0.496774 0.497417 0.479635 0.498774 0.499417 0.481635 10
2.2431238274 0.496781 0.497349 0.479605 0.498781 0.499349 0.481605 10
2.2331238274 0.49678 0.497295 0.479586 0.49878 0.499295 0.481586 10
2.2231238274 0.496786 0.497229 0.47955 0.498786 0.499229 0.48155 10
2.2131238274 0.496785 0.497171 0.479531 0.498785 0.499171 0.481531 10
2.2031238274 0.496792 0.497098 0.479516 0.498792 0.499098 0.481516 10
2.1931238274 0.496806 0.49704 0.479469 0.498806 0.49904 0.481469 10
2.1831238274 0.496807 0.496987 0.479394 0.498807 0.498987 0.481394 10
2.1731238274 0.496818 0.496932 0.47933 0.498818 0.498932 0.48133 10
2.1631238274 0.496826 0.496875 0.479261 0.498826 0.498875 0.481261 10
2.1531238274 0.496836 0.496818 0.479195 0.498836 0.498818 0.481195 10
2.1431238274 0.496844 0.496757 0.479133 0.498844 0.498757 0.481133 10
2.1331238274 0.496848 0.496689 0.479074 0.498848 0.498689 0.481074 10
2.1231238274 0.496844 0.496625 0.47903 0.498844 0.498625 0.48103 10
2.1131238274 0.496841 0.496573 0.478991 0.498841 0.498573 0.480991 10
2.1031238274 0.496838 0.496527 0.478951 0.498838 0.498527 0.480951 10
2.0931238274 0.496836 0.496482 0.47891 0.498836 0.498482 0.48091 10
2.0831238274 0.496834 0.496445 0.478869 0.498834 0.498445 0.480869 10
2.0731238274 0.496832 0.496409 0.478825 0.498832 0.498409 0.480825 10
2.0631238274 0.49683 0.496373 0.47878 0.49883 0.498373 0.48078 10
2.0531238274 0.49683 0.496341 0.47873 0.49883 0.498341 0.48073 10
2.0431238274 0.496831 0.496309 0.47868 0.498831 0.498309 0.48068 10
2.0331238274 0.496834 0.496276 0.478628 0.498834 0.498276 0.480628 10
2.0231238274 0.496836 0.496242 0.478574 0.498836 0.498242 0.480574 10
2.0131238274 0.496838 0.496207 0.478518 0.498838 0.498207 0.480518 10
2.0031238274 0.496842 0.496172 0.478463 0.498842 0.498172 0.480463 10
2.00         0.496842 0.496172 0.478463 0.498842 0.498172 0.480463 10
