-160.0 0.0
-159.0 6.879529945686001e-06
-158.0 6.958348263704692e-06
-157.0 7.052945008242381e-06
-156.0 7.1590620420528395e-06
-155.0 7.234821454763786e-06
-154.0 7.3234413433149165e-06
-153.0 7.3926184593467875e-06
-152.0 7.458658726386418e-06
-151.0 7.575070971740037e-06
-150.0 7.715694806021342e-06
-149.0 7.83358646965563e-06
-148.0 7.991036677663846e-06
-147.0 8.163435472942818e-06
-146.0 8.287741138930103e-06
-145.0 8.456270635458317e-06
-144.0 8.612351189007894e-06
-143.0 8.78155106179475e-06
-142.0 8.921886763014775e-06
-141.0 9.01347675895246e-06
-140.0 9.126998011453095e-06
-139.0 9.260379236931283e-06
-138.0 9.410236200901916e-06
-137.0 9.651748149370946e-06
-136.0 9.968641498904273e-06
-135.0 1.026760281186917e-05
-134.0 1.0554078616841333e-05
-133.0 1.0852618182356554e-05
-132.0 1.111591227732709e-05
-131.0 1.1386454930668788e-05
-130.0 1.1595932783797629e-05
-129.0 1.1808218656688607e-05
-128.0 1.1940353708975255e-05
-127.0 1.2191384517556277e-05
-126.0 1.2454235457234049e-05
-125.0 1.2744378778309999e-05
-124.0 1.300555946489733e-05
-123.0 1.3260622352860065e-05
-122.0 1.3525622818920808e-05
-121.0 1.375721446697252e-05
-120.0 1.3975792476280645e-05
-119.0 1.4205731369427545e-05
-118.0 1.4394895825419112e-05
-117.0 1.460037631226496e-05
-116.0 1.4763144829228211e-05
-115.0 1.492919110658293e-05
-114.0 1.5031465634827591e-05
-113.0 1.5262646647459108e-05
-112.0 1.5612360033848254e-05
-111.0 1.6015882172879456e-05
-110.0 1.6372358092752098e-05
-109.0 1.685266107244396e-05
-108.0 1.7340030107027318e-05
-107.0 1.7831650612629824e-05
-106.0 1.8338978804508724e-05
-105.0 1.8896067149743434e-05
-104.0 1.9550526228992863e-05
-103.0 2.027034061936524e-05
-102.0 2.0969402381516062e-05
-101.0 2.1588763626321116e-05
-100.0 2.2054441186054913e-05
-99.0 2.224870790720401e-05
-98.0 2.2519026321276243e-05
-97.0 2.3003076658273926e-05
-96.0 2.3481516440440313e-05
-95.0 2.3956131121721742e-05
-94.0 2.4455068158385618e-05
-93.0 2.4815894833288738e-05
-92.0 2.5101075680619336e-05
-91.0 2.546369068483034e-05
-90.0 2.585096981181848e-05
-89.0 2.6348304365352657e-05
-88.0 2.689350828895013e-05
-87.0 2.73793515152034e-05
-86.0 2.7868690169322017e-05
-85.0 2.8217125558644266e-05
-84.0 2.876360877424557e-05
-83.0 2.9349696620708848e-05
-82.0 3.0035809737934435e-05
-81.0 3.0849223282253474e-05
-80.0 3.181763687480811e-05
-79.0 3.30148728314502e-05
-78.0 3.429611047786439e-05
-77.0 3.620255584614592e-05
-76.0 3.847410240553857e-05
-75.0 4.129258029068385e-05
-74.0 4.433686940434261e-05
-73.0 4.743945423150193e-05
-72.0 5.05427944156546e-05
-71.0 5.360785543803152e-05
-70.0 5.665685372180189e-05
-69.0 5.9597995167925306e-05
-68.0 6.260185182400919e-05
-67.0 6.598589468663714e-05
-66.0 6.946680333119906e-05
-65.0 7.318793158051248e-05
-64.0 7.771163387569204e-05
-63.0 8.233849719283383e-05
-62.0 8.740899979250145e-05
-61.0 9.228947706960361e-05
-60.0 9.797455882633111e-05
-59.0 0.00010399283639002452
-58.0 0.00011173862556387553
-57.0 0.00012146014208597899
-56.0 0.00013347580279804384
-55.0 0.00014749270042648232
-54.0 0.00016367185023732298
-53.0 0.0001823557843232
-52.0 0.00020355176122372756
-51.0 0.00022684166434931702
-50.0 0.00025168007208174303
-49.0 0.0002769421199440677
-48.0 0.0002943411046942787
-47.0 0.0003104467014599852
-46.0 0.00032888276683497785
-45.0 0.00034599538329628597
-44.0 0.00036564947458079015
-43.0 0.00038445212957704763
-42.0 0.0004033967392457463
-41.0 0.0004257020695368569
-40.0 0.00045339018292865917
-39.0 0.00048118285862150455
-38.0 0.0005165568691993336
-37.0 0.0005539849884443691
-36.0 0.0005948531626781598
-35.0 0.0006534272069620596
-34.0 0.0007294650398987942
-33.0 0.0008019358627029453
-32.0 0.0008717909477421444
-31.0 0.0009347052778742658
-30.0 0.0010191529669629018
-29.0 0.001110849684489702
-28.0 0.0012035879258239257
-27.0 0.0013227903763406651
-26.0 0.0014532069417781668
-25.0 0.0015718459035185457
-24.0 0.0016836546347488953
-23.0 0.0018141344507144027
-22.0 0.0019322143728688636
-21.0 0.0020630330839680163
-20.0 0.0021714515157669366
-19.0 0.002337268779132531
-18.0 0.002585473639044562
-17.0 0.0028849262332398882
-16.0 0.003211249837738029
-15.0 0.003576057000467284
-14.0 0.003995216858282951
-13.0 0.004479302979476967
-12.0 0.005111609898763152
-11.0 0.005963891677574272
-10.0 0.007168618429582511
-9.0 0.008892095726584087
-8.0 0.011559372221423725
-7.0 0.01568757031523849
-6.0 0.021452604541972807
-5.0 0.029521890258276576
-4.0 0.04000888571573208
-3.0 0.05426179682138327
-2.0 0.07408854718838397
-1.0 0.09226957534111957
0.0 0.10230323463099855
1.0 0.09931998177069776
2.0 0.08546960066031176
3.0 0.06670617519374056
4.0 0.04857642916998182
5.0 0.03621145463975594
6.0 0.026281144535819572
7.0 0.019139354310146267
8.0 0.0140261231732995
9.0 0.010469057351758324
10.0 0.00808203299167007
11.0 0.0065128962354811986
12.0 0.005490951532183848
13.0 0.004732342387365468
14.0 0.004158380955438426
15.0 0.0036694444298154385
16.0 0.003320946211318434
17.0 0.003005872208243117
18.0 0.0027229476466005356
19.0 0.0024733377885514224
20.0 0.002255599400406981
21.0 0.0020431983175475386
22.0 0.0018487511732002177
23.0 0.0016755123060602476
24.0 0.0015268862486590119
25.0 0.0014123484149046323
26.0 0.0012813808221893513
27.0 0.0011333671839170443
28.0 0.0010063592252197856
29.0 0.0009004307167392734
30.0 0.000807806510248807
31.0 0.000723864626319325
32.0 0.0006422531480730408
33.0 0.0005647586551316937
34.0 0.0005043914715714226
35.0 0.0004472723576869391
36.0 0.00039810823431855424
37.0 0.0003572436786743658
38.0 0.00032364903580897587
39.0 0.0002948279660226304
40.0 0.00027013234077598433
41.0 0.00024884660168793694
42.0 0.00022860399755096178
43.0 0.00020972266756488398
44.0 0.00019308813597297786
45.0 0.00017761870647014125
46.0 0.00016305480938833667
47.0 0.00014878303246791393
48.0 0.00013504189406875154
49.0 0.00012243664427134742
50.0 0.00011133161833095783
51.0 0.00010168431278663196
52.0 9.437051097212073e-05
53.0 8.959044434622454e-05
54.0 8.529421991051051e-05
55.0 8.162389393198264e-05
56.0 7.745687895613514e-05
57.0 7.424833856261564e-05
58.0 7.119466034088534e-05
59.0 6.88974502543447e-05
60.0 6.646751075139147e-05
61.0 6.373851585861728e-05
62.0 6.147495450748515e-05
63.0 5.9666404943832434e-05
64.0 5.764724122187926e-05
65.0 5.588008761233061e-05
66.0 5.402489582185651e-05
67.0 5.248756207635662e-05
68.0 5.0449941167190357e-05
69.0 4.83875792875062e-05
70.0 4.624558624711881e-05
71.0 4.4221957104404116e-05
72.0 4.231504083215433e-05
73.0 4.054170650812108e-05
74.0 3.882249967614027e-05
75.0 3.712358486378616e-05
76.0 3.554999593160665e-05
77.0 3.402243544369367e-05
78.0 3.236052762253484e-05
79.0 3.080859769529036e-05
80.0 2.944467056542382e-05
81.0 2.8160979809143232e-05
82.0 2.7231489439499408e-05
83.0 2.6595312241299302e-05
84.0 2.6064351881887747e-05
85.0 2.5610007093033674e-05
86.0 2.49817875675642e-05
87.0 2.472325020639581e-05
88.0 2.4228356884829966e-05
89.0 2.3818506526688792e-05
90.0 2.3109320539070342e-05
91.0 2.2504545706666602e-05
92.0 2.209925609494171e-05
93.0 2.178884260037775e-05
94.0 2.1631079861755958e-05
95.0 2.1410215839945458e-05
96.0 2.0972189721887267e-05
97.0 2.0521159740748558e-05
98.0 2.0171181312140907e-05
99.0 1.998470784742489e-05
100.0 1.9811589270040123e-05
101.0 1.938738623708347e-05
102.0 1.8863126062811183e-05
103.0 1.8346347188496672e-05
104.0 1.77355639223917e-05
105.0 1.710324992116198e-05
106.0 1.6490033457410836e-05
107.0 1.5939129772520984e-05
108.0 1.5481795313061444e-05
109.0 1.5025901718618247e-05
110.0 1.4679938270974495e-05
111.0 1.433243043938964e-05
112.0 1.415683280492615e-05
113.0 1.3984537039433825e-05
114.0 1.3892359848452753e-05
115.0 1.369835823519622e-05
116.0 1.35532545155262e-05
117.0 1.3447329544320636e-05
118.0 1.3352532183095823e-05
119.0 1.3225451908354214e-05
120.0 1.3063731298889067e-05
121.0 1.2890783038037718e-05
122.0 1.2630717399278276e-05
123.0 1.2336661763542712e-05
124.0 1.20717878959188e-05
125.0 1.1753384505974963e-05
126.0 1.15606044283354e-05
127.0 1.1373780511403413e-05
128.0 1.1217540264644885e-05
129.0 1.1050688361965828e-05
130.0 1.081790891245467e-05
131.0 1.048495523396259e-05
132.0 1.0164305590664554e-05
133.0 9.944070729821316e-06
134.0 9.754188853658625e-06
135.0 9.560543521825866e-06
136.0 9.267939394757182e-06
137.0 8.962563619880364e-06
138.0 8.73833217945316e-06
139.0 8.632290323968e-06
140.0 8.576255373048426e-06
141.0 8.552609169905907e-06
142.0 8.44131331042495e-06
143.0 8.335211731631252e-06
144.0 8.247198506510448e-06
145.0 8.148081819656513e-06
146.0 8.070318051401478e-06
147.0 7.931255405518186e-06
148.0 7.826517262150873e-06
149.0 7.696677341678834e-06
150.0 7.548296261046057e-06
151.0 7.4438538568879035e-06
152.0 7.312244389178569e-06
153.0 7.1974458938716946e-06
154.0 7.083052065400979e-06
155.0 6.981279751056499e-06
156.0 6.905000186206023e-06
157.0 6.864330918208665e-06
158.0 6.771831092884132e-06
159.0 6.73666041076911e-06
160.0 6.666196064045821e-06
