root_index
19679131.0
19682337.0
19682425.0
19682484.0
19683867.0
19683869.0
19685430.0
19685666.0
19685724.0
19685754.0
19687112.0
19687113.0
19687164.0
19687257.0
19687315.0
19687316.0
19687343.0
19687344.0
19687373.0
19688703.0
19688752.0
19688902.0
19688933.0
19688936.0
19688962.0
19688963.0
19688964.0
19688965.0
19688966.0
19688994.0
19689023.0
19690523.0
19690525.0
19690553.0
19690554.0
19690555.0
19690582.0
19690583.0
19690584.0
19690585.0
19690586.0
19690612.0
19690613.0
19690614.0
19690642.0
19690643.0
19692113.0
19692142.0
19692144.0
19692172.0
19692173.0
19692174.0
19692202.0
19692203.0
19692204.0
19692232.0
19692233.0
19692234.0
19692262.0
19693591.0
19693677.0
19693763.0
19693765.0
19693792.0
19693793.0
19693794.0
19693795.0
19693822.0
19693823.0
19693824.0
19693825.0
19693852.0
19693853.0
19695383.0
19695412.0
19695413.0
19695414.0
19695442.0
19695444.0
19752141.0
19752171.0
19752201.0
19753761.0
19753791.0
19753821.0
19755411.0
19755441.0
19757031.0
20942062.0
20942063.0
20942064.0
20942065.0
20942066.0
20942067.0
20942068.0
20942069.0
20942070.0
20942071.0
20942072.0
20942073.0
20942074.0
20942076.0
20942077.0
20942080.0
20942083.0
20942085.0
20942088.0
20942089.0
20942091.0
20942097.0
20942101.0
20942102.0
20942110.0
20942111.0
20942112.0
20942120.0
20942121.0
20942122.0
20942123.0
20942137.0
20942139.0
20942140.0
20942151.0
20942153.0
20942154.0
20942155.0
20942156.0
20942172.0
20942174.0
20942175.0
20942176.0
20942179.0
20942193.0
20942194.0
20942211.0
20942227.0
20942228.0
20942229.0
20942230.0
20942233.0
20942251.0
20942254.0
20942255.0
20942274.0
20942275.0
20942276.0
20942277.0
20942278.0
20942279.0
20942302.0
20942303.0
20942306.0
20942307.0
20942308.0
20942309.0
20942333.0
20942335.0
20942336.0
20942337.0
20942338.0
20942339.0
20942342.0
20942363.0
20942364.0
20942376.0
20942377.0
20942378.0
20942379.0
20942380.0
20942381.0
20942396.0
20942403.0
20942404.0
20942405.0
20942406.0
20942407.0
20942430.0
20942431.0
20942432.0
20942433.0
20942434.0
20942435.0
20942436.0
20942437.0
20942438.0
20942467.0
20942468.0
20942469.0
20942472.0
20942473.0
20942474.0
20942475.0
20942527.0
20942528.0
20942529.0
20942530.0
20942532.0
20942533.0
20942534.0
20942557.0
20942558.0
20942559.0
20942560.0
20942561.0
20942562.0
20942563.0
20942564.0
20942566.0
20942567.0
20942613.0
20942614.0
20942615.0
20942617.0
20942618.0
20942619.0
20942620.0
20942621.0
20942622.0
20942671.0
20942672.0
20942673.0
20942674.0
20942675.0
20942676.0
20942677.0
20942678.0
20942679.0
20942680.0
20942681.0
20942683.0
20942737.0
20942738.0
20942739.0
20942740.0
20942742.0
20942743.0
20942744.0
20942745.0
20942746.0
20942747.0
20942825.0
20942826.0
20942827.0
20942828.0
20942830.0
20942831.0
20942832.0
20942846.0
20942847.0
20942848.0
20942849.0
20942850.0
20942880.0
20942883.0
20942884.0
20942885.0
20942886.0
20942911.0
20942912.0
20942913.0
20942914.0
20942915.0
20942943.0
20942962.0
20942963.0
20942964.0
20942965.0
20942966.0
20942967.0
20942968.0
20942969.0
20942970.0
20942971.0
20942972.0
20942973.0
20942974.0
20942975.0
19675857.0
19675858.0
19675859.0
19675860.0
19675861.0
19675862.0
19675885.0
19675886.0
19675887.0
19675888.0
19675889.0
19675890.0
19675891.0
19675892.0
19675893.0
19675915.0
19675916.0
19675917.0
19675918.0
19675919.0
19675920.0
19675921.0
19675922.0
19675945.0
19675946.0
19675947.0
19675948.0
19675950.0
19675951.0
19675952.0
19675975.0
19675976.0
19675980.0
19675981.0
19676005.0
19676006.0
19676007.0
19676010.0
19676035.0
19676036.0
19676037.0
19676038.0
19676066.0
19676067.0
19676068.0
19677484.0
19677514.0
19677684.0
19677714.0
19677745.0
19679333.0
19679363.0
19679394.0
19680982.0
19744221.0
19745841.0
19745871.0
19747429.0
19747460.0
19749079.0
19749110.0
19750699.0
19750729.0
19752318.0
19753938.0
19753968.0
19755527.0
19677504.0
19677533.0
19677534.0
19677563.0
19677564.0
19677593.0
19677623.0
19679122.0
19679123.0
19679152.0
19679153.0
19679182.0
19679183.0
19679212.0
19679213.0
19679242.0
19679272.0
19679303.0
19680712.0
19680742.0
19680772.0
19680802.0
19680832.0
19680892.0
19680922.0
19680952.0
19682302.0
19742331.0
19742361.0
19742391.0
19742421.0
19742451.0
19742481.0
19742511.0
19743921.0
19743951.0
19743980.0
19743981.0
19744010.0
19744011.0
19744040.0
19744070.0
19744100.0
19744130.0
19744131.0
19744161.0
19744191.0
19745511.0
19745540.0
19745541.0
19745570.0
19745600.0
19745629.0
19745630.0
19745659.0
19745660.0
19745689.0
19745690.0
19745719.0
19745720.0
19745749.0
19745750.0
19745780.0
19745810.0
19747101.0
19747160.0
19747190.0
19747219.0
19747220.0
19747249.0
19747279.0
19747309.0
19747339.0
19747369.0
19747399.0
19747430.0
19748721.0
19748780.0
19748809.0
19748810.0
19748839.0
19748869.0
19748898.0
19748928.0
19748958.0
19748988.0
19749018.0
19749019.0
19749049.0
19750400.0
19750429.0
19750459.0
19750488.0
19750489.0
19750518.0
19750548.0
19750578.0
19750608.0
19750638.0
19750668.0
19752020.0
19752049.0
19752079.0
19752108.0
19752138.0
19752168.0
19752198.0
19752228.0
19752258.0
19752288.0
19753669.0
19753698.0
19753699.0
19753728.0
19753758.0
19753788.0
19753908.0
19755319.0
19755348.0
19755378.0
19755408.0
19755467.0
19755497.0
19757028.0
19676009.0
19676039.0
19677482.0
19677483.0
19677512.0
19677513.0
19677542.0
19677543.0
19677572.0
19677573.0
19677601.0
19677602.0
19677631.0
19677688.0
19677717.0
19677718.0
19677747.0
19679103.0
19679104.0
19679105.0
19679133.0
19679134.0
19679135.0
19679163.0
19679164.0
19679193.0
19679194.0
19679366.0
19679367.0
19679396.0
19680695.0
19680696.0
19680725.0
19680755.0
19680785.0
19681045.0
19682286.0
19682316.0
19692241.0
19693860.0
19695480.0
19695510.0
19697160.0
19675949.0
19675977.0
19675978.0
19675979.0
19676008.0
19677476.0
19677477.0
19677480.0
19677481.0
19677505.0
19677506.0
19677511.0
19677535.0
19677541.0
19677565.0
19677594.0
19677595.0
19677624.0
19677654.0
19677655.0
19677685.0
19677686.0
19677715.0
19677716.0
19677746.0
19679094.0
19679124.0
19679243.0
19679273.0
19679304.0
19679334.0
19679364.0
19679365.0
19679395.0
19680713.0
19680862.0
19680923.0
19680953.0
19680983.0
19681013.0
19681014.0
19681015.0
19681044.0
19682332.0
19682572.0
19682602.0
19682632.0
19682633.0
19682662.0
19682663.0
19682664.0
19683892.0
19684282.0
19745571.0
19745811.0
19747131.0
19747161.0
19747250.0
19747400.0
19747491.0
19748751.0
19748840.0
19748899.0
19748929.0
19748959.0
19748989.0
19749080.0
19750430.0
19750519.0
19750639.0
19750669.0
19752050.0
19752109.0
19752139.0
19752319.0
19752349.0
19753670.0
19753729.0
19753818.0
19753848.0
19753878.0
19755349.0
19755438.0
19755468.0
19755498.0
19757058.0
19677478.0
19677479.0
19677507.0
19677508.0
19677509.0
19677510.0
19677536.0
19677537.0
19677540.0
19677566.0
19677570.0
19677625.0
19677656.0
19677657.0
19679102.0
19679335.0
19679336.0
19680984.0
19698536.0
19698567.0
19698568.0
19698598.0
19700216.0
19700217.0
19700245.0
19700246.0
19700275.0
19700276.0
19700303.0
19700304.0
19700305.0
19700306.0
19700336.0
19701953.0
19701954.0
19701955.0
19701983.0
19701984.0
19701985.0
19702012.0
19702015.0
19702042.0
19753759.0
19755379.0
19756999.0
19761981.0
19677571.0
19677658.0
19677687.0
19677660.0
19677689.0
19693861.0
19693890.0
19695305.0
19695335.0
19695365.0
19696925.0
19696954.0
19696955.0
19696984.0
19696985.0
19698574.0
19698575.0
19698603.0
19698604.0
19698634.0
19700223.0
19700224.0
19700252.0
19700253.0
19700282.0
19700283.0
19701873.0
19701900.0
19701901.0
19701902.0
19701929.0
19701930.0
19701931.0
19701932.0
19701959.0
19701960.0
19701961.0
19701990.0
19701991.0
19702020.0
19703520.0
19703549.0
19703550.0
19703579.0
19703580.0
19703608.0
19703609.0
19703610.0
19703638.0
19703639.0
19703640.0
19703668.0
19703669.0
19703698.0
19703727.0
19705228.0
19705258.0
19705287.0
19705288.0
19705316.0
19705317.0
19705346.0
19677600.0
19677629.0
19677630.0
19677659.0
19679162.0
19679192.0
19679221.0
19679222.0
19679223.0
19679249.0
19679250.0
19679251.0
19679278.0
19679279.0
19679280.0
19679307.0
19679308.0
19679309.0
19679337.0
19679338.0
19680783.0
19680784.0
19680812.0
19680813.0
19680814.0
19680840.0
19680841.0
19680842.0
19680843.0
19680869.0
19680870.0
19680871.0
19680898.0
19680899.0
19680900.0
19680927.0
19680928.0
19680929.0
19680956.0
19680957.0
19680958.0
19680986.0
19680987.0
19681016.0
19682374.0
19682375.0
19682403.0
19682404.0
19682405.0
19682433.0
19682434.0
19682460.0
19682461.0
19682462.0
19682463.0
19682489.0
19682490.0
19682491.0
19682518.0
19682519.0
19682520.0
19682547.0
19682548.0
19682549.0
19682576.0
19682577.0
19682578.0
19682606.0
19682607.0
19682635.0
19682636.0
19682665.0
19683994.0
19683995.0
19683996.0
19684023.0
19684024.0
19684025.0
19684053.0
19684054.0
19684055.0
19684080.0
19684081.0
19684082.0
19684083.0
19684109.0
19684110.0
19684111.0
19684139.0
19684140.0
19684168.0
19684169.0
19684197.0
19684198.0
19684225.0
19684226.0
19684227.0
19684255.0
19684256.0
19684284.0
19684285.0
19685614.0
19685615.0
19685616.0
19685644.0
19685645.0
19685673.0
19685674.0
19685675.0
19685701.0
19685702.0
19685703.0
19685730.0
19685731.0
19685759.0
19685760.0
19685788.0
19685789.0
19685817.0
19685818.0
19685845.0
19685846.0
19685847.0
19685875.0
19685876.0
19685904.0
19685905.0
19685934.0
19687235.0
19687236.0
19687264.0
19687265.0
19687293.0
19687294.0
19687295.0
19687322.0
19687323.0
19687324.0
19687350.0
19687351.0
19687379.0
19687380.0
19687408.0
19687409.0
19687437.0
19687438.0
19687466.0
19687467.0
19687468.0
19687495.0
19687496.0
19687497.0
19687524.0
19687525.0
19687554.0
19688826.0
19688855.0
19688856.0
19688884.0
19688885.0
19688913.0
19688914.0
19688942.0
19688943.0
19688944.0
19688971.0
19688972.0
19688999.0
19689000.0
19689028.0
19689029.0
19689057.0
19689058.0
19689059.0
19689086.0
19689087.0
19689088.0
19689115.0
19689116.0
19689117.0
19689144.0
19689145.0
19689146.0
19689174.0
19690446.0
19690475.0
19690476.0
19690504.0
19690505.0
19690533.0
19690534.0
19690562.0
19690563.0
19690564.0
19690591.0
19690592.0
19690619.0
19690620.0
19690648.0
19690649.0
19690677.0
19690678.0
19690679.0
19690706.0
19690707.0
19690708.0
19690735.0
19690736.0
19690737.0
19690764.0
19690765.0
19690766.0
19690794.0
19692066.0
19692095.0
19692124.0
19692125.0
19692153.0
19692154.0
19692181.0
19692182.0
19692183.0
19692211.0
19692212.0
19692239.0
19692240.0
19692268.0
19692269.0
19692270.0
19692297.0
19692298.0
19692299.0
19692327.0
19692328.0
19692356.0
19692357.0
19692383.0
19692384.0
19692385.0
19692386.0
19692413.0
19692414.0
19692415.0
19693685.0
19693714.0
19693715.0
19693743.0
19693744.0
19693745.0
19693772.0
19693773.0
19693774.0
19693801.0
19693802.0
19693803.0
19693830.0
19693831.0
19693832.0
19693859.0
19693889.0
19693918.0
19693919.0
19693947.0
19693948.0
19693976.0
19693977.0
19693978.0
19694002.0
19694003.0
19694004.0
19694005.0
19694006.0
19694007.0
19694033.0
19694034.0
19694035.0
19695334.0
19695363.0
19695364.0
19695392.0
19695393.0
19695394.0
19695421.0
19695422.0
19695423.0
19695450.0
19695451.0
19695452.0
19695481.0
19695509.0
19695539.0
19695568.0
19695569.0
19695597.0
19695598.0
19695622.0
19695623.0
19695624.0
19695625.0
19695626.0
19695627.0
19695653.0
19695654.0
19695655.0
19695656.0
19696983.0
19697012.0
19697013.0
19697014.0
19697040.0
19697041.0
19697042.0
19697043.0
19697044.0
19697070.0
19697071.0
19697072.0
19697100.0
19697101.0
19697130.0
19697159.0
19697188.0
19697189.0
19697217.0
19697218.0
19697242.0
19697243.0
19697245.0
19697246.0
19697247.0
19697273.0
19697274.0
19697275.0
19697276.0
19698632.0
19698633.0
19698660.0
19698661.0
19698662.0
19698663.0
19698664.0
19698690.0
19698691.0
19698692.0
19698720.0
19698721.0
19698750.0
19698751.0
19698779.0
19698780.0
19698809.0
19698837.0
19698838.0
19698863.0
19698864.0
19698865.0
19698866.0
19698867.0
19698893.0
19698894.0
19698895.0
19698896.0
19700280.0
19700281.0
19700310.0
19700311.0
19700312.0
19700340.0
19700341.0
19700370.0
19700371.0
19700399.0
19700400.0
19700429.0
19700457.0
19700458.0
19700484.0
19700485.0
19700486.0
19700487.0
19700514.0
19700515.0
19700516.0
19701989.0
19702019.0
19702048.0
19702049.0
19702077.0
19702078.0
19702105.0
19702106.0
19702107.0
19702135.0
19703667.0
19703697.0
19703726.0
19755318.0
19756938.0
19757057.0
19757087.0
19757117.0
19758677.0
19758707.0
19758737.0
19760327.0
19760357.0
19682346.0
19683906.0
19683936.0
19683966.0
19685556.0
19685586.0
19687117.0
19687206.0
19688677.0
19688707.0
19688737.0
19690267.0
19690297.0
19690327.0
19691887.0
19691917.0
19692006.0
19692036.0
19693506.0
19693536.0
19693566.0
19693596.0
19693626.0
19693656.0
19695066.0
19695096.0
19695126.0
19695156.0
19695186.0
19696835.0
19696865.0
19696895.0
19698515.0
19698545.0
19703521.0
19703551.0
19703581.0
19705139.0
19705140.0
19705168.0
19705169.0
19705170.0
19705198.0
19705199.0
19705200.0
19705229.0
19705259.0
19706759.0
19706788.0
19706789.0
19706818.0
19706848.0
19706877.0
19706878.0
19706906.0
19706907.0
19679010.0
19679041.0
19679154.0
19680539.0
19680684.0
19680743.0
19682128.0
19682129.0
19682156.0
19682362.0
19683746.0
19683747.0
19685336.0
19685337.0
19685338.0
19685364.0
19685365.0
19685932.0
19685933.0
19686954.0
19686955.0
19686956.0
19686957.0
19686958.0
19686959.0
19686983.0
19686984.0
19687012.0
19687013.0
19687042.0
19687552.0
19687553.0
19688545.0
19688546.0
19688574.0
19688575.0
19688576.0
19688603.0
19688604.0
19688632.0
19688633.0
19688662.0
19689172.0
19689173.0
19690165.0
19690166.0
19690167.0
19690193.0
19690194.0
19690195.0
19690223.0
19690224.0
19690252.0
19690253.0
19690282.0
19690312.0
19690792.0
19690793.0
19691785.0
19691786.0
19691787.0
19691788.0
19691791.0
19691792.0
19691814.0
19691815.0
19691816.0
19691843.0
19691844.0
19691872.0
19691873.0
19691874.0
19691902.0
19691903.0
19691932.0
19691962.0
19692412.0
19693378.0
19693379.0
19693381.0
19693382.0
19693405.0
19693406.0
19693407.0
19693408.0
19693409.0
19693410.0
19693411.0
19693412.0
19693434.0
19693435.0
19693436.0
19693463.0
19693464.0
19693465.0
19693492.0
19693493.0
19693494.0
19693522.0
19693523.0
19693552.0
19693553.0
19693582.0
19693612.0
19694032.0
19694998.0
19694999.0
19695000.0
19695001.0
19695002.0
19695025.0
19695026.0
19695027.0
19695028.0
19695029.0
19695030.0
19695031.0
19695032.0
19695054.0
19695055.0
19695056.0
19695057.0
19695062.0
19695084.0
19695085.0
19695086.0
19695113.0
19695114.0
19695115.0
19695142.0
19695143.0
19695144.0
19695172.0
19695173.0
19695174.0
19695202.0
19695203.0
19695232.0
19695262.0
19695652.0
19696618.0
19696619.0
19696620.0
19696621.0
19696622.0
19696646.0
19696647.0
19696648.0
19696649.0
19696650.0
19696651.0
19696652.0
19696675.0
19696676.0
19696677.0
19696678.0
19696679.0
19696680.0
19696681.0
19696682.0
19696704.0
19696705.0
19696706.0
19696707.0
19696708.0
19696709.0
19696710.0
19696711.0
19696712.0
19696733.0
19696734.0
19696735.0
19696736.0
19696737.0
19696738.0
19696739.0
19696762.0
19696763.0
19696764.0
19696765.0
19696768.0
19696792.0
19696793.0
19696794.0
19696822.0
19696823.0
19696824.0
19696852.0
19696853.0
19696882.0
19697272.0
19698238.0
19698239.0
19698240.0
19698241.0
19698242.0
19698267.0
19698268.0
19698272.0
19698296.0
19698297.0
19698302.0
19698325.0
19698326.0
19698354.0
19698355.0
19698383.0
19698384.0
19698385.0
19698412.0
19698413.0
19698414.0
19698415.0
19698420.0
19698421.0
19698422.0
19698442.0
19698443.0
19698444.0
19698445.0
19698446.0
19698449.0
19698450.0
19698452.0
19698472.0
19698473.0
19698474.0
19698502.0
19698503.0
19698532.0
19698892.0
19699858.0
19699859.0
19699887.0
19699888.0
19699892.0
19699916.0
19699917.0
19699922.0
19699946.0
19699952.0
19699975.0
19700004.0
19700033.0
19700034.0
19700062.0
19700063.0
19700064.0
19700092.0
19700093.0
19700094.0
19700095.0
19700100.0
19700101.0
19700102.0
19700122.0
19700123.0
19700124.0
19700125.0
19700126.0
19700127.0
19700128.0
19700129.0
19700131.0
19700152.0
19700153.0
19700182.0
19700512.0
19700513.0
19701479.0
19701507.0
19701508.0
19701595.0
19701602.0
19701624.0
19701632.0
19701654.0
19701662.0
19701683.0
19701684.0
19701713.0
19701742.0
19701743.0
19701744.0
19701751.0
19701772.0
19701773.0
19701774.0
19701775.0
19701776.0
19701777.0
19701778.0
19701779.0
19701780.0
19701802.0
19701803.0
19701809.0
19701810.0
19701832.0
19702132.0
19702133.0
19702134.0
19703127.0
19703156.0
19703161.0
19703191.0
19703215.0
19703221.0
19703274.0
19703304.0
19703333.0
19703341.0
19703363.0
19703392.0
19703393.0
19703400.0
19703422.0
19703423.0
19703424.0
19703425.0
19703426.0
19703427.0
19703428.0
19703429.0
19703452.0
19703453.0
19703454.0
19703455.0
19703456.0
19703457.0
19703458.0
19703459.0
19703482.0
19703483.0
19703484.0
19703485.0
19703486.0
19703487.0
19703488.0
19703512.0
19703513.0
19703516.0
19703517.0
19703518.0
19703542.0
19703547.0
19703548.0
19703578.0
19703722.0
19704810.0
19704835.0
19704990.0
19705013.0
19705019.0
19705042.0
19705043.0
19705072.0
19705073.0
19705078.0
19705102.0
19705103.0
19705104.0
19705105.0
19705106.0
19705107.0
19705108.0
19705132.0
19705133.0
19705134.0
19705135.0
19705136.0
19705137.0
19705162.0
19705163.0
19705164.0
19705165.0
19705166.0
19705167.0
19705192.0
19705193.0
19705194.0
19705195.0
19705196.0
19705197.0
19705222.0
19705223.0
19705224.0
19705225.0
19705226.0
19705227.0
19705252.0
19705253.0
19705254.0
19705255.0
19705256.0
19705257.0
19705282.0
19705283.0
19705284.0
19705285.0
19705286.0
19705312.0
19705313.0
19705314.0
19705315.0
19705342.0
19705343.0
19705344.0
19705345.0
19706459.0
19706638.0
19706663.0
19706692.0
19706693.0
19706722.0
19706723.0
19706724.0
19706725.0
19706726.0
19706727.0
19706752.0
19706753.0
19706754.0
19706755.0
19706756.0
19706757.0
19706782.0
19706783.0
19706784.0
19706785.0
19706786.0
19706787.0
19706812.0
19706813.0
19706814.0
19706815.0
19706816.0
19706817.0
19706842.0
19706843.0
19706844.0
19706845.0
19706846.0
19706847.0
19706872.0
19706873.0
19706874.0
19706875.0
19706876.0
19706902.0
19706903.0
19706904.0
19706905.0
19706933.0
19706934.0
19706935.0
19744041.0
19744071.0
19744101.0
19745781.0
19747461.0
19749050.0
19749141.0
19750281.0
19750311.0
19750341.0
19750760.0
19750761.0
19751871.0
19751901.0
19751930.0
19751931.0
19751960.0
19751961.0
19751990.0
19752380.0
19752381.0
19753491.0
19753521.0
19753550.0
19753551.0
19753580.0
19753581.0
19753610.0
19753639.0
19753640.0
19753999.0
19754000.0
19754001.0
19755141.0
19755170.0
19755171.0
19755200.0
19755201.0
19755230.0
19755231.0
19755259.0
19755260.0
19755289.0
19755528.0
19755558.0
19755588.0
19755619.0
19755620.0
19755621.0
19756761.0
19756791.0
19756820.0
19756821.0
19756850.0
19756851.0
19756879.0
19756880.0
19756909.0
19756939.0
19756968.0
19756998.0
19757147.0
19757148.0
19757178.0
19757208.0
19757239.0
19757240.0
19757241.0
19758411.0
19758441.0
19758470.0
19758471.0
19758500.0
19758501.0
19758529.0
19758530.0
19758559.0
19758588.0
19758589.0
19758618.0
19758648.0
19758678.0
19758708.0
19758738.0
19758767.0
19758768.0
19758798.0
19758828.0
19758859.0
19758860.0
19758861.0
19760061.0
19760091.0
19760120.0
19760121.0
19760150.0
19760151.0
19760179.0
19760180.0
19760208.0
19760209.0
19760238.0
19760239.0
19760268.0
19760298.0
19760328.0
19760358.0
19760388.0
19760418.0
19760448.0
19760479.0
19760480.0
19760481.0
19761711.0
19761741.0
19761770.0
19761771.0
19761800.0
19761801.0
19761829.0
19761830.0
19761858.0
19761859.0
19761888.0
19761889.0
19761918.0
19761948.0
19761978.0
19762008.0
19762038.0
19762069.0
19762100.0
19762101.0
19763361.0
19763391.0
19763420.0
19763421.0
19763449.0
19763450.0
19763451.0
19763479.0
19763480.0
19763508.0
19763509.0
19763510.0
19763538.0
19763539.0
19763568.0
19763569.0
19763598.0
19763599.0
19763628.0
19763629.0
19763659.0
19763689.0
19763690.0
19763721.0
19765011.0
19765041.0
19765070.0
19765071.0
19765100.0
19765101.0
19765129.0
19765130.0
19765131.0
19765159.0
19765160.0
19765161.0
19765188.0
19765189.0
19765190.0
19765218.0
19765219.0
19765220.0
19765249.0
19765250.0
19765279.0
19765280.0
19765310.0
19765311.0
19766661.0
19766691.0
19766720.0
19766721.0
19766750.0
19766751.0
19766780.0
19766781.0
19766809.0
19766810.0
19766811.0
19766839.0
19766840.0
19766841.0
19766870.0
19766871.0
19766900.0
19766901.0
19768311.0
19768341.0
19768371.0
19768401.0
19768431.0
19768461.0
19768491.0
19677538.0
19677539.0
19677567.0
19677568.0
19677569.0
19677596.0
19677598.0
19677599.0
19677626.0
19677627.0
19677628.0
19679008.0
19679009.0
19679037.0
19679038.0
19679039.0
19679040.0
19679066.0
19679070.0
19679071.0
19679095.0
19679099.0
19679125.0
19679132.0
19679156.0
19679157.0
19679158.0
19679161.0
19679184.0
19679185.0
19679186.0
19679187.0
19679189.0
19679190.0
19679191.0
19679214.0
19679215.0
19679216.0
19679217.0
19679218.0
19679219.0
19679220.0
19679244.0
19679245.0
19679246.0
19679247.0
19679248.0
19679274.0
19679275.0
19679276.0
19679277.0
19679305.0
19679306.0
19680567.0
19680568.0
19680570.0
19680571.0
19680596.0
19680597.0
19680601.0
19680625.0
19680626.0
19680627.0
19680628.0
19680631.0
19680632.0
19680655.0
19680659.0
19680661.0
19680662.0
19680687.0
19680690.0
19680691.0
19680692.0
19680693.0
19680714.0
19680719.0
19680720.0
19680721.0
19680723.0
19680746.0
19680747.0
19680748.0
19680773.0
19680774.0
19680775.0
19680776.0
19680777.0
19680780.0
19680781.0
19680782.0
19680803.0
19680805.0
19680806.0
19680807.0
19680808.0
19680809.0
19680810.0
19680811.0
19680834.0
19680835.0
19680837.0
19680838.0
19680839.0
19680864.0
19680865.0
19680867.0
19680868.0
19680894.0
19680896.0
19680897.0
19680925.0
19680926.0
19680954.0
19680955.0
19680985.0
19682157.0
19682161.0
19682185.0
19682186.0
19682192.0
19682215.0
19682223.0
19682244.0
19682250.0
19682253.0
19682283.0
19682284.0
19682303.0
19682312.0
19682333.0
19682341.0
19682342.0
19682364.0
19682365.0
19682366.0
19682367.0
19682372.0
19682373.0
19682392.0
19682393.0
19682394.0
19682395.0
19682396.0
19682397.0
19682398.0
19682401.0
19682402.0
19682422.0
19682424.0
19682428.0
19682429.0
19682430.0
19682431.0
19682432.0
19682454.0
19682458.0
19682459.0
19682488.0
19682517.0
19682542.0
19682543.0
19682546.0
19682575.0
19682603.0
19682604.0
19682605.0
19682634.0
19683748.0
19683749.0
19683750.0
19683775.0
19683779.0
19683780.0
19683782.0
19683804.0
19683811.0
19683813.0
19683841.0
19683863.0
19683874.0
19683901.0
19683902.0
19683903.0
19683922.0
19683926.0
19683933.0
19683934.0
19683952.0
19683954.0
19683955.0
19683956.0
19683961.0
19683983.0
19683984.0
19683985.0
19683993.0
19684012.0
19684013.0
19684014.0
19684022.0
19684048.0
19684050.0
19684051.0
19684052.0
19684079.0
19684102.0
19684108.0
19684137.0
19684138.0
19684162.0
19684167.0
19684193.0
19684195.0
19684196.0
19684222.0
19684224.0
19684252.0
19684253.0
19684254.0
19684283.0
19685366.0
19685367.0
19685394.0
19685425.0
19685482.0
19685493.0
19685512.0
19685523.0
19685573.0
19685575.0
19685576.0
19685581.0
19685582.0
19685584.0
19685602.0
19685603.0
19685604.0
19685605.0
19685607.0
19685609.0
19685610.0
19685632.0
19685638.0
19685643.0
19685662.0
19685669.0
19685670.0
19685671.0
19685672.0
19685699.0
19685700.0
19685729.0
19685758.0
19685782.0
19685785.0
19685787.0
19685812.0
19685814.0
19685816.0
19685872.0
19685873.0
19685874.0
19685902.0
19685903.0
19686985.0
19686992.0
19687014.0
19687016.0
19687043.0
19687045.0
19687054.0
19687072.0
19687075.0
19687102.0
19687114.0
19687192.0
19687193.0
19687195.0
19687196.0
19687222.0
19687223.0
19687226.0
19687231.0
19687232.0
19687234.0
19687258.0
19687263.0
19687291.0
19687292.0
19687320.0
19687321.0
19687349.0
19687378.0
19687407.0
19687436.0
19687465.0
19687492.0
19687493.0
19687494.0
19687522.0
19687523.0
19688577.0
19688578.0
19688579.0
19688580.0
19688605.0
19688607.0
19688611.0
19688613.0
19688634.0
19688636.0
19688663.0
19688665.0
19688673.0
19688692.0
19688722.0
19688723.0
19688812.0
19688815.0
19688846.0
19688850.0
19688851.0
19688852.0
19688854.0
19688877.0
19688878.0
19688880.0
19688881.0
19688909.0
19688912.0
19688940.0
19688941.0
19688969.0
19688970.0
19688998.0
19689027.0
19689054.0
19689056.0
19689083.0
19689085.0
19689112.0
19689113.0
19689114.0
19689142.0
19689143.0
19690196.0
19690197.0
19690201.0
19690225.0
19690233.0
19690254.0
19690283.0
19690285.0
19690314.0
19690342.0
19690344.0
19690432.0
19690434.0
19690435.0
19690442.0
19690470.0
19690472.0
19690474.0
19690497.0
19690500.0
19690501.0
19690528.0
19690532.0
19690560.0
19690561.0
19690589.0
19690590.0
19690618.0
19690647.0
19690676.0
19690705.0
19690732.0
19690733.0
19690734.0
19690762.0
19690763.0
19691817.0
19691822.0
19691845.0
19691846.0
19691848.0
19691853.0
19691877.0
19691904.0
19691913.0
19691933.0
19691992.0
19691994.0
19692003.0
19692033.0
19692053.0
19692054.0
19692055.0
19692061.0
19692062.0
19692086.0
19692091.0
19692094.0
19692119.0
19692120.0
19692121.0
19692123.0
19692148.0
19692180.0
19692209.0
19692210.0
19692238.0
19692267.0
19692296.0
19692324.0
19692325.0
19692326.0
19692352.0
19692353.0
19692354.0
19692355.0
19692382.0
19693437.0
19693438.0
19693441.0
19693442.0
19693466.0
19693471.0
19693473.0
19693495.0
19693498.0
19693502.0
19693524.0
19693534.0
19693554.0
19693563.0
19693564.0
19693583.0
19693613.0
19693642.0
19693654.0
19693674.0
19693684.0
19693702.0
19693707.0
19693710.0
19693711.0
19693740.0
19693769.0
19693771.0
19693800.0
19693829.0
19693856.0
19693858.0
19693887.0
19693888.0
19693915.0
19693916.0
19693917.0
19693943.0
19693944.0
19693945.0
19693946.0
19693972.0
19693973.0
19693974.0
19693975.0
19695058.0
19695059.0
19695060.0
19695061.0
19695087.0
19695088.0
19695116.0
19695121.0
19695123.0
19695145.0
19695152.0
19695175.0
19695204.0
19695233.0
19695300.0
19695301.0
19695322.0
19695323.0
19695324.0
19695325.0
19695327.0
19695330.0
19695356.0
19695359.0
19695388.0
19695418.0
19695420.0
19695449.0
19695477.0
19695478.0
19695479.0
19695506.0
19695507.0
19695508.0
19695534.0
19695535.0
19695536.0
19695537.0
19695538.0
19695562.0
19695563.0
19695564.0
19695565.0
19695566.0
19695567.0
19695592.0
19695593.0
19695594.0
19695595.0
19695596.0
19696740.0
19696741.0
19696742.0
19696766.0
19696767.0
19696769.0
19696770.0
19696772.0
19696773.0
19696795.0
19696796.0
19696797.0
19696798.0
19696803.0
19696825.0
19696831.0
19696833.0
19696854.0
19696858.0
19696860.0
19696861.0
19696863.0
19696883.0
19696889.0
19696890.0
19696891.0
19696893.0
19696912.0
19696914.0
19696915.0
19696917.0
19696919.0
19696920.0
19696948.0
19696949.0
19696950.0
19696952.0
19696972.0
19696973.0
19696974.0
19696975.0
19696978.0
19696979.0
19696981.0
19697006.0
19697007.0
19697010.0
19697038.0
19697067.0
19697068.0
19697069.0
19697096.0
19697097.0
19697098.0
19697099.0
19697124.0
19697125.0
19697126.0
19697127.0
19697128.0
19697129.0
19697153.0
19697154.0
19697155.0
19697156.0
19697157.0
19697158.0
19697182.0
19697183.0
19697184.0
19697185.0
19697186.0
19697187.0
19697212.0
19697213.0
19697214.0
19697215.0
19697216.0
19697244.0
19698451.0
19698475.0
19698476.0
19698477.0
19698478.0
19698479.0
19698480.0
19698481.0
19698482.0
19698504.0
19698505.0
19698512.0
19698533.0
19698535.0
19698537.0
19698538.0
19698539.0
19698562.0
19698565.0
19698566.0
19698569.0
19698571.0
19698594.0
19698596.0
19698599.0
19698622.0
19698623.0
19698624.0
19698625.0
19698626.0
19698627.0
19698630.0
19698654.0
19698658.0
19698659.0
19698685.0
19698686.0
19698687.0
19698688.0
19698689.0
19698714.0
19698715.0
19698716.0
19698717.0
19698718.0
19698719.0
19698742.0
19698743.0
19698744.0
19698745.0
19698746.0
19698747.0
19698748.0
19698749.0
19698772.0
19698773.0
19698774.0
19698775.0
19698776.0
19698777.0
19698778.0
19698802.0
19698803.0
19698804.0
19698805.0
19698806.0
19698807.0
19698808.0
19698832.0
19698833.0
19698834.0
19698835.0
19698836.0
19698862.0
19700130.0
19700154.0
19700155.0
19700156.0
19700157.0
19700158.0
19700159.0
19700160.0
19700161.0
19700183.0
19700184.0
19700190.0
19700212.0
19700220.0
19700244.0
19700272.0
19700273.0
19700277.0
19700278.0
19700279.0
19700302.0
19700307.0
19700308.0
19700309.0
19700332.0
19700333.0
19700334.0
19700335.0
19700337.0
19700338.0
19700339.0
19700362.0
19700363.0
19700364.0
19700365.0
19700366.0
19700367.0
19700368.0
19700369.0
19700392.0
19700393.0
19700394.0
19700395.0
19700396.0
19700397.0
19700398.0
19700422.0
19700423.0
19700424.0
19700425.0
19700426.0
19700427.0
19700428.0
19700452.0
19700453.0
19700454.0
19700455.0
19700456.0
19700482.0
19700483.0
19701804.0
19701805.0
19701806.0
19701807.0
19701808.0
19701833.0
19701834.0
19701835.0
19701838.0
19701839.0
19701862.0
19701863.0
19701868.0
19701869.0
19701892.0
19701897.0
19701898.0
19701924.0
19701925.0
19701926.0
19701927.0
19701928.0
19701952.0
19701956.0
19701957.0
19701958.0
19701982.0
19701986.0
19701987.0
19701988.0
19702013.0
19702014.0
19702016.0
19702017.0
19702018.0
19702043.0
19702044.0
19702045.0
19702046.0
19702047.0
19702072.0
19702073.0
19702074.0
19702075.0
19702076.0
19702102.0
19702103.0
19702104.0
19703514.0
19703515.0
19703543.0
19703544.0
19703545.0
19703546.0
19703572.0
19703573.0
19703574.0
19703575.0
19703576.0
19703577.0
19703602.0
19703603.0
19703604.0
19703605.0
19703606.0
19703607.0
19703632.0
19703633.0
19703634.0
19703635.0
19703636.0
19703637.0
19703662.0
19703663.0
19703664.0
19703665.0
19703666.0
19703692.0
19703693.0
19703694.0
19703695.0
19703696.0
19703723.0
19703724.0
19703725.0
19745601.0
19745631.0
19745751.0
19747191.0
19747251.0
19747280.0
19747281.0
19747310.0
19747311.0
19747340.0
19747370.0
19747431.0
19748781.0
19748841.0
19748870.0
19748871.0
19748901.0
19748931.0
19748961.0
19748991.0
19749020.0
19749021.0
19749081.0
19749111.0
19750371.0
19750460.0
19750549.0
19750550.0
19750580.0
19750610.0
19750640.0
19750641.0
19750700.0
19750701.0
19750730.0
19750731.0
19751991.0
19752051.0
19752110.0
19752140.0
19752170.0
19752230.0
19752260.0
19752289.0
19752320.0
19752321.0
19752350.0
19752351.0
19753611.0
19753671.0
19753730.0
19753909.0
19753939.0
19753940.0
19753941.0
19753969.0
19753970.0
19753971.0
19755261.0
19755290.0
19755321.0
19755350.0
19755469.0
19755559.0
19755560.0
19755561.0
19755589.0
19755590.0
19755591.0
19756881.0
19756910.0
19756941.0
19756969.0
19756970.0
19757000.0
19757029.0
19757059.0
19757088.0
19757118.0
19757150.0
19757179.0
19757180.0
19757181.0
19757209.0
19757210.0
19757211.0
19758531.0
19758560.0
19758591.0
19758619.0
19758620.0
19758650.0
19758679.0
19758680.0
19758740.0
19758769.0
19758770.0
19758771.0
19758799.0
19758800.0
19758801.0
19758829.0
19758830.0
19758831.0
19760210.0
19760241.0
19760269.0
19760270.0
19760330.0
19760331.0
19760359.0
19760360.0
19760361.0
19760389.0
19760390.0
19760391.0
19760419.0
19760420.0
19760421.0
19760449.0
19760450.0
19760451.0
19761831.0
19761860.0
19761919.0
19761921.0
19761949.0
19761950.0
19761951.0
19761979.0
19761980.0
19762009.0
19762010.0
19762011.0
19762039.0
19762040.0
19762041.0
19762070.0
19762071.0
19763481.0
19763511.0
19763540.0
19763541.0
19763570.0
19763571.0
19763600.0
19763601.0
19763630.0
19763631.0
19763660.0
19763661.0
19763691.0
19765191.0
19765221.0
19765251.0
19765281.0
19698269.0
19698271.0
19698298.0
19698300.0
19698327.0
19698331.0
19698332.0
19698356.0
19698361.0
19698362.0
19698386.0
19698391.0
19698392.0
19698416.0
19698447.0
19698448.0
19699860.0
19699861.0
19699889.0
19699982.0
19700012.0
19700042.0
19700065.0
19700071.0
19700072.0
19700099.0
19701480.0
19701481.0
19701511.0
19701537.0
19701541.0
19701566.0
19701571.0
19701714.0
19701721.0
19701745.0
19701750.0
19703128.0
19703129.0
19703130.0
19703157.0
19703160.0
19703186.0
19703245.0
19703251.0
19703281.0
19703311.0
19703334.0
19703364.0
19703370.0
19703394.0
19703395.0
19703396.0
19703397.0
19703399.0
19704777.0
19704779.0
19704806.0
19704840.0
19704865.0
19704870.0
19704895.0
19704900.0
19704925.0
19704930.0
19704954.0
19704955.0
19704960.0
19704984.0
19704985.0
19704988.0
19704989.0
19705014.0
19705016.0
19705017.0
19705018.0
19705044.0
19705046.0
19705048.0
19705074.0
19705075.0
19705076.0
19705077.0
19706427.0
19706428.0
19706456.0
19706486.0
19706489.0
19706515.0
19706519.0
19706545.0
19706549.0
19706575.0
19706576.0
19706577.0
19706578.0
19706605.0
19706606.0
19706607.0
19706608.0
19706634.0
19706635.0
19706636.0
19706637.0
19706664.0
19706666.0
19706667.0
19706694.0
19706695.0
19706696.0
19706697.0
19698270.0
19698299.0
19698301.0
19698328.0
19698329.0
19698330.0
19698357.0
19698358.0
19698359.0
19698360.0
19698387.0
19698388.0
19698389.0
19698390.0
19698417.0
19698418.0
19698419.0
19699890.0
19699891.0
19699918.0
19699919.0
19699920.0
19699921.0
19699947.0
19699948.0
19699949.0
19699950.0
19699951.0
19699976.0
19699977.0
19699978.0
19699979.0
19699980.0
19699981.0
19700005.0
19700006.0
19700007.0
19700008.0
19700009.0
19700010.0
19700011.0
19700035.0
19700036.0
19700037.0
19700038.0
19700039.0
19700040.0
19700041.0
19700066.0
19700067.0
19700068.0
19700069.0
19700070.0
19700096.0
19700097.0
19700098.0
19701509.0
19701510.0
19701538.0
19701539.0
19701540.0
19701567.0
19701568.0
19701569.0
19701570.0
19701596.0
19701597.0
19701598.0
19701599.0
19701600.0
19701601.0
19701625.0
19701626.0
19701627.0
19701628.0
19701629.0
19701630.0
19701631.0
19701655.0
19701656.0
19701657.0
19701658.0
19701659.0
19701660.0
19701661.0
19701685.0
19701686.0
19701687.0
19701688.0
19701689.0
19701690.0
19701691.0
19701715.0
19701716.0
19701717.0
19701718.0
19701719.0
19701720.0
19701746.0
19701747.0
19701748.0
19701749.0
19703158.0
19703159.0
19703187.0
19703188.0
19703189.0
19703190.0
19703216.0
19703217.0
19703218.0
19703219.0
19703220.0
19703246.0
19703247.0
19703248.0
19703249.0
19703250.0
19703275.0
19703276.0
19703277.0
19703278.0
19703279.0
19703280.0
19703305.0
19703306.0
19703307.0
19703308.0
19703309.0
19703310.0
19703335.0
19703336.0
19703337.0
19703338.0
19703339.0
19703340.0
19703365.0
19703366.0
19703367.0
19703368.0
19703369.0
19703398.0
19704778.0
19704807.0
19704808.0
19704809.0
19704836.0
19704837.0
19704838.0
19704839.0
19704866.0
19704867.0
19704868.0
19704869.0
19704896.0
19704897.0
19704898.0
19704899.0
19704926.0
19704927.0
19704928.0
19704929.0
19704956.0
19704957.0
19704958.0
19704959.0
19704986.0
19704987.0
19705015.0
19705045.0
19705047.0
19706457.0
19706458.0
19706487.0
19706488.0
19706516.0
19706517.0
19706518.0
19706546.0
19706547.0
19706548.0
19706665.0
19677597.0
19679067.0
19679068.0
19679069.0
19679096.0
19679097.0
19679098.0
19679100.0
19679101.0
19679126.0
19679127.0
19679128.0
19679129.0
19679155.0
19679159.0
19679160.0
19679188.0
19680569.0
19680598.0
19680599.0
19680600.0
19680629.0
19680630.0
19680656.0
19680657.0
19680658.0
19680660.0
19680685.0
19680686.0
19680688.0
19680689.0
19680715.0
19680716.0
19680717.0
19680718.0
19680722.0
19680744.0
19680745.0
19680749.0
19680750.0
19680751.0
19680752.0
19680778.0
19680779.0
19680804.0
19680833.0
19680836.0
19680863.0
19680866.0
19680893.0
19680895.0
19680924.0
19682158.0
19682160.0
19682187.0
19682188.0
19682189.0
19682190.0
19682191.0
19682216.0
19682217.0
19682218.0
19682219.0
19682220.0
19682222.0
19682245.0
19682247.0
19682249.0
19682251.0
19682252.0
19682274.0
19682276.0
19682279.0
19682280.0
19682281.0
19682282.0
19682310.0
19682311.0
19682313.0
19682334.0
19682335.0
19682336.0
19682338.0
19682339.0
19682340.0
19682343.0
19682369.0
19682370.0
19682399.0
19682400.0
19682423.0
19682426.0
19682427.0
19682452.0
19682453.0
19682457.0
19682482.0
19682483.0
19682487.0
19682512.0
19682513.0
19682514.0
19682515.0
19682516.0
19682544.0
19682545.0
19682574.0
19683776.0
19683777.0
19683778.0
19683781.0
19683805.0
19683806.0
19683810.0
19683812.0
19683834.0
19683836.0
19683840.0
19683842.0
19683843.0
19683865.0
19683866.0
19683870.0
19683871.0
19683872.0
19683873.0
19683893.0
19683894.0
19683895.0
19683900.0
19683904.0
19683932.0
19683953.0
19683958.0
19683962.0
19683986.0
19683987.0
19683989.0
19683990.0
19683991.0
19683992.0
19684016.0
19684017.0
19684018.0
19684019.0
19684020.0
19684021.0
19684042.0
19684043.0
19684049.0
19684072.0
19684073.0
19684074.0
19684076.0
19684077.0
19684078.0
19684104.0
19684105.0
19684107.0
19684132.0
19684136.0
19684163.0
19684165.0
19684166.0
19684194.0
19684223.0
19685368.0
19685371.0
19685395.0
19685396.0
19685397.0
19685401.0
19685402.0
19685424.0
19685426.0
19685431.0
19685432.0
19685433.0
19685453.0
19685454.0
19685455.0
19685461.0
19685462.0
19685463.0
19685464.0
19685484.0
19685491.0
19685492.0
19685494.0
19685513.0
19685514.0
19685515.0
19685542.0
19685543.0
19685545.0
19685546.0
19685551.0
19685552.0
19685553.0
19685572.0
19685577.0
19685583.0
19685606.0
19685608.0
19685611.0
19685612.0
19685613.0
19685633.0
19685637.0
19685639.0
19685642.0
19685668.0
19685692.0
19685697.0
19685698.0
19685726.0
19685727.0
19685728.0
19685752.0
19685756.0
19685813.0
19685843.0
19685844.0
19686986.0
19686988.0
19686989.0
19686990.0
19687018.0
19687022.0
19687023.0
19687044.0
19687052.0
19687053.0
19687074.0
19687083.0
19687103.0
19687104.0
19687133.0
19687134.0
19687143.0
19687144.0
19687163.0
19687165.0
19687173.0
19687197.0
19687201.0
19687202.0
19687203.0
19687204.0
19687227.0
19687230.0
19687255.0
19687259.0
19687260.0
19687261.0
19687283.0
19687288.0
19687289.0
19687290.0
19687312.0
19687318.0
19687319.0
19687347.0
19687348.0
19687372.0
19687375.0
19687376.0
19687377.0
19687406.0
19687432.0
19687435.0
19687462.0
19687463.0
19688608.0
19688609.0
19688610.0
19688612.0
19688635.0
19688638.0
19688643.0
19688664.0
19688674.0
19688694.0
19688704.0
19688724.0
19688734.0
19688753.0
19688754.0
19688762.0
19688763.0
19688764.0
19688783.0
19688785.0
19688793.0
19688794.0
19688813.0
19688816.0
19688817.0
19688822.0
19688823.0
19688842.0
19688847.0
19688849.0
19688883.0
19688905.0
19688907.0
19688910.0
19688911.0
19688938.0
19688939.0
19688967.0
19688968.0
19688996.0
19688997.0
19689025.0
19689026.0
19689053.0
19689055.0
19689082.0
19690198.0
19690199.0
19690200.0
19690226.0
19690227.0
19690228.0
19690229.0
19690256.0
19690286.0
19690293.0
19690294.0
19690313.0
19690323.0
19690324.0
19690353.0
19690354.0
19690372.0
19690373.0
19690374.0
19690382.0
19690383.0
19690384.0
19690404.0
19690405.0
19690406.0
19690413.0
19690414.0
19690433.0
19690436.0
19690437.0
19690441.0
19690443.0
19690444.0
19690465.0
19690466.0
19690467.0
19690471.0
19690494.0
19690498.0
19690499.0
19690503.0
19690529.0
19690552.0
19690558.0
19690559.0
19690587.0
19690588.0
19690616.0
19690617.0
19690645.0
19690646.0
19690674.0
19690675.0
19690702.0
19690703.0
19690704.0
19691818.0
19691819.0
19691820.0
19691821.0
19691849.0
19691851.0
19691875.0
19691876.0
19691882.0
19691905.0
19691914.0
19691935.0
19691943.0
19691963.0
19691964.0
19691965.0
19691972.0
19691973.0
19691974.0
19691993.0
19692004.0
19692024.0
19692032.0
19692034.0
19692052.0
19692056.0
19692063.0
19692064.0
19692082.0
19692083.0
19692085.0
19692090.0
19692092.0
19692117.0
19692118.0
19692149.0
19692150.0
19692151.0
19692177.0
19692178.0
19692179.0
19692206.0
19692207.0
19692237.0
19692265.0
19692266.0
19692292.0
19692293.0
19692294.0
19692295.0
19692322.0
19693439.0
19693440.0
19693467.0
19693469.0
19693470.0
19693496.0
19693497.0
19693525.0
19693526.0
19693527.0
19693532.0
19693533.0
19693556.0
19693584.0
19693585.0
19693593.0
19693594.0
19693614.0
19693615.0
19693621.0
19693622.0
19693623.0
19693624.0
19693643.0
19693644.0
19693651.0
19693652.0
19693653.0
19693672.0
19693673.0
19693675.0
19693676.0
19693681.0
19693682.0
19693705.0
19693706.0
19693713.0
19693736.0
19693737.0
19693738.0
19693739.0
19693741.0
19693742.0
19693767.0
19693768.0
19693797.0
19693798.0
19693799.0
19693827.0
19693855.0
19693857.0
19693883.0
19693884.0
19693885.0
19693886.0
19693913.0
19693914.0
19695092.0
19695117.0
19695119.0
19695120.0
19695122.0
19695146.0
19695147.0
19695148.0
19695149.0
19695150.0
19695151.0
19695177.0
19695180.0
19695182.0
19695183.0
19695205.0
19695206.0
19695207.0
19695208.0
19695209.0
19695212.0
19695213.0
19695234.0
19695235.0
19695236.0
19695241.0
19695242.0
19695243.0
19695263.0
19695264.0
19695265.0
19695270.0
19695271.0
19695272.0
19695292.0
19695293.0
19695296.0
19695302.0
19695303.0
19695331.0
19695352.0
19695357.0
19695358.0
19695360.0
19695387.0
19695389.0
19695417.0
19695419.0
19695445.0
19695446.0
19695447.0
19695448.0
19695473.0
19695475.0
19695476.0
19695502.0
19695503.0
19695504.0
19695505.0
19696771.0
19696799.0
19696801.0
19696826.0
19696827.0
19696829.0
19696830.0
19696832.0
19696855.0
19696856.0
19696857.0
19696859.0
19696862.0
19696884.0
19696885.0
19696886.0
19696887.0
19696888.0
19696913.0
19696916.0
19696921.0
19696922.0
19696942.0
19696943.0
19696944.0
19696946.0
19696947.0
19696951.0
19696976.0
19696980.0
19697002.0
19697008.0
19697009.0
19697032.0
19697034.0
19697035.0
19697036.0
19697037.0
19697039.0
19697063.0
19697065.0
19697094.0
19697122.0
19697123.0
19697152.0
19698506.0
19698507.0
19698508.0
19698509.0
19698510.0
19698534.0
19698563.0
19698564.0
19698570.0
19698593.0
19698595.0
19698597.0
19698600.0
19698628.0
19698652.0
19698653.0
19698655.0
19698656.0
19698657.0
19698682.0
19698683.0
19700185.0
19700186.0
19700187.0
19700188.0
19700189.0
19700213.0
19700215.0
19700218.0
19700219.0
19700243.0
19700247.0
19700249.0
19700274.0
19701836.0
19701837.0
19701894.0
19701895.0
19701896.0
19701922.0
19701923.0
19745661.0
19745691.0
19745721.0
19747341.0
19747371.0
19747401.0
19748811.0
19748960.0
19750401.0
19750431.0
19750461.0
19750491.0
19750520.0
19750551.0
19750579.0
19750609.0
19750670.0
19750671.0
19752080.0
19752081.0
19752169.0
19752200.0
19752231.0
19752261.0
19752291.0
19753700.0
19753731.0
19753760.0
19753819.0
19753849.0
19753850.0
19753879.0
19753880.0
19753910.0
19753911.0
19755291.0
19755320.0
19755409.0
19755439.0
19755470.0
19755499.0
19755500.0
19755501.0
19755529.0
19755530.0
19755531.0
19756940.0
19756971.0
19757030.0
19757060.0
19757089.0
19757090.0
19757119.0
19757120.0
19757149.0
19757151.0
19758561.0
19758590.0
19758621.0
19758651.0
19758681.0
19758709.0
19758710.0
19758739.0
19758741.0
19760181.0
19760211.0
19760271.0
19760300.0
19760301.0
19760329.0
19761890.0
19761891.0
19761920.0
19679130.0
19682159.0
19682221.0
19682246.0
19682248.0
19682275.0
19682277.0
19682278.0
19682304.0
19682305.0
19682306.0
19682307.0
19682308.0
19682363.0
19682368.0
19682371.0
19682455.0
19682485.0
19682486.0
19682573.0
19683807.0
19683808.0
19683837.0
19683864.0
19683896.0
19683897.0
19683899.0
19683924.0
19683925.0
19683927.0
19683957.0
19683959.0
19683963.0
19683982.0
19684045.0
19684046.0
19684103.0
19684106.0
19684135.0
19684192.0
19685398.0
19685400.0
19685429.0
19685483.0
19685486.0
19685516.0
19685521.0
19685522.0
19685524.0
19685547.0
19685549.0
19685554.0
19685574.0
19685579.0
19685580.0
19685634.0
19685635.0
19685640.0
19685665.0
19685667.0
19685696.0
19685722.0
19685786.0
19685815.0
19685842.0
19686987.0
19687015.0
19687019.0
19687020.0
19687021.0
19687084.0
19687105.0
19687135.0
19687136.0
19687142.0
19687162.0
19687166.0
19687167.0
19687172.0
19687194.0
19687198.0
19687199.0
19687200.0
19687224.0
19687228.0
19687229.0
19687252.0
19687287.0
19687313.0
19687402.0
19687434.0
19688606.0
19688641.0
19688702.0
19688725.0
19688755.0
19688761.0
19688782.0
19688784.0
19688786.0
19688787.0
19688789.0
19688814.0
19688818.0
19688843.0
19688844.0
19688845.0
19688848.0
19688853.0
19688872.0
19688874.0
19688876.0
19688879.0
19688882.0
19688906.0
19688908.0
19689084.0
19690231.0
19690232.0
19690255.0
19690262.0
19690263.0
19690284.0
19690292.0
19690343.0
19690375.0
19690402.0
19690411.0
19690412.0
19690463.0
19690469.0
19690473.0
19690496.0
19690502.0
19690530.0
19690557.0
19690673.0
19691852.0
19691878.0
19691883.0
19691906.0
19691934.0
19691942.0
19691944.0
19692002.0
19692023.0
19692025.0
19692029.0
19692031.0
19692059.0
19692087.0
19692088.0
19692093.0
19692112.0
19692114.0
19692116.0
19692147.0
19692208.0
19692323.0
19693472.0
19693503.0
19693528.0
19693531.0
19693557.0
19693562.0
19693620.0
19693645.0
19693647.0
19693678.0
19693683.0
19693712.0
19693733.0
19693734.0
19693770.0
19693828.0
19693942.0
19695089.0
19695090.0
19695178.0
19695181.0
19695210.0
19695211.0
19695240.0
19695266.0
19695273.0
19695294.0
19695295.0
19695297.0
19695299.0
19695326.0
19695332.0
19695355.0
19695361.0
19695382.0
19695384.0
19695385.0
19695390.0
19695443.0
19695532.0
19696802.0
19696828.0
19696945.0
19696977.0
19697003.0
19697004.0
19697005.0
19697062.0
19697066.0
19697092.0
19698511.0
19698540.0
19698541.0
19698592.0
19698629.0
19698713.0
19700214.0
19700248.0
19701864.0
19701867.0
19747221.0
19748930.0
19748990.0
19750521.0
19750611.0
19752021.0
19752199.0
19752229.0
19752259.0
19752290.0
19753641.0
19753789.0
19753790.0
19755351.0
19755380.0
19755381.0
19755440.0
19755471.0
19756911.0
19757121.0
19758649.0
19758711.0
19760240.0
19760299.0
20942249.0
19682309.0
19682456.0
19683809.0
19683835.0
19683838.0
19683839.0
19683923.0
19683928.0
19683930.0
19683931.0
19683960.0
19683988.0
19684015.0
19684044.0
19684047.0
19684075.0
19684133.0
19684134.0
19684164.0
19685369.0
19685370.0
19685399.0
19685427.0
19685456.0
19685459.0
19685460.0
19685485.0
19685487.0
19685489.0
19685490.0
19685519.0
19685520.0
19685544.0
19685548.0
19685550.0
19685578.0
19685636.0
19685641.0
19685663.0
19685664.0
19685693.0
19685694.0
19685695.0
19685723.0
19685725.0
19685753.0
19685755.0
19685757.0
19685783.0
19685784.0
19686991.0
19687017.0
19687046.0
19687051.0
19687073.0
19687082.0
19687132.0
19687139.0
19687141.0
19687168.0
19687169.0
19687174.0
19687225.0
19687233.0
19687253.0
19687254.0
19687262.0
19687282.0
19687284.0
19687285.0
19687286.0
19687314.0
19687317.0
19687342.0
19687345.0
19687346.0
19687374.0
19687403.0
19687404.0
19687405.0
19687433.0
19687464.0
19688637.0
19688642.0
19688666.0
19688672.0
19688693.0
19688732.0
19688733.0
19688756.0
19688790.0
19688819.0
19688820.0
19688821.0
19688824.0
19688873.0
19688875.0
19688903.0
19688904.0
19688932.0
19688934.0
19688935.0
19688937.0
19688992.0
19688993.0
19688995.0
19689022.0
19689024.0
19689052.0
19690230.0
19690257.0
19690258.0
19690259.0
19690261.0
19690291.0
19690315.0
19690321.0
19690322.0
19690345.0
19690351.0
19690352.0
19690380.0
19690381.0
19690403.0
19690408.0
19690409.0
19690410.0
19690438.0
19690439.0
19690440.0
19690462.0
19690464.0
19690492.0
19690493.0
19690495.0
19690522.0
19690524.0
19690526.0
19690527.0
19690531.0
19690556.0
19690615.0
19690644.0
19690672.0
19691847.0
19691850.0
19691880.0
19691881.0
19691907.0
19691909.0
19691910.0
19691911.0
19691912.0
19691936.0
19691941.0
19691970.0
19691971.0
19691995.0
19692000.0
19692022.0
19692026.0
19692027.0
19692028.0
19692057.0
19692058.0
19692084.0
19692089.0
19692115.0
19692143.0
19692146.0
19692175.0
19692176.0
19692205.0
19692235.0
19692236.0
19692263.0
19692264.0
19693468.0
19693499.0
19693501.0
19693529.0
19693530.0
19693555.0
19693560.0
19693561.0
19693586.0
19693590.0
19693592.0
19693617.0
19693646.0
19693649.0
19693650.0
19693679.0
19693680.0
19693703.0
19693708.0
19693709.0
19693732.0
19693735.0
19693762.0
19693764.0
19693766.0
19693826.0
19693854.0
19693882.0
19693912.0
19695091.0
19695118.0
19695153.0
19695176.0
19695179.0
19695238.0
19695239.0
19695267.0
19695268.0
19695269.0
19695298.0
19695328.0
19695329.0
19695353.0
19695354.0
19695386.0
19695415.0
19695416.0
19695472.0
19695474.0
19695533.0
19696800.0
19696892.0
19696918.0
19697033.0
19697064.0
19697093.0
19697095.0
19698684.0
19698712.0
19700242.0
19701865.0
19701866.0
19701893.0
19749051.0
19750581.0
19752111.0
19753701.0
19753820.0
19753851.0
19753881.0
19755410.0
19757001.0
19757061.0
19757091.0
19761861.0
20942078.0
20942084.0
20942096.0
20942107.0
20942124.0
20942133.0
20942136.0
20942138.0
20942141.0
20942173.0
20942195.0
20942196.0
20942212.0
20942215.0
20942231.0
20942232.0
20942250.0
20942252.0
20942253.0
20942301.0
20942304.0
20942305.0
20942332.0
20942334.0
20942340.0
20942341.0
20942382.0
20942397.0
20942401.0
20942463.0
20942470.0
20942471.0
20942476.0
20942477.0
20942509.0
20942514.0
20942523.0
20942531.0
20942555.0
20942556.0
20942565.0
20942571.0
20942595.0
20942612.0
20942616.0
20942655.0
20942661.0
20942682.0
20942685.0
20942735.0
20942736.0
20942859.0
20942868.0
20942881.0
20942887.0
20942942.0
20942944.0
19683868.0
19683898.0
19683929.0
19685428.0
19685457.0
19685458.0
19685488.0
19685517.0
19685518.0
19687047.0
19687048.0
19687049.0
19687050.0
19687076.0
19687077.0
19687078.0
19687079.0
19687080.0
19687081.0
19687106.0
19687107.0
19687108.0
19687109.0
19687110.0
19687111.0
19687137.0
19687138.0
19687140.0
19687170.0
19687171.0
19687256.0
19688639.0
19688640.0
19688667.0
19688668.0
19688669.0
19688670.0
19688671.0
19688695.0
19688696.0
19688697.0
19688698.0
19688699.0
19688700.0
19688701.0
19688726.0
19688727.0
19688728.0
19688729.0
19688730.0
19688731.0
19688757.0
19688758.0
19688759.0
19688760.0
19688788.0
19688791.0
19688792.0
19690260.0
19690287.0
19690288.0
19690289.0
19690290.0
19690316.0
19690317.0
19690318.0
19690319.0
19690320.0
19690346.0
19690347.0
19690348.0
19690349.0
19690350.0
19690376.0
19690377.0
19690378.0
19690379.0
19690407.0
19690468.0
19691879.0
19691908.0
19691937.0
19691938.0
19691939.0
19691940.0
19691966.0
19691967.0
19691968.0
19691969.0
19691996.0
19691997.0
19691998.0
19691999.0
19692001.0
19692030.0
19692060.0
19692122.0
19692145.0
19693500.0
19693558.0
19693559.0
19693587.0
19693588.0
19693589.0
19693616.0
19693618.0
19693619.0
19693648.0
19693704.0
19693796.0
19695237.0
19748900.0
19750490.0
20942103.0
20942104.0
20942105.0
20942113.0
20942114.0
20942125.0
20942126.0
20942127.0
20942134.0
20942135.0
20942157.0
20942158.0
20942177.0
20942178.0
20942197.0
20942198.0
20942199.0
20942200.0
20942213.0
20942214.0
20942216.0
20942217.0
20942234.0
20942235.0
20942257.0
20942258.0
20942259.0
20942260.0
20942261.0
20942280.0
20942281.0
20942282.0
20942283.0
20942284.0
20942285.0
20942310.0
20942311.0
20942312.0
20942313.0
20942314.0
20942315.0
20942316.0
20942317.0
20942318.0
20942319.0
20942320.0
20942343.0
20942344.0
20942345.0
20942346.0
20942347.0
20942348.0
20942349.0
20942350.0
20942351.0
20942368.0
20942369.0
20942370.0
20942371.0
20942372.0
20942373.0
20942374.0
20942375.0
20942398.0
20942399.0
20942400.0
20942402.0
20942423.0
20942424.0
20942425.0
20942426.0
20942427.0
20942428.0
20942429.0
20942460.0
20942461.0
20942462.0
20942464.0
20942465.0
20942466.0
20942515.0
20942516.0
20942517.0
20942518.0
20942519.0
20942520.0
20942521.0
20942522.0
20942524.0
20942525.0
20942526.0
20942568.0
20942569.0
20942570.0
20942572.0
20942593.0
20942594.0
20942596.0
20942597.0
20942598.0
20942599.0
20942623.0
20942624.0
20942625.0
20942650.0
20942651.0
20942652.0
20942653.0
20942654.0
20942656.0
20942657.0
20942658.0
20942659.0
20942660.0
20942662.0
20942684.0
20942686.0
20942687.0
20942688.0
20942707.0
20942708.0
20942709.0
20942710.0
20942711.0
20942712.0
20942713.0
20942714.0
20942715.0
20942716.0
20942717.0
20942718.0
20942719.0
20942720.0
20942721.0
20942734.0
20942741.0
20942774.0
20942775.0
20942776.0
20942777.0
20942778.0
20942779.0
20942780.0
20942781.0
20942782.0
20942783.0
20942784.0
20942785.0
20942786.0
20942787.0
20942788.0
20942789.0
20942790.0
20942822.0
20942823.0
20942824.0
20942829.0
20942851.0
20942852.0
20942853.0
20942854.0
20942855.0
20942856.0
20942857.0
20942858.0
20942860.0
20942861.0
20942862.0
20942863.0
20942864.0
20942865.0
20942866.0
20942867.0
20942882.0
20942916.0
20942917.0
20942918.0
20942919.0
20942920.0
20942921.0
20942922.0
20942923.0
20942924.0
20942925.0
20942926.0
20942927.0
20942928.0
20942929.0
20942930.0
20942931.0
20942932.0
20942976.0
20942977.0
20942978.0
20942979.0
20942980.0
20942981.0
20942982.0
20942983.0
20942984.0
20942985.0
20942986.0
20942987.0
20942988.0
20942989.0
20942990.0
20942991.0
20942992.0
20942993.0
20942994.0
20942995.0
20942996.0
19680724.0
19680754.0
19682314.0
19682315.0
19682344.0
19682345.0
19683905.0
19683935.0
19683965.0
19685465.0
19685495.0
19685496.0
19685525.0
19685526.0
19685555.0
19685585.0
19687055.0
19687085.0
19687086.0
19687115.0
19687116.0
19687145.0
19687146.0
19687175.0
19687176.0
19687205.0
19688644.0
19688645.0
19688646.0
19688675.0
19688676.0
19688705.0
19688706.0
19688735.0
19688736.0
19688765.0
19688766.0
19688795.0
19688796.0
19688825.0
19690234.0
19690236.0
19690264.0
19690265.0
19690266.0
19690295.0
19690296.0
19690325.0
19690326.0
19690355.0
19690356.0
19690385.0
19690386.0
19690415.0
19690416.0
19690445.0
19691793.0
19691794.0
19691823.0
19691824.0
19691825.0
19691826.0
19691854.0
19691855.0
19691856.0
19691884.0
19691885.0
19691886.0
19691915.0
19691916.0
19691945.0
19691946.0
19691975.0
19691976.0
19692005.0
19692035.0
19692065.0
19693383.0
19693384.0
19693413.0
19693414.0
19693415.0
19693443.0
19693444.0
19693445.0
19693446.0
19693474.0
19693475.0
19693476.0
19693504.0
19693505.0
19693535.0
19693565.0
19693595.0
19693625.0
19693655.0
19695003.0
19695004.0
19695033.0
19695034.0
19695035.0
19695063.0
19695064.0
19695065.0
19695093.0
19695094.0
19695095.0
19695124.0
19695125.0
19695154.0
19695155.0
19695184.0
19695185.0
19695214.0
19695215.0
19695244.0
19695245.0
19695274.0
19695275.0
19695304.0
19696623.0
19696624.0
19696653.0
19696654.0
19696655.0
19696683.0
19696684.0
19696685.0
19696713.0
19696714.0
19696715.0
19696743.0
19696744.0
19696745.0
19696774.0
19696775.0
19696804.0
19696805.0
19696834.0
19696864.0
19696894.0
19696923.0
19696924.0
19696953.0
19696982.0
19697011.0
19698243.0
19698273.0
19698274.0
19698303.0
19698304.0
19698333.0
19698334.0
19698363.0
19698364.0
19698393.0
19698394.0
19698423.0
19698424.0
19698453.0
19698454.0
19698483.0
19698484.0
19698513.0
19698514.0
19698543.0
19698544.0
19698572.0
19698573.0
19698601.0
19698602.0
19698631.0
19699862.0
19699893.0
19699923.0
19699953.0
19699983.0
19700013.0
19700043.0
19700073.0
19700103.0
19700104.0
19700132.0
19700133.0
19700134.0
19700162.0
19700163.0
19700164.0
19700191.0
19700192.0
19700193.0
19700194.0
19700221.0
19700222.0
19700251.0
19701512.0
19701542.0
19701572.0
19701692.0
19701722.0
19701723.0
19701752.0
19701753.0
19701781.0
19701782.0
19701783.0
19701811.0
19701812.0
19701813.0
19701840.0
19701841.0
19701842.0
19701843.0
19701870.0
19701871.0
19701872.0
19701899.0
19703342.0
19703371.0
19703372.0
19703401.0
19703402.0
19703403.0
19703430.0
19703431.0
19703432.0
19703433.0
19703460.0
19703461.0
19703462.0
19703489.0
19703490.0
19703491.0
19703492.0
19703519.0
19704961.0
19704991.0
19705020.0
19705021.0
19705049.0
19705050.0
19705051.0
19705079.0
19705080.0
19705081.0
19705109.0
19705110.0
19705111.0
19705138.0
19706668.0
19706698.0
19706699.0
19706728.0
19706729.0
19706758.0
19680753.0
19683964.0
19692152.0
19695333.0
19695362.0
19695391.0
19698542.0
19700250.0
19675767.0
19675768.0
19675769.0
19675770.0
19675771.0
19675796.0
19675797.0
19675798.0
19675799.0
19675800.0
19675801.0
19675802.0
19675826.0
19675827.0
19675830.0
19675831.0
19675832.0
19675855.0
19675856.0
19679045.0
19679075.0
19680666.0
19682226.0
19682256.0
19683816.0
19683846.0
19683876.0
19685436.0
19685466.0
19687026.0
19687056.0
19688616.0
19690206.0
19675828.0
19675829.0
19677327.0
19677328.0
19677329.0
19677330.0
19677331.0
19677356.0
19677357.0
19677358.0
19677359.0
19677360.0
19677361.0
19677362.0
19677363.0
19677385.0
19677386.0
19677387.0
19677388.0
19677389.0
19677390.0
19677391.0
19677392.0
19677393.0
19677415.0
19677416.0
19677417.0
19677418.0
19677419.0
19677420.0
19677421.0
19677422.0
19677423.0
19677424.0
19677444.0
19677445.0
19677446.0
19677447.0
19677448.0
19677449.0
19677450.0
19677451.0
19677452.0
19677453.0
19677454.0
19677474.0
19677475.0
19678916.0
19678917.0
19678918.0
19678919.0
19678920.0
19678921.0
19678922.0
19678945.0
19678946.0
19678947.0
19678948.0
19678949.0
19678950.0
19678951.0
19678952.0
19678953.0
19678974.0
19678975.0
19678976.0
19678977.0
19678978.0
19678979.0
19678980.0
19678981.0
19678982.0
19678983.0
19678984.0
19679004.0
19679005.0
19679006.0
19679007.0
19679011.0
19679012.0
19679013.0
19679014.0
19679033.0
19679034.0
19679035.0
19679036.0
19679042.0
19679043.0
19679044.0
19679063.0
19679064.0
19679065.0
19679072.0
19679073.0
19679074.0
19679093.0
19680506.0
19680507.0
19680508.0
19680509.0
19680510.0
19680511.0
19680512.0
19680535.0
19680536.0
19680537.0
19680538.0
19680540.0
19680541.0
19680542.0
19680543.0
19680544.0
19680564.0
19680565.0
19680566.0
19680572.0
19680573.0
19680574.0
19680593.0
19680594.0
19680595.0
19680602.0
19680603.0
19680604.0
19680605.0
19680622.0
19680623.0
19680624.0
19680633.0
19680634.0
19680635.0
19680652.0
19680653.0
19680654.0
19680663.0
19680664.0
19680665.0
19680682.0
19680683.0
19680694.0
19682097.0
19682098.0
19682099.0
19682100.0
19682101.0
19682125.0
19682126.0
19682127.0
19682130.0
19682131.0
19682132.0
19682133.0
19682154.0
19682155.0
19682162.0
19682163.0
19682164.0
19682165.0
19682183.0
19682184.0
19682193.0
19682194.0
19682195.0
19682212.0
19682213.0
19682214.0
19682224.0
19682225.0
19682242.0
19682243.0
19682254.0
19682255.0
19682272.0
19682273.0
19682285.0
19683715.0
19683716.0
19683717.0
19683718.0
19683719.0
19683720.0
19683721.0
19683722.0
19683723.0
19683744.0
19683745.0
19683751.0
19683752.0
19683753.0
19683754.0
19683773.0
19683774.0
19683783.0
19683784.0
19683785.0
19683802.0
19683803.0
19683814.0
19683815.0
19683832.0
19683833.0
19683844.0
19683845.0
19683862.0
19683875.0
19685307.0
19685308.0
19685309.0
19685310.0
19685311.0
19685312.0
19685334.0
19685335.0
19685339.0
19685340.0
19685341.0
19685342.0
19685343.0
19685344.0
19685363.0
19685372.0
19685373.0
19685374.0
19685375.0
19685393.0
19685403.0
19685404.0
19685405.0
19685422.0
19685423.0
19685434.0
19685435.0
19685452.0
19686925.0
19686926.0
19686927.0
19686928.0
19686929.0
19686930.0
19686931.0
19686932.0
19686933.0
19686934.0
19686960.0
19686961.0
19686962.0
19686963.0
19686964.0
19686965.0
19686993.0
19686994.0
19686995.0
19687024.0
19687025.0
19688547.0
19688548.0
19688549.0
19688550.0
19688551.0
19688552.0
19688553.0
19688554.0
19688581.0
19688582.0
19688583.0
19688584.0
19688585.0
19688614.0
19688615.0
19690137.0
19690138.0
19690141.0
19690142.0
19690143.0
19690168.0
19690169.0
19690170.0
19690171.0
19690172.0
19690173.0
19690174.0
19690175.0
19690202.0
19690203.0
19690204.0
19690205.0
19690235.0
19691758.0
19691759.0
19691760.0
19691761.0
19691762.0
19691763.0
19691764.0
19691789.0
19691790.0
19691795.0
19743861.0
19743891.0
19745451.0
19745481.0
19747041.0
19747071.0
19747130.0
19748661.0
19748691.0
19748720.0
19748750.0
19750340.0
19750370.0
19752019.0
19688544.0
19688573.0
19691756.0
19691757.0
19693380.0
19694972.0
19696592.0
19698212.0
19690164.0
19691784.0
19693376.0
19693377.0
19694971.0
19694997.0
19696590.0
19696591.0
19698210.0
19698211.0
19699830.0
19699831.0
