2.0576264620118 0.4839283063891625 0.47703733895063016 0.48357715570527315 0.4879283063891625 0.48103733895063017 0.48757715570527316 9
2.0541498171705 0.48391885706436544 0.47701890652000833 0.4835632014390669 0.48791885706436544 0.48101890652000834 0.4875632014390669 9
2.0506828738688 0.4839094363917433 0.4770003166849576 0.4835492315130598 0.4879094363917433 0.48100031668495763 0.4875492315130598 9
2.0472255890465 0.48389996257820245 0.47698153515347896 0.48353519858333327 0.48789996257820245 0.48098153515347897 0.4875351985833333 9
2.0437779199054 0.4838903292590131 0.47696266098580486 0.4835210538816685 0.4878903292590131 0.48096266098580487 0.4875210538816685 9
2.0403398239073 0.483880572787467 0.47694376254253285 0.4835069255779281 0.487880572787467 0.48094376254253285 0.48750692557792813 9
2.0369112587715 0.48387069638509905 0.47692486401012646 0.48349295495653033 0.48787069638509906 0.48092486401012646 0.48749295495653033 9
2.0334921824735 0.4838606647729612 0.4769059705812253 0.4834789760157101 0.4878606647729612 0.4809059705812253 0.4874789760157101 9
2.0300825532424 0.4838504355991362 0.47688713926847903 0.48346497382969866 0.4878504355991362 0.48088713926847904 0.48746497382969867 9
2.0266823295594 0.48384004011323 0.47686840848900086 0.48345094698788005 0.48784004011323 0.48086840848900086 0.48745094698788005 9
2.0232914664964 0.4838295545376266 0.47684978068965733 0.48343690387488364 0.4878295545376266 0.48084978068965734 0.48743690387488364 9
2.0199060829107 0.4838189765182042 0.4768312155164472 0.4834229375451413 0.4878189765182042 0.4808312155164472 0.4874229375451413 9
2.0165299966681 0.4838082739121811 0.47681271021418703 0.48340910275351573 0.4878082739121811 0.48081271021418703 0.48740910275351573 9
2.0131631671614 0.4837975205795394 0.47679431308768455 0.48339543138566315 0.4877975205795394 0.48079431308768455 0.48739543138566316 9
2.009805554027 0.48378666004536575 0.4767760607181054 0.48338190926688196 0.48778666004536575 0.4807760607181054 0.48738190926688196 9
2.0064571171418 0.4837757785232022 0.476757894895371 0.4833684655578316 0.4877757785232022 0.480757894895371 0.4873684655578316 9
2.0031178166226 0.4837649561177843 0.4767398097858615 0.4833550938916842 0.4877649561177843 0.4807398097858615 0.4873550938916842 9
1.9997879241531 0.48375416111207276 0.4767217529061929 0.4833417258917863 0.48775416111207276 0.4807217529061929 0.4873417258917863 9
1.9964664663021 0.48374343367874983 0.47670374149642675 0.4833283807219678 0.48774343367874984 0.48070374149642675 0.4873283807219678 9
1.9931543379763 0.48373273560962254 0.476685781021005 0.4833150799516391 0.48773273560962255 0.480685781021005 0.4873150799516391 9
1.9898511888083 0.48372200685771116 0.47666776494340146 0.4833018106564216 0.48772200685771117 0.48066776494340147 0.4873018106564216 9
1.9865569801153 0.48371128111721234 0.4766496892602922 0.483288646722562 0.48771128111721235 0.4806496892602922 0.487288646722562 9
1.9832716734122 0.4837006003007849 0.4766315620853002 0.4832756159128218 0.4877006003007849 0.4806315620853002 0.4872756159128218 9
1.9799931307019 0.48368995397426057 0.47661334190509896 0.4832627228957023 0.48768995397426057 0.48061334190509897 0.4872627228957023 9
1.97672165575 0.48367927228565527 0.4765951039266819 0.4832498243443692 0.4876792722856553 0.4805951039266819 0.4872498243443692 9
1.9734589832896 0.4836685582741639 0.47657681000285607 0.4832368408583686 0.4876685582741639 0.48057681000285607 0.4872368408583686 9
1.9702050756596 0.48365778376202795 0.47655845333479013 0.4832238838922075 0.48765778376202795 0.48055845333479014 0.4872238838922075 9
1.9669598954194 0.48364694066561326 0.4765400398238886 0.48321102147317796 0.48764694066561326 0.4805400398238886 0.48721102147317796 9
1.9637234053477 0.4836360796766094 0.4765215913321607 0.4831982089939395 0.4876360796766094 0.4805215913321607 0.4871982089939395 9
1.9604955684406 0.48362513150513686 0.4765031399834206 0.4831853852584376 0.48762513150513687 0.4805031399834206 0.48718538525843763 9
1.9572763479098 0.4836140447695587 0.4764847941542528 0.48317252704699326 0.4876140447695587 0.4804847941542528 0.48717252704699326 9
1.9540657071817 0.48360281651979425 0.47646655545204386 0.48315962261086126 0.48760281651979426 0.48046655545204386 0.48715962261086126 9
1.9508636098952 0.4835914688586066 0.4764483949899145 0.48314669185695536 0.4875914688586066 0.4804483949899145 0.48714669185695536 9
1.9476700199001 0.48358003134679894 0.47643031744094066 0.48313378752587804 0.48758003134679895 0.48043031744094067 0.48713378752587805 9
1.944484901256 0.48356849126901125 0.4764123282520651 0.48312096307956776 0.48756849126901125 0.4804123282520651 0.48712096307956776 9
1.9413082182305 0.48355684635097224 0.4763943936039648 0.4831081318573064 0.48755684635097224 0.4803943936039648 0.4871081318573064 9
1.938136648356 0.4835451453178699 0.47637648678077466 0.4830952291453193 0.4875451453178699 0.48037648678077466 0.48709522914531933 9
1.9349728588458 0.4835335272031309 0.47635866867908966 0.48308228637185013 0.4875335272031309 0.48035866867908966 0.48708228637185014 9
1.9318174133573 0.48352201292514874 0.47634091866547196 0.4830693020924876 0.48752201292514874 0.48034091866547196 0.4870693020924876 9
1.9286702769038 0.48351057079766696 0.4763231819315839 0.48305622391665665 0.48751057079766696 0.4803231819315839 0.48705622391665665 9
1.9255314146995 0.4834991800816489 0.476305400070536 0.48304311026435337 0.4874991800816489 0.480305400070536 0.4870431102643534 9
1.9224007921581 0.4834878522402008 0.4762875669651155 0.4830299690056596 0.4874878522402008 0.4802875669651155 0.4870299690056596 9
1.9192783748914 0.48347657616428746 0.47626969713211303 0.48301679163839234 0.48747657616428747 0.48026969713211304 0.48701679163839234 9
1.9161641287076 0.4834653232858876 0.47625180144238777 0.48300360777479984 0.4874653232858876 0.48025180144238777 0.48700360777479984 9
1.9130580196104 0.48345412796760817 0.47623385216383396 0.4829904350466066 0.4874541279676082 0.48023385216383396 0.4869904350466066 9
1.909960013797 0.4834429545662388 0.4762158097668773 0.4829772232246568 0.4874429545662388 0.4802158097668773 0.4869772232246568 9
1.9068700776571 0.48343176412614697 0.4761976410777763 0.48296390288037216 0.48743176412614697 0.4801976410777763 0.48696390288037217 9
1.9037881777713 0.4834205462350622 0.47617933503206866 0.4829504972685077 0.4874205462350622 0.48017933503206867 0.4869504972685077 9
1.9007142809098 0.4834092704716658 0.4761609612604285 0.482936965346525 0.4874092704716658 0.4801609612604285 0.48693696534652503 9
1.8976448128936 0.4833978773596026 0.4761424852690575 0.48292333649580715 0.4873978773596026 0.4801424852690575 0.48692333649580716 9
1.8945829348301 0.483386366705528 0.47612393566338285 0.4829096693215704 0.487386366705528 0.48012393566338285 0.4869096693215704 9
1.8915289753794 0.48337473560127464 0.4761053158892129 0.48289596651411 0.48737473560127464 0.4801053158892129 0.48689596651411 9
1.8884829019879 0.48336300102194885 0.476086643844172 0.48288230111963565 0.48736300102194885 0.480086643844172 0.48688230111963565 9
1.8854446822853 0.4833512059577182 0.47606796568421167 0.482868659473841 0.4873512059577182 0.4800679656842117 0.486868659473841 9
1.882414284083 0.4833393493917345 0.4760493124011185 0.4828550589755355 0.4873393493917345 0.4800493124011185 0.4868550589755355 9
1.8793916753736 0.48332744873693795 0.4760307048294149 0.4828414935930252 0.48732744873693795 0.4800307048294149 0.4868414935930252 9
1.8763768243287 0.48331546577311474 0.47601213604093223 0.4828279499507792 0.48731546577311474 0.48001213604093224 0.4868279499507792 9
1.8733696992982 0.4833033853947576 0.4759936682258583 0.48281436174835013 0.4873033853947576 0.4799936682258583 0.48681436174835013 9
1.8703702688089 0.48329130803989884 0.47597535104144845 0.4828007085838801 0.48729130803989884 0.47997535104144845 0.4868007085838801 9
1.8673785015633 0.4832793191271306 0.47595723116602645 0.4827870681567556 0.48727931912713063 0.47995723116602645 0.4867870681567556 9
1.8643943664381 0.4832674299112351 0.4759393140030213 0.48277347304425805 0.4872674299112351 0.4799393140030213 0.48677347304425805 9
1.8614178324832 0.4832556695202277 0.475921560359658 0.48275996609489025 0.4872556695202277 0.479921560359658 0.48675996609489025 9
1.8584460332395 0.4832440676431474 0.47590393395088 0.4827465243716509 0.4872440676431474 0.47990393395088 0.4867465243716509 9
1.8554807010121 0.4832326053132038 0.4758863447207142 0.482733146172669 0.4872326053132038 0.47988634472071423 0.486733146172669 9
1.8525228920909 0.48322125628077883 0.4758687804366015 0.482719828755898 0.48722125628077884 0.4798687804366015 0.486719828755898 9
1.8495725761396 0.4832100100071801 0.4758512450870857 0.482706598548351 0.4872100100071801 0.4798512450870857 0.486706598548351 9
1.8466297229898 0.48319883980041434 0.47583371867034546 0.4826934846412867 0.48719883980041434 0.47983371867034547 0.4866934846412867 9
1.8436943026392 0.4831877252811202 0.4758161768468545 0.48268048119830387 0.4871877252811202 0.4798161768468545 0.48668048119830387 9
1.8407662852508 0.48317665706123303 0.4757985905195949 0.4826675500379087 0.48717665706123303 0.4797985905195949 0.4866675500379087 9
1.8378456411518 0.4831656092745788 0.4757809408455404 0.48265470350202305 0.4871656092745788 0.4797809408455404 0.48665470350202306 9
1.8349323408321 0.48315456601931844 0.4757632206082091 0.4826419356268151 0.48715456601931845 0.4797632206082091 0.4866419356268151 9
1.8320263549433 0.48314352818216555 0.47574543624562154 0.48262924037612714 0.48714352818216555 0.47974543624562155 0.48662924037612715 9
1.829127654298 0.4831324993694295 0.4757275878594807 0.48261664722197 0.4871324993694295 0.4797275878594807 0.48661664722197 9
1.8262362098681 0.4831214675756167 0.47570967374336637 0.4826041302418193 0.4871214675756167 0.47970967374336637 0.4866041302418193 9
1.8233519927838 0.4831104209534373 0.4756917218666515 0.48259168510049244 0.4871104209534373 0.4796917218666515 0.48659168510049244 9
1.8204738327937 0.4830993327535409 0.4756737484069985 0.482579307846479 0.4870993327535409 0.4796737484069985 0.486579307846479 9
1.8176000527713 0.4830881722194514 0.4756557569264076 0.48256697129170567 0.4870881722194514 0.4796557569264076 0.4865669712917057 9
1.8147334282076 0.48307695432004527 0.47563771764523904 0.4825546659117762 0.4870769543200453 0.47963771764523905 0.4865546659117762 9
1.8118739307912 0.48306570963211337 0.47561960935856884 0.48254246848070986 0.4870657096321134 0.47961960935856884 0.48654246848070987 9
1.8090215323644 0.4830544515919891 0.47560142371436265 0.4825304045277349 0.4870544515919891 0.47960142371436265 0.4865304045277349 9
1.8061762049216 0.48304318585707734 0.47558317890297214 0.4825184229916421 0.48704318585707734 0.47958317890297214 0.4865184229916421 9
1.8033379206087 0.48303193441845516 0.47556493797485916 0.48250647045802225 0.48703193441845516 0.47956493797485916 0.48650647045802226 9
1.8005066517217 0.48302072980601934 0.47554674498417077 0.48249452022871775 0.48702072980601935 0.47954674498417077 0.48649452022871775 9
1.7976823707061 0.48300958688361645 0.4755286313530427 0.482482577450334 0.48700958688361645 0.4795286313530427 0.486482577450334 9
1.7948650501553 0.48299853683291216 0.4755105799371407 0.482470614415523 0.48699853683291217 0.4795105799371407 0.48647061441552303 9
1.7920546628102 0.4829875897320599 0.4754926315706398 0.4824585903704689 0.4869875897320599 0.4794926315706398 0.4864585903704689 9
1.7892511815579 0.4829767154594915 0.47547476770631547 0.4824464768785918 0.4869767154594915 0.4794747677063155 0.4864464768785918 9
1.7864545794305 0.4829659202620759 0.47545699915099576 0.4824342728851609 0.4869659202620759 0.47945699915099577 0.4864342728851609 9
1.7836648296045 0.48295522779702693 0.4754393459380489 0.4824220199508239 0.48695522779702693 0.4794393459380489 0.4864220199508239 9
1.7808795201761 0.48294460660644867 0.47542177490437987 0.482409771235189 0.48694460660644867 0.47942177490437987 0.486409771235189 9
1.7780994508641 0.4829340092777933 0.47540431026339813 0.4823975341734346 0.4869340092777933 0.47940431026339814 0.4863975341734346 9
1.7753261677977 0.48292344731919523 0.47538697034662386 0.48238530762420884 0.48692344731919524 0.47938697034662386 0.48638530762420884 9
1.7725596446585 0.48291298570593333 0.47536972610606226 0.48237314106642304 0.48691298570593333 0.47936972610606227 0.48637314106642304 9
1.7697998552679 0.48290263530240235 0.4753525723703259 0.4823610837216158 0.48690263530240235 0.4793525723703259 0.4863610837216158 9
1.7670467735858 0.48289241659125215 0.4753355380385115 0.4823491887066831 0.48689241659125215 0.4793355380385115 0.4863491887066831 9
1.7643003737105 0.48288231293616596 0.47531860049461433 0.48233737457192377 0.48688231293616596 0.47931860049461433 0.4863373745719238 9
1.761560629877 0.4828723075014839 0.47530173040421675 0.48232560878993347 0.4868723075014839 0.47930173040421675 0.4863256087899335 9
1.7588275164563 0.48286238338920534 0.47528487463649516 0.48231389865913393 0.48686238338920534 0.47928487463649516 0.48631389865913394 9
1.7561010079547 0.48285251009034996 0.4752680035173919 0.48230221433905096 0.48685251009034997 0.4792680035173919 0.48630221433905096 9
1.7533810790127 0.4828426503513154 0.47525113292977494 0.4822905589692259 0.4868426503513154 0.47925113292977495 0.4862905589692259 9
1.7506677044042 0.48283282508521874 0.47523427169102195 0.4822789460250425 0.48683282508521875 0.47923427169102195 0.4862789460250425 9
1.7479609256718 0.4828229752771914 0.4752174043249865 0.48226736418746563 0.4868229752771914 0.4792174043249865 0.48626736418746563 9
1.7452605179377 0.48281306745729147 0.4752005409902022 0.4822557743364988 0.48681306745729147 0.4792005409902022 0.4862557743364988 9
1.7425640362316 0.4828031163078686 0.475183674825051 0.4822440960674978 0.4868031163078686 0.479183674825051 0.4862440960674978 9
1.7398726693735 0.4827931363385333 0.47516679429860126 0.48223232875787087 0.4867931363385333 0.47916679429860126 0.48623232875787087 9
1.7371877460427 0.4827831253982162 0.47514992060449496 0.48222047820268166 0.4867831253982162 0.47914992060449496 0.48622047820268166 9
1.7345092417347 0.4827730677302202 0.4751330487954224 0.48220856488998015 0.4867730677302202 0.4791330487954224 0.48620856488998015 9
1.7318371320726 0.48276299846053844 0.4751162088938567 0.48219661799932023 0.48676299846053844 0.4791162088938567 0.48619661799932024 9
1.7291713928061 0.4827529211643439 0.4750994195621255 0.48218465322744997 0.4867529211643439 0.4790994195621255 0.48618465322744997 9
1.7265119998111 0.4827428362346958 0.4750827136479033 0.4821726589762388 0.48674283623469583 0.4790827136479033 0.4861726589762388 9
1.7238589290884 0.48273271744389123 0.47506602482020044 0.4821606514479816 0.48673271744389124 0.47906602482020044 0.4861606514479816 9
1.7212121567632 0.4827225592744163 0.47504932629092483 0.48214860045622043 0.4867225592744163 0.47904932629092484 0.48614860045622044 9
1.7185716590841 0.4827124170471434 0.4750325964498381 0.4821364670801135 0.4867124170471434 0.4790325964498381 0.4861364670801135 9
1.7159374124224 0.4827023183749073 0.47501580629461754 0.4821242775730148 0.4867023183749073 0.47901580629461754 0.4861242775730148 9
1.7133093932713 0.48269225605501415 0.4749989502714158 0.48211203401791186 0.48669225605501415 0.4789989502714158 0.48611203401791186 9
1.7106875782449 0.4826822286472373 0.47498207726582675 0.48209976904086244 0.4866822286472373 0.47898207726582676 0.48609976904086244 9
1.7080719440777 0.48267223612474053 0.47496517812342903 0.48208746862759444 0.48667223612474053 0.47896517812342904 0.48608746862759444 9
1.7054606482146 0.4826622744961628 0.4749482113458164 0.4820751340662693 0.4866622744961628 0.4789482113458164 0.4860751340662693 9
1.7028533276237 0.48265226881169654 0.4749311545390233 0.4820627237537136 0.48665226881169654 0.4789311545390233 0.4860627237537136 9
1.7002521319782 0.48264226171443564 0.4749140719372406 0.4820503188621203 0.48664226171443564 0.4789140719372406 0.4860503188621203 9
1.6976570384278 0.48263225659045234 0.474896948863122 0.4820379567363528 0.48663225659045234 0.478896948863122 0.4860379567363528 9
1.6950680242388 0.48262224589167496 0.47487976975342616 0.48202569454570027 0.48662224589167496 0.47887976975342617 0.48602569454570027 9
1.6924850667936 0.4826122332412551 0.47486255870284205 0.48201350998255976 0.4866122332412551 0.47886255870284206 0.48601350998255977 9
1.6899081435898 0.4826022548505547 0.47484533471718227 0.4820013333311998 0.4866022548505547 0.47884533471718227 0.4860013333311998 9
1.6873372322393 0.4825923071102681 0.47482806202167205 0.4819891597341612 0.48659230711026813 0.47882806202167205 0.4859891597341612 9
1.6847723104679 0.48258243705462234 0.47481076886156026 0.48197697885094876 0.48658243705462234 0.47881076886156027 0.48597697885094876 9
1.6822133561144 0.4825726011069626 0.4747934781414689 0.4819647703879686 0.4865726011069626 0.4787934781414689 0.4859647703879686 9
1.6796603471299 0.4825627932344497 0.47477619820585143 0.4819525164545627 0.48656279323444973 0.47877619820585143 0.4859525164545627 9
1.6771132615769 0.48255297997332486 0.47475894897301324 0.48194020244468977 0.48655297997332486 0.47875894897301324 0.4859402024446898 9
1.674572077629 0.4825431595167178 0.4747417393545299 0.48192790113427214 0.4865431595167178 0.4787417393545299 0.48592790113427214 9
1.6720367735697 0.48253335292797606 0.47472456775670335 0.48191563733900294 0.48653335292797606 0.47872456775670336 0.48591563733900295 9
1.6695073277921 0.48252351812828403 0.4747074087804613 0.48190335187851846 0.48652351812828404 0.4787074087804613 0.48590335187851846 9
1.6669797638613 0.48251367508861726 0.47469022734756877 0.48189099325846285 0.48651367508861726 0.4786902273475688 0.48589099325846286 9
1.6644579825916 0.4825038259958408 0.47467301366001297 0.48187853195172853 0.4865038259958408 0.47867301366001297 0.48587853195172853 9
1.6619420083752 0.4824939493949202 0.47465577123553 0.4818659882522451 0.4864939493949202 0.47865577123553 0.4858659882522451 9
1.6594318199799 0.482484047013653 0.4746384929899935 0.48185343115579377 0.486484047013653 0.4786384929899935 0.48585343115579377 9
1.6569273962798 0.48247412118829175 0.47462123965259395 0.48184086641617324 0.48647412118829175 0.47862123965259395 0.48584086641617324 9
1.6544287162546 0.4824641601157165 0.4746040208926554 0.48182828460147614 0.4864641601157165 0.4786040208926554 0.48582828460147615 9
1.651935758989 0.4824541615448964 0.4745868247477371 0.4818156819033209 0.4864541615448964 0.4785868247477371 0.4858156819033209 9
1.6494485036718 0.48244413266773656 0.4745696473463584 0.48180306061643124 0.48644413266773656 0.47856964734635843 0.48580306061643125 9
1.6469669295957 0.4824340977024677 0.47455247814038926 0.4817904063803139 0.4864340977024677 0.47855247814038926 0.4857904063803139 9
1.6444910161562 0.48242404942043926 0.47453531731958026 0.4817777436419503 0.48642404942043926 0.47853531731958027 0.4857777436419503 9
1.6420207428511 0.48241402504461217 0.4745181400385896 0.48176510523231597 0.4864140250446122 0.4785181400385896 0.485765105232316 9
1.6395560892799 0.48240404329516434 0.47450094776043683 0.481752525536253 0.48640404329516435 0.47850094776043683 0.485752525536253 9
1.6370970351432 0.48239411470620447 0.4744837594483067 0.4817400291272575 0.4863941147062045 0.4784837594483067 0.4857400291272575 9
1.6346435602418 0.48238424020529025 0.4744665773286201 0.4817276137356119 0.48638424020529025 0.4784665773286201 0.4857276137356119 9
1.6321946255881 0.48237441923114677 0.47444941345529673 0.48171523464093563 0.48637441923114677 0.47844941345529673 0.48571523464093563 9
1.629748236416 0.48236467682161394 0.4744322619286449 0.48170284972789423 0.48636467682161394 0.4784322619286449 0.48570284972789424 9
1.6273073792684 0.4823550359265064 0.47441511186659013 0.4816904584171605 0.4863550359265064 0.47841511186659014 0.4856904584171605 9
1.6248720342874 0.4823454480633603 0.47439795538449325 0.4816780838516233 0.48634544806336033 0.47839795538449326 0.4856780838516233 9
1.6224421817124 0.48233589164519197 0.47438077671116025 0.48166571674055375 0.486335891645192 0.47838077671116025 0.48566571674055375 9
1.62001780188 0.48232634969489535 0.4743635720518107 0.4816533788254536 0.48632634969489535 0.4783635720518107 0.4856533788254536 9
1.6175988752233 0.48231680435104707 0.47434631154073753 0.48164107867916234 0.48631680435104707 0.47834631154073753 0.48564107867916234 9
1.6151853822708 0.4823072566065784 0.47432898075741786 0.48162883081905367 0.4863072566065784 0.47832898075741787 0.48562883081905367 9
1.6127773036466 0.4822977017704089 0.47431158883529084 0.4816166444381959 0.48629770177040893 0.47831158883529085 0.4856166444381959 9
1.610374620069 0.4822881588187387 0.4742941369863473 0.48160447197365336 0.4862881588187387 0.4782941369863473 0.48560447197365336 9
1.6079773123506 0.4822786306912235 0.47427661976770513 0.48159232045275163 0.4862786306912235 0.47827661976770514 0.48559232045275164 9
1.6055853613974 0.48226910434815107 0.4742590373515145 0.48158020059132356 0.48626910434815107 0.4782590373515145 0.48558020059132356 9
1.6031987482081 0.4822595756079114 0.4742414171944495 0.48156809549883695 0.4862595756079114 0.4782414171944495 0.48556809549883695 9
1.6008174538738 0.4822499755644554 0.4742237451730684 0.48155601499088124 0.48624997556445543 0.4782237451730684 0.48555601499088125 9
1.5984414595772 0.4822402587405293 0.4742060075799418 0.4815439405501069 0.4862402587405293 0.4782060075799418 0.4855439405501069 9
1.5960697495899 0.4822304178494201 0.4741882207610842 0.4815318594299431 0.4862304178494201 0.4781882207610842 0.4855318594299431 9
1.5937002717515 0.48222045831986987 0.47417040268148725 0.4815197884475212 0.4862204583198699 0.47817040268148725 0.4855197884475212 9
1.5913360506423 0.48221040020137024 0.4741525667275613 0.48150774744756053 0.48621040020137024 0.4781525667275613 0.48550774744756053 9
1.5889770677538 0.48220023696948955 0.47413475315934156 0.4814957472330191 0.48620023696948955 0.47813475315934156 0.4854957472330191 9
1.5866233046668 0.4821900178096207 0.474116974677013 0.4814837898922942 0.4861900178096207 0.47811697467701303 0.4854837898922942 9
1.5842747430506 0.4821797428484033 0.47409925348203646 0.4814719045741334 0.4861797428484033 0.47809925348203647 0.4854719045741334 9
1.5819313646628 0.4821694347160353 0.47408159242772785 0.4814600638471765 0.4861694347160353 0.47808159242772785 0.4854600638471765 9
1.5795931513485 0.4821591230841686 0.4740639853254018 0.48144821767890594 0.4861591230841686 0.4780639853254018 0.48544821767890595 9
1.5772600850398 0.48214881034517004 0.4740464414980216 0.4814363696425307 0.48614881034517005 0.4780464414980216 0.48543636964253073 9
1.5749321477555 0.4821384854156449 0.4740289381463252 0.4814245500140939 0.4861384854156449 0.4780289381463252 0.4854245500140939 9
1.5726093216002 0.48212815220636623 0.474011462906433 0.48141276507113556 0.48612815220636624 0.478011462906433 0.48541276507113557 9
1.570291588764 0.4821177857494424 0.47399403329690054 0.4814009602807942 0.4861177857494424 0.47799403329690054 0.4854009602807942 9
1.5679789315221 0.48210741584883193 0.47397663792586425 0.48138909715856393 0.48610741584883194 0.47797663792586426 0.48538909715856393 9
1.565671332234 0.4820970500508304 0.47395926558896445 0.48137715292432565 0.4860970500508304 0.47795926558896445 0.48537715292432565 9
1.5633687733432 0.4820866992571133 0.4739419055832283 0.4813651220991305 0.4860866992571133 0.4779419055832283 0.4853651220991305 9
1.5610712373767 0.48207637526303987 0.4739245575122852 0.4813530216065934 0.4860763752630399 0.4779245575122852 0.4853530216065934 9
1.5587747993926 0.4820660602061925 0.4739072358348866 0.48134086384226765 0.48606606020619253 0.4779072358348866 0.48534086384226766 9
1.556483224114 0.482055757051773 0.47388994614261304 0.4813286496504821 0.486055757051773 0.47788994614261304 0.4853286496504821 9
1.5541966322082 0.48204547054034924 0.47387270575417867 0.48131640382944757 0.48604547054034924 0.4778727057541787 0.4853164038294476 9
1.5519150064802 0.4820352002575096 0.47385549666814203 0.48130412593049915 0.4860352002575096 0.47785549666814203 0.48530412593049915 9
1.5496383298163 0.482024958551914 0.4738382906296144 0.4812918389945899 0.486024958551914 0.4778382906296144 0.4852918389945899 9
1.5473665851836 0.4820147509627527 0.47382106734957624 0.48127957013583983 0.4860147509627527 0.47782106734957625 0.48527957013583983 9
1.5450997556295 0.4820045896689259 0.4738038467984437 0.48126731881456547 0.4860045896689259 0.4778038467984437 0.4852673188145655 9
1.5428378242808 0.4819944694457413 0.47378663213713373 0.48125508463250777 0.4859944694457413 0.47778663213713374 0.48525508463250777 9
1.5405807743441 0.4819843927492717 0.47376943175447933 0.4812428517844658 0.4859843927492717 0.47776943175447933 0.4852428517844658 9
1.5383285891043 0.4819743275107272 0.4737522330071191 0.4812305919407312 0.4859743275107272 0.4777522330071191 0.4852305919407312 9
1.536081251925 0.4819642494651842 0.47373499952921244 0.48121831484130767 0.4859642494651842 0.47773499952921245 0.4852183148413077 9
1.5338387462476 0.48195414252569657 0.47371772021893477 0.48120605681175715 0.4859541425256966 0.47771772021893477 0.48520605681175716 9
1.5316010555909 0.48194398465069976 0.47370043466150497 0.48119382477837136 0.48594398465069977 0.47770043466150497 0.48519382477837136 9
1.5293681635505 0.48193379637807715 0.47368316078335543 0.4811816116953686 0.48593379637807715 0.47768316078335543 0.4851816116953686 9
1.5271400537988 0.48192358816214115 0.47366588604100573 0.4811694479485727 0.48592358816214115 0.47766588604100574 0.4851694479485727 9
1.5249150584217 0.4819133463996 0.47364862281181513 0.4811573158301322 0.4859133463996 0.47764862281181514 0.4851573158301322 9
1.5226924105112 0.4819030707976352 0.47363137756401463 0.48114521854808195 0.48590307079763523 0.47763137756401464 0.48514521854808196 9
1.5204745085739 0.48189281248563914 0.47361415681397667 0.4811331849848701 0.48589281248563915 0.4776141568139767 0.4851331849848701 9
1.5182613365345 0.4818825725170693 0.4735969576327231 0.4811212123018005 0.4858825725170693 0.4775969576327231 0.4851212123018005 9
1.5160528783925 0.4818723018864346 0.47357978092320796 0.4811092576328716 0.4858723018864346 0.47757978092320796 0.4851092576328716 9
1.5138491182212 0.4818619834717625 0.4735626014803682 0.4810973131355991 0.4858619834717625 0.4775626014803682 0.4850973131355991 9
1.5116500401677 0.48185159388144466 0.4735454149108594 0.48108537417757935 0.48585159388144467 0.4775454149108594 0.48508537417757935 9
1.5094556284523 0.4818411310278145 0.4735282251791266 0.48107346521857974 0.4858411310278145 0.47752822517912663 0.48507346521857975 9
1.5072658673679 0.4818305863196254 0.47351103168048525 0.4810616007894921 0.4858305863196254 0.47751103168048525 0.4850616007894921 9
1.5050807412801 0.4818199681871055 0.4734938290999007 0.48104980742641357 0.4858199681871055 0.4774938290999007 0.48504980742641357 9
1.5029002346263 0.481809311212974 0.47347662285248776 0.48103807230659085 0.485809311212974 0.47747662285248776 0.48503807230659085 9
1.5007243319152 0.4817986397477155 0.47345943307948163 0.4810263727123031 0.4857986397477155 0.47745943307948163 0.4850263727123031 9
1.4985530900401 0.4817879528339447 0.47344225484153535 0.48101470999484275 0.4857879528339447 0.47744225484153535 0.48501470999484275 9
1.4963862767048 0.4817772351221261 0.4734250816037469 0.48100305636012475 0.4857772351221261 0.4774250816037469 0.48500305636012475 9
1.4942240935915 0.4817665071413873 0.47340790787845805 0.48099144108369224 0.4857665071413873 0.47740790787845805 0.48499144108369224 9
1.4920664531562 0.48175576931759306 0.47339076645224915 0.48097987353131594 0.48575576931759307 0.47739076645224915 0.48497987353131594 9
1.489911036423 0.4817450285601691 0.4733736870482358 0.480968348698832 0.4857450285601691 0.4773736870482358 0.484968348698832 9
1.4877583703025 0.4817342754664933 0.4733566843478363 0.4809568551058722 0.4857342754664933 0.4773566843478363 0.4849568551058722 9
1.4856102136754 0.48172351620147186 0.47333976003915373 0.48094540418150794 0.48572351620147186 0.47733976003915374 0.48494540418150794 9
1.4834665515608 0.4817127406154245 0.4733229066130144 0.480933992136151 0.4857127406154245 0.4773229066130144 0.484933992136151 9
1.4813273690457 0.48170193790029536 0.4733061292085467 0.48092260350530686 0.48570193790029537 0.4773061292085467 0.48492260350530686 9
1.4791926512851 0.4816911258031946 0.4732894253477299 0.4809112465193333 0.4856911258031946 0.4772894253477299 0.4849112465193333 9
1.477062383501 0.48168029162989323 0.4732727654053347 0.4808999279902129 0.48568029162989323 0.4772727654053347 0.4848999279902129 9
1.4749365509826 0.48166942051209055 0.47325612606634637 0.48088862877640853 0.48566942051209055 0.4772561260663464 0.48488862877640854 9
1.4728151390856 0.48165853378196954 0.47323952407036046 0.48087733614094147 0.48565853378196955 0.47723952407036047 0.4848773361409415 9
1.4706981332316 0.48164766864932723 0.47322296554900994 0.48086606373045065 0.48564766864932724 0.47722296554900995 0.48486606373045066 9
1.4685855189084 0.4816368501820975 0.4732064161052399 0.4808548067606856 0.4856368501820975 0.4772064161052399 0.4848548067606856 9
1.4664772816691 0.4816260896888321 0.4731899004040266 0.48084359279340855 0.4856260896888321 0.4771899004040266 0.48484359279340855 9
1.4643734071315 0.48161537440048086 0.47317343268185713 0.48083242692388933 0.48561537440048086 0.47717343268185713 0.48483242692388934 9
1.4622738809786 0.48160469214785095 0.47315698659700883 0.48082128315151595 0.48560469214785096 0.47715698659700884 0.48482128315151596 9
1.4601786889573 0.48159406103269464 0.47314053221357627 0.4808101743322697 0.48559406103269465 0.4771405322135763 0.4848101743322697 9
1.4580878168787 0.4815835064208664 0.4731240795766315 0.4807991114918884 0.4855835064208664 0.4771240795766315 0.4847991114918884 9
1.4559994561257 0.48157300449042434 0.4731076301933333 0.48078805797771845 0.48557300449042434 0.4771076301933333 0.48478805797771846 9
1.4539131013219 0.48156254428235323 0.4730911675349767 0.4807769947800757 0.48556254428235324 0.4770911675349767 0.4847769947800757 9
1.4518310361173 0.4815521080423526 0.4730746878568589 0.4807659080164982 0.4855521080423526 0.4770746878568589 0.4847659080164982 9
1.4497532465293 0.48154168951963805 0.4730582027299682 0.4807547837601653 0.48554168951963805 0.4770582027299682 0.4847547837601653 9
1.4476797186377 0.48153128174127746 0.47304171861062977 0.4807436048375716 0.48553128174127747 0.4770417186106298 0.4847436048375716 9
1.4456104385843 0.4815208813663761 0.473025242204434 0.4807323577472918 0.4855208813663761 0.477025242204434 0.4847323577472918 9
1.4435453925725 0.4815104879478473 0.4730087984884373 0.48072105464626563 0.4855104879478473 0.4770087984884373 0.48472105464626564 9
1.4414845668672 0.4815000802228748 0.47299236757103963 0.4807097130946348 0.48550008022287483 0.47699236757103963 0.4847097130946348 9
1.439427947794 0.48148965207120387 0.4729759462795557 0.48069832869347434 0.48548965207120387 0.4769759462795557 0.48469832869347435 9
1.4373755217393 0.4814792335594507 0.4729595622222654 0.48068692192731743 0.4854792335594507 0.4769595622222654 0.48468692192731744 9
1.4353272751499 0.48146882355754544 0.4729432109771146 0.4806754684645245 0.48546882355754545 0.4769432109771146 0.48467546846452453 9
1.4332831945323 0.4814584122583468 0.47292687711888565 0.48066392880563247 0.4854584122583468 0.47692687711888565 0.48466392880563247 9
1.4312432664527 0.48144800706221624 0.47291056621758126 0.48065232290867077 0.48544800706221625 0.47691056621758127 0.4846523229086708 9
1.4292074775367 0.48143758787531166 0.47289425635527843 0.48064068957063644 0.48543758787531166 0.47689425635527843 0.48464068957063644 9
1.4271758144686 0.481427175042842 0.47287794030861435 0.48062902523778855 0.485427175042842 0.47687794030861436 0.48462902523778856 9
1.4251482639916 0.4814167613766501 0.4728616435861564 0.48061733300648374 0.48541676137665013 0.4768616435861564 0.48461733300648374 9
1.4231247155016 0.4814063612286243 0.47284539709201334 0.4806055919632381 0.4854063612286243 0.47684539709201335 0.4846055919632381 9
1.4211012529703 0.48139598615458484 0.47282919542383905 0.48059381448658234 0.48539598615458485 0.47682919542383906 0.48459381448658234 9
1.4190818752888 0.4813856762550522 0.4728130504358182 0.48058203206172406 0.4853856762550522 0.47681305043581823 0.48458203206172407 9
1.4170665693871 0.4813754469978629 0.4727969619909633 0.4805703000458678 0.4853754469978629 0.47679696199096333 0.4845703000458678 9
1.4150553222524 0.48136528358498615 0.4727808941797076 0.48055865493508926 0.48536528358498615 0.4767808941797076 0.48455865493508926 9
1.413048120929 0.4813551663718526 0.4727648173214954 0.4805470834938928 0.4853551663718526 0.4767648173214954 0.4845470834938928 9
1.4110449525174 0.4813450767646255 0.4727487349579797 0.4805355595830078 0.4853450767646255 0.4767487349579797 0.4845355595830078 9
1.4090458041747 0.48133499921169437 0.4727326404911402 0.48052406339445747 0.4853349992116944 0.4767326404911402 0.48452406339445747 9
1.4070506631139 0.48132494314061414 0.4727165104469246 0.4805125939765861 0.48532494314061414 0.4767165104469246 0.4845125939765861 9
1.4050595166036 0.4813149303167183 0.4727003549602393 0.4805011408256334 0.4853149303167183 0.4767003549602393 0.4845011408256334 9
1.4030723519676 0.4813049750930668 0.47268419133730416 0.4804897026690487 0.4853049750930668 0.47668419133730416 0.4844897026690487 9
1.4010891565851 0.4812950841034987 0.4726680288946698 0.48047828145743754 0.4852950841034987 0.4766680288946698 0.48447828145743754 9
1.3991100266588 0.48128525303048947 0.4726518710568148 0.4804668883184044 0.48528525303048947 0.4766518710568148 0.4844668883184044 9
1.3971346233588 0.4812754829483363 0.47263569309209513 0.48045552632064037 0.4852754829483363 0.47663569309209514 0.4844555263206404 9
1.3951632605671 0.481265780820215 0.4726194824023686 0.4804441802362335 0.485265780820215 0.4766194824023686 0.4844441802362335 9
1.3931958170782 0.48125614203333195 0.4726032506873538 0.48043283363553013 0.48525614203333195 0.4766032506873538 0.48443283363553014 9
1.3912322805527 0.4812465723083439 0.472587031712515 0.48042151188464793 0.4852465723083439 0.476587031712515 0.48442151188464794 9
1.3892713364085 0.4812370497266166 0.47257080141770613 0.48041020411878915 0.4852370497266166 0.47657080141770614 0.48441020411878916 9
1.3873114707173 0.48122755050257704 0.47255454974962163 0.4803988865056784 0.48522755050257704 0.47655454974962164 0.4843988865056784 9
1.3853554867459 0.4812180893363325 0.4725382786385452 0.48038757513465885 0.4852180893363325 0.4765382786385452 0.48438757513465885 9
1.3834033723124 0.4812086750436506 0.472521974884056 0.48037626819483054 0.4852086750436506 0.476521974884056 0.48437626819483054 9
1.3814551152875 0.481199302504302 0.47250564778048837 0.4803649584112636 0.485199302504302 0.4765056477804884 0.4843649584112636 9
1.3795107035936 0.48118996212038556 0.47248929438006537 0.4803536387221132 0.48518996212038557 0.4764892943800654 0.4843536387221132 9
1.377570125205 0.4811806264854514 0.47247291793912 0.4803422866719076 0.4851806264854514 0.47647291793912 0.4843422866719076 9
1.3756333681475 0.4811713054551934 0.472456543147001 0.4803309177719836 0.4851713054551934 0.476456543147001 0.4843309177719836 9
1.3737004204979 0.4811620010090478 0.4724401550691979 0.4803195285874562 0.4851620010090478 0.4764401550691979 0.4843195285874562 9
1.3717712703841 0.48115269239324776 0.4724237640088862 0.48030811469469575 0.48515269239324776 0.4764237640088862 0.48430811469469576 9
1.3698459059843 0.4811433762175437 0.472407368078861 0.48029667184621494 0.4851433762175437 0.476407368078861 0.48429667184621494 9
1.3679243155275 0.4811340430089017 0.47239095421665 0.48028519684522863 0.4851340430089017 0.47639095421665 0.48428519684522864 9
1.3660064872924 0.48112469856158396 0.47237452984862294 0.48027367958104067 0.48512469856158397 0.47637452984862294 0.4842736795810407 9
1.3640924096076 0.48111533315257143 0.4723580996828134 0.4802621541172575 0.48511533315257144 0.4763580996828134 0.4842621541172575 9
1.3621820708512 0.4811059373315592 0.4723416672361192 0.48025065938002376 0.4851059373315592 0.4763416672361192 0.48425065938002376 9
1.3602754594508 0.48109651287248545 0.47232524876022974 0.4802391771564479 0.48509651287248545 0.47632524876022975 0.48423917715644793 9
1.3583725638827 0.4810870478012056 0.4723088471056299 0.480227685016291 0.4850870478012056 0.47630884710562993 0.484227685016291 9
1.3564720771713 0.48107754064810065 0.4722924611180209 0.480216200253743 0.48507754064810066 0.4762924611180209 0.484216200253743 9
1.354572461194 0.48106800654227483 0.47227608016668554 0.48020473297346733 0.48506800654227483 0.47627608016668554 0.48420473297346733 9
1.3526765380818 0.4810584393032901 0.47225967294083765 0.4801932790457536 0.4850584393032901 0.47625967294083765 0.4841932790457536 9
1.3507842964634 0.4810488348935116 0.4722432295108109 0.48018184307801665 0.4850488348935116 0.4762432295108109 0.48418184307801665 9
1.3488957250153 0.48103919918710303 0.4722267591513304 0.4801704358535886 0.48503919918710303 0.4762267591513304 0.4841704358535886 9
1.3470108124615 0.48102953853874797 0.47221028086788613 0.4801590534454297 0.485029538538748 0.47621028086788614 0.4841590534454297 9
1.3451295475735 0.4810198405895744 0.4721938111653734 0.4801476793140665 0.4850198405895744 0.4761938111653734 0.4841476793140665 9
1.3432519191701 0.48101010325110094 0.4721773562419623 0.4801363060188792 0.48501010325110094 0.4761773562419623 0.4841363060188792 9
1.3413779161166 0.48100032949896526 0.4721609263311848 0.4801249182009521 0.48500032949896527 0.4761609263311848 0.4841249182009521 9
1.3395075273253 0.48099052464279424 0.47214452243924904 0.4801135146217308 0.48499052464279424 0.47614452243924904 0.4841135146217308 9
1.3376407417546 0.4809807013575943 0.47212813486221156 0.48010210596572694 0.4849807013575943 0.47612813486221156 0.48410210596572695 9
1.3357775484093 0.4809708686566489 0.47211174083426793 0.48009070951418215 0.4849708686566489 0.47611174083426794 0.48409070951418215 9
1.3339179363398 0.48096102084285747 0.47209532104094215 0.4800793310503153 0.48496102084285747 0.47609532104094215 0.4840793310503153 9
1.3320618946426 0.4809511593822051 0.4720788736045892 0.4800679903691062 0.4849511593822051 0.4760788736045892 0.4840679903691062 9
1.330209412459 0.48094128529696406 0.4720624081873546 0.48005670546692764 0.48494128529696406 0.4760624081873546 0.48405670546692764 9
1.3283604789761 0.48093141225209013 0.4720459636176198 0.4800454354222465 0.48493141225209013 0.4760459636176198 0.4840454354222465 9
1.3265150834254 0.48092152543752137 0.47202955683790404 0.4800341576010839 0.4849215254375214 0.47602955683790404 0.4840341576010839 9
1.324673161468 0.48091160032412456 0.4720131759607493 0.48002289358514366 0.48491160032412456 0.4760131759607493 0.48402289358514367 9
1.3228306777695 0.48090164239737904 0.47199681459305876 0.48001165532111106 0.48490164239737904 0.47599681459305876 0.48401165532111107 9
1.320991711115 0.48089166255259813 0.4719804740303408 0.48000045116452394 0.48489166255259813 0.4759804740303408 0.48400045116452395 9
1.3191562508736 0.48088166428462764 0.4719641541164544 0.47998929396612644 0.48488166428462764 0.47596415411645443 0.48398929396612644 9
1.3173242864586 0.48087166305249757 0.47194786176875597 0.47997818681763266 0.48487166305249757 0.475947861768756 0.48397818681763266 9
1.3154958073268 0.48086166076578074 0.4719316047402099 0.47996711056179137 0.48486166076578074 0.4759316047402099 0.48396711056179137 9
1.3136708029785 0.48085165559257315 0.47191538623973517 0.4799560667451388 0.48485165559257315 0.47591538623973517 0.4839560667451388 9
1.3118492629574 0.48084166557468844 0.4718992015706305 0.47994505077850974 0.48484166557468844 0.4758992015706305 0.48394505077850974 9
1.3100311768501 0.48083171146340087 0.47188304554378036 0.47993406635616453 0.48483171146340087 0.47588304554378036 0.48393406635616454 9
1.3082165342861 0.4808217903918102 0.47186691692623095 0.4799231096646124 0.4848217903918102 0.47586691692623095 0.4839231096646124 9
1.3064053249374 0.48081190601529183 0.47185081086848046 0.4799121779319751 0.48481190601529184 0.47585081086848047 0.4839121779319751 9
1.3045975385184 0.48080206486188 0.47183473097786915 0.4799012542588962 0.48480206486188 0.47583473097786916 0.4839012542588962 9
1.3027931647857 0.48079227957959286 0.471818681619196 0.4798903338341783 0.48479227957959287 0.475818681619196 0.4838903338341783 9
1.3009921935377 0.4807825552355281 0.4718026496111312 0.4798794319474717 0.4847825552355281 0.4758026496111312 0.4838794319474717 9
1.2991947137087 0.4807728905427988 0.4717866283064455 0.47986853948588887 0.4847728905427988 0.4757866283064455 0.48386853948588887 9
1.2974004178884 0.48076326485937687 0.47177060286289063 0.4798576228403564 0.4847632648593769 0.47577060286289063 0.4838576228403564 9
1.2956095933115 0.4807536791571316 0.47175457717763936 0.47984666549234395 0.4847536791571316 0.47575457717763936 0.48384666549234395 9
1.2938221308182 0.48074412706513775 0.4717385493662223 0.47983566407100176 0.48474412706513775 0.4757385493662223 0.48383566407100176 9
1.2920363203018 0.4807346230588401 0.4717225251822685 0.479824654083596 0.48473462305884013 0.4757225251822685 0.483824654083596 9
1.2902514143641 0.4807251897832978 0.4717065028923171 0.4798136316185196 0.4847251897832978 0.4757065028923171 0.4838136316185196 9
1.2884698516169 0.4807158310971795 0.47169047027289585 0.4798025849138683 0.48471583109717953 0.47569047027289585 0.4838025849138683 9
1.2866916221477 0.48070655089898334 0.471674416198249 0.47979151794926733 0.48470655089898335 0.475674416198249 0.48379151794926734 9
1.2849167160844 0.4806973358139746 0.47165835221574764 0.4797804346547013 0.4846973358139746 0.47565835221574765 0.48378043465470133 9
1.2831451235949 0.48068815325871017 0.4716422842789146 0.47976932879984485 0.4846881532587102 0.4756422842789146 0.48376932879984486 9
1.2813768348867 0.48067897703927254 0.4716262072216242 0.47975818949877197 0.48467897703927254 0.4756262072216242 0.483758189498772 9
1.2796118402072 0.4806698098420089 0.4716101079880781 0.47974703526684637 0.4846698098420089 0.4756101079880781 0.48374703526684637 9
1.2778501298427 0.4806606599344069 0.47159398294932464 0.4797358940246641 0.4846606599344069 0.47559398294932465 0.4837358940246641 9
1.2760916941191 0.4806515186573576 0.471577804806926 0.47972477996610546 0.4846515186573576 0.475577804806926 0.48372477996610547 9
1.2743365234011 0.48064238842737744 0.4715615552548014 0.4797136956221121 0.48464238842737745 0.4755615552548014 0.4837136956221121 9
1.272584608092 0.480633231878498 0.4715452613042401 0.4797026421128389 0.484633231878498 0.47554526130424013 0.4837026421128389 9
1.270835938634 0.4806240461315074 0.4715289464190426 0.47969161648680325 0.4846240461315074 0.4755289464190426 0.48369161648680326 9
1.2690905055075 0.4806148284780467 0.47151260639446957 0.4796806158352687 0.4846148284780467 0.4755126063944696 0.4836806158352687 9
1.267348299231 0.4806055741145294 0.47149624904670356 0.4796696224144207 0.4846055741145294 0.47549624904670357 0.4836696224144207 9
1.2656093103611 0.48059626331599364 0.47147988266631985 0.4796586363625035 0.48459626331599365 0.47547988266631985 0.4836586363625035 9
1.2638735294923 0.4805868826791826 0.4714635053787508 0.4796476481861833 0.4845868826791826 0.4754635053787508 0.4836476481861833 9
1.2621409472563 0.48057742796366076 0.4714471137014956 0.47963665870661815 0.48457742796366077 0.4754471137014956 0.48363665870661815 9
1.2604094669927 0.4805678929448478 0.47143071494828076 0.4796256861507079 0.4845678929448478 0.47543071494828076 0.4836256861507079 9
1.2586791077784 0.48055828617524726 0.4714143167897354 0.4796147575296223 0.48455828617524727 0.4754143167897354 0.4836147575296223 9
1.2569519301028 0.48054862036195184 0.47139792547174053 0.47960388384314423 0.48454862036195184 0.47539792547174053 0.48360388384314423 9
1.2552279247092 0.4805389131676178 0.4713815312006334 0.47959306022975945 0.4845389131676178 0.4753815312006334 0.48359306022975945 9
1.2535070823777 0.4805291787135871 0.4713651282063161 0.47958227570057427 0.4845291787135871 0.4753651282063161 0.48358227570057427 9
1.2517893939251 0.48051942484037247 0.4713487150353336 0.4795715240509254 0.48451942484037247 0.4753487150353336 0.4835715240509254 9
1.2500748502045 0.480509663390182 0.4713323017101567 0.47956081694780334 0.484509663390182 0.4753323017101567 0.48356081694780334 9
1.2483634421054 0.48049990632694295 0.47131589106558286 0.4795501673635637 0.48449990632694295 0.47531589106558286 0.4835501673635637 9
1.2466551605535 0.4804901496589457 0.4712994898027233 0.47953957352311277 0.4844901496589457 0.4752994898027233 0.4835395735231128 9
1.2449499965101 0.4804803923347795 0.4712831100564007 0.4795290294952092 0.4844803923347795 0.4752831100564007 0.4835290294952092 9
1.2432479409726 0.4804706409176767 0.4712667671980347 0.4795185307564431 0.4844706409176767 0.4752667671980347 0.4835185307564431 9
1.2415489849735 0.4804608969165135 0.47125046434454504 0.47950807070470797 0.4844608969165135 0.47525046434454504 0.48350807070470797 9
1.2398531195811 0.4804511514588596 0.4712342046206646 0.4794976251736637 0.4844511514588596 0.4752342046206646 0.4834976251736637 9
1.2381603358986 0.4804414110063259 0.4712179967680299 0.479487173550708 0.48444141100632593 0.4752179967680299 0.483487173550708 9
1.2364706250644 0.4804316868946514 0.4712018427797319 0.4794767001988026 0.4844316868946514 0.47520184277973193 0.4834767001988026 9
1.2347839782516 0.48042197449981955 0.47118574693792364 0.4794662038239344 0.48442197449981955 0.47518574693792365 0.4834662038239344 9
1.2331003866681 0.4804122695335807 0.47116970842286426 0.479455683246111 0.4844122695335807 0.47516970842286427 0.483455683246111 9
1.2314198415561 0.4804025689353037 0.4711537281940814 0.4794451298974159 0.4844025689353037 0.4751537281940814 0.4834451298974159 9
1.2297411394339 0.480392885555614 0.47113780719315 0.47943454284641057 0.484392885555614 0.47513780719315 0.4834345428464106 9
1.2280625035863 0.48038321943775336 0.471121963045153 0.47942392688292274 0.48438321943775337 0.47512196304515303 0.48342392688292274 9
1.2263868987675 0.4803735733938041 0.4711062091983335 0.4794132979258845 0.4843735733938041 0.4751062091983335 0.4834132979258845 9
1.2247143163202 0.48036394979841596 0.4710905381994724 0.4794026474891362 0.48436394979841596 0.4750905381994724 0.4834026474891362 9
1.2230447476208 0.48035434183075726 0.4710749319103925 0.4793919666497631 0.48435434183075726 0.4750749319103925 0.4833919666497631 9
1.2213781840794 0.4803447546474417 0.4710593821514697 0.47938126857525043 0.4843447546474417 0.4750593821514697 0.48338126857525043 9
1.2197146171396 0.4803351845083375 0.47104388407696407 0.4793705484105142 0.4843351845083375 0.4750438840769641 0.4833705484105142 9
1.2180540382781 0.4803256229244771 0.4710284313973965 0.4793598020642631 0.4843256229244771 0.4750284313973965 0.4833598020642631 9
1.2163964390051 0.48031608551954763 0.4710130173029864 0.4793490372832897 0.48431608551954763 0.4750130173029864 0.4833490372832897 9
1.2147418108635 0.480306585365491 0.47099763544188034 0.4793382807298476 0.484306585365491 0.47499763544188034 0.4833382807298476 9
1.213090145429 0.4802971088006873 0.4709822715152129 0.47932756164344315 0.4842971088006873 0.4749822715152129 0.48332756164344315 9
1.2114414343101 0.48028764706458826 0.4709669312819103 0.47931690556123846 0.48428764706458827 0.4749669312819103 0.48331690556123846 9
1.2097956691477 0.48027820501980706 0.470951623588182 0.47930630670095614 0.48427820501980706 0.474951623588182 0.48330630670095615 9
1.2081528416152 0.48026878215523394 0.4709363485270347 0.47929576371961485 0.48426878215523395 0.4749363485270347 0.48329576371961486 9
1.2065129434178 0.48025938260662254 0.47092109125368353 0.47928527557649603 0.48425938260662255 0.47492109125368354 0.48328527557649603 9
1.2048759662932 0.4802499930240396 0.4709058465163754 0.4792748353387862 0.4842499930240396 0.4749058465163754 0.4832748353387862 9
1.2032419020105 0.4802406031193911 0.4708906139003334 0.47926442451522666 0.4842406031193911 0.4748906139003334 0.48326442451522666 9
1.2016107423709 0.4802312077622019 0.47087538619134944 0.47925403361663954 0.4842312077622019 0.47487538619134945 0.48325403361663954 9
1.1999826401527 0.4802217967026567 0.4708601549091034 0.4792436648063751 0.4842217967026567 0.4748601549091034 0.4832436648063751 9
1.198353932713 0.48021236952143714 0.47084491141845963 0.47923330761570265 0.48421236952143715 0.47484491141845964 0.48323330761570266 9
1.1967272773092 0.4802029385298882 0.47082967574662843 0.4792229622678511 0.4842029385298882 0.47482967574662843 0.4832229622678511 9
1.1951035044915 0.48019350643706543 0.47081444704503517 0.47921261825414563 0.48419350643706544 0.47481444704503517 0.48321261825414563 9
1.1934826061988 0.4801840720590519 0.470799224639784 0.4792022605980889 0.4841840720590519 0.474799224639784 0.4832022605980889 9
1.1918645743845 0.4801746191305399 0.47078400953925337 0.47919187917432726 0.4841746191305399 0.47478400953925337 0.48319187917432727 9
1.190249401033 0.4801651519943741 0.47076879071089445 0.4791814795406829 0.4841651519943741 0.47476879071089445 0.4831814795406829 9
1.188637078159 0.4801556844478427 0.47075356944164437 0.4791710693846441 0.4841556844478427 0.4747535694416444 0.4831710693846441 9
1.187027597808 0.4801462242102893 0.4707383454645006 0.4791606543246042 0.4841462242102893 0.4747383454645006 0.4831606543246042 9
1.1854209520559 0.48013677527838955 0.4707231341345557 0.4791502124729399 0.48413677527838955 0.4747231341345557 0.4831502124729399 9
1.1838171330084 0.4801273189285236 0.4707079317016268 0.479139741835474 0.4841273189285236 0.4747079317016268 0.483139741835474 9
1.1822161328017 0.48011785760521014 0.47069273293439445 0.4791292378427181 0.48411785760521014 0.47469273293439446 0.4831292378427181 9
1.1806179436016 0.4801084075344773 0.4706775395042837 0.4791187124943274 0.4841084075344773 0.4746775395042837 0.4831187124943274 9
1.1790225576037 0.48009897878225627 0.4706623545902126 0.4791081761180135 0.4840989787822563 0.4746623545902126 0.4831081761180135 9
1.1774299670334 0.4800895680626133 0.470647160885949 0.4790976375916157 0.48408956806261333 0.474647160885949 0.4830976375916157 9
1.1758401641454 0.48008018295451793 0.47063196086425385 0.47908709716126885 0.48408018295451793 0.47463196086425385 0.48308709716126885 9
1.1742531412237 0.48007082954003427 0.4706167527829949 0.4790765443569633 0.4840708295400343 0.4746167527829949 0.4830765443569633 9
1.1726688905817 0.480061508717154 0.47060153888977835 0.47906599303687103 0.484061508717154 0.47460153888977835 0.48306599303687103 9
1.1710874045616 0.4800522177629809 0.4705863207090325 0.4790554565348529 0.4840522177629809 0.4745863207090325 0.4830554565348529 9
1.1695086755348 0.48004295218044213 0.4705710909942699 0.47904495222234716 0.48404295218044213 0.4745710909942699 0.48304495222234717 9
1.1679288506289 0.48003370630975234 0.4705558605341466 0.4790344741044225 0.48403370630975234 0.4745558605341466 0.4830344741044225 9
1.1663514460111 0.4800244840230734 0.47054063080121783 0.4790240081607147 0.4840244840230734 0.47454063080121783 0.4830240081607147 9
1.1647767859435 0.480015287873286 0.4705253976086352 0.4790135576829165 0.484015287873286 0.4745253976086352 0.4830135576829165 9
1.163204862878 0.4800061099636198 0.47051015637205257 0.4790031080043936 0.4840061099636198 0.47451015637205257 0.4830031080043936 9
1.1616356692949 0.47999694768362183 0.47049490736549043 0.47899264710139533 0.48399694768362184 0.47449490736549044 0.48299264710139533 9
1.160069197703 0.47998780912904826 0.4704796556080429 0.4789821792913121 0.48398780912904826 0.4744796556080429 0.4829821792913121 9
1.1585054406388 0.4799786973393219 0.4704644077054589 0.4789717043032969 0.4839786973393219 0.4744644077054589 0.4829717043032969 9
1.1569443906672 0.47996962039244906 0.47044916311036566 0.4789612169780616 0.48396962039244906 0.47444916311036567 0.4829612169780616 9
1.1553860403806 0.4799605867451059 0.4704339287293964 0.47895072011528295 0.4839605867451059 0.4744339287293964 0.48295072011528295 9
1.1538303823992 0.47995159960566997 0.47041870762894983 0.4789402166632325 0.48395159960566997 0.47441870762894983 0.4829402166632325 9
1.1522774093708 0.4799426517663629 0.47040349576800267 0.47892970522437095 0.4839426517663629 0.47440349576800267 0.48292970522437095 9
1.1507271139706 0.4799337319888998 0.4703882758986738 0.4789191742312578 0.48393373198889983 0.47438827589867383 0.4829191742312578 9
1.1491794889012 0.47992483274928943 0.47037303525059415 0.47890862523980104 0.48392483274928944 0.47437303525059415 0.48290862523980105 9
1.1476345268922 0.4799159642012016 0.4703577806436974 0.4788980721295112 0.4839159642012016 0.4743577806436974 0.4828980721295112 9
1.1460922207005 0.479907145157815 0.4703425063828236 0.4788875280615253 0.483907145157815 0.4743425063828236 0.4828875280615253 9
1.1445525631096 0.4798983662198397 0.47032720731619404 0.47887700126129856 0.4838983662198397 0.47432720731619404 0.48287700126129857 9
1.1430155469301 0.4798896130221306 0.47031188797929013 0.47886647364311113 0.4838896130221306 0.47431188797929014 0.48286647364311114 9
1.1414811649992 0.47988089516490867 0.47029655463010694 0.47885593783304714 0.4838808951649087 0.47429655463010695 0.48285593783304714 9
1.1399494101804 0.47987222021532294 0.47028120175058324 0.47884541180771034 0.48387222021532295 0.47428120175058325 0.48284541180771035 9
1.1384170770215 0.4798635719951888 0.4702658173450466 0.4788348928115161 0.4838635719951888 0.4742658173450466 0.4828348928115161 9
1.136886379811 0.4798549600275874 0.4702503865099036 0.47882438398707067 0.4838549600275874 0.4742503865099036 0.48282438398707067 9
1.1353582985752 0.4798463871876387 0.4702349135989678 0.4788138891427628 0.4838463871876387 0.4742349135989678 0.4828138891427628 9
1.1338328262503 0.47983783975549144 0.47021940567192044 0.4788033951556256 0.48383783975549144 0.47421940567192045 0.4828033951556256 9
1.1323099557988 0.479829306093024 0.47020387207698827 0.4787928888387107 0.483829306093024 0.4742038720769883 0.4827928888387107 9
1.1307896802088 0.47982077515290356 0.47018831240507564 0.4787823862561421 0.48382077515290356 0.47418831240507564 0.4827823862561421 9
1.1292719924944 0.47981225349115614 0.47017273319204284 0.4787719119220286 0.48381225349115614 0.47417273319204284 0.4827719119220286 9
1.1277568856954 0.47980374332077774 0.4701571552050077 0.4787614604788677 0.48380374332077775 0.47415715520500773 0.4827614604788677 9
1.1262443528772 0.4797952173423843 0.4701415841965012 0.47875102924281043 0.4837952173423843 0.4741415841965012 0.48275102924281044 9
1.1247343871304 0.4797866654764573 0.47012602374239487 0.47874062063764755 0.4837866654764573 0.4741260237423949 0.48274062063764756 9
1.1232269815714 0.47977808662154586 0.47011048315763243 0.47873022161409895 0.48377808662154587 0.47411048315763243 0.48273022161409895 9
1.1217221293414 0.47976948407152004 0.47009496231097264 0.47871982953327524 0.48376948407152004 0.47409496231097265 0.48271982953327525 9
1.1202198236069 0.4797608452528124 0.4700794591609434 0.4787094461277605 0.4837608452528124 0.4740794591609434 0.4827094461277605 9
1.1187200575594 0.47975215924572123 0.47006398195237137 0.4786990627364465 0.48375215924572124 0.47406398195237137 0.4826990627364465 9
1.1172228244152 0.4797434211910537 0.4700485390491783 0.47868866060905313 0.4837434211910537 0.4740485390491783 0.48268866060905313 9
1.1157281174154 0.47973463404100547 0.4700331383205067 0.47867823020368866 0.4837346340410055 0.4740331383205067 0.48267823020368866 9
1.1142359298258 0.4797258004696367 0.4700177844381847 0.47866776281242457 0.4837258004696367 0.4740177844381847 0.4826677628124246 9
1.1127462549366 0.4797169148514646 0.47000248825840835 0.4786572637337829 0.4837169148514646 0.47400248825840835 0.4826572637337829 9
1.1112590860625 0.4797079915135828 0.46998725549502024 0.4786467630343065 0.4837079915135828 0.47398725549502024 0.4826467630343065 9
1.1097732043061 0.4796990324989924 0.46997206535223307 0.4786362613180583 0.4836990324989924 0.4739720653522331 0.4826362613180583 9
1.1082868412979 0.47969003384925646 0.4699569024530359 0.47862574402029046 0.48369003384925646 0.4739569024530359 0.48262574402029046 9
1.1068029743615 0.4796810168765081 0.46994177332651504 0.478615239362969 0.4836810168765081 0.47394177332651505 0.482615239362969 9
1.1053215968767 0.47967198588137683 0.4699266862904069 0.47860476760888715 0.48367198588137683 0.4739266862904069 0.48260476760888715 9
1.1038427022473 0.4796629329412822 0.46991165814527963 0.4785943182735557 0.4836629329412822 0.47391165814527964 0.4825943182735557 9
1.1023662839011 0.47965385301549046 0.46989668742668056 0.4785838831617592 0.48365385301549046 0.47389668742668056 0.4825838831617592 9
1.1008923352897 0.4796447351522479 0.46988176855891717 0.47857343957867915 0.48364473515224793 0.47388176855891717 0.48257343957867915 9
1.0994209390267 0.47963557693749315 0.4698668914993615 0.4785629951687117 0.48363557693749315 0.4738668914993615 0.4825629951687117 9
1.0979518211862 0.479626390539124 0.46985204174161516 0.47855255981483485 0.483626390539124 0.47385204174161516 0.48255255981483486 9
1.0964852427328 0.479617172916482 0.4698372172251628 0.47854214302031256 0.483617172916482 0.4738372172251628 0.48254214302031256 9
1.0950211080468 0.4796079184965647 0.46982242025534504 0.4785317545470247 0.4836079184965647 0.47382242025534504 0.4825317545470247 9
1.0935594107057 0.47959863747767334 0.46980766267595 0.47852140089514955 0.48359863747767334 0.47380766267595 0.48252140089514955 9
1.0921001443014 0.479589322352509 0.4697929581361106 0.47851108073783655 0.483589322352509 0.4737929581361106 0.48251108073783655 9
1.0906433024487 0.4795799785871816 0.4697783119425106 0.47850080328011835 0.4835799785871816 0.4737783119425106 0.48250080328011835 9
1.0891888787854 0.47957060648003713 0.4697637361308168 0.478490561102575 0.48357060648003714 0.4737637361308168 0.482490561102575 9
1.087736866972 0.4795612064971498 0.4697492190826764 0.47848034469158013 0.4835612064971498 0.4737492190826764 0.48248034469158013 9
1.0862872606919 0.47955178167749213 0.4697347417203368 0.4784701614394675 0.48355178167749213 0.4737347417203368 0.4824701614394675 9
1.084840053651 0.479542335292543 0.46972028101851343 0.4784600011814854 0.483542335292543 0.47372028101851343 0.4824600011814854 9
1.0833952395775 0.4795328732133284 0.46970583235008834 0.47844983856428597 0.4835328732133284 0.47370583235008834 0.48244983856428597 9
1.0819528122223 0.47952340331373927 0.4696913997209702 0.4784396731888715 0.4835234033137393 0.4736913997209702 0.4824396731888715 9
1.0805106987643 0.4795139359045461 0.4696769767798073 0.4784295169944281 0.4835139359045461 0.4736769767798073 0.4824295169944281 9
1.0790688366712 0.47950447994406836 0.46966255620820097 0.47841937560820874 0.48350447994406837 0.47366255620820097 0.48241937560820874 9
1.0776293524832 0.4794950380465117 0.4696481383734065 0.47840924304729987 0.4834950380465117 0.4736481383734065 0.4824092430472999 9
1.0761922400095 0.4794856112314723 0.46963372716537366 0.4783991091088464 0.4834856112314723 0.47363372716537366 0.4823991091088464 9
1.074757493081 0.47947620009163355 0.4696193223540576 0.47838897605421976 0.48347620009163356 0.4736193223540576 0.48238897605421976 9
1.0733251055509 0.4794668178702157 0.46960492044094265 0.4783788463102515 0.4834668178702157 0.47360492044094266 0.4823788463102515 9
1.0718950712939 0.479457471836968 0.4695905155806028 0.4783687194795397 0.483457471836968 0.4735905155806028 0.4823687194795397 9
1.0704673842066 0.47944816181994737 0.46957610171556735 0.47835859429439054 0.4834481618199474 0.47357610171556735 0.48235859429439054 9
1.0690420382071 0.47943889818547286 0.4695616761060539 0.47834847544996495 0.48343889818547287 0.47356167610605393 0.48234847544996495 9
1.0676190272351 0.4794296800575357 0.46954723057576536 0.47833836046193806 0.4834296800575357 0.47354723057576537 0.48233836046193806 9
1.0661983452518 0.4794204996409259 0.46953275878226836 0.47832822366720446 0.4834204996409259 0.47353275878226836 0.48232822366720446 9
1.0647799862396 0.4794113614482664 0.4695182679526031 0.4783180649428625 0.4834113614482664 0.4735182679526031 0.4823180649428625 9
1.0633639442022 0.4794022669768144 0.4695037707186422 0.47830788379220296 0.4834022669768144 0.4735037707186422 0.48230788379220296 9
1.0619502131644 0.47939321963542153 0.46948927619799324 0.47829768451422383 0.48339321963542153 0.47348927619799325 0.48229768451422383 9
1.0605387871721 0.47938421962656214 0.4694747754153285 0.4782874712985292 0.48338421962656214 0.4734747754153285 0.4822874712985292 9
1.0591296602921 0.47937527251940093 0.4694602520675595 0.4782772638164442 0.48337527251940093 0.4734602520675595 0.4822772638164442 9
1.057722826612 0.4793663871151137 0.4694457048372114 0.47826704657910313 0.4833663871151137 0.4734457048372114 0.48226704657910313 9
1.0563182802405 0.4793575579291418 0.46943113235333545 0.4782568094573855 0.4833575579291418 0.47343113235333545 0.4822568094573855 9
1.0549160153065 0.47934877477474047 0.4694165262450392 0.47824655704889824 0.4833487747747405 0.4734165262450392 0.48224655704889824 9
1.0535160259598 0.4793400405310568 0.4694018761644135 0.4782363002684353 0.4833400405310568 0.4734018761644135 0.4822363002684353 9
1.0521167440013 0.4793313578915511 0.46938718367906623 0.4782260566312431 0.4833313578915511 0.47338718367906624 0.4822260566312431 9
1.0507170931312 0.4793227193646358 0.46937245223293184 0.4782158314452577 0.4833227193646358 0.47337245223293184 0.4822158314452577 9
1.0493197100668 0.47931412213483565 0.4693576652679864 0.4782056370187151 0.48331412213483566 0.4733576652679864 0.4822056370187151 9
1.0479245890103 0.479305566552455 0.4693428204775996 0.4781954731693589 0.483305566552455 0.4733428204775996 0.4821954731693589 9
1.0465317241835 0.4792970492799017 0.4693279266314788 0.4781853500562655 0.4832970492799017 0.4733279266314788 0.4821853500562655 9
1.0451411098288 0.47928856111581863 0.46931298472893107 0.47817527558544787 0.48328856111581864 0.4733129847289311 0.48217527558544787 9
1.0437527402086 0.47928009831461893 0.4692980005795191 0.4781652499315847 0.48328009831461893 0.4732980005795191 0.4821652499315847 9
1.042366609605 0.47927165213191814 0.46928298530077656 0.478155275276085 0.48327165213191814 0.47328298530077656 0.482155275276085 9
1.0409827123204 0.4792631957416719 0.46926795384268194 0.4781453549713165 0.4832631957416719 0.47326795384268194 0.4821453549713165 9
1.0396010426766 0.47925471135351044 0.46925291664787533 0.4781354753830049 0.48325471135351045 0.47325291664787533 0.4821354753830049 9
1.0382215950154 0.47924619481182357 0.4692378940453178 0.4781256301630157 0.48324619481182357 0.4732378940453178 0.4821256301630157 9
1.0368443636981 0.47923765599082707 0.4692228976949404 0.4781158111307099 0.4832376559908271 0.4732228976949404 0.4821158111307099 9
1.0354693431056 0.47922909443781775 0.4692079216805429 0.4781060127904503 0.48322909443781775 0.47320792168054293 0.4821060127904503 9
1.0340965276382 0.4792205106014792 0.46919296443722425 0.4780962448895646 0.4832205106014792 0.47319296443722425 0.4820962448895646 9
1.0327259117156 0.47921189516298107 0.46917803317155315 0.47808651479734887 0.4832118951629811 0.47317803317155316 0.4820865147973489 9
1.0313574897767 0.47920324818738935 0.46916314091499794 0.4780768183877469 0.48320324818738936 0.47316314091499795 0.4820768183877469 9
1.0299912562798 0.4791945725802581 0.46914829894580035 0.4780671426081116 0.4831945725802581 0.47314829894580035 0.4820671426081116 9
1.0286272057021 0.47918587867112966 0.46913351427813094 0.47805748111573093 0.48318587867112966 0.47313351427813094 0.48205748111573093 9
1.02726533254 0.47917716382477377 0.46911879047034677 0.478047829387644 0.48317716382477377 0.4731187904703468 0.482047829387644 9
1.0259056313087 0.47916842869353765 0.4691041279176099 0.4780381910707403 0.48316842869353765 0.4731041279176099 0.4820381910707403 9
1.0245480965424 0.4791596813385265 0.46908952989549174 0.47802856915725694 0.4831596813385265 0.47308952989549174 0.48202856915725695 9
1.0231888347304 0.4791509273671257 0.46907499388890794 0.4780189682432344 0.4831509273671257 0.47307499388890795 0.4820189682432344 9
1.0218314228799 0.47914216426417305 0.46906051440307767 0.47800937368406893 0.48314216426417306 0.47306051440307767 0.48200937368406893 9
1.0204761706842 0.47913339283683404 0.4690460911016459 0.4779997880417404 0.48313339283683404 0.4730460911016459 0.48199978804174043 9
1.0191230727238 0.4791246255410325 0.4690317281341808 0.4779902092095171 0.4831246255410325 0.4730317281341808 0.48199020920951713 9
1.017772123598 0.4791158716790075 0.46901741702513355 0.4779806359110558 0.4831158716790075 0.47301741702513356 0.4819806359110558 9
1.0164233179243 0.4791071389773498 0.4690031550574417 0.4779710695142426 0.4831071389773498 0.4730031550574417 0.4819710695142426 9
1.0150766503387 0.4790984300626817 0.4689889350172372 0.4779614998036545 0.4830984300626817 0.4729889350172372 0.4819614998036545 9
1.0137321154957 0.4790897466836408 0.4689747428652867 0.4779519145443951 0.4830897466836408 0.4729747428652867 0.4819519145443951 9
1.0123897080677 0.4790810889590379 0.46896057430884147 0.4779423050317382 0.4830810889590379 0.4729605743088415 0.4819423050317382 9
1.0110494227456 0.4790724498402367 0.46894643301166494 0.47793266843891336 0.48307244984023673 0.47294643301166495 0.48193266843891336 9
1.0097112542383 0.47906383014383075 0.46893231978194905 0.47792301708070484 0.48306383014383075 0.47293231978194905 0.48192301708070484 9
1.0083751972725 0.47905523480903933 0.4689182234848845 0.4779133558142724 0.48305523480903934 0.4729182234848845 0.4819133558142724 9
1.0070412465932 0.479046667064641 0.46890412470398196 0.47790367531327965 0.483046667064641 0.47290412470398197 0.48190367531327966 9
1.0057093969629 0.4790381294695413 0.4688900206162345 0.4778939773732434 0.4830381294695413 0.47289002061623453 0.4818939773732434 9
1.0043796431622 0.47902963581569563 0.46887590352273933 0.4778842674247221 0.48302963581569563 0.47287590352273934 0.4818842674247221 9
1.0030519799891 0.47902119785551434 0.4688617720147372 0.4778745578486091 0.48302119785551434 0.4728617720147372 0.4818745578486091 9
1.0017264022594 0.4790128081570292 0.4688476385707338 0.47786485137023904 0.4830128081570292 0.4728476385707338 0.48186485137023904 9
1.0004029048065 0.47900446487335707 0.46883348468927816 0.47785514345509883 0.4830044648733571 0.47283348468927816 0.48185514345509883 9
