8.1330643194892 0.4883422504127545 0.4882565644053888 0.48994096447524627 0.4913422504127545 0.4912565644053888 0.49294096447524627 9
8.0818843214791 0.4883280935754904 0.48822667418276755 0.4899188470037419 0.4913280935754904 0.49122667418276755 0.4929188470037419 9
8.0314148869044 0.4883141303418958 0.4881967810572108 0.4898966981340926 0.4913141303418958 0.4911967810572108 0.4928966981340926 9
7.9816419161148 0.48830020072857117 0.48816683579169234 0.4898746267822995 0.49130020072857117 0.49116683579169235 0.4928746267822995 9
7.9325417101846 0.4882863182074143 0.48813686200677536 0.48985304971740856 0.4912863182074143 0.49113686200677537 0.49285304971740856 9
7.8841093256458 0.4882723738708819 0.4881070879667658 0.48983153165126875 0.4912723738708819 0.4911070879667658 0.49283153165126875 9
7.8363256870345 0.4882585196444542 0.48807745072722886 0.48981015897714236 0.4912585196444542 0.49107745072722886 0.49281015897714237 9
7.7891789670368 0.4882447484511428 0.4880480245664904 0.4897889554808304 0.4912447484511428 0.4910480245664904 0.4927889554808304 9
7.7426543516668 0.4882312502503101 0.4880188621732394 0.4897678390142955 0.4912312502503101 0.4910188621732394 0.4927678390142955 9
7.6967390981526 0.488217784153959 0.48798989478015575 0.4897467544753423 0.491217784153959 0.49098989478015576 0.49274675447534233 9
7.6514215382762 0.48820455283352127 0.4879611255416333 0.4897255670026795 0.49120455283352127 0.4909611255416333 0.4927255670026795 9
7.6066870985632 0.4881915091358106 0.4879324145552194 0.48970461694837075 0.4911915091358106 0.4909324145552194 0.49270461694837075 9
7.56252588351 0.4881784847746668 0.48790385411377807 0.4896836683241736 0.4911784847746668 0.49090385411377807 0.4926836683241736 9
7.5189257900861 0.48816558912228164 0.48787544964834473 0.4896626119171791 0.49116558912228164 0.49087544964834473 0.4926626119171791 9
7.4758742805379 0.4881528640210938 0.4878470700154713 0.48964159673831975 0.4911528640210938 0.4908470700154713 0.49264159673831975 9
7.4333621571324 0.48814017314799935 0.48781868412287044 0.48962052739680473 0.49114017314799935 0.49081868412287044 0.49262052739680473 9
7.3913774665521 0.4881274700128386 0.48779009705834087 0.4895996289504956 0.49112747001283863 0.49079009705834087 0.4925996289504956 9
7.349909823956 0.4881147773011185 0.4877615776691118 0.4895787613336415 0.4911147773011185 0.4907615776691118 0.4925787613336415 9
7.3089502830204 0.4881022185370653 0.48773311979866 0.48955803738554143 0.4911022185370653 0.49073311979866 0.49255803738554144 9
7.2684872391571 0.48808980481573583 0.4877047608646801 0.48953743675809275 0.49108980481573583 0.4907047608646801 0.49253743675809275 9
7.2285121024239 0.4880774856145061 0.48767640447587585 0.4895168886613857 0.4910774856145061 0.49067640447587585 0.4925168886613857 9
7.1890162272408 0.4880651310081021 0.4876480539331224 0.4894965434369434 0.4910651310081021 0.4906480539331224 0.4924965434369434 9
7.1499884119886 0.4880526232789819 0.4876199402332036 0.4894762886084483 0.4910526232789819 0.4906199402332036 0.4924762886084483 9
7.1114215058699 0.4880403096085949 0.4875919063209851 0.48945609751124386 0.4910403096085949 0.4905919063209851 0.49245609751124386 9
7.0733072276286 0.4880280749063033 0.48756373070670217 0.48943588169197444 0.4910280749063033 0.4905637307067022 0.49243588169197444 9
7.0356348473542 0.4880159523056468 0.4875355185038328 0.4894157627279017 0.4910159523056468 0.4905355185038328 0.4924157627279017 9
6.9984018395066 0.4880039982747651 0.48750722049800166 0.4893959146969695 0.4910039982747651 0.49050722049800166 0.4923959146969695 9
6.9615897368687 0.48799182384009926 0.4874788771074639 0.4893761786750188 0.49099182384009926 0.4904788771074639 0.4923761786750188 9
6.9251989919202 0.4879796268835565 0.487450701458922 0.4893565811065516 0.4909796268835565 0.490450701458922 0.4923565811065516 9
6.889220717047 0.48796752225897483 0.4874226482002126 0.4893370929676487 0.49096752225897483 0.4904226482002126 0.4923370929676487 9
6.8536476043573 0.48795532950548043 0.48739462179006243 0.48931775768063157 0.49095532950548043 0.49039462179006243 0.4923177576806316 9
6.8184701284878 0.4879431185790169 0.4873666645326403 0.48929842866809314 0.4909431185790169 0.49036666453264033 0.49229842866809315 9
6.7836833043465 0.4879308697598383 0.48733869543782216 0.4892790457295979 0.4909308697598383 0.49033869543782216 0.4922790457295979 9
6.7492804580935 0.4879188218771014 0.4873107644841475 0.4892596348307781 0.4909188218771014 0.4903107644841475 0.4922596348307781 9
6.7152528236759 0.4879070408656434 0.48728285314825376 0.4892402046636 0.4909070408656434 0.49028285314825376 0.4922402046636 9
6.6815954030677 0.4878952671363552 0.4872548720804383 0.4892207986982039 0.49089526713635523 0.4902548720804383 0.4922207986982039 9
6.6483022721564 0.4878834970300616 0.48722704392678784 0.48920134911297786 0.4908834970300616 0.49022704392678784 0.49220134911297786 9
6.6153655461906 0.48787193585012006 0.4871994303945944 0.48918188357074177 0.49087193585012007 0.4901994303945944 0.4921818835707418 9
6.58277983259 0.4878603119084479 0.48717176170180143 0.4891623620399451 0.4908603119084479 0.49017176170180143 0.4921623620399451 9
6.5505400847295 0.48784870032749994 0.4871441875176315 0.48914288283380447 0.49084870032749994 0.4901441875176315 0.4921428828338045 9
6.5186394340621 0.4878370702965871 0.48711662256120486 0.48912334104753724 0.49083707029658713 0.49011662256120486 0.49212334104753724 9
6.4870717002914 0.4878254866196457 0.4870892327237264 0.48910384028368337 0.4908254866196457 0.4900892327237264 0.49210384028368337 9
6.455832854524 0.48781404118742455 0.48706206033021665 0.48908443934776696 0.49081404118742455 0.49006206033021665 0.49208443934776697 9
6.4249171923139 0.4878024308567014 0.48703478513571286 0.48906503442117444 0.4908024308567014 0.49003478513571286 0.49206503442117444 9
6.394317339037 0.4877907577703698 0.4870074027631995 0.48904544333935285 0.4907907577703698 0.4900074027631995 0.49204544333935285 9
6.3640304364049 0.4877791688679488 0.48698003069157164 0.4890258043216141 0.4907791688679488 0.48998003069157164 0.4920258043216141 9
6.3340513962328 0.48776763500404685 0.48695285420380763 0.4890063802086953 0.49076763500404685 0.48995285420380763 0.4920063802086953 9
6.3043733543713 0.4877560259012768 0.4869256844535599 0.48898689802953693 0.4907560259012768 0.4899256844535599 0.49198689802953693 9
6.2749926621466 0.48774435177944636 0.48689854763814555 0.48896747461183326 0.49074435177944636 0.48989854763814555 0.49196747461183327 9
6.2459052693099 0.48773254582890146 0.48687143718113685 0.48894810710310965 0.49073254582890147 0.48987143718113685 0.49194810710310966 9
6.2171057683393 0.48772063364098045 0.4868443463034033 0.48892876818874226 0.49072063364098045 0.4898443463034033 0.49192876818874226 9
6.1885885138638 0.48770862265044174 0.48681759047066464 0.48890947165607784 0.49070862265044174 0.48981759047066464 0.49190947165607785 9
6.1603509286601 0.48769661627519123 0.4867910754040298 0.48889017696825376 0.49069661627519123 0.48979107540402983 0.49189017696825377 9
6.1323886514927 0.4876846723620481 0.4867648876146665 0.4888708139918322 0.4906846723620481 0.4897648876146665 0.4918708139918322 9
6.104695379329 0.4876727216097662 0.48673879331746295 0.48885161712019476 0.4906727216097662 0.48973879331746295 0.49185161712019476 9
6.0772684074498 0.4876606064280516 0.4867125605132836 0.48883276945397686 0.4906606064280516 0.4897125605132836 0.49183276945397686 9
6.0501042425386 0.48764827973686864 0.48668633288680735 0.48881382556381314 0.49064827973686864 0.48968633288680735 0.49181382556381315 9
6.0231983798081 0.48763593798914606 0.48666040722521003 0.4887947967903427 0.49063593798914606 0.48966040722521004 0.4917947967903427 9
5.9965475703719 0.4876235492796521 0.4866348460227578 0.4887756696303577 0.4906235492796521 0.4896348460227578 0.4917756696303577 9
5.9701432208965 0.48761119573862866 0.48660941289532195 0.4887564505541875 0.49061119573862866 0.48960941289532195 0.4917564505541875 9
5.9439884934335 0.4875987545990093 0.48658390141099817 0.488737109804483 0.4905987545990093 0.48958390141099817 0.491737109804483 9
5.9180759873356 0.48758620548687787 0.48655835533115394 0.4887177393393149 0.49058620548687787 0.48955835533115394 0.4917177393393149 9
5.89240226686 0.48757340522204135 0.48653309841029796 0.488698736182041 0.49057340522204135 0.48953309841029796 0.491698736182041 9
5.8669650638089 0.48756027461571344 0.48650793043070906 0.488679754132276 0.49056027461571344 0.48950793043070906 0.491679754132276 9
5.8417609124107 0.4875470249718447 0.4864828647035473 0.4886605452942966 0.4905470249718447 0.4894828647035473 0.4916605452942966 9
5.8167842956069 0.4875338575956655 0.4864581964231935 0.48864106459085704 0.4905338575956655 0.4894581964231935 0.49164106459085705 9
5.7920334747095 0.48752092348753684 0.48643390933295244 0.4886213339716729 0.49052092348753684 0.48943390933295244 0.4916213339716729 9
5.767505751253 0.487508065441837 0.48640987570973704 0.4886014997415098 0.490508065441837 0.48940987570973704 0.4916014997415098 9
5.7431979262941 0.4874951881484639 0.4863859639962899 0.48858168773037675 0.4904951881484639 0.4893859639962899 0.49158168773037675 9
5.7191042306574 0.4874823512514293 0.4863619669686241 0.4885617784389324 0.4904823512514293 0.4893619669686241 0.4915617784389324 9
5.695224191153 0.4874698203332363 0.4863382560473088 0.4885418707344921 0.49046982033323633 0.4893382560473088 0.4915418707344921 9
5.6715548563947 0.48745755180362316 0.48631480106061514 0.48852223861240035 0.49045755180362316 0.48931480106061515 0.49152223861240035 9
5.6480930437119 0.48744522594422973 0.4862915197033824 0.48850290138626085 0.49044522594422973 0.4892915197033824 0.49150290138626085 9
5.6248335895041 0.48743271728218013 0.48626829514715464 0.48848341507293785 0.49043271728218013 0.48926829514715464 0.49148341507293786 9
5.6017761687059 0.48742025369193964 0.4862452075491438 0.4884639675553695 0.49042025369193964 0.4892452075491438 0.49146396755536953 9
5.5789179892623 0.48740789587817646 0.4862222884710995 0.48844442874653304 0.49040789587817646 0.4892222884710995 0.49144442874653305 9
5.5562560161217 0.4873956895727685 0.4861995322350949 0.4884247527516908 0.4903956895727685 0.4891995322350949 0.4914247527516908 9
5.5337854228291 0.4873834975682335 0.48617673390104815 0.4884049809332814 0.4903834975682335 0.48917673390104816 0.4914049809332814 9
5.5115060388609 0.4873712359941587 0.48615382020214687 0.4883852545997737 0.4903712359941587 0.48915382020214687 0.4913852545997737 9
5.4894152752971 0.4873590922774181 0.48613105370415965 0.4883653381799196 0.4903590922774181 0.48913105370415966 0.4913653381799196 9
5.4675104519837 0.4873472883206106 0.48610864035253615 0.48834525124952255 0.4903472883206106 0.48910864035253615 0.49134525124952255 9
5.4457866023531 0.48733569318823405 0.48608642237352423 0.488325152568719 0.49033569318823406 0.48908642237352423 0.491325152568719 9
5.4242439216841 0.48732426389104244 0.4860644180995959 0.4883050977048491 0.49032426389104244 0.4890644180995959 0.4913050977048491 9
5.4028800057157 0.4873130441308293 0.4860426685702626 0.48828512447458455 0.4903130441308293 0.48904266857026263 0.49128512447458456 9
5.3816924938323 0.4873020951675294 0.4860211536780399 0.4882652228103009 0.49030209516752943 0.4890211536780399 0.4912652228103009 9
5.3606765485932 0.48729146828182207 0.48599975301975207 0.48824539814301915 0.4902914682818221 0.48899975301975207 0.49124539814301915 9
5.3398321903059 0.48728107753582856 0.48597841040378276 0.4882257122539011 0.49028107753582856 0.48897841040378276 0.4912257122539011 9
5.3191574374925 0.48727093003971095 0.48595727206646394 0.4882059080968222 0.49027093003971095 0.48895727206646394 0.4912059080968222 9
5.2986500938818 0.48726104556053695 0.4859364269620409 0.48818618708050815 0.49026104556053696 0.4889364269620409 0.49118618708050815 9
5.2783060983026 0.4872514506694654 0.48591599142260317 0.48816651155141755 0.4902514506694654 0.48891599142260317 0.49116651155141755 9
5.2581243704102 0.48724215350964667 0.485895750155677 0.4881469692613415 0.49024215350964667 0.488895750155677 0.4911469692613415 9
5.2381037238371 0.487233267255719 0.48587554906244146 0.48812761739962474 0.49023326725571903 0.48887554906244146 0.49112761739962474 9
5.2182421123361 0.4872245928098262 0.4858554763562981 0.4881084296936657 0.4902245928098262 0.4888554763562981 0.4911084296936657 9
5.1985364939115 0.4872161776244208 0.48583551945173337 0.4880894105844799 0.4902161776244208 0.48883551945173337 0.4910894105844799 9
5.1789841577134 0.48720815038884246 0.4858156724510859 0.4880706595545698 0.49020815038884247 0.4888156724510859 0.4910706595545698 9
5.1595849588013 0.4872004067799792 0.48579586091393706 0.4880523248284588 0.4902004067799792 0.48879586091393706 0.4910523248284588 9
5.1403369881188 0.48719286595222633 0.48577602467104763 0.488034356713874 0.49019286595222633 0.48877602467104764 0.491034356713874 9
5.1212383691729 0.4871854074586331 0.48575583985467896 0.48801677300282953 0.4901854074586331 0.48875583985467896 0.49101677300282953 9
5.1022845388415 0.4871780232645499 0.485735484151207 0.48799943056046874 0.4901780232645499 0.488735484151207 0.49099943056046874 9
5.0834763219681 0.4871707216166711 0.4857149205920666 0.4879822486718827 0.4901707216166711 0.4887149205920666 0.4909822486718827 9
5.0648120457982 0.4871634661073563 0.4856941266236305 0.4879651518175861 0.4901634661073563 0.4886941266236305 0.4909651518175861 9
5.0462899568069 0.487156344771219 0.48567318795388104 0.48794795269374974 0.490156344771219 0.48867318795388104 0.49094795269374975 9
5.027907003054 0.4871493102231375 0.4856522331472356 0.4879305641346104 0.4901493102231375 0.4886522331472356 0.4909305641346104 9
5.0096613111284 0.48714221517517753 0.48563131760942185 0.48791300485182587 0.49014221517517753 0.48863131760942186 0.4909130048518259 9
4.9915537094735 0.48713509709330616 0.48561057527955437 0.4878954591800566 0.49013509709330616 0.48861057527955437 0.4908954591800566 9
4.9735796746086 0.4871279746242063 0.4855898374891002 0.48787816271689954 0.4901279746242063 0.4885898374891002 0.49087816271689955 9
4.9557404757496 0.4871208175072994 0.4855691260006106 0.48786106263867934 0.4901208175072994 0.4885691260006106 0.49086106263867935 9
4.9380310525019 0.48711359103682067 0.4855484204322676 0.487844024608965 0.4901135910368207 0.4885484204322676 0.490844024608965 9
4.9204520263699 0.487106198847717 0.48552768379987193 0.48782709479278347 0.490106198847717 0.48852768379987194 0.49082709479278347 9
4.9030022186814 0.4870988994353347 0.4855069270058491 0.48781020607303816 0.4900988994353347 0.4885069270058491 0.49081020607303816 9
4.8856801172535 0.4870915847664545 0.4854863292553784 0.4877933233222806 0.4900915847664545 0.4884863292553784 0.4907933233222806 9
4.8684836794612 0.4870842590669556 0.4854659933627068 0.48777631678185035 0.49008425906695563 0.4884659933627068 0.49077631678185035 9
4.8514096704994 0.48707695367610737 0.4854457815660093 0.48775929866713313 0.4900769536761074 0.4884457815660093 0.49075929866713314 9
4.834459003746 0.48706971946867267 0.48542556084428856 0.4877422726304702 0.49006971946867267 0.48842556084428856 0.4907422726304702 9
4.8176302606012 0.4870624666621992 0.4854053205144603 0.4877252001613435 0.4900624666621992 0.4884053205144603 0.4907252001613435 9
4.8009220447965 0.4870552035701741 0.48538517175283347 0.48770808734688204 0.4900552035701741 0.48838517175283347 0.49070808734688204 9
4.784331787004 0.48704810507307983 0.4853650737875008 0.48769092165773 0.49004810507307983 0.4883650737875008 0.49069092165773 9
4.7678576311648 0.48704118762135584 0.48534505956865587 0.4876737740502326 0.49004118762135584 0.48834505956865587 0.4906737740502326 9
4.7514999721025 0.48703441788467866 0.48532512223652563 0.4876566146302186 0.49003441788467866 0.48832512223652563 0.4906566146302186 9
4.7352574981467 0.48702781990243654 0.4853054453139026 0.48763946132198777 0.49002781990243655 0.4883054453139026 0.49063946132198777 9
4.719128917842 0.487021222536479 0.48528609828955294 0.48762231583122384 0.490021222536479 0.48828609828955294 0.49062231583122384 9
4.7031114062749 0.4870146669445361 0.4852671410782468 0.48760527232512635 0.4900146669445361 0.4882671410782468 0.49060527232512635 9
4.6872039085764 0.48700819420075003 0.4852485579281296 0.4875882350825228 0.49000819420075004 0.4882485579281296 0.4905882350825228 9
4.6714065757758 0.4870018855429673 0.4852302672531405 0.4875712003568388 0.4900018855429673 0.4882302672531405 0.4905712003568388 9
4.6557181930564 0.4869959499555344 0.4852120173605521 0.4875544408699153 0.4899959499555344 0.4882120173605521 0.4905544408699153 9
4.6401375639397 0.4869903789753725 0.48519370648689425 0.48753799747317256 0.4899903789753725 0.48819370648689425 0.49053799747317256 9
4.6246618908247 0.48698495233928213 0.48517513739049756 0.4875216559365908 0.48998495233928213 0.48817513739049756 0.4905216559365908 9
4.609290322647 0.4869794388897268 0.48515628161202373 0.48750515949828993 0.4899794388897268 0.48815628161202373 0.49050515949828993 9
4.5940230530324 0.48697380345198454 0.4851372552870533 0.4874883488382386 0.48997380345198455 0.4881372552870533 0.4904883488382386 9
4.5788589550727 0.4869681945830492 0.48511817750297187 0.4874714019164556 0.4899681945830492 0.4881181775029719 0.4904714019164556 9
4.5637969185282 0.4869626960545168 0.48509913183008724 0.487454373620773 0.4899626960545168 0.48809913183008724 0.490454373620773 9
4.5488344688364 0.486957426964173 0.4850802621442787 0.487437336897489 0.489957426964173 0.4880802621442787 0.49043733689748903 9
4.5339703389387 0.48695241235880465 0.48506166792911193 0.4874203518484194 0.48995241235880466 0.48806166792911193 0.4904203518484194 9
4.5192050641501 0.48694778296388924 0.48504329363296583 0.4874033660431348 0.48994778296388924 0.48804329363296584 0.4904033660431348 9
4.5045375975085 0.48694357705989844 0.4850250431692507 0.48738637904006515 0.48994357705989844 0.4880250431692507 0.49038637904006516 9
4.4899669072332 0.4869397793649335 0.4850070110892133 0.48736942456074034 0.4899397793649335 0.4880070110892133 0.49036942456074034 9
4.4754911514238 0.48693632717748175 0.4849891104346506 0.4873524887761471 0.48993632717748176 0.4879891104346506 0.4903524887761471 9
4.4611080022545 0.4869332149794753 0.4849711832296919 0.4873355466945561 0.4899332149794753 0.4879711832296919 0.4903355466945561 9
4.4468186496149 0.4869303485980649 0.48495321987031764 0.4873186100440688 0.4899303485980649 0.48795321987031764 0.4903186100440688 9
4.4326221193866 0.48692768620487187 0.4849352831622349 0.48730169571580856 0.48992768620487187 0.4879352831622349 0.49030169571580856 9
4.4185174513027 0.4869251788176216 0.48491741501253227 0.4872848881664349 0.4899251788176216 0.4879174150125323 0.4902848881664349 9
4.4045036986985 0.48692285288049447 0.4848996212643761 0.4872681629150994 0.4899228528804945 0.4878996212643761 0.4902681629150994 9
4.3905769868197 0.4869207352684879 0.48488174043715143 0.4872514737417142 0.4899207352684879 0.48788174043715143 0.4902514737417142 9
4.3767393017845 0.48691888469891464 0.48486364869126275 0.487234809684728 0.48991888469891465 0.48786364869126275 0.490234809684728 9
4.3629897980136 0.48691738120401906 0.4848453568970321 0.4872182257892321 0.48991738120401906 0.4878453568970321 0.4902182257892321 9
4.3493275805421 0.4869161443214825 0.4848268857105664 0.48720163543221684 0.4899161443214825 0.4878268857105664 0.49020163543221684 9
4.3357517668425 0.486915158122451 0.48480827544172117 0.4871849645374829 0.489915158122451 0.4878082754417212 0.4901849645374829 9
4.3222597483625 0.486914413972796 0.4847896314576775 0.48716818824681357 0.489914413972796 0.4877896314576775 0.4901681882468136 9
4.3088511357715 0.4869139285230506 0.4847710047340749 0.4871513589503851 0.4899139285230506 0.4877710047340749 0.4901513589503851 9
4.2955263781795 0.486913808911548 0.4847524453548698 0.48713467271708305 0.489913808911548 0.4877524453548698 0.49013467271708305 9
4.2822846403544 0.48691407052228386 0.4847339984415659 0.4871181920758446 0.48991407052228386 0.4877339984415659 0.4901181920758446 9
4.2691250984564 0.48691473980785716 0.48471556592334747 0.4871019496797228 0.48991473980785716 0.48771556592334747 0.4901019496797228 9
4.256046765488 0.4869156780497491 0.4846970175463956 0.4870859285921053 0.4899156780497491 0.4876970175463956 0.4900859285921053 9
4.2430461473216 0.4869169371670051 0.48467818825709924 0.4870701113172627 0.48991693716700513 0.48767818825709924 0.4900701113172627 9
4.230125346118 0.48691846269949973 0.48465905746154586 0.4870544135313497 0.48991846269949973 0.48765905746154586 0.4900544135313497 9
4.2172835813756 0.48692024368248993 0.48463970924598204 0.4870388474148283 0.48992024368248993 0.48763970924598204 0.4900388474148283 9
4.2045200830444 0.48692222008049874 0.4846201486287576 0.4870234687958821 0.48992222008049874 0.4876201486287576 0.4900234687958821 9
4.1918340913492 0.48692441218518984 0.4846003973808387 0.4870082966441089 0.48992441218518984 0.4876003973808387 0.4900082966441089 9
4.1792235471624 0.48692676300313886 0.48458050093523436 0.4869932685969881 0.48992676300313887 0.48758050093523436 0.4899932685969881 9
4.1666872780132 0.4869292989652336 0.4845603227215751 0.48697846124506716 0.48992929896523363 0.4875603227215751 0.48997846124506717 9
4.1542263217858 0.4869320376619546 0.48453982216732483 0.48696385580834567 0.4899320376619546 0.48753982216732483 0.48996385580834567 9
4.1418399578098 0.48693498906308 0.48451889578253343 0.48694949143480876 0.48993498906308003 0.48751889578253343 0.48994949143480876 9
4.1295274748596 0.48693817192859284 0.484497524336342 0.48693537723360397 0.48993817192859285 0.487497524336342 0.489935377233604 9
4.1172881709967 0.4869415818502631 0.48447570901609577 0.48692147429236726 0.4899415818502631 0.48747570901609577 0.48992147429236726 9
4.1051192542267 0.4869451795209537 0.48445345129848516 0.48690780560685126 0.4899451795209537 0.48745345129848516 0.48990780560685127 9
4.0930211737232 0.4869489993481538 0.4844308130219193 0.4868943341684905 0.4899489993481538 0.4874308130219193 0.4898943341684905 9
4.0809942459588 0.4869529271402261 0.48440788038885463 0.4868810351460086 0.4899529271402261 0.48740788038885463 0.4898810351460086 9
4.0690378043587 0.48695693230232884 0.4843847202316082 0.48686792504228965 0.48995693230232884 0.4873847202316082 0.48986792504228965 9
4.0571511909009 0.4869610260227506 0.484361256070227 0.486854972996554 0.4899610260227506 0.487361256070227 0.489854972996554 9
4.0453337559766 0.4869651654233233 0.4843373938737794 0.48684222499058016 0.4899651654233233 0.4873373938737794 0.48984222499058017 9
4.0335823263733 0.48696933781322627 0.4843131512253327 0.48682973975576643 0.48996933781322627 0.4873131512253327 0.48982973975576644 9
4.021898250315 0.48697360019023034 0.4842885228138252 0.48681751132945167 0.48997360019023034 0.4872885228138252 0.48981751132945167 9
4.0102814779793 0.48697798188586905 0.4842634204725851 0.4868055132389575 0.48997798188586905 0.4872634204725851 0.4898055132389575 9
3.9987324166792 0.48698242105070927 0.48423779464300104 0.4867937733264853 0.48998242105070927 0.48723779464300104 0.4897937733264853 9
3.9872473818901 0.4869869106359574 0.484211572550292 0.486782296930709 0.4899869106359574 0.487211572550292 0.489782296930709 9
3.975828846378 0.48699130966777165 0.4841847643000521 0.4867709805800506 0.48999130966777166 0.4871847643000521 0.4897709805800506 9
3.9644725959655 0.4869955306652723 0.4841573405915099 0.4867597773098849 0.4899955306652723 0.4871573405915099 0.4897597773098849 9
3.9531801297653 0.4869995168365642 0.48412931482831123 0.4867487477845232 0.4899995168365642 0.48712931482831123 0.4897487477845232 9
3.9419514004454 0.4870032641013737 0.4841007192958646 0.48673791612855066 0.4900032641013737 0.4871007192958646 0.48973791612855067 9
3.9307858349441 0.4870067443645499 0.4840715669629717 0.4867272585044508 0.4900067443645499 0.4870715669629717 0.4897272585044508 9
3.9196828672572 0.48700998248291233 0.4840418818347271 0.4867167648790518 0.49000998248291233 0.4870418818347271 0.4897167648790518 9
3.9086419383279 0.4870129192613584 0.4840116915237429 0.48670641745618526 0.4900129192613584 0.4870116915237429 0.48970641745618526 9
3.8976602239897 0.4870155780579303 0.48398096009073105 0.48669618693558697 0.4900155780579303 0.48698096009073105 0.489696186935587 9
3.8867385970595 0.48701796379606077 0.4839497600912448 0.4866859936066974 0.4900179637960608 0.4869497600912448 0.4896859936066974 9
3.8758773965664 0.4870199297824114 0.4839181281234186 0.48667587808565205 0.4900199297824114 0.4869181281234186 0.48967587808565205 9
3.8650760899298 0.4870214186092867 0.4838860901127616 0.4866657874946118 0.4900214186092867 0.4868860901127616 0.4896657874946118 9
3.8543341509986 0.48702244820227786 0.483853557123541 0.486655746563883 0.49002244820227786 0.486853557123541 0.489655746563883 9
3.8436510599535 0.48702299523317644 0.48382061785643377 0.4866457662580471 0.49002299523317644 0.48682061785643377 0.4896457662580471 9
3.833024754667 0.48702303534607644 0.4837873466622046 0.48663591402001344 0.49002303534607644 0.4867873466622046 0.48963591402001344 9
3.8224546730326 0.4870225594147884 0.48375377836410394 0.4866261261676776 0.4900225594147884 0.48675377836410394 0.4896261261676776 9
3.8119419408224 0.48702151363765256 0.48372003561094745 0.4866163507068234 0.49002151363765256 0.48672003561094745 0.4896163507068234 9
3.8014860623499 0.4870198539433747 0.48368608592706686 0.4866066007187592 0.4900198539433747 0.48668608592706686 0.4896066007187592 9
3.7910865477977 0.48701760393996707 0.48365199177054957 0.4865968687997847 0.4900176039399671 0.4866519917705496 0.4895968687997847 9
3.7807429131294 0.48701480903779437 0.4836178285588078 0.4865871251086342 0.4900148090377944 0.4866178285588078 0.4895871251086342 9
3.7704542734784 0.48701140781014046 0.4835835538861299 0.4865772355813658 0.49001140781014046 0.4865835538861299 0.4895772355813658 9
3.7602177883086 0.4870073863913751 0.48354929453999396 0.4865671967873894 0.4900073863913751 0.48654929453999396 0.4895671967873894 9
3.7500357884639 0.4870027663808496 0.4835151165927285 0.4865570006627353 0.4900027663808496 0.4865151165927285 0.4895570006627353 9
3.7399078119443 0.4869975931930586 0.48348109059147115 0.48654663542478094 0.4899975931930586 0.48648109059147115 0.48954663542478094 9
3.7298334021165 0.4869918523879422 0.48344720453674034 0.4865361493662297 0.4899918523879422 0.48644720453674034 0.4895361493662297 9
3.7198121076345 0.4869855462544879 0.48341351761108453 0.4865255092143593 0.4899855462544879 0.48641351761108453 0.4895255092143593 9
3.7098434823625 0.4869787072696474 0.4833800401171304 0.486514739558358 0.48997870726964743 0.48638004011713043 0.489514739558358 9
3.6999250456339 0.48697138417358515 0.4833468430869176 0.4865038013955371 0.48997138417358516 0.4863468430869176 0.4895038013955371 9
3.6900572514729 0.48696358826019126 0.4833138600192363 0.48649275745371934 0.48996358826019126 0.4863138600192363 0.48949275745371934 9
3.6802408418972 0.4869553069246813 0.4832811205905483 0.4864816912190466 0.4899553069246813 0.4862811205905483 0.4894816912190466 9
3.6704753906334 0.4869465755245535 0.4832485944137595 0.4864705197378305 0.4899465755245535 0.4862485944137595 0.4894705197378305 9
3.6607604762527 0.4869374051511596 0.48321638500930214 0.4864591933416249 0.4899374051511596 0.48621638500930214 0.4894591933416249 9
3.6510956821011 0.48692777711384616 0.4831844229547497 0.48644768926184245 0.48992777711384616 0.48618442295474973 0.48944768926184246 9
3.6414805597078 0.4869176131537545 0.48315278582887344 0.48643607786492665 0.4899176131537545 0.48615278582887345 0.48943607786492666 9
3.6319115503565 0.4869069599690828 0.48312153457792995 0.4864244551276946 0.4899069599690828 0.48612153457792995 0.4894244551276946 9
3.6223914623408 0.4868959194009578 0.4830906315044984 0.4864127521562445 0.4898959194009578 0.4860906315044984 0.4894127521562445 9
3.6129198972098 0.48688452119533643 0.48306007508985044 0.4864009297161272 0.48988452119533643 0.48606007508985044 0.4894009297161272 9
3.6034964609584 0.48687272792156444 0.48302988459504326 0.4863889190090104 0.48987272792156444 0.48602988459504326 0.4893889190090104 9
3.5941207639651 0.48686059210532306 0.48300011836339335 0.4863766890571837 0.48986059210532307 0.48600011836339335 0.4893766890571837 9
3.5847924209296 0.4868481068758281 0.4829707518853232 0.4863642797597477 0.4898481068758281 0.4859707518853232 0.4893642797597477 9
3.575510232622 0.4868352925225688 0.48294185085993596 0.48635173233038637 0.4898352925225688 0.48594185085993596 0.48935173233038637 9
3.5662722191411 0.4868221703941613 0.4829135455784237 0.48633910171840583 0.4898221703941613 0.4859135455784237 0.48933910171840583 9
3.5570804517714 0.48680880880952554 0.48288573311105604 0.48632637625645264 0.48980880880952554 0.48588573311105604 0.48932637625645264 9
3.5479345616864 0.48679532163408595 0.4828584066709512 0.486313436293932 0.48979532163408596 0.4858584066709512 0.489313436293932 9
3.5388341840899 0.486781616771907 0.48283157632808704 0.48630030031249344 0.489781616771907 0.48583157632808704 0.48930030031249344 9
3.5297789581599 0.48676764533124356 0.48280529164101865 0.4862869674758777 0.48976764533124356 0.48580529164101866 0.4892869674758777 9
3.5207685269939 0.48675347036909383 0.48277958721895664 0.4862734219966903 0.48975347036909384 0.48577958721895664 0.4892734219966903 9
3.5118013802506 0.48673904239518684 0.4827544269795146 0.48625966618732885 0.48973904239518684 0.4857544269795146 0.48925966618732886 9
3.5028762255762 0.48672441240613734 0.48272977381205057 0.48624576230409267 0.48972441240613734 0.48572977381205057 0.48924576230409267 9
3.4939951268027 0.48670960071813624 0.4827057022759986 0.48623173895448746 0.48970960071813624 0.48570570227599863 0.48923173895448746 9
3.4851568825282 0.4866946973274838 0.4826821780233032 0.48621758502782647 0.48969469732748383 0.4856821780233032 0.4892175850278265 9
3.4763620139467 0.48667967559859054 0.4826591523062228 0.48620338286558196 0.48967967559859055 0.4856591523062228 0.48920338286558196 9
3.467609899811 0.48666459947507706 0.4826367009231462 0.4861891367750218 0.48966459947507707 0.4856367009231462 0.4891891367750218 9
3.4589002090205 0.48664951171598325 0.48261482408299816 0.4861748481231215 0.48964951171598325 0.48561482408299816 0.4891748481231215 9
3.4502315763407 0.4866343699614653 0.48259360080147856 0.4861604668878706 0.4896343699614653 0.48559360080147856 0.4891604668878706 9
3.4416024736124 0.48661922697280613 0.4825730317376953 0.4861458993393272 0.48961922697280613 0.4855730317376953 0.48914589933932723 9
3.4330148438295 0.4866040145021605 0.4825530616946703 0.4861311788629094 0.4896040145021605 0.48555306169467033 0.4891311788629094 9
3.4244683694379 0.48658882060164066 0.48253377704857964 0.4861162759020918 0.48958882060164066 0.48553377704857964 0.4891162759020918 9
3.4159627362152 0.486573650253172 0.48251515650510385 0.4861012078569808 0.489573650253172 0.48551515650510385 0.4891012078569808 9
3.4074976332263 0.4865585595446539 0.48249714473817046 0.48608598627736205 0.4895585595446539 0.48549714473817046 0.48908598627736205 9
3.3990727527795 0.48654364647035003 0.48247982228384384 0.48607061307882415 0.48954364647035004 0.48547982228384384 0.48907061307882416 9
3.3906873492335 0.48652887443258885 0.48246312990020274 0.4860550611928166 0.48952887443258886 0.48546312990020274 0.4890550611928166 9
3.3823386996526 0.4865142948344801 0.482447052310486 0.48603928215848646 0.4895142948344801 0.485447052310486 0.48903928215848647 9
3.3740293903981 0.4865000239433863 0.48243172185642064 0.48602334145708914 0.4895000239433863 0.48543172185642064 0.48902334145708914 9
3.3657591261373 0.48648610410203746 0.4824171582543417 0.4860072579701292 0.48948610410203747 0.48541715825434173 0.4890072579701292 9
3.3575276145752 0.48647266992617133 0.482403375408573 0.4859910423170203 0.48947266992617133 0.485403375408573 0.4889910423170203 9
3.3493345664152 0.48645983984611196 0.48239034501877903 0.485974679731539 0.48945983984611197 0.48539034501877903 0.488974679731539 9
3.34117969532 0.4864477386162665 0.48237809718858565 0.4859581757815039 0.4894477386162665 0.48537809718858566 0.4889581757815039 9
3.3330627178729 0.48643666915872197 0.4823665655782236 0.48594148146950167 0.48943666915872197 0.4853665655782236 0.48894148146950167 9
3.3249806737144 0.4864269040568405 0.4823555323829044 0.48592468355263474 0.48942690405684053 0.4853555323829044 0.48892468355263474 9
3.3169353347487 0.4864187077671573 0.48234468967287336 0.4859078304658325 0.4894187077671573 0.48534468967287336 0.4889078304658325 9
3.3089270777267 0.48641227195731873 0.4823337615558643 0.48589113172140863 0.48941227195731873 0.48533376155586433 0.48889113172140863 9
3.3009556303579 0.48640744145850645 0.48232235699890413 0.485874763922668 0.48940744145850645 0.48532235699890414 0.488874763922668 9
3.2930207230915 0.486403999190871 0.48231000613917596 0.48585893108239225 0.489403999190871 0.48531000613917596 0.48885893108239226 9
3.2851220890813 0.4864014977686661 0.48229639480730274 0.48584372416582056 0.4894014977686661 0.48529639480730274 0.48884372416582056 9
3.2772594641517 0.48639953695256527 0.48228135503920855 0.4858290836601728 0.4893995369525653 0.48528135503920855 0.4888290836601728 9
3.2694314870768 0.48639774612241105 0.48226490263425403 0.4858149372850636 0.48939774612241105 0.48526490263425404 0.4888149372850636 9
3.2616367572483 0.4863958784773053 0.4822471841602844 0.48580121540486965 0.4893958784773053 0.4852471841602844 0.48880121540486965 9
3.2538772808452 0.4863937816472386 0.4822284080800934 0.48578788849569915 0.4893937816472386 0.4852284080800934 0.48878788849569915 9
3.2461528038593 0.4863912984381135 0.48220878589409627 0.4857749618146461 0.4893912984381135 0.4852087858940963 0.4887749618146461 9
3.23846307479 0.4863882834057998 0.48218834653098286 0.485762324934439 0.4893882834057998 0.48518834653098286 0.488762324934439 9
3.2308078446135 0.48638466473754105 0.48216726259940174 0.4857499007465374 0.48938466473754105 0.48516726259940174 0.4887499007465374 9
3.2231868667511 0.4863803471240432 0.4821456771480293 0.48573772743944826 0.4893803471240432 0.4851456771480293 0.48873772743944827 9
3.2155998970397 0.48637537826863736 0.4821237411261887 0.4857257271367492 0.48937537826863736 0.4851237411261887 0.4887257271367492 9
3.2080443372893 0.48636966956724803 0.48210156251721004 0.48571379110097535 0.48936966956724803 0.48510156251721004 0.48871379110097535 9
3.2005213069074 0.4863632658983653 0.4820793909173315 0.48570177582144447 0.4893632658983653 0.4850793909173315 0.4887017758214445 9
3.1930315872069 0.48635627034945644 0.48205739156666333 0.48568968414757185 0.48935627034945645 0.48505739156666333 0.48868968414757186 9
3.1855749432158 0.48634877051282316 0.48203573810087175 0.485677464754811 0.48934877051282316 0.48503573810087175 0.488677464754811 9
3.1781511422332 0.4863407806008801 0.4820145609014603 0.4856649894033802 0.4893407806008801 0.4850145609014603 0.4886649894033802 9
3.1707599538021 0.4863324665761136 0.4819939863318821 0.4856521746107309 0.4893324665761136 0.4849939863318821 0.4886521746107309 9
3.1634011496809 0.4863240880916087 0.4819740151987672 0.4856390375261968 0.4893240880916087 0.4849740151987672 0.4886390375261968 9
3.1560745038175 0.48631593653158955 0.48195451114736654 0.485625593584759 0.48931593653158956 0.48495451114736654 0.488625593584759 9
3.148776689342 0.4863081459947378 0.4819352217343265 0.48561187200462724 0.4893081459947378 0.4849352217343265 0.48861187200462725 9
3.1415103200926 0.48630067428890916 0.48191591216900065 0.485598113565459 0.48930067428890917 0.48491591216900065 0.488598113565459 9
3.1342754643171 0.48629340936220045 0.4818965120668856 0.48558438527186 0.48929340936220045 0.4848965120668856 0.48858438527186 9
3.1270719042894 0.4862861021779991 0.48187697065895757 0.48557073601408285 0.4892861021779991 0.4848769706589576 0.48857073601408285 9
3.119899424345 0.48627870495021663 0.48185725700442694 0.48555724260336186 0.48927870495021664 0.48485725700442694 0.48855724260336186 9
3.1127578108557 0.4862711293467478 0.481837390778892 0.4855438615677835 0.4892711293467478 0.484837390778892 0.4885438615677835 9
3.1056468522058 0.4862634374506396 0.4818172963508381 0.48553062768229494 0.4892634374506396 0.4848172963508381 0.48853062768229494 9
3.0985663387676 0.48625567480472326 0.4817970439616633 0.48551759240073855 0.48925567480472326 0.4847970439616633 0.48851759240073855 9
3.0915127408727 0.4862478044641525 0.4817767157912618 0.48550478380274237 0.4892478044641525 0.4847767157912618 0.48850478380274237 9
3.0844891067424 0.48623986684105475 0.48175626553048023 0.4854921514156501 0.48923986684105475 0.48475626553048023 0.4884921514156501 9
3.0774953208457 0.4862318569009141 0.4817357518756824 0.4854796338679311 0.4892318569009141 0.4847357518756824 0.4884796338679311 9
3.0705311811127 0.48622369456400766 0.4817152443170049 0.48546724129058205 0.48922369456400766 0.4847152443170049 0.48846724129058205 9
3.0635964873479 0.4862152492005622 0.4816947169577762 0.4854549089872184 0.4892152492005622 0.4846947169577762 0.4884549089872184 9
3.0566910412088 0.48620651131592907 0.48167426004480784 0.48544257727924073 0.48920651131592907 0.48467426004480785 0.48844257727924073 9
3.0498146461836 0.4861976337668642 0.481653892784241 0.48543040423870953 0.4891976337668642 0.484653892784241 0.48843040423870954 9
3.0429671075699 0.48618875651622634 0.481633615410422 0.48541829309607326 0.48918875651622634 0.484633615410422 0.48841829309607326 9
3.0361452383258 0.4861798692338709 0.4816134962814342 0.48540616619287047 0.4891798692338709 0.4846134962814342 0.4884061661928705 9
3.029351422556 0.48617102670776796 0.48159349185396394 0.48539386187275557 0.48917102670776796 0.48459349185396394 0.4883938618727556 9
3.0225859096847 0.4861623259912295 0.4815736129154762 0.48538143277997686 0.4891623259912295 0.4845736129154762 0.48838143277997687 9
3.0158485118826 0.4861537643423398 0.48155383826323783 0.4853687804261942 0.4891537643423398 0.48455383826323783 0.4883687804261942 9
3.0091390430286 0.48614525324379265 0.4815340878815221 0.48535596286599275 0.48914525324379265 0.4845340878815221 0.48835596286599275 9
3.0024573186901 0.48613677247959913 0.48151436258829594 0.4853430509271806 0.48913677247959914 0.48451436258829594 0.4883430509271806 9
2.9958034010342 0.4861282619108307 0.4814947519601087 0.485329980416859 0.4891282619108307 0.4844947519601087 0.488329980416859 9
2.9891763741313 0.48611973781235934 0.48147532504679946 0.4853167332702409 0.48911973781235935 0.48447532504679947 0.4883167332702409 9
2.9825746953267 0.48611123600563144 0.4814561157949503 0.48530339920468124 0.48911123600563144 0.4844561157949503 0.48830339920468124 9
2.9759986987166 0.48610286655361623 0.48143698575077387 0.4852900511318706 0.48910286655361623 0.4844369857507739 0.48829005113187063 9
2.9694495688274 0.48609464352300713 0.4814179196321528 0.4852766985455349 0.48909464352300713 0.4844179196321528 0.4882766985455349 9
2.9629271308074 0.48608651436930517 0.48139889582084555 0.4852632811015901 0.48908651436930517 0.48439889582084555 0.4882632811015901 9
2.9564312113643 0.48607836237409796 0.48137986957362405 0.48524981605238626 0.48907836237409796 0.48437986957362406 0.48824981605238627 9
2.9499616387478 0.4860701846221448 0.48136080317230884 0.48523617159994337 0.4890701846221448 0.48436080317230884 0.48823617159994337 9
2.9435182427321 0.48606196330010853 0.4813417449439389 0.48522236884213615 0.48906196330010854 0.4843417449439389 0.48822236884213616 9
2.9371008545984 0.4860536977183721 0.48132274531787794 0.48520851140977916 0.4890536977183721 0.48432274531787795 0.48820851140977917 9
2.9307086966299 0.48604529196419505 0.48130381860007193 0.4851946188188492 0.48904529196419505 0.48430381860007193 0.4881946188188492 9
2.924339355746 0.4860367337326214 0.48128487375014367 0.4851807449286356 0.4890367337326214 0.4842848737501437 0.4881807449286356 9
2.9179955449638 0.4860279951022418 0.4812658313352189 0.4851668587732066 0.4890279951022418 0.4842658313352189 0.4881668587732066 9
2.9116771012797 0.4860190720483882 0.48124672729495294 0.48515305353159816 0.4890190720483882 0.48424672729495294 0.48815305353159816 9
2.9053838631165 0.4860099675415192 0.4812275222353882 0.48513942220164386 0.4890099675415192 0.48422752223538823 0.48813942220164386 9
2.8991156703073 0.4860007175145859 0.4812082687196925 0.48512606395625807 0.4890007175145859 0.4842082687196925 0.48812606395625807 9
2.8928723640799 0.48599139896418164 0.48118890906334394 0.48511299744266123 0.48899139896418164 0.48418890906334394 0.48811299744266123 9
2.8866537870417 0.4859820220775009 0.4811693662085354 0.4851003005408254 0.4889820220775009 0.4841693662085354 0.4881003005408254 9
2.8804597831643 0.4859726048732942 0.48114961989417515 0.48508793057333083 0.4889726048732942 0.48414961989417515 0.48808793057333083 9
2.8742881909077 0.485963156485771 0.4811296175036238 0.48507586927006463 0.488963156485771 0.4841296175036238 0.48807586927006463 9
2.8681393894119 0.4859536381258655 0.48110937656551594 0.4850641223462591 0.4889536381258655 0.48410937656551595 0.4880641223462591 9
2.8620147201978 0.4859440587827603 0.48108897054693633 0.48505268375700294 0.4889440587827603 0.48408897054693634 0.48805268375700295 9
2.8559140324041 0.4859344509214366 0.48106844203358334 0.48504148406802394 0.4889344509214366 0.48406844203358335 0.48804148406802395 9
2.8498371764622 0.48592479029642743 0.48104780723371277 0.4850305529083293 0.48892479029642744 0.48404780723371277 0.4880305529083293 9
2.8437840040818 0.4859150276984216 0.4810270867861822 0.48501987896915655 0.4889150276984216 0.4840270867861822 0.48801987896915655 9
2.837754368237 0.4859051765365162 0.4810063131425783 0.48500941451450424 0.4889051765365162 0.4840063131425783 0.48800941451450425 9
2.8317481231531 0.4858951734524135 0.4809854293444881 0.4849992743225518 0.4888951734524135 0.4839854293444881 0.4879992743225518 9
2.8257651242924 0.4858849955651446 0.4809644546400711 0.4849894673013835 0.4888849955651446 0.4839644546400711 0.4879894673013835 9
2.8198024174793 0.485874594042133 0.4809434276139321 0.4849800041828812 0.488874594042133 0.4839434276139321 0.4879800041828812 9
2.8138619846925 0.4858639939496274 0.4809223317792742 0.4849708549690013 0.48886399394962743 0.4839223317792742 0.4879708549690013 9
2.8079443906796 0.48585322318386126 0.48090119726241737 0.4849620972993021 0.48885322318386126 0.48390119726241737 0.4879620972993021 9
2.8020494955847 0.4858423294464473 0.4808800209933025 0.48495380330030696 0.4888423294464473 0.4838800209933025 0.48795380330030697 9
2.7961771607254 0.48583138140735205 0.4808588804861214 0.48494578026143415 0.48883138140735205 0.4838588804861214 0.48794578026143415 9
2.7903272485808 0.4858204468331088 0.48083780425320016 0.48493793815520053 0.4888204468331088 0.48383780425320017 0.48793793815520053 9
2.7844996227786 0.4858095177447866 0.48081674443641015 0.4849301814603467 0.4888095177447866 0.48381674443641015 0.4879301814603467 9
2.7786941480832 0.4857985711118996 0.48079565308840533 0.48492247334576677 0.4887985711118996 0.48379565308840533 0.48792247334576677 9
2.7729106903838 0.48578768121720145 0.48077449626417235 0.4849149106682924 0.48878768121720145 0.48377449626417235 0.4879149106682924 9
2.7671461137324 0.48577687473994896 0.48075330638635216 0.48490740603456034 0.48877687473994896 0.48375330638635217 0.48790740603456034 9
2.7614027747164 0.48576616884161 0.4807320725790836 0.48489991837859586 0.48876616884161 0.4837320725790836 0.48789991837859586 9
2.755681075595 0.48575556036565865 0.4807107595941827 0.4848924813305207 0.48875556036565865 0.4837107595941827 0.4878924813305207 9
2.7499814536001 0.4857450379328448 0.48068942015692995 0.48488510578349436 0.4887450379328448 0.48368942015692995 0.48788510578349437 9
2.7443020786027 0.4857345495977864 0.48066807241181264 0.4848778477420147 0.4887345495977864 0.48366807241181264 0.4878778477420147 9
2.7386445243154 0.485724073894639 0.4806467171513299 0.48487075514598377 0.488724073894639 0.4836467171513299 0.48787075514598377 9
2.7330080967851 0.4857136267343854 0.48062538760328827 0.4848637987827392 0.4887136267343854 0.48362538760328827 0.4878637987827392 9
2.7273926704128 0.48570322884951084 0.4806041128319779 0.4848569622549118 0.48870322884951084 0.4836041128319779 0.4878569622549118 9
2.7217981205674 0.4856928575266415 0.4805828857672985 0.48485029628216486 0.4886928575266415 0.4835828857672985 0.48785029628216486 9
2.7162217622248 0.4856825531519113 0.48056172336913255 0.4848437349130572 0.4886825531519113 0.48356172336913256 0.4878437349130572 9
2.710665055125 0.4856723338001131 0.48054062551613136 0.48483726586049797 0.4886723338001131 0.48354062551613136 0.48783726586049797 9
2.7051288750561 0.4856621280923107 0.48051958665422256 0.4848308190415905 0.4886621280923107 0.48351958665422257 0.4878308190415905 9
2.699613101252 0.48565190948502107 0.4804985962305268 0.48482437491397506 0.4886519094850211 0.4834985962305268 0.48782437491397507 9
2.6941176139201 0.4856416550647105 0.4804776601358395 0.48481797142818833 0.4886416550647105 0.4834776601358395 0.48781797142818834 9
2.6886422942316 0.4856314214311292 0.48045675214719025 0.48481165445936775 0.4886314214311292 0.48345675214719025 0.48781165445936775 9
2.6831870243116 0.4856212853691124 0.48043591040723205 0.48480548209372437 0.4886212853691124 0.48343591040723205 0.4878054820937244 9
2.6777516872294 0.48561120855462364 0.4804151559055895 0.4847994721600849 0.48861120855462364 0.4834151559055895 0.4877994721600849 9
2.6723361669889 0.48560115510792506 0.48039448135358137 0.48479366196088736 0.48860115510792507 0.4833944813535814 0.48779366196088736 9
2.6669388861383 0.485591146529538 0.4803738858330101 0.48478805736119546 0.488591146529538 0.4833738858330101 0.48778805736119546 9
2.6615590885918 0.4855812027191871 0.48035332832327315 0.484782622779056 0.4885812027191871 0.48335332832327316 0.487782622779056 9
2.6561987835508 0.4855712997413153 0.48033283357802414 0.4847773144984685 0.4885712997413153 0.48333283357802415 0.4877773144984685 9
2.6508578585405 0.48556149248162067 0.48031235703229197 0.4847720932705627 0.4885614924816207 0.483312357032292 0.4877720932705627 9
2.6455362019753 0.4855517452662229 0.48029191595067805 0.48476689365342357 0.4885517452662229 0.48329191595067805 0.48776689365342357 9
2.6402337031506 0.48554210133992404 0.48027152373955323 0.48476177244639507 0.48854210133992404 0.48327152373955323 0.48776177244639507 9
2.6349502522329 0.4855325192780273 0.4802512017505116 0.48475682323287383 0.4885325192780273 0.4832512017505116 0.48775682323287384 9
2.6296857402522 0.48552299245806324 0.48023095020113743 0.48475199969296195 0.48852299245806324 0.48323095020113743 0.48775199969296196 9
2.6244400590924 0.48551350526173637 0.48021074237430583 0.4847472761942011 0.48851350526173637 0.48321074237430583 0.4877472761942011 9
2.6192131014838 0.4855040246817434 0.4801905523124606 0.4847426652702495 0.4885040246817434 0.4831905523124606 0.4877426652702495 9
2.6140014850298 0.485494551635445 0.4801703575860888 0.484738151171146 0.48849455163544503 0.4831703575860888 0.487738151171146 9
2.6088080779502 0.48548507814286024 0.48015017034618723 0.484733746355269 0.48848507814286024 0.48315017034618724 0.487733746355269 9
2.6036330954259 0.48547563320531373 0.48012995168927713 0.4847294811788345 0.48847563320531373 0.48312995168927714 0.4877294811788345 9
2.5984764333688 0.48546628075391834 0.4801096825553829 0.48472535882669926 0.48846628075391835 0.4831096825553829 0.48772535882669926 9
2.5933379884962 0.4854570377636933 0.4800893291651783 0.4847213221138483 0.4884570377636933 0.4830893291651783 0.4877213221138483 9
2.5882176583238 0.4854478564183622 0.4800689309155526 0.4847173124940966 0.4884478564183622 0.4830689309155526 0.4877173124940966 9
2.5831153411572 0.4854387587884203 0.48004846751115304 0.4847133371652928 0.4884387587884203 0.48304846751115305 0.4877133371652928 9
2.5780309360845 0.48542972542637586 0.48002791442552 0.4847093685441971 0.48842972542637586 0.48302791442552 0.4877093685441971 9
2.5729643429684 0.48542075763409653 0.4800073065253366 0.48470541270930045 0.48842075763409654 0.4830073065253366 0.48770541270930046 9
2.5679146480014 0.48541184408692106 0.4799866951877411 0.48470156379656687 0.48841184408692107 0.4829866951877411 0.4877015637965669 9
2.5628797707525 0.4854030190362757 0.47996617185420803 0.48469783170252995 0.4884030190362757 0.48296617185420804 0.48769783170252995 9
2.5578624272738 0.48539430285619006 0.4799456988068602 0.4846941951903761 0.48839430285619007 0.4829456988068602 0.4876941951903761 9
2.5528625203371 0.48538572379720035 0.47992536099338035 0.48469066956708273 0.48838572379720036 0.48292536099338035 0.48769066956708274 9
2.5478799534532 0.4853773119358527 0.4799051500648617 0.4846871992400424 0.4883773119358527 0.4829051500648617 0.4876871992400424 9
2.5429146308645 0.48536901609316413 0.47988508479231334 0.4846837705760144 0.48836901609316413 0.48288508479231335 0.4876837705760144 9
2.5379664575381 0.4853608453067177 0.47986509042138387 0.4846803999875274 0.4883608453067177 0.48286509042138387 0.4876803999875274 9
2.5330353391588 0.4853528136077727 0.4798451596683999 0.48467709126183206 0.4883528136077727 0.4828451596683999 0.48767709126183206 9
2.5281211821226 0.4853448861901229 0.479825265421837 0.4846738861553526 0.4883448861901229 0.482825265421837 0.4876738861553526 9
2.5232238935291 0.48533707123157144 0.47980539728841415 0.48467076793461217 0.48833707123157144 0.48280539728841415 0.48767076793461217 9
2.5183421205572 0.48532937581721125 0.4797855341536658 0.48466774353506864 0.48832937581721125 0.4827855341536658 0.48766774353506864 9
2.5134746641511 0.4853217771179498 0.47976563474368655 0.4846648201096122 0.48832177711794983 0.48276563474368656 0.4876648201096122 9
2.5086238190324 0.4853143073001805 0.47974566825513115 0.4846619784950105 0.4883143073001805 0.48274566825513116 0.48766197849501053 9
2.5037894949392 0.48530697126724626 0.4797256382825079 0.4846592435001238 0.48830697126724626 0.4827256382825079 0.4876592435001238 9
2.498971980488 0.4852997432097327 0.47970552804960115 0.4846566480030863 0.4882997432097327 0.48270552804960115 0.4876566480030863 9
2.4941700520989 0.4852926099652277 0.47968533909731215 0.48465416208393675 0.4882926099652277 0.48268533909731215 0.48765416208393675 9
2.4893847562387 0.4852855897596855 0.47966506036017315 0.4846517538676772 0.4882855897596855 0.48266506036017315 0.48765175386767723 9
2.4846156269772 0.48527867747213693 0.47964468401753035 0.4846494179829644 0.48827867747213693 0.48264468401753036 0.4876494179829644 9
2.4798625773882 0.48527187206551925 0.4796242037927443 0.4846471199805894 0.48827187206551925 0.4826242037927443 0.4876471199805894 9
2.4751255211488 0.48526517774504085 0.4796036346341528 0.48464486922273947 0.48826517774504086 0.4826036346341528 0.4876448692227395 9
2.4704033768435 0.4852585897446857 0.4795829752389417 0.4846426287173172 0.4882585897446857 0.4825829752389417 0.48764262871731723 9
2.4656944006766 0.48525209754554766 0.47956223579534235 0.48464041454982454 0.48825209754554766 0.48256223579534235 0.48764041454982454 9
2.4610011798267 0.4852456821514147 0.4795414325355384 0.4846382702406254 0.48824568215141473 0.4825414325355384 0.4876382702406254 9
2.4563236303683 0.48523931366776857 0.4795205897516354 0.4846361775631086 0.48823931366776857 0.4825205897516354 0.4876361775631086 9
2.4516616689885 0.485232995275335 0.4794996988208534 0.4846341835110603 0.488232995275335 0.4824996988208534 0.4876341835110603 9
2.4470152129813 0.48522672083533036 0.4794788106779841 0.48463228754736776 0.48822672083533036 0.4824788106779841 0.48763228754736776 9
2.4423841802423 0.48522047828438464 0.47945796120547785 0.48463048273564663 0.48822047828438464 0.48245796120547785 0.48763048273564663 9
2.4377684892625 0.4852142708428891 0.47943716520235785 0.48462875871335465 0.4882142708428891 0.48243716520235785 0.48762875871335465 9
2.4331680591237 0.4852081119465353 0.47941644292086444 0.4846270811341546 0.4882081119465353 0.48241644292086444 0.4876270811341546 9
2.4285828094924 0.485202012328495 0.47939582340396925 0.48462545797392076 0.488202012328495 0.48239582340396925 0.48762545797392076 9
2.4240126606144 0.4851959820549033 0.47937531417772195 0.4846239278378144 0.4881959820549033 0.48237531417772195 0.4876239278378144 9
2.4194538637356 0.4851900176228226 0.4793549143985299 0.48462256148097665 0.4881900176228226 0.4823549143985299 0.48762256148097666 9
2.4149100214878 0.485184114647009 0.4793346196198448 0.48462137169801456 0.488184114647009 0.4823346196198448 0.48762137169801456 9
2.410381060985 0.485178286739814 0.479314405234067 0.484620388939243 0.488178286739814 0.482314405234067 0.487620388939243 9
2.4058669046354 0.4851725762659472 0.4792942878101478 0.48461960975957735 0.4881725762659472 0.4822942878101478 0.48761960975957735 9
2.4013674754014 0.48516698234243655 0.4792742303142407 0.4846190480780919 0.48816698234243655 0.4822742303142407 0.4876190480780919 9
2.396882696795 0.4851614816232248 0.4792542249787939 0.4846187101969902 0.4881614816232248 0.4822542249787939 0.4876187101969902 9
2.3924124928724 0.48515610679382654 0.4792342583361618 0.48461858991877255 0.48815610679382654 0.4822342583361618 0.48761858991877255 9
2.3879567882293 0.4851508826887624 0.47921432694085875 0.4846186820465893 0.4881508826887624 0.48221432694085875 0.4876186820465893 9
2.3835155079961 0.4851457779970995 0.4791944061676747 0.48461899534287456 0.4881457779970995 0.4821944061676747 0.48761899534287456 9
2.3790885778331 0.4851407866447528 0.4791745092186251 0.48461954856603034 0.4881407866447528 0.4821745092186251 0.48761954856603035 9
2.3746739909273 0.48513591289740565 0.4791546144856894 0.4846203474793764 0.48813591289740565 0.4821546144856894 0.4876203474793764 9
2.3702718540797 0.4851311269977086 0.47913471353077475 0.4846213744571981 0.4881311269977086 0.48213471353077475 0.4876213744571981 9
2.365883864053 0.48512643015634505 0.47911481594880484 0.4846226437781851 0.48812643015634505 0.48211481594880484 0.4876226437781851 9
2.361509948479 0.48512182539435916 0.47909493621143195 0.4846241510736257 0.48812182539435917 0.48209493621143196 0.4876241510736257 9
2.357150035497 0.4851172984624028 0.47907503276032637 0.48462593110355373 0.4881172984624028 0.48207503276032637 0.48762593110355373 9
2.3528040537491 0.4851128698353583 0.47905510218507885 0.4846280040154902 0.4881128698353583 0.48205510218507885 0.4876280040154902 9
2.3484719323754 0.48510856192829793 0.47903514383492485 0.4846304315538782 0.48810856192829793 0.48203514383492485 0.4876304315538782 9
2.3441536010102 0.48510438141832424 0.47901517993515963 0.48463322000552295 0.48810438141832424 0.48201517993515963 0.48763322000552295 9
2.3398489897773 0.4851003407671426 0.47899520320139455 0.4846363938449255 0.4881003407671426 0.48199520320139455 0.4876363938449255 9
2.3355580292858 0.4850964947464411 0.47897522952244564 0.4846399694430111 0.4880964947464411 0.48197522952244565 0.4876399694430111 9
2.3312806506255 0.4850928544620828 0.47895523143697033 0.48464392718222343 0.4880928544620828 0.48195523143697033 0.48764392718222344 9
2.3270136617715 0.48508940685017166 0.47893517939810887 0.48464829831759804 0.48808940685017166 0.48193517939810887 0.48764829831759804 9
2.3227595414562 0.48508615099034796 0.47891505853035665 0.4846531085059385 0.48808615099034797 0.48191505853035665 0.4876531085059385 9
2.3185188154561 0.4850830771462332 0.47889482309693565 0.4846583692229971 0.4880830771462332 0.48189482309693565 0.4876583692229971 9
2.3142914166462 0.4850802299328471 0.4788744854335467 0.48466412263916053 0.4880802299328471 0.4818744854335467 0.48766412263916054 9
2.3100772783626 0.4850776530175901 0.4788540508999009 0.4846703772403334 0.4880776530175901 0.4818540508999009 0.4876703772403334 9
2.3058763343982 0.4850753262942567 0.4788334646099348 0.4846771719794284 0.4880753262942567 0.4818334646099348 0.4876771719794284 9
2.3016885189989 0.48507321153118726 0.478812732549818 0.48468460044041234 0.48807321153118727 0.481812732549818 0.48768460044041234 9
2.2975137668596 0.48507132122278346 0.47879183419831123 0.4846926944050721 0.48807132122278346 0.48179183419831123 0.4876926944050721 9
2.2933520131206 0.4850696517961973 0.47877073896377687 0.4847015189481842 0.4880696517961973 0.48177073896377687 0.4877015189481842 9
2.2892031933632 0.4850682251199437 0.4787494302517418 0.48471119367181065 0.4880682251199437 0.48174943025174183 0.48771119367181065 9
2.2850672436064 0.48506700215717924 0.47872789459062803 0.48472179860262476 0.48806700215717924 0.48172789459062804 0.48772179860262477 9
2.2809405558184 0.4850659270342644 0.47870612521954553 0.48473345210106866 0.4880659270342644 0.48170612521954553 0.48773345210106867 9
2.2768264373691 0.485064980025488 0.47868412400028254 0.48474621698061454 0.488064980025488 0.48168412400028254 0.48774621698061454 9
2.2727250156917 0.4850641455984801 0.47866186980604075 0.48476007956399947 0.4880641455984801 0.48166186980604075 0.48776007956399947 9
2.2686362284241 0.48506322014771447 0.4786394647141683 0.4847748429603027 0.48806322014771447 0.4816394647141683 0.4877748429603027 9
2.2645600136242 0.4850619236798396 0.47861707288653194 0.48478936000445966 0.4880619236798396 0.48161707288653194 0.48778936000445966 9
2.2604963097658 0.48505946644410664 0.4785946766319873 0.48480159073383716 0.48805946644410664 0.4815946766319873 0.48780159073383716 9
2.2564450557355 0.4850556672980597 0.4785724465455547 0.4848106473138437 0.4880556672980597 0.4815724465455547 0.4878106473138437 9
2.2524061908289 0.4850505789471301 0.478550470374212 0.48481647750958257 0.4880505789471301 0.481550470374212 0.48781647750958257 9
2.2483798948754 0.48504425757502634 0.4785286677782634 0.4848192014752937 0.48804425757502634 0.4815286677782634 0.48781920147529373 9
2.2443653875696 0.48503680304884 0.47850717607567217 0.48481913981917735 0.48803680304884 0.48150717607567217 0.48781913981917735 9
2.2403633298703 0.4850282586817551 0.47848597740154997 0.48481676453639233 0.4880282586817551 0.48148597740154997 0.48781676453639233 9
2.2363702512927 0.48501884144024926 0.47846509569153756 0.4848124622575731 0.48801884144024926 0.48146509569153756 0.4878124622575731 9
2.2323886957508 0.4850087762997537 0.4784445780319985 0.4848065401306335 0.4880087762997537 0.4814445780319985 0.4878065401306335 9
2.228419189411 0.484998310468584 0.4784243133506404 0.4847992753241959 0.487998310468584 0.4814243133506404 0.4877992753241959 9
2.2244616742465 0.4849876405488502 0.4784041723976594 0.48479093278951535 0.4879876405488502 0.4814041723976594 0.48779093278951535 9
2.2205160926137 0.4849767872646101 0.47838405076806184 0.4847817380942155 0.4879767872646101 0.48138405076806184 0.4877817380942155 9
2.2165823872486 0.4849656996969972 0.4783639538727608 0.4847717872365563 0.4879656996969972 0.4813639538727608 0.4877717872365563 9
2.2126605012635 0.484954349709154 0.4783438646899536 0.48476112743135485 0.487954349709154 0.4813438646899536 0.48776112743135486 9
2.2087503781445 0.484942778171738 0.47832382138296753 0.48474984101987484 0.487942778171738 0.48132382138296753 0.48774984101987484 9
2.2048519617476 0.48493100614719215 0.4783039236338999 0.4847379440239812 0.48793100614719215 0.4813039236338999 0.4877379440239812 9
2.2009651962963 0.4849190320886277 0.4782841729651749 0.4847257487989135 0.4879190320886277 0.4812841729651749 0.4877257487989135 9
2.197090026378 0.4849070352907367 0.4782647147789949 0.4847133185223929 0.4879070352907367 0.4812647147789949 0.4877133185223929 9
2.1932244201332 0.4848951839180287 0.4782455995122977 0.48470080621126654 0.4878951839180287 0.48124559951229773 0.48770080621126655 9
2.1893685122466 0.4848834027060886 0.47822682399123323 0.48468823778208203 0.4878834027060886 0.48122682399123323 0.48768823778208203 9
2.1855240515174 0.4848716945741161 0.47820843053260426 0.4846755523174993 0.4878716945741161 0.48120843053260426 0.4876755523174993 9
2.1816909838723 0.48486003582169074 0.4781904149932047 0.4846627251617258 0.48786003582169074 0.4811904149932047 0.4876627251617258 9
2.1778692555878 0.48484853172223297 0.478172805820897 0.4846498148622728 0.48784853172223297 0.481172805820897 0.4876498148622728 9
2.1740588132877 0.48483721706184 0.4781555595706219 0.4846367906064808 0.48783721706184 0.4811555595706219 0.4876367906064808 9
2.1702596039401 0.48482604790834216 0.478138669905879 0.48462366130917267 0.48782604790834216 0.481138669905879 0.4876236613091727 9
2.1664715748545 0.4848148897641261 0.47812211442523944 0.4846105296045553 0.4878148897641261 0.48112211442523944 0.4876105296045553 9
2.162694673679 0.4848038042029445 0.4781058794623908 0.48459744908001356 0.4878038042029445 0.4811058794623908 0.48759744908001357 9
2.1589288483977 0.48479285119348553 0.4780898671884453 0.48458441163611143 0.48779285119348553 0.4810898671884453 0.48758441163611144 9
2.1551740473277 0.4847820149131659 0.4780740679469954 0.48457133235821503 0.4877820149131659 0.4810740679469954 0.48757133235821504 9
2.1514302191168 0.4847712336498342 0.47805842780208524 0.4845582043327144 0.4877712336498342 0.48105842780208524 0.4875582043327144 9
2.1476935887478 0.4847604865556231 0.4780428562124714 0.4845450195211709 0.4877604865556231 0.4810428562124714 0.4875450195211709 9
2.1439677772138 0.484749883157486 0.47802729358517065 0.484531805267797 0.487749883157486 0.48102729358517066 0.487531805267797 9
2.1402528018799 0.48473942758932204 0.4780117411067964 0.48451857304751333 0.48773942758932204 0.4810117411067964 0.48751857304751334 9
2.1365486126047 0.4847291095106573 0.47799621727166774 0.4845053286548894 0.4877291095106573 0.48099621727166775 0.4875053286548894 9
2.1328551595646 0.48471890408643026 0.47798064712722443 0.4844921291356175 0.48771890408643026 0.48098064712722444 0.4874921291356175 9
2.1291723932513 0.4847087927463965 0.4779650009979352 0.48447904742581954 0.4877087927463965 0.4809650009979352 0.48747904742581954 9
2.1255002644696 0.48469873185914913 0.47794927038199425 0.48446606122904295 0.48769873185914914 0.48094927038199425 0.48746606122904296 9
2.1218387243342 0.4846887398319099 0.4779335335907276 0.4844530976590193 0.4876887398319099 0.4809335335907276 0.4874530976590193 9
2.118187724268 0.4846788557670313 0.4779178076280784 0.48444016486037306 0.4876788557670313 0.4809178076280784 0.48744016486037306 9
2.1145472159991 0.4846690341074821 0.47790201574564883 0.4844273123384482 0.4876690341074821 0.48090201574564884 0.4874273123384482 9
2.1109171515583 0.4846592360564245 0.47788613538683944 0.4844144722026977 0.4876592360564245 0.48088613538683944 0.4874144722026977 9
2.1072966550091 0.4846495455701401 0.4778701563194476 0.4844016553511304 0.4876495455701401 0.48087015631944763 0.4874016553511304 9
2.1036835284525 0.4846399073234779 0.4778540677177449 0.4843888416442389 0.4876399073234779 0.4808540677177449 0.4873888416442389 9
2.1000807188935 0.48463028856261225 0.4778379406520335 0.4843760421558672 0.48763028856261226 0.4808379406520335 0.4873760421558672 9
2.0964881794689 0.48462069881899356 0.4778217399586878 0.4843633613832075 0.48762069881899356 0.4808217399586878 0.4873633613832075 9
2.0929058636071 0.484611186358498 0.4778054856253692 0.4843507873711213 0.487611186358498 0.4808054856253692 0.4873507873711213 9
2.0893337250261 0.4846017608871954 0.47778922671059293 0.48433831864579885 0.4876017608871954 0.48078922671059293 0.48733831864579885 9
2.0857717177306 0.4845924054583615 0.47777303045561803 0.4843260105467275 0.4875924054583615 0.48077303045561803 0.48732601054672753 9
2.0822197960104 0.48458308327476035 0.477756950286332 0.48431378957978055 0.48758308327476035 0.48075695028633203 0.48731378957978055 9
2.0786779144378 0.48457382116236497 0.477740920837487 0.48430168470231266 0.487573821162365 0.480740920837487 0.48730168470231267 9
2.0751460278654 0.48456460148347164 0.47772493321611376 0.4842897128163716 0.48756460148347164 0.48072493321611376 0.4872897128163716 9
2.0716240914239 0.48455544971583964 0.477709016260154 0.48427785210944835 0.48755544971583964 0.480709016260154 0.48727785210944835 9
2.0681120605201 0.48454633241389694 0.47769318398417576 0.48426611444626433 0.48754633241389694 0.48069318398417576 0.48726611444626433 9
2.0646090298741 0.48453725616146576 0.4776774548840859 0.4842544884667192 0.48753725616146576 0.4806774548840859 0.4872544884667192 9
2.0611128517163 0.4845282008084503 0.477661832394595 0.48424299388662845 0.48752820080845033 0.480661832394595 0.48724299388662845 9
2.0576264620118 0.48451917847531983 0.4776463878764542 0.484231607804932 0.48751917847531984 0.4806463878764542 0.487231607804932 9
2.0541498171705 0.4845101929988202 0.47763107107903097 0.48422021830033773 0.4875101929988202 0.48063107107903097 0.48722021830033774 9
2.0506828738688 0.484501250216043 0.4776159023754795 0.48420879900560504 0.487501250216043 0.4806159023754795 0.48720879900560504 9
2.0472255890465 0.4844923179716763 0.4776009184539539 0.48419731563804685 0.4874923179716763 0.4806009184539539 0.48719731563804686 9
2.0437779199054 0.4844833244981495 0.47758607766141453 0.4841857430147345 0.4874833244981495 0.48058607766141453 0.4871857430147345 9
2.0403398239073 0.4844742834854844 0.47757135291712055 0.4841741281866288 0.4874742834854844 0.48057135291712055 0.4871741281866288 9
2.0369112587715 0.4844652432389089 0.4775567660250209 0.4841624742699828 0.4874652432389089 0.4805567660250209 0.4871624742699828 9
2.0334921824735 0.4844561691530597 0.47754232358128307 0.4841507989288309 0.4874561691530597 0.48054232358128307 0.4871507989288309 9
2.0300825532424 0.4844470621937873 0.47752798785950484 0.48413916253916456 0.4874470621937873 0.48052798785950485 0.48713916253916456 9
2.0266823295594 0.484437934437338 0.4775136863444712 0.48412751986803704 0.487437934437338 0.4805136863444712 0.48712751986803704 9
2.0232914664964 0.4844288308156163 0.4774994206067199 0.4841158843866409 0.4874288308156163 0.4804994206067199 0.4871158843866409 9
2.0199060829107 0.4844197579144983 0.4774852043029298 0.48410425073666385 0.4874197579144983 0.4804852043029298 0.48710425073666386 9
2.0165299966681 0.48441074166430825 0.477471004578485 0.4840925348207028 0.48741074166430826 0.480471004578485 0.4870925348207028 9
2.0131631671614 0.4844018704369759 0.47745681961717584 0.4840807677418696 0.4874018704369759 0.48045681961717585 0.4870807677418696 9
2.009805554027 0.48439315752205253 0.4774426724370749 0.4840689462051542 0.48739315752205253 0.4804426724370749 0.48706894620515423 9
2.0064571171418 0.48438453083749106 0.4774285608585809 0.4840571279266817 0.48738453083749106 0.4804285608585809 0.4870571279266817 9
2.0031178166226 0.48437595152793844 0.477414485201458 0.48404533205345657 0.48737595152793844 0.480414485201458 0.48704533205345657 9
