8.1330643194892 0.48784098156304634 0.48775542049157145 0.4894406923162033 0.49184098156304634 0.49175542049157145 0.4934406923162033 9
8.0818843214791 0.4878266672237479 0.48772536243304465 0.4894184994847032 0.4918266672237479 0.49172536243304465 0.4934184994847032 9
8.0314148869044 0.48781252132818587 0.4876954643255177 0.4893964588517836 0.49181252132818587 0.4916954643255177 0.4933964588517836 9
7.9816419161148 0.4877983648012964 0.4876656803992595 0.4893744030474176 0.4917983648012964 0.4916656803992595 0.4933744030474176 9
7.9325417101846 0.48778441355114854 0.48763590616376873 0.48935264935095363 0.49178441355114855 0.49163590616376873 0.49335264935095363 9
7.8841093256458 0.48777052773279894 0.48760621439140284 0.48933104086333445 0.49177052773279895 0.49160621439140284 0.49333104086333446 9
7.8363256870345 0.48775676873945206 0.4875767444334671 0.4893096323273793 0.49175676873945207 0.4915767444334671 0.4933096323273793 9
7.7891789670368 0.4877431055468855 0.4875474591162518 0.4892883455455568 0.4917431055468855 0.4915474591162518 0.4932883455455568 9
7.7426543516668 0.4877295300901632 0.48751826586888247 0.4892670305503655 0.4917295300901632 0.4915182658688825 0.4932670305503655 9
7.6967390981526 0.4877160860383384 0.48748920769111553 0.4892457922045763 0.4917160860383384 0.49148920769111554 0.4932457922045763 9
7.6514215382762 0.48770283447822615 0.48746030065402013 0.4892246940409832 0.49170283447822616 0.49146030065402013 0.4932246940409832 9
7.6066870985632 0.48768963912013985 0.4874314344032495 0.4892035757419194 0.49168963912013985 0.4914314344032495 0.4932035757419194 9
7.56252588351 0.4876766356019623 0.48740264762457075 0.4891825052533292 0.4916766356019623 0.49140264762457075 0.4931825052533292 9
7.5189257900861 0.48766377023752167 0.48737401588697266 0.48916145802226113 0.49166377023752167 0.49137401588697266 0.49316145802226113 9
7.4758742805379 0.4876509061006879 0.48734537062666516 0.4891403450862199 0.4916509061006879 0.49134537062666517 0.4931403450862199 9
7.4333621571324 0.48763807862508624 0.4873167660773336 0.4891195385223415 0.49163807862508624 0.4913167660773336 0.4931195385223415 9
7.3913774665521 0.48762514915495514 0.4872882613143981 0.4890987365312296 0.49162514915495514 0.4912882613143981 0.4930987365312296 9
7.349909823956 0.4876123603223262 0.4872596452353536 0.4890779855900248 0.4916123603223262 0.4912596452353536 0.4930779855900248 9
7.3089502830204 0.4875997125294683 0.4872311396607444 0.48905733709528104 0.4915997125294683 0.4912311396607444 0.49305733709528105 9
7.2684872391571 0.48758729606404255 0.4872029286217402 0.48903665738907154 0.49158729606404256 0.4912029286217402 0.49303665738907154 9
7.2285121024239 0.48757499194356363 0.48717470752345826 0.48901595777731244 0.49157499194356363 0.49117470752345826 0.49301595777731244 9
7.1890162272408 0.4875627606062743 0.48714640901937944 0.48899535517278186 0.4915627606062743 0.49114640901937945 0.49299535517278187 9
7.1499884119886 0.48755063406397586 0.48711801934008425 0.4889749364089866 0.49155063406397587 0.49111801934008426 0.4929749364089866 9
7.1114215058699 0.48753867223773356 0.48708957076530424 0.48895477938552034 0.49153867223773356 0.49108957076530424 0.49295477938552035 9
7.0733072276286 0.48752685000738527 0.4870610968163228 0.48893488063622603 0.4915268500073853 0.4910610968163228 0.49293488063622604 9
7.0356348473542 0.4875150518728878 0.48703260526342457 0.4889150654866933 0.4915150518728878 0.49103260526342457 0.4929150654866933 9
6.9984018395066 0.4875033168650394 0.4870041375428858 0.4888953892913968 0.4915033168650394 0.4910041375428858 0.4928953892913968 9
6.9615897368687 0.4874916516796069 0.48697567769062855 0.48887591531826646 0.4914916516796069 0.49097567769062855 0.49287591531826647 9
6.9251989919202 0.48748002555518 0.486947207750672 0.48885661815260467 0.49148002555518 0.490947207750672 0.4928566181526047 9
6.889220717047 0.48746832633455983 0.4869186733501831 0.4888373202672133 0.49146832633455984 0.4909186733501831 0.49283732026721333 9
6.8536476043573 0.48745650094699544 0.4868901381954152 0.4888181479880943 0.49145650094699544 0.4908901381954152 0.4928181479880943 9
6.8184701284878 0.4874444613982649 0.48686167585747936 0.48879911267605536 0.4914444613982649 0.49086167585747936 0.49279911267605536 9
6.7836833043465 0.4874324007714951 0.48683336846161174 0.48878008087213465 0.4914324007714951 0.49083336846161174 0.49278008087213465 9
6.7492804580935 0.4874203731328025 0.4868051442225308 0.48876102517521225 0.4914203731328025 0.4908051442225308 0.49276102517521225 9
6.7152528236759 0.4874083120171682 0.48677698515638984 0.48874188988880246 0.4914083120171682 0.49077698515638984 0.49274188988880246 9
6.6815954030677 0.4873963569373984 0.48674887325770605 0.4887228340996793 0.4913963569373984 0.49074887325770605 0.4927228340996793 9
6.6483022721564 0.4873845371658468 0.4867207589145254 0.4887038465388599 0.4913845371658468 0.4907207589145254 0.4927038465388599 9
6.6153655461906 0.48737286334253815 0.4866926866299334 0.4886850216900395 0.49137286334253816 0.49069268662993343 0.4926850216900395 9
6.58277983259 0.4873613116498153 0.48666478351498793 0.48866631546944916 0.4913613116498153 0.49066478351498793 0.49266631546944917 9
6.5505400847295 0.4873497452710017 0.48663710008473865 0.4886475067056191 0.4913497452710017 0.49063710008473865 0.4926475067056191 9
6.5186394340621 0.48733812867305243 0.4866095160272165 0.48862839965678445 0.49133812867305243 0.49060951602721653 0.49262839965678445 9
6.4870717002914 0.4873265661368169 0.48658198589104235 0.48860917545811144 0.4913265661368169 0.49058198589104235 0.49260917545811145 9
6.455832854524 0.48731520928966277 0.48655446309067435 0.4885899055196587 0.49131520928966277 0.49055446309067435 0.4925899055196587 9
6.4249171923139 0.48730391855426797 0.48652688596117605 0.4885705763817201 0.49130391855426797 0.49052688596117605 0.4925705763817201 9
6.394317339037 0.48729265963014656 0.4864992773268043 0.4885511845677325 0.49129265963014657 0.4904992773268043 0.4925511845677325 9
6.3640304364049 0.48728145208878665 0.48647169127161477 0.48853176889560473 0.49128145208878665 0.4904716912716148 0.49253176889560474 9
6.3340513962328 0.4872702413081991 0.4864441511834021 0.4885123352279281 0.49127024130819913 0.4904441511834021 0.4925123352279281 9
6.3043733543713 0.4872590240191979 0.4864166540495444 0.4884929441591755 0.4912590240191979 0.4904166540495444 0.4924929441591755 9
6.2749926621466 0.4872478010586792 0.48638925366190366 0.4884736758735563 0.4912478010586792 0.49038925366190367 0.4924736758735563 9
6.2459052693099 0.48723653013570667 0.4863619712030075 0.48845451617389923 0.4912365301357067 0.4903619712030075 0.49245451617389924 9
6.2171057683393 0.4872251870834572 0.48633481973380754 0.4884354368316909 0.4912251870834572 0.49033481973380755 0.4924354368316909 9
6.1885885138638 0.48721388613955874 0.4863078839054522 0.48841643383176436 0.49121388613955874 0.4903078839054522 0.49241643383176437 9
6.1603509286601 0.4872026340353434 0.4862810515325826 0.48839745831762693 0.4912026340353434 0.4902810515325826 0.49239745831762693 9
6.1323886514927 0.4871913475915426 0.48625424259228006 0.4883785997692253 0.4911913475915426 0.49025424259228007 0.4923785997692253 9
6.104695379329 0.48717996011844367 0.4862274657070982 0.4883597558286734 0.49117996011844367 0.4902274657070982 0.4923597558286734 9
6.0772684074498 0.48716847857387 0.4862006979623469 0.48834093205878404 0.49116847857387 0.4902006979623469 0.49234093205878404 9
6.0501042425386 0.48715690869387446 0.4861739498938451 0.4883221271832503 0.49115690869387446 0.4901739498938451 0.4923221271832503 9
6.0231983798081 0.48714522609659894 0.4861472629073283 0.4883032916992434 0.49114522609659894 0.4901472629073283 0.4923032916992434 9
5.9965475703719 0.48713339309273473 0.4861206562703944 0.48828445671121246 0.49113339309273474 0.4901206562703944 0.49228445671121246 9
5.9701432208965 0.48712140630165796 0.4860941603172182 0.48826563587269456 0.49112140630165796 0.4900941603172182 0.49226563587269456 9
5.9439884934335 0.48710924481646484 0.4860679702558506 0.4882469207155229 0.49110924481646484 0.4900679702558506 0.4922469207155229 9
5.9180759873356 0.48709682385150826 0.4860421401607246 0.488228221752572 0.49109682385150827 0.4900421401607246 0.492228221752572 9
5.89240226686 0.48708418303733925 0.48601660438132605 0.48820954019318435 0.49108418303733925 0.49001660438132605 0.49220954019318436 9
5.8669650638089 0.48707148190013877 0.4859912768898053 0.48819068767046814 0.4910714819001388 0.4899912768898053 0.49219068767046814 9
5.8417609124107 0.48705874581066366 0.485966134750143 0.48817152777591666 0.49105874581066367 0.489966134750143 0.49217152777591666 9
5.8167842956069 0.4870459804996401 0.48594112195835953 0.48815203647580974 0.4910459804996401 0.48994112195835954 0.49215203647580974 9
5.7920334747095 0.4870332089517775 0.4859161889502574 0.48813226520572894 0.4910332089517775 0.4899161889502574 0.49213226520572895 9
5.767505751253 0.4870204657432246 0.4858913637138442 0.4881122787888948 0.4910204657432246 0.48989136371384423 0.4921122787888948 9
5.7431979262941 0.4870077399005876 0.48586668372886277 0.48809219320679736 0.4910077399005876 0.4898666837288628 0.49209219320679737 9
5.7191042306574 0.4869950202217065 0.48584219401466805 0.48807206003757303 0.4909950202217065 0.48984219401466805 0.49207206003757303 9
5.695224191153 0.4869823016444698 0.48581789979668955 0.4880519515413724 0.4909823016444698 0.48981789979668955 0.4920519515413724 9
5.6715548563947 0.486969593183677 0.4857937883420164 0.488031964282641 0.490969593183677 0.4897937883420164 0.492031964282641 9
5.6480930437119 0.48695692299323057 0.4857698058742489 0.4880120854790513 0.49095692299323057 0.4897698058742489 0.4920120854790513 9
5.6248335895041 0.4869442938512487 0.4857459197806615 0.4879923494262382 0.4909442938512487 0.4897459197806615 0.4919923494262382 9
5.6017761687059 0.48693165101138336 0.48572213774263984 0.4879726840877626 0.49093165101138336 0.48972213774263984 0.4919726840877626 9
5.5789179892623 0.4869190022762024 0.485698454016352 0.4879530341335309 0.4909190022762024 0.489698454016352 0.4919530341335309 9
5.5562560161217 0.48690629491135917 0.48567485479220107 0.4879333176895421 0.4909062949113592 0.4896748547922011 0.4919333176895421 9
5.5337854228291 0.48689362734750335 0.48565137693939336 0.4879135743563451 0.49089362734750336 0.48965137693939337 0.4919135743563451 9
5.5115060388609 0.48688101995056665 0.4856280042284135 0.4878937369696016 0.49088101995056665 0.4896280042284135 0.4918937369696016 9
5.4894152752971 0.48686853121608836 0.48560483650216113 0.4878737620651692 0.49086853121608837 0.48960483650216113 0.4918737620651692 9
5.4675104519837 0.48685617338013043 0.485581866338093 0.4878536273219216 0.49085617338013043 0.48958186633809303 0.4918536273219216 9
5.4457866023531 0.4868438843401502 0.4855591287639961 0.48783337928916315 0.4908438843401502 0.4895591287639961 0.49183337928916315 9
5.4242439216841 0.4868316532733488 0.48553662371921463 0.4878130492398769 0.4908316532733488 0.48953662371921464 0.4918130492398769 9
5.4028800057157 0.4868194829227922 0.4855143440759679 0.48779265466645166 0.4908194829227922 0.4895143440759679 0.49179265466645167 9
5.3816924938323 0.4868073871816182 0.4854922729345248 0.48777222126155284 0.4908073871816182 0.4894922729345248 0.49177222126155284 9
5.3606765485932 0.48679537456522287 0.48547038531673664 0.48775176530360326 0.4907953745652229 0.48947038531673664 0.49175176530360326 9
5.3398321903059 0.4867834647204426 0.4854486652025302 0.4877313111836455 0.4907834647204426 0.4894486652025302 0.4917313111836455 9
5.3191574374925 0.4867716671699588 0.48542711844356273 0.4877108832741601 0.4907716671699588 0.48942711844356274 0.4917108832741601 9
5.2986500938818 0.48675998265942216 0.4854057512031685 0.4876904782915226 0.49075998265942217 0.4894057512031685 0.4916904782915226 9
5.2783060983026 0.48674842049125594 0.4853845475321981 0.48767012253954073 0.49074842049125594 0.4893845475321981 0.49167012253954073 9
5.2581243704102 0.48673698093717144 0.48536350471144213 0.487649828507124 0.49073698093717144 0.48936350471144213 0.491649828507124 9
5.2381037238371 0.4867256742516342 0.4853426159238422 0.4876295922178992 0.4907256742516342 0.4893426159238422 0.4916295922178992 9
5.2182421123361 0.4867145145531147 0.4853218641650139 0.48760944889320207 0.4907145145531147 0.4893218641650139 0.4916094488932021 9
5.1985364939115 0.4867035033880921 0.485301236336631 0.4875893823157694 0.4907035033880921 0.48930123633663103 0.49158938231576943 9
5.1789841577134 0.48669267899102 0.48528072063963146 0.4875694015158363 0.49069267899102 0.48928072063963146 0.4915694015158363 9
5.1595849588013 0.4866820796601575 0.48526031247405116 0.4875494951930054 0.4906820796601575 0.48926031247405116 0.4915494951930054 9
5.1403369881188 0.4866716871612881 0.4852399642038544 0.48752977080321735 0.4906716871612881 0.4892399642038544 0.49152977080321736 9
5.1212383691729 0.48666151792406764 0.48521972182132816 0.48751022572257774 0.49066151792406765 0.48921972182132817 0.49151022572257774 9
5.1022845388415 0.4866515596093206 0.4851995563949303 0.4874908540261773 0.4906515596093206 0.4891995563949303 0.4914908540261773 9
5.0834763219681 0.4866417974215826 0.48517943382844103 0.48747165055492475 0.4906417974215826 0.48917943382844103 0.49147165055492475 9
5.0648120457982 0.48663224800338395 0.4851593266099889 0.48745266852683644 0.49063224800338395 0.4891593266099889 0.49145266852683644 9
5.0462899568069 0.4866229210207822 0.485139263097184 0.48743383299670956 0.4906229210207822 0.48913926309718403 0.49143383299670956 9
5.027907003054 0.4866138073210438 0.48511922687791376 0.4874151304154458 0.4906138073210438 0.48911922687791376 0.4914151304154458 9
5.0096613111284 0.48660492496389246 0.48509918408731795 0.48739660077069935 0.49060492496389246 0.48909918408731795 0.49139660077069935 9
4.9915537094735 0.48659627503045455 0.48507913773006966 0.4873782260511927 0.49059627503045455 0.48907913773006967 0.4913782260511927 9
4.9735796746086 0.4865878216554736 0.485059048516331 0.48735999750930076 0.4905878216554736 0.48905904851633103 0.49135999750930076 9
4.9557404757496 0.4865795114291152 0.4850388800054347 0.48734190601531985 0.4905795114291152 0.4890388800054347 0.49134190601531985 9
4.9380310525019 0.48657133035593414 0.4850186385072162 0.4873239531057439 0.49057133035593414 0.4890186385072162 0.4913239531057439 9
4.9204520263699 0.48656328129772425 0.48499833438531414 0.48730612515678323 0.49056328129772425 0.48899833438531415 0.49130612515678324 9
4.9030022186814 0.4865553593009684 0.484977964574058 0.4872884105527728 0.4905553593009684 0.488977964574058 0.4912884105527728 9
4.8856801172535 0.48654756794567244 0.48495753795345004 0.48727078944383184 0.49054756794567245 0.48895753795345004 0.49127078944383185 9
4.8684836794612 0.48653989647800205 0.48493707587222257 0.48725325978629597 0.49053989647800206 0.48893707587222257 0.49125325978629597 9
4.8514096704994 0.4865323504906442 0.4849165794794875 0.48723582488251405 0.4905323504906442 0.4889165794794875 0.49123582488251405 9
4.834459003746 0.48652492630122907 0.48489606087841497 0.4872184881214395 0.49052492630122907 0.488896060878415 0.4912184881214395 9
4.8176302606012 0.48651760718258386 0.4848755432379312 0.48720121996209614 0.49051760718258386 0.4888755432379312 0.49120121996209615 9
4.8009220447965 0.48651039265844725 0.4848550358048883 0.48718400357292974 0.49051039265844726 0.4888550358048883 0.49118400357292974 9
4.784331787004 0.48650325744225253 0.4848345698788454 0.48716684895593076 0.49050325744225254 0.4888345698788454 0.49116684895593077 9
4.7678576311648 0.4864961940392128 0.4848141698750161 0.4871497472341157 0.4904961940392128 0.4888141698750161 0.4911497472341157 9
4.7514999721025 0.4864891849172197 0.4847938675599193 0.4871326905639472 0.4904891849172197 0.4887938675599193 0.4911326905639472 9
4.7352574981467 0.4864822206428839 0.48477368720192326 0.48711570619847516 0.4904822206428839 0.48877368720192327 0.49111570619847517 9
4.719128917842 0.4864752923189839 0.48475364799871273 0.48709880274530504 0.4904752923189839 0.48875364799871274 0.49109880274530504 9
4.7031114062749 0.4864683991414504 0.48473377569529025 0.48708197171711115 0.4904683991414504 0.48873377569529025 0.49108197171711115 9
4.6872039085764 0.4864615557614856 0.4847140505367139 0.48706520423323957 0.4904615557614856 0.4887140505367139 0.49106520423323957 9
4.6714065757758 0.48645478509781337 0.48469448786265146 0.48704850255593085 0.4904547850978134 0.48869448786265146 0.49104850255593085 9
4.6557181930564 0.4864480714147101 0.4846750812998878 0.48703188758096716 0.4904480714147101 0.4886750812998878 0.49103188758096716 9
4.6401375639397 0.48644144885478796 0.48465581340932634 0.48701532721117746 0.49044144885478796 0.48865581340932635 0.49101532721117747 9
4.6246618908247 0.48643495438625534 0.48463669279574034 0.48699880890939756 0.49043495438625534 0.48863669279574035 0.49099880890939757 9
4.609290322647 0.48642859914308817 0.4846177009628762 0.4869823336871669 0.4904285991430882 0.4886177009628762 0.4909823336871669 9
4.5940230530324 0.4864223677662134 0.48459884160581707 0.486965872296236 0.4904223677662134 0.48859884160581707 0.490965872296236 9
4.5788589550727 0.4864162722869449 0.48458013567262853 0.4869494277378895 0.4904162722869449 0.48858013567262853 0.4909494277378895 9
4.5637969185282 0.48641033952755613 0.48456158453444026 0.4869330148722889 0.49041033952755614 0.48856158453444026 0.4909330148722889 9
4.5488344688364 0.4864045911064859 0.48454315920451263 0.4869166191504482 0.4904045911064859 0.48854315920451263 0.4909166191504482 9
4.5339703389387 0.48639902950439073 0.48452485031824877 0.4869002348783417 0.49039902950439074 0.48852485031824877 0.4909002348783417 9
4.5192050641501 0.4863936912281603 0.48450666791336344 0.4868838541751262 0.4903936912281603 0.48850666791336345 0.4908838541751262 9
4.5045375975085 0.48638859100014803 0.48448862436200485 0.48686746732452135 0.49038859100014803 0.48848862436200485 0.49086746732452136 9
4.4899669072332 0.4863837365618402 0.48447069958354705 0.4868510967674017 0.4903837365618402 0.48847069958354705 0.4908510967674017 9
4.4754911514238 0.48637913998659593 0.48445287321229286 0.4868347361959416 0.49037913998659594 0.48845287321229286 0.4908347361959416 9
4.4611080022545 0.4863747928631985 0.48443514100409973 0.48681838003153577 0.4903747928631985 0.48843514100409974 0.4908183800315358 9
4.4468186496149 0.4863706901017464 0.48441750153339513 0.4868020288685019 0.4903706901017464 0.48841750153339514 0.4908020288685019 9
4.4326221193866 0.48636682758674527 0.4843999467155472 0.4867856835918463 0.49036682758674527 0.4883999467155472 0.4907856835918463 9
4.4185174513027 0.4863632121078842 0.48438245102476846 0.48676933068554945 0.4903632121078842 0.48838245102476846 0.49076933068554945 9
4.4045036986985 0.4863598352945517 0.4843649851034513 0.48675299171302294 0.4903598352945517 0.4883649851034513 0.49075299171302295 9
4.3905769868197 0.4863567092524217 0.4843475254734277 0.48673666812041383 0.4903567092524217 0.4883475254734277 0.49073666812041383 9
4.3767393017845 0.4863538376039045 0.4843300566885412 0.4867203693846964 0.4903538376039045 0.4883300566885412 0.49072036938469643 9
4.3629897980136 0.4863512725357778 0.484312549389812 0.48670414554201474 0.4903512725357778 0.488312549389812 0.49070414554201475 9
4.3493275805421 0.4863491158392553 0.4842949991952322 0.486688106649009 0.4903491158392553 0.4882949991952322 0.490688106649009 9
4.3357517668425 0.4863473358663048 0.484277378055513 0.48667223823536265 0.4903473358663048 0.488277378055513 0.49067223823536266 9
4.3222597483625 0.4863459089642782 0.48425968022539667 0.48665649270468997 0.4903459089642782 0.4882596802253967 0.49065649270469 9
4.3088511357715 0.4863448346875349 0.484241899732923 0.4866408538065563 0.4903448346875349 0.488241899732923 0.4906408538065563 9
4.2955263781795 0.48634409280286406 0.48422401296330536 0.4866253180520796 0.49034409280286406 0.48822401296330536 0.4906253180520796 9
4.2822846403544 0.48634366476677515 0.4842060084973056 0.4866098706290332 0.49034366476677516 0.4882060084973056 0.4906098706290332 9
4.2691250984564 0.48634354666726703 0.48418788422758274 0.4865944936320748 0.49034354666726704 0.48818788422758275 0.4905944936320748 9
4.256046765488 0.4863437204341633 0.48416963400038604 0.486579175825302 0.4903437204341633 0.48816963400038604 0.490579175825302 9
4.2430461473216 0.48634419791546285 0.48415123284254014 0.4865639074855411 0.49034419791546285 0.48815123284254014 0.49056390748554113 9
4.230125346118 0.4863449513798803 0.48413269748159604 0.4865486893885894 0.4903449513798803 0.48813269748159605 0.4905486893885894 9
4.2172835813756 0.48634595931365915 0.4841140177715407 0.48653350657302613 0.49034595931365915 0.4881140177715407 0.49053350657302613 9
4.2045200830444 0.48634723571178284 0.4840952005389887 0.48651835062940324 0.49034723571178285 0.4880952005389887 0.49051835062940324 9
4.1918340913492 0.4863487565725598 0.4840762447737842 0.48650321825515896 0.49034875657255983 0.4880762447737842 0.49050321825515897 9
4.1792235471624 0.4863505068204765 0.48405714339158207 0.4864881043990489 0.4903505068204765 0.48805714339158207 0.4904881043990489 9
4.1666872780132 0.4863524779140921 0.4840378935619701 0.48647301931615855 0.4903524779140921 0.4880378935619701 0.49047301931615855 9
4.1542263217858 0.48635465913977227 0.4840184890940696 0.4864579724267985 0.4903546591397723 0.4880184890940696 0.4904579724267985 9
4.1418399578098 0.4863570259173991 0.4839989151721501 0.4864429817463114 0.4903570259173991 0.4879989151721501 0.4904429817463114 9
4.1295274748596 0.4863595469818643 0.483979160705713 0.4864280714542332 0.4903595469818643 0.487979160705713 0.4904280714542332 9
4.1172881709967 0.48636222049901073 0.48395921098008116 0.4864132228242663 0.49036222049901074 0.48795921098008116 0.4904132228242663 9
4.1051192542267 0.48636504610126297 0.48393906973732975 0.4863984181222472 0.49036504610126297 0.48793906973732976 0.4903984181222472 9
4.0930211737232 0.4863680268614869 0.4839187377097588 0.4863836236015127 0.4903680268614869 0.4879187377097588 0.4903836236015127 9
4.0809942459588 0.4863711431784522 0.48389819025189323 0.4863688487043133 0.4903711431784522 0.48789819025189324 0.4903688487043133 9
4.0690378043587 0.4863743516509029 0.4838773677111851 0.4863541101135522 0.49037435165090293 0.4878773677111851 0.4903541101135522 9
4.0571511909009 0.48637762147983865 0.48385626984871205 0.4863393841997125 0.49037762147983865 0.48785626984871205 0.4903393841997125 9
4.0453337559766 0.48638095845583956 0.4838349190291225 0.4863246891477197 0.49038095845583957 0.4878349190291225 0.4903246891477197 9
4.0335823263733 0.4863843590599955 0.4838133110108438 0.48631004156285296 0.4903843590599955 0.4878133110108438 0.49031004156285296 9
4.021898250315 0.4863878196253199 0.4837914272267739 0.48629546496096254 0.4903878196253199 0.4877914272267739 0.49029546496096255 9
4.0102814779793 0.4863913387112503 0.4837692445087085 0.486280956388168 0.4903913387112503 0.4877692445087085 0.490280956388168 9
