8.1330643194892 0.4879806685986394 0.4877983784096164 0.48954521145179475 0.4919806685986394 0.4917983784096164 0.49354521145179475 9
8.0818843214791 0.4879809926073408 0.48777089762239484 0.48953712773166314 0.4919809926073408 0.49177089762239484 0.49353712773166314 9
8.0314148869044 0.4879774560876342 0.48774314785453693 0.4895263586840434 0.4919774560876342 0.49174314785453693 0.4935263586840434 9
7.9816419161148 0.48797662533048514 0.4877175903874732 0.48951394601305814 0.49197662533048514 0.4917175903874732 0.49351394601305815 9
7.9325417101846 0.48796212094450947 0.48768772855298603 0.489492061266583 0.4919621209445095 0.49168772855298604 0.493492061266583 9
7.8841093256458 0.48794766011621377 0.48765797050996873 0.4894702530739606 0.49194766011621377 0.49165797050996873 0.4934702530739606 9
7.8363256870345 0.4879332658486538 0.48762830886057995 0.489448494073161 0.4919332658486538 0.49162830886057995 0.493448494073161 9
7.7891789670368 0.48791895462101703 0.48759881636880276 0.4894269149020659 0.49191895462101703 0.49159881636880276 0.4934269149020659 9
7.7426543516668 0.4879048803850095 0.4875693761802886 0.4894054828575164 0.4919048803850095 0.4915693761802886 0.4934054828575164 9
7.6967390981526 0.4878909534471218 0.487540060208234 0.48938406572605786 0.4918909534471218 0.491540060208234 0.49338406572605786 9
7.6514215382762 0.4878770707057431 0.4875108157928542 0.4893627384521989 0.4918770707057431 0.4915108157928542 0.4933627384521989 9
7.6066870985632 0.4878632667089512 0.48748161686886177 0.48934133693729653 0.4918632667089512 0.49148161686886177 0.49334133693729654 9
7.56252588351 0.4878495418079826 0.4874523863483536 0.48932002024477905 0.4918495418079826 0.4914523863483536 0.49332002024477906 9
7.5189257900861 0.4878359446194833 0.487423205788303 0.4892988222333613 0.4918359446194833 0.491423205788303 0.4932988222333613 9
7.4758742805379 0.4878221799043044 0.48739404556534266 0.4892776749076937 0.4918221799043044 0.49139404556534266 0.4932776749076937 9
7.4333621571324 0.4878085921435859 0.4873650200108514 0.48925668001797834 0.4918085921435859 0.4913650200108514 0.49325668001797834 9
7.3913774665521 0.48779511348844695 0.4873361057789474 0.48923563323670105 0.49179511348844696 0.49133610577894743 0.49323563323670105 9
7.349909823956 0.48778169345388395 0.4873071962911805 0.48921468385815914 0.49178169345388395 0.4913071962911805 0.49321468385815914 9
7.3089502830204 0.4877684496652782 0.48727847240842276 0.48919398038530576 0.4917684496652782 0.49127847240842276 0.49319398038530576 9
7.2684872391571 0.48775529491525826 0.48724979813386765 0.4891733063327291 0.49175529491525827 0.49124979813386765 0.4931733063327291 9
7.2285121024239 0.48774217752503424 0.48722115202682004 0.4891527258872902 0.49174217752503424 0.49122115202682004 0.4931527258872902 9
7.1890162272408 0.4877291062373628 0.48719249433839174 0.48913217275348436 0.4917291062373628 0.49119249433839174 0.49313217275348437 9
7.1499884119886 0.4877160572004704 0.48716387966686703 0.48911160925533764 0.4917160572004704 0.49116387966686703 0.49311160925533765 9
7.1114215058699 0.4877030335998274 0.48713539296454467 0.48909124092309636 0.4917030335998274 0.49113539296454467 0.49309124092309636 9
7.0733072276286 0.4876901496040994 0.48710698107306993 0.48907092653268863 0.4916901496040994 0.49110698107306994 0.49307092653268864 9
7.0356348473542 0.48767734635653215 0.4870785374419206 0.48905069877245655 0.49167734635653215 0.4910785374419206 0.49305069877245655 9
6.9984018395066 0.4876646715659629 0.48705021171108037 0.48903053938751706 0.4916646715659629 0.4910502117110804 0.49303053938751706 9
6.9615897368687 0.48765213997771545 0.48702197406152453 0.4890104726262737 0.49165213997771545 0.49102197406152454 0.4930104726262737 9
6.9251989919202 0.4876396743053205 0.4869937195154218 0.4889904820916165 0.4916396743053205 0.4909937195154218 0.4929904820916165 9
6.889220717047 0.48762729197012844 0.48696540985415193 0.4889706114353002 0.49162729197012844 0.49096540985415194 0.4929706114353002 9
6.8536476043573 0.4876149299290364 0.4869370807918236 0.48895085950788614 0.4916149299290364 0.4909370807918236 0.49295085950788614 9
6.8184701284878 0.4876026295749547 0.486908848141258 0.4889309961309922 0.4916026295749547 0.490908848141258 0.4929309961309922 9
6.7836833043465 0.48759028938959875 0.4868806457074772 0.4889112123155562 0.49159028938959876 0.4908806457074772 0.4929112123155562 9
6.7492804580935 0.48757775785845137 0.486852481125879 0.48889163251638507 0.49157775785845137 0.490852481125879 0.49289163251638507 9
6.7152528236759 0.48756530832345973 0.48682449019892354 0.4888720152243324 0.49156530832345974 0.49082449019892355 0.4928720152243324 9
6.6815954030677 0.48755295493908296 0.48679654705344005 0.4888525173612531 0.49155295493908296 0.49079654705344006 0.49285251736125313 9
6.6483022721564 0.4875406950870258 0.4867687020507464 0.488833049162292 0.4915406950870258 0.4907687020507464 0.492833049162292 9
6.6153655461906 0.4875285285026643 0.48674097167126285 0.48881357138743997 0.4915285285026643 0.49074097167126285 0.49281357138744 9
6.58277983259 0.4875163457379157 0.48671331570863924 0.48879407813272524 0.4915163457379157 0.49071331570863924 0.49279407813272524 9
6.5505400847295 0.4875042496465707 0.48668565038692324 0.4887745895446915 0.4915042496465707 0.49068565038692324 0.4927745895446915 9
6.5186394340621 0.4874922211051261 0.48665803783377015 0.4887550621564584 0.4914922211051261 0.49065803783377016 0.4927550621564584 9
6.4870717002914 0.48748016334229105 0.4866302903572257 0.4887355636198861 0.49148016334229105 0.4906302903572257 0.49273556361988613 9
6.455832854524 0.48746803187992627 0.4866025102654544 0.4887160701730308 0.49146803187992627 0.49060251026545443 0.4927160701730308 9
6.4249171923139 0.4874560228826542 0.4865748606780616 0.48869649996476067 0.4914560228826542 0.4905748606780616 0.49269649996476067 9
6.394317339037 0.4874441028078344 0.4865472064038775 0.4886770544566964 0.4914441028078344 0.4905472064038775 0.4926770544566964 9
6.3640304364049 0.4874320409684851 0.4865194890890486 0.4886576331136625 0.4914320409684851 0.4905194890890486 0.4926576331136625 9
6.3340513962328 0.48741992957824154 0.48649182872313274 0.4886382776942775 0.49141992957824154 0.49049182872313274 0.4926382776942775 9
6.3043733543713 0.48740795042781454 0.4864642308346948 0.4886188431864821 0.49140795042781454 0.4904642308346948 0.4926188431864821 9
6.2749926621466 0.4873958078555515 0.4864367847002799 0.48859944076504824 0.4913958078555515 0.4904367847002799 0.49259944076504825 9
6.2459052693099 0.4873835039175757 0.48640948705934905 0.48858006462973136 0.4913835039175757 0.49040948705934906 0.49258006462973136 9
6.2171057683393 0.48737117016369047 0.48638218964232804 0.48856067402457876 0.4913711701636905 0.49038218964232805 0.49256067402457876 9
6.1885885138638 0.48735878692827705 0.48635492785746326 0.48854140811601443 0.49135878692827706 0.49035492785746326 0.49254140811601443 9
6.1603509286601 0.4873462552313667 0.48632783909763283 0.4885221999975878 0.4913462552313667 0.49032783909763283 0.4925221999975878 9
6.1323886514927 0.4873336744044803 0.4863009455553298 0.4885029773325206 0.4913336744044803 0.4903009455553298 0.49250297733252063 9
6.104695379329 0.4873209169067487 0.48627429703660735 0.4884837650673934 0.49132091690674873 0.49027429703660735 0.4924837650673934 9
6.0772684074498 0.4873081350636755 0.486247839703411 0.4884645272370517 0.4913081350636755 0.490247839703411 0.4924645272370517 9
6.0501042425386 0.48729521403976517 0.4862215376961439 0.48844528032577383 0.49129521403976517 0.4902215376961439 0.49244528032577384 9
6.0231983798081 0.4872822084512423 0.4861953166425814 0.4884259133326784 0.4912822084512423 0.4901953166425814 0.4924259133326784 9
5.9965475703719 0.4872691385249809 0.48616912410706864 0.48840652036509413 0.4912691385249809 0.49016912410706864 0.49240652036509414 9
5.9701432208965 0.48725591814130803 0.48614310894788954 0.4883870141089195 0.49125591814130803 0.49014310894788954 0.4923870141089195 9
5.9439884934335 0.48724258334028364 0.486117394519411 0.48836739523816364 0.49124258334028365 0.490117394519411 0.49236739523816364 9
5.9180759873356 0.48722918459869907 0.4860917530293128 0.4883477747142599 0.4912291845986991 0.4900917530293128 0.4923477747142599 9
5.89240226686 0.48721573817678326 0.48606616444433776 0.48832807436733766 0.49121573817678327 0.49006616444433776 0.49232807436733766 9
5.8669650638089 0.487202277693493 0.4860407679631867 0.48830838390300274 0.491202277693493 0.4900407679631867 0.49230838390300274 9
5.8417609124107 0.48718889354575934 0.48601562920495267 0.4882886231694824 0.49118889354575934 0.4900156292049527 0.4922886231694824 9
5.8167842956069 0.48717551432981476 0.4859906807004269 0.4882687939166767 0.49117551432981477 0.4899906807004269 0.4922687939166767 9
5.7920334747095 0.4871619182185794 0.48596574893000644 0.4882490504855415 0.4911619182185794 0.48996574893000644 0.4922490504855415 9
5.767505751253 0.4871482145827491 0.48594092264528904 0.48822940190223113 0.4911482145827491 0.48994092264528905 0.49222940190223113 9
5.7431979262941 0.48713464803336576 0.4859164208364872 0.48820976585129544 0.49113464803336576 0.4899164208364872 0.49220976585129544 9
5.7191042306574 0.487121082078823 0.4858921946527018 0.48819017872389725 0.491121082078823 0.4898921946527018 0.49219017872389725 9
5.695224191153 0.4871076103326252 0.4858684434831606 0.4881705418674617 0.4911076103326252 0.4898684434831606 0.49217054186746173 9
5.6715548563947 0.48709440778264684 0.48584489128407005 0.48815081200452 0.49109440778264685 0.48984489128407005 0.49215081200452 9
5.6480930437119 0.48708130162404484 0.48582139047536704 0.4881312762058248 0.49108130162404484 0.48982139047536705 0.4921312762058248 9
5.6248335895041 0.4870681608392054 0.4857980266249054 0.4881118094008609 0.4910681608392054 0.4897980266249054 0.4921118094008609 9
5.6017761687059 0.48705507027452866 0.4857747634235872 0.48809226261180305 0.49105507027452866 0.4897747634235872 0.49209226261180306 9
5.5789179892623 0.48704204390312944 0.4857514012663911 0.4880726923432155 0.49104204390312944 0.4897514012663911 0.4920726923432155 9
5.5562560161217 0.4870292037778053 0.48572798310753296 0.488053130909335 0.4910292037778053 0.48972798310753296 0.492053130909335 9
5.5337854228291 0.48701653672663425 0.48570460487143985 0.48803341541739226 0.49101653672663426 0.48970460487143985 0.49203341541739226 9
5.5115060388609 0.4870039180755996 0.4856814236414571 0.48801352705445405 0.4910039180755996 0.4896814236414571 0.49201352705445406 9
5.4894152752971 0.4869913270343627 0.48565853481511095 0.48799354372784975 0.4909913270343627 0.48965853481511096 0.49199354372784976 9
5.4675104519837 0.48697875236966753 0.48563597769028083 0.4879735126089247 0.49097875236966754 0.48963597769028083 0.4919735126089247 9
5.4457866023531 0.48696657158485923 0.48561370077699895 0.4879534599694791 0.49096657158485923 0.48961370077699895 0.4919534599694791 9
5.4242439216841 0.48695466938616894 0.4855915146485576 0.4879334800054886 0.49095466938616894 0.4895915146485576 0.4919334800054886 9
5.4028800057157 0.4869431074453571 0.4855696223660005 0.4879136019131853 0.49094310744535713 0.4895696223660005 0.4919136019131853 9
5.3816924938323 0.48693180439835504 0.48554788095739504 0.4878938242722856 0.49093180439835504 0.48954788095739504 0.4918938242722856 9
5.3606765485932 0.48692063699557436 0.4855263380506771 0.48787408307374525 0.49092063699557437 0.4895263380506771 0.49187408307374525 9
5.3398321903059 0.4869096760404466 0.48550502512273763 0.48785435352613893 0.4909096760404466 0.48950502512273764 0.49185435352613893 9
5.3191574374925 0.4868988886090637 0.485483920674851 0.4878345600140999 0.4908988886090637 0.489483920674851 0.4918345600140999 9
5.2986500938818 0.4868883660058104 0.4854630129482125 0.4878147969858505 0.49088836600581043 0.4894630129482125 0.4918147969858505 9
5.2783060983026 0.48687809979416646 0.48544220978937686 0.487795134898743 0.49087809979416647 0.48944220978937686 0.491795134898743 9
5.2581243704102 0.4868680482592428 0.4854214877516187 0.48777569004746907 0.4908680482592428 0.4894214877516187 0.49177569004746907 9
5.2381037238371 0.4868582232673767 0.4854009725299316 0.48775651519066837 0.4908582232673767 0.4894009725299316 0.4917565151906684 9
5.2182421123361 0.48684872729954065 0.48538073784251906 0.48773768138729284 0.49084872729954065 0.48938073784251906 0.49173768138729285 9
5.1985364939115 0.4868396445793953 0.48536046835130203 0.4877192423293818 0.49083964457939533 0.48936046835130204 0.4917192423293818 9
5.1789841577134 0.48683105137287846 0.48534026937516533 0.4877010286385067 0.49083105137287847 0.48934026937516534 0.4917010286385067 9
5.1595849588013 0.48682279816477375 0.485320201724281 0.4876830327172938 0.49082279816477375 0.489320201724281 0.4916830327172938 9
5.1403369881188 0.4868146819296658 0.485300139747323 0.48766522489749786 0.4908146819296658 0.489300139747323 0.49166522489749787 9
5.1212383691729 0.48680666242623577 0.4852800481008289 0.487647593351706 0.4908066624262358 0.4892800481008289 0.491647593351706 9
5.1022845388415 0.4867987954023672 0.4852597656243846 0.48762996062110325 0.4907987954023672 0.4892597656243846 0.49162996062110326 9
5.0834763219681 0.4867912334499588 0.4852393352279654 0.4876123790127262 0.4907912334499588 0.4892393352279654 0.4916123790127262 9
5.0648120457982 0.4867837749473123 0.48521869201182827 0.48759486663767776 0.4907837749473123 0.48921869201182827 0.49159486663767776 9
5.0462899568069 0.4867762498742447 0.48519783237937086 0.48757750261504773 0.49077624987424473 0.48919783237937087 0.49157750261504773 9
5.027907003054 0.48676867609315716 0.48517675176028796 0.48756019417730423 0.49076867609315716 0.48917675176028796 0.49156019417730423 9
5.0096613111284 0.4867611861468791 0.4851556099856704 0.48754290232181346 0.4907611861468791 0.4891556099856704 0.49154290232181347 9
4.9915537094735 0.4867538006362817 0.4851347173486106 0.4875257245803881 0.4907538006362817 0.4891347173486106 0.4915257245803881 9
4.9735796746086 0.4867464245012354 0.4851140500770318 0.4875086992559443 0.4907464245012354 0.4891140500770318 0.4915086992559443 9
4.9557404757496 0.4867390920459648 0.4850934479831225 0.4874919494808147 0.49073909204596483 0.4890934479831225 0.4914919494808147 9
4.9380310525019 0.48673170898509566 0.485072802920541 0.4874754386436749 0.49073170898509566 0.489072802920541 0.4914754386436749 9
4.9204520263699 0.4867242689472889 0.4850520465675847 0.4874590714689572 0.4907242689472889 0.4890520465675847 0.4914590714689572 9
4.9030022186814 0.48671680683119944 0.48503128133625933 0.4874427221531839 0.49071680683119945 0.48903128133625934 0.4914427221531839 9
4.8856801172535 0.4867092801278792 0.485010513535005 0.48742634763361886 0.4907092801278792 0.489010513535005 0.49142634763361887 9
4.8684836794612 0.4867020107225326 0.4849897854314866 0.4874099194579907 0.4907020107225326 0.4889897854314866 0.49140991945799073 9
4.8514096704994 0.48669498019984625 0.4849690454585861 0.48739349403534676 0.49069498019984625 0.4889690454585861 0.49139349403534677 9
4.834459003746 0.4866881415619651 0.4849482641049578 0.48737705696340894 0.4906881415619651 0.4889482641049578 0.49137705696340894 9
4.8176302606012 0.4866814115611353 0.4849275786002966 0.487360460321399 0.4906814115611353 0.4889275786002966 0.491360460321399 9
4.8009220447965 0.4866746608469351 0.4849069876006016 0.48734354561211074 0.4906746608469351 0.4889069876006016 0.49134354561211074 9
4.784331787004 0.48666796553795405 0.4848865099395804 0.4873265273396709 0.49066796553795405 0.4888865099395804 0.4913265273396709 9
4.7678576311648 0.4866613122931658 0.48486626906654073 0.4873095301373725 0.4906613122931658 0.48886626906654074 0.4913095301373725 9
4.7514999721025 0.4866546977579197 0.4848463628703654 0.4872927287245191 0.4906546977579197 0.4888463628703654 0.4912927287245191 9
4.7352574981467 0.48664809289252065 0.4848267006138315 0.4872760915629676 0.49064809289252065 0.4888267006138315 0.4912760915629676 9
4.719128917842 0.4866415217604456 0.4848074731030093 0.4872594781543489 0.4906415217604456 0.4888074731030093 0.4912594781543489 9
4.7031114062749 0.48663492709465417 0.4847884799888229 0.4872428326798661 0.49063492709465417 0.4887884799888229 0.4912428326798661 9
4.6872039085764 0.48662834323848964 0.4847695878195851 0.4872260186951461 0.49062834323848964 0.4887695878195851 0.4912260186951461 9
4.6714065757758 0.4866218042150032 0.4847508768682552 0.487209045274227 0.4906218042150032 0.4887508768682552 0.491209045274227 9
4.6557181930564 0.4866153531642106 0.4847325880863858 0.48719200944282026 0.4906153531642106 0.4887325880863858 0.49119200944282027 9
4.6401375639397 0.48660899617000947 0.48471456956295556 0.48717488010155824 0.49060899617000947 0.48871456956295556 0.49117488010155824 9
4.6246618908247 0.4866028726194228 0.48469657169449515 0.48715790527248787 0.4906028726194228 0.48869657169449515 0.49115790527248787 9
4.609290322647 0.48659688361071135 0.4846786413794628 0.48714116605415425 0.49059688361071135 0.4886786413794628 0.49114116605415425 9
4.5940230530324 0.48659113790063174 0.4846607071710799 0.48712456972179097 0.49059113790063175 0.4886607071710799 0.49112456972179097 9
4.5788589550727 0.4865856425538866 0.48464274270180513 0.487108038844737 0.4905856425538866 0.48864274270180513 0.491108038844737 9
4.5637969185282 0.4865805061896849 0.4846247316308636 0.48709157532595226 0.4905805061896849 0.4886247316308636 0.49109157532595227 9
4.5488344688364 0.48657565237749933 0.48460672861158366 0.4870751196789675 0.49057565237749934 0.48860672861158366 0.4910751196789675 9
4.5339703389387 0.4865709816165846 0.48458887573077053 0.4870586314208602 0.4905709816165846 0.48858887573077053 0.4910586314208602 9
4.5192050641501 0.4865665096567872 0.4845711664594446 0.4870421182746515 0.4905665096567872 0.4885711664594446 0.4910421182746515 9
4.5045375975085 0.4865621438912066 0.4845535644241566 0.48702561511079584 0.4905621438912066 0.4885535644241566 0.49102561511079584 9
4.4899669072332 0.486557935383708 0.4845360735796559 0.4870092589689274 0.490557935383708 0.4885360735796559 0.4910092589689274 9
4.4754911514238 0.4865539197501428 0.48451883470606427 0.4869931535600775 0.4905539197501428 0.4885188347060643 0.4909931535600775 9
4.4611080022545 0.4865502814205127 0.48450161262501135 0.4869770437450806 0.4905502814205127 0.48850161262501135 0.4909770437450806 9
4.4468186496149 0.4865469727820134 0.4844842640552225 0.4869609639924988 0.4905469727820134 0.4884842640552225 0.4909609639924988 9
4.4326221193866 0.48654397200187227 0.48446680724614677 0.4869449503045048 0.4905439720018723 0.4884668072461468 0.4909449503045048 9
4.4185174513027 0.48654130604091556 0.4844492863681534 0.4869289051357568 0.49054130604091556 0.4884492863681534 0.4909289051357568 9
4.4045036986985 0.4865389529741902 0.4844317347476185 0.4869127400945721 0.4905389529741902 0.48843173474761853 0.4909127400945721 9
4.3905769868197 0.48653693125764574 0.4844141827270995 0.4868965252587517 0.49053693125764575 0.4884141827270995 0.4908965252587517 9
4.3767393017845 0.4865352579366468 0.4843966659478659 0.4868803976608542 0.4905352579366468 0.4883966659478659 0.49088039766085423 9
4.3629897980136 0.4865338615251364 0.4843790099965281 0.48686430517235435 0.4905338615251364 0.4883790099965281 0.49086430517235435 9
4.3493275805421 0.48653273961212107 0.4843611865973182 0.4868482868251345 0.49053273961212107 0.4883611865973182 0.4908482868251345 9
4.3357517668425 0.4865319051062427 0.48434340252801555 0.48683237781671546 0.4905319051062427 0.48834340252801556 0.49083237781671546 9
4.3222597483625 0.48653136943126835 0.48432560449368717 0.48681651741373183 0.49053136943126835 0.48832560449368717 0.49081651741373183 9
4.3088511357715 0.4865310894375852 0.48430769548225994 0.4868006406591674 0.4905310894375852 0.48830769548225994 0.4908006406591674 9
4.2955263781795 0.4865310556467597 0.4842896233649253 0.4867846406077224 0.4905310556467597 0.4882896233649253 0.4907846406077224 9
4.2822846403544 0.48653119950533213 0.4842713926437541 0.486768599600294 0.49053119950533214 0.4882713926437541 0.490768599600294 9
4.2691250984564 0.4865314811318453 0.4842529729796346 0.48675262373312417 0.4905314811318453 0.4882529729796346 0.49075262373312417 9
4.256046765488 0.48653212633618237 0.4842342928221144 0.4867368174799565 0.4905321263361824 0.4882342928221144 0.4907368174799565 9
4.2430461473216 0.48653313023055045 0.4842153509319856 0.486721188543754 0.49053313023055045 0.4882153509319856 0.490721188543754 9
4.230125346118 0.4865344318136727 0.4841961627181848 0.48670575581706343 0.4905344318136727 0.4881961627181848 0.49070575581706344 9
4.2172835813756 0.48653582703656273 0.4841768657118637 0.4866906212216574 0.49053582703656273 0.4881768657118637 0.4906906212216574 9
4.2045200830444 0.48653729250947425 0.4841573816803084 0.4866756115415111 0.49053729250947425 0.4881573816803084 0.4906756115415111 9
4.1918340913492 0.4865390229997419 0.4841376729739023 0.4866606021953957 0.4905390229997419 0.4881376729739023 0.4906606021953957 9
4.1792235471624 0.48654097503805166 0.4841176558710833 0.4866456512521868 0.49054097503805166 0.4881176558710833 0.4906456512521868 9
4.1666872780132 0.48654312519796145 0.4840973408896541 0.48663085592254324 0.49054312519796145 0.4880973408896541 0.49063085592254324 9
4.1542263217858 0.48654547538037585 0.48407670260496466 0.48661628509654137 0.49054547538037585 0.48807670260496466 0.49061628509654137 9
4.1418399578098 0.48654791659141094 0.48405564812006646 0.4866019631663514 0.49054791659141095 0.48805564812006647 0.4906019631663514 9
4.1295274748596 0.4865503354356624 0.48403412806806423 0.4865878738476883 0.4905503354356624 0.48803412806806423 0.4905878738476883 9
4.1172881709967 0.4865528360569485 0.4840121265654587 0.4865739107872013 0.4905528360569485 0.4880121265654587 0.4905739107872013 9
4.1051192542267 0.48655554737284246 0.48398969723671476 0.4865600272903413 0.49055554737284246 0.48798969723671476 0.4905600272903413 9
4.0930211737232 0.48655835093004457 0.4839669388978371 0.4865462281141046 0.4905583509300446 0.4879669388978371 0.4905462281141046 9
4.0809942459588 0.4865611308881026 0.48394375869283984 0.48653262797761837 0.4905611308881026 0.48794375869283985 0.4905326279776184 9
4.0690378043587 0.48656394394114144 0.48392021731732093 0.48651920927950015 0.49056394394114144 0.48792021731732094 0.49051920927950016 9
4.0571511909009 0.4865667216554008 0.48389637696364735 0.48650595285161735 0.49056672165540083 0.48789637696364735 0.49050595285161736 9
4.0453337559766 0.48656955639466554 0.48387216599693467 0.48649291476052914 0.49056955639466554 0.48787216599693467 0.49049291476052914 9
4.0335823263733 0.4865724783180642 0.483847493434572 0.48648003201845635 0.4905724783180642 0.487847493434572 0.49048003201845636 9
4.021898250315 0.48657531807611387 0.48382230062336323 0.48646734490706967 0.4905753180761139 0.48782230062336324 0.49046734490706967 9
4.0102814779793 0.48657806210061866 0.48379666834422974 0.48645482878459134 0.49057806210061866 0.48779666834422974 0.49045482878459135 9
3.9987324166792 0.4865807627316172 0.483770597546265 0.48644238905243564 0.4905807627316172 0.487770597546265 0.49044238905243565 9
8.1330643194892 0.4879806685986394 0.4877983784096164 0.48954521145179475 0.4919806685986394 0.4917983784096164 0.49354521145179475 9
8.0818843214791 0.4879809926073408 0.48777089762239484 0.48953712773166314 0.4919809926073408 0.49177089762239484 0.49353712773166314 9
8.0314148869044 0.4879774560876342 0.48774314785453693 0.4895263586840434 0.4919774560876342 0.49174314785453693 0.4935263586840434 9
7.9816419161148 0.48797662533048514 0.4877175903874732 0.48951394601305814 0.49197662533048514 0.4917175903874732 0.49351394601305815 9
7.9325417101846 0.48796212094450947 0.48768772855298603 0.489492061266583 0.4919621209445095 0.49168772855298604 0.493492061266583 9
7.8841093256458 0.48794766011621377 0.48765797050996873 0.4894702530739606 0.49194766011621377 0.49165797050996873 0.4934702530739606 9
7.8363256870345 0.4879332658486538 0.48762830886057995 0.489448494073161 0.4919332658486538 0.49162830886057995 0.493448494073161 9
7.7891789670368 0.48791895462101703 0.48759881636880276 0.4894269149020659 0.49191895462101703 0.49159881636880276 0.4934269149020659 9
7.7426543516668 0.4879048803850095 0.4875693761802886 0.4894054828575164 0.4919048803850095 0.4915693761802886 0.4934054828575164 9
7.6967390981526 0.4878909534471218 0.487540060208234 0.48938406572605786 0.4918909534471218 0.491540060208234 0.49338406572605786 9
7.6514215382762 0.4878770707057431 0.4875108157928542 0.4893627384521989 0.4918770707057431 0.4915108157928542 0.4933627384521989 9
7.6066870985632 0.4878632667089512 0.48748161686886177 0.48934133693729653 0.4918632667089512 0.49148161686886177 0.49334133693729654 9
7.56252588351 0.4878495418079826 0.4874523863483536 0.48932002024477905 0.4918495418079826 0.4914523863483536 0.49332002024477906 9
7.5189257900861 0.4878359446194833 0.487423205788303 0.4892988222333613 0.4918359446194833 0.491423205788303 0.4932988222333613 9
7.4758742805379 0.4878221799043044 0.48739404556534266 0.4892776749076937 0.4918221799043044 0.49139404556534266 0.4932776749076937 9
7.4333621571324 0.4878085921435859 0.4873650200108514 0.48925668001797834 0.4918085921435859 0.4913650200108514 0.49325668001797834 9
7.3913774665521 0.48779511348844695 0.4873361057789474 0.48923563323670105 0.49179511348844696 0.49133610577894743 0.49323563323670105 9
7.349909823956 0.48778169345388395 0.4873071962911805 0.48921468385815914 0.49178169345388395 0.4913071962911805 0.49321468385815914 9
7.3089502830204 0.4877684496652782 0.48727847240842276 0.48919398038530576 0.4917684496652782 0.49127847240842276 0.49319398038530576 9
7.2684872391571 0.48775529491525826 0.48724979813386765 0.4891733063327291 0.49175529491525827 0.49124979813386765 0.4931733063327291 9
7.2285121024239 0.48774217752503424 0.48722115202682004 0.4891527258872902 0.49174217752503424 0.49122115202682004 0.4931527258872902 9
7.1890162272408 0.4877291062373628 0.48719249433839174 0.48913217275348436 0.4917291062373628 0.49119249433839174 0.49313217275348437 9
7.1499884119886 0.4877160572004704 0.48716387966686703 0.48911160925533764 0.4917160572004704 0.49116387966686703 0.49311160925533765 9
7.1114215058699 0.4877030335998274 0.48713539296454467 0.48909124092309636 0.4917030335998274 0.49113539296454467 0.49309124092309636 9
7.0733072276286 0.4876901496040994 0.48710698107306993 0.48907092653268863 0.4916901496040994 0.49110698107306994 0.49307092653268864 9
7.0356348473542 0.48767734635653215 0.4870785374419206 0.48905069877245655 0.49167734635653215 0.4910785374419206 0.49305069877245655 9
6.9984018395066 0.4876646715659629 0.48705021171108037 0.48903053938751706 0.4916646715659629 0.4910502117110804 0.49303053938751706 9
6.9615897368687 0.48765213997771545 0.48702197406152453 0.4890104726262737 0.49165213997771545 0.49102197406152454 0.4930104726262737 9
6.9251989919202 0.4876396743053205 0.4869937195154218 0.4889904820916165 0.4916396743053205 0.4909937195154218 0.4929904820916165 9
6.889220717047 0.48762729197012844 0.48696540985415193 0.4889706114353002 0.49162729197012844 0.49096540985415194 0.4929706114353002 9
6.8536476043573 0.4876149299290364 0.4869370807918236 0.48895085950788614 0.4916149299290364 0.4909370807918236 0.49295085950788614 9
6.8184701284878 0.4876026295749547 0.486908848141258 0.4889309961309922 0.4916026295749547 0.490908848141258 0.4929309961309922 9
6.7836833043465 0.48759028938959875 0.4868806457074772 0.4889112123155562 0.49159028938959876 0.4908806457074772 0.4929112123155562 9
6.7492804580935 0.48757775785845137 0.486852481125879 0.48889163251638507 0.49157775785845137 0.490852481125879 0.49289163251638507 9
6.7152528236759 0.48756530832345973 0.48682449019892354 0.4888720152243324 0.49156530832345974 0.49082449019892355 0.4928720152243324 9
6.6815954030677 0.48755295493908296 0.48679654705344005 0.4888525173612531 0.49155295493908296 0.49079654705344006 0.49285251736125313 9
6.6483022721564 0.4875406950870258 0.4867687020507464 0.488833049162292 0.4915406950870258 0.4907687020507464 0.492833049162292 9
6.6153655461906 0.4875285285026643 0.48674097167126285 0.48881357138743997 0.4915285285026643 0.49074097167126285 0.49281357138744 9
6.58277983259 0.4875163457379157 0.48671331570863924 0.48879407813272524 0.4915163457379157 0.49071331570863924 0.49279407813272524 9
6.5505400847295 0.4875042496465707 0.48668565038692324 0.4887745895446915 0.4915042496465707 0.49068565038692324 0.4927745895446915 9
6.5186394340621 0.4874922211051261 0.48665803783377015 0.4887550621564584 0.4914922211051261 0.49065803783377016 0.4927550621564584 9
6.4870717002914 0.48748016334229105 0.4866302903572257 0.4887355636198861 0.49148016334229105 0.4906302903572257 0.49273556361988613 9
6.455832854524 0.48746803187992627 0.4866025102654544 0.4887160701730308 0.49146803187992627 0.49060251026545443 0.4927160701730308 9
6.4249171923139 0.4874560228826542 0.4865748606780616 0.48869649996476067 0.4914560228826542 0.4905748606780616 0.49269649996476067 9
6.394317339037 0.4874441028078344 0.4865472064038775 0.4886770544566964 0.4914441028078344 0.4905472064038775 0.4926770544566964 9
6.3640304364049 0.4874320409684851 0.4865194890890486 0.4886576331136625 0.4914320409684851 0.4905194890890486 0.4926576331136625 9
6.3340513962328 0.48741992957824154 0.48649182872313274 0.4886382776942775 0.49141992957824154 0.49049182872313274 0.4926382776942775 9
6.3043733543713 0.48740795042781454 0.4864642308346948 0.4886188431864821 0.49140795042781454 0.4904642308346948 0.4926188431864821 9
6.2749926621466 0.4873958078555515 0.4864367847002799 0.48859944076504824 0.4913958078555515 0.4904367847002799 0.49259944076504825 9
6.2459052693099 0.4873835039175757 0.48640948705934905 0.48858006462973136 0.4913835039175757 0.49040948705934906 0.49258006462973136 9
6.2171057683393 0.48737117016369047 0.48638218964232804 0.48856067402457876 0.4913711701636905 0.49038218964232805 0.49256067402457876 9
6.1885885138638 0.48735878692827705 0.48635492785746326 0.48854140811601443 0.49135878692827706 0.49035492785746326 0.49254140811601443 9
6.1603509286601 0.4873462552313667 0.48632783909763283 0.4885221999975878 0.4913462552313667 0.49032783909763283 0.4925221999975878 9
6.1323886514927 0.4873336744044803 0.4863009455553298 0.4885029773325206 0.4913336744044803 0.4903009455553298 0.49250297733252063 9
6.104695379329 0.4873209169067487 0.48627429703660735 0.4884837650673934 0.49132091690674873 0.49027429703660735 0.4924837650673934 9
6.0772684074498 0.4873081350636755 0.486247839703411 0.4884645272370517 0.4913081350636755 0.490247839703411 0.4924645272370517 9
6.0501042425386 0.48729521403976517 0.4862215376961439 0.48844528032577383 0.49129521403976517 0.4902215376961439 0.49244528032577384 9
6.0231983798081 0.4872822084512423 0.4861953166425814 0.4884259133326784 0.4912822084512423 0.4901953166425814 0.4924259133326784 9
5.9965475703719 0.4872691385249809 0.48616912410706864 0.48840652036509413 0.4912691385249809 0.49016912410706864 0.49240652036509414 9
5.9701432208965 0.48725591814130803 0.48614310894788954 0.4883870141089195 0.49125591814130803 0.49014310894788954 0.4923870141089195 9
5.9439884934335 0.48724258334028364 0.486117394519411 0.48836739523816364 0.49124258334028365 0.490117394519411 0.49236739523816364 9
5.9180759873356 0.48722918459869907 0.4860917530293128 0.4883477747142599 0.4912291845986991 0.4900917530293128 0.4923477747142599 9
5.89240226686 0.48721573817678326 0.48606616444433776 0.48832807436733766 0.49121573817678327 0.49006616444433776 0.49232807436733766 9
5.8669650638089 0.487202277693493 0.4860407679631867 0.48830838390300274 0.491202277693493 0.4900407679631867 0.49230838390300274 9
5.8417609124107 0.48718889354575934 0.48601562920495267 0.4882886231694824 0.49118889354575934 0.4900156292049527 0.4922886231694824 9
5.8167842956069 0.48717551432981476 0.4859906807004269 0.4882687939166767 0.49117551432981477 0.4899906807004269 0.4922687939166767 9
5.7920334747095 0.4871619182185794 0.48596574893000644 0.4882490504855415 0.4911619182185794 0.48996574893000644 0.4922490504855415 9
5.767505751253 0.4871482145827491 0.48594092264528904 0.48822940190223113 0.4911482145827491 0.48994092264528905 0.49222940190223113 9
5.7431979262941 0.48713464803336576 0.4859164208364872 0.48820976585129544 0.49113464803336576 0.4899164208364872 0.49220976585129544 9
5.7191042306574 0.487121082078823 0.4858921946527018 0.48819017872389725 0.491121082078823 0.4898921946527018 0.49219017872389725 9
5.695224191153 0.4871076103326252 0.4858684434831606 0.4881705418674617 0.4911076103326252 0.4898684434831606 0.49217054186746173 9
5.6715548563947 0.48709440778264684 0.48584489128407005 0.48815081200452 0.49109440778264685 0.48984489128407005 0.49215081200452 9
5.6480930437119 0.48708130162404484 0.48582139047536704 0.4881312762058248 0.49108130162404484 0.48982139047536705 0.4921312762058248 9
5.6248335895041 0.4870681608392054 0.4857980266249054 0.4881118094008609 0.4910681608392054 0.4897980266249054 0.4921118094008609 9
5.6017761687059 0.48705507027452866 0.4857747634235872 0.48809226261180305 0.49105507027452866 0.4897747634235872 0.49209226261180306 9
5.5789179892623 0.48704204390312944 0.4857514012663911 0.4880726923432155 0.49104204390312944 0.4897514012663911 0.4920726923432155 9
5.5562560161217 0.4870292037778053 0.48572798310753296 0.488053130909335 0.4910292037778053 0.48972798310753296 0.492053130909335 9
5.5337854228291 0.48701653672663425 0.48570460487143985 0.48803341541739226 0.49101653672663426 0.48970460487143985 0.49203341541739226 9
5.5115060388609 0.4870039180755996 0.4856814236414571 0.48801352705445405 0.4910039180755996 0.4896814236414571 0.49201352705445406 9
5.4894152752971 0.4869913270343627 0.48565853481511095 0.48799354372784975 0.4909913270343627 0.48965853481511096 0.49199354372784976 9
5.4675104519837 0.48697875236966753 0.48563597769028083 0.4879735126089247 0.49097875236966754 0.48963597769028083 0.4919735126089247 9
5.4457866023531 0.48696657158485923 0.48561370077699895 0.4879534599694791 0.49096657158485923 0.48961370077699895 0.4919534599694791 9
5.4242439216841 0.48695466938616894 0.4855915146485576 0.4879334800054886 0.49095466938616894 0.4895915146485576 0.4919334800054886 9
5.4028800057157 0.4869431074453571 0.4855696223660005 0.4879136019131853 0.49094310744535713 0.4895696223660005 0.4919136019131853 9
5.3816924938323 0.48693180439835504 0.48554788095739504 0.4878938242722856 0.49093180439835504 0.48954788095739504 0.4918938242722856 9
5.3606765485932 0.48692063699557436 0.4855263380506771 0.48787408307374525 0.49092063699557437 0.4895263380506771 0.49187408307374525 9
5.3398321903059 0.4869096760404466 0.48550502512273763 0.48785435352613893 0.4909096760404466 0.48950502512273764 0.49185435352613893 9
5.3191574374925 0.4868988886090637 0.485483920674851 0.4878345600140999 0.4908988886090637 0.489483920674851 0.4918345600140999 9
5.2986500938818 0.4868883660058104 0.4854630129482125 0.4878147969858505 0.49088836600581043 0.4894630129482125 0.4918147969858505 9
5.2783060983026 0.48687809979416646 0.48544220978937686 0.487795134898743 0.49087809979416647 0.48944220978937686 0.491795134898743 9
5.2581243704102 0.4868680482592428 0.4854214877516187 0.48777569004746907 0.4908680482592428 0.4894214877516187 0.49177569004746907 9
5.2381037238371 0.4868582232673767 0.4854009725299316 0.48775651519066837 0.4908582232673767 0.4894009725299316 0.4917565151906684 9
5.2182421123361 0.48684872729954065 0.48538073784251906 0.48773768138729284 0.49084872729954065 0.48938073784251906 0.49173768138729285 9
5.1985364939115 0.4868396445793953 0.48536046835130203 0.4877192423293818 0.49083964457939533 0.48936046835130204 0.4917192423293818 9
5.1789841577134 0.48683105137287846 0.48534026937516533 0.4877010286385067 0.49083105137287847 0.48934026937516534 0.4917010286385067 9
5.1595849588013 0.48682279816477375 0.485320201724281 0.4876830327172938 0.49082279816477375 0.489320201724281 0.4916830327172938 9
5.1403369881188 0.4868146819296658 0.485300139747323 0.48766522489749786 0.4908146819296658 0.489300139747323 0.49166522489749787 9
5.1212383691729 0.48680666242623577 0.4852800481008289 0.487647593351706 0.4908066624262358 0.4892800481008289 0.491647593351706 9
5.1022845388415 0.4867987954023672 0.4852597656243846 0.48762996062110325 0.4907987954023672 0.4892597656243846 0.49162996062110326 9
5.0834763219681 0.4867912334499588 0.4852393352279654 0.4876123790127262 0.4907912334499588 0.4892393352279654 0.4916123790127262 9
5.0648120457982 0.4867837749473123 0.48521869201182827 0.48759486663767776 0.4907837749473123 0.48921869201182827 0.49159486663767776 9
5.0462899568069 0.4867762498742447 0.48519783237937086 0.48757750261504773 0.49077624987424473 0.48919783237937087 0.49157750261504773 9
5.027907003054 0.48676867609315716 0.48517675176028796 0.48756019417730423 0.49076867609315716 0.48917675176028796 0.49156019417730423 9
5.0096613111284 0.4867611861468791 0.4851556099856704 0.48754290232181346 0.4907611861468791 0.4891556099856704 0.49154290232181347 9
4.9915537094735 0.4867538006362817 0.4851347173486106 0.4875257245803881 0.4907538006362817 0.4891347173486106 0.4915257245803881 9
4.9735796746086 0.4867464245012354 0.4851140500770318 0.4875086992559443 0.4907464245012354 0.4891140500770318 0.4915086992559443 9
4.9557404757496 0.4867390920459648 0.4850934479831225 0.4874919494808147 0.49073909204596483 0.4890934479831225 0.4914919494808147 9
4.9380310525019 0.48673170898509566 0.485072802920541 0.4874754386436749 0.49073170898509566 0.489072802920541 0.4914754386436749 9
4.9204520263699 0.4867242689472889 0.4850520465675847 0.4874590714689572 0.4907242689472889 0.4890520465675847 0.4914590714689572 9
4.9030022186814 0.48671680683119944 0.48503128133625933 0.4874427221531839 0.49071680683119945 0.48903128133625934 0.4914427221531839 9
4.8856801172535 0.4867092801278792 0.485010513535005 0.48742634763361886 0.4907092801278792 0.489010513535005 0.49142634763361887 9
4.8684836794612 0.4867020107225326 0.4849897854314866 0.4874099194579907 0.4907020107225326 0.4889897854314866 0.49140991945799073 9
4.8514096704994 0.48669498019984625 0.4849690454585861 0.48739349403534676 0.49069498019984625 0.4889690454585861 0.49139349403534677 9
4.834459003746 0.4866881415619651 0.4849482641049578 0.48737705696340894 0.4906881415619651 0.4889482641049578 0.49137705696340894 9
4.8176302606012 0.4866814115611353 0.4849275786002966 0.487360460321399 0.4906814115611353 0.4889275786002966 0.491360460321399 9
4.8009220447965 0.4866746608469351 0.4849069876006016 0.48734354561211074 0.4906746608469351 0.4889069876006016 0.49134354561211074 9
4.784331787004 0.48666796553795405 0.4848865099395804 0.4873265273396709 0.49066796553795405 0.4888865099395804 0.4913265273396709 9
4.7678576311648 0.4866613122931658 0.48486626906654073 0.4873095301373725 0.4906613122931658 0.48886626906654074 0.4913095301373725 9
4.7514999721025 0.4866546977579197 0.4848463628703654 0.4872927287245191 0.4906546977579197 0.4888463628703654 0.4912927287245191 9
4.7352574981467 0.48664809289252065 0.4848267006138315 0.4872760915629676 0.49064809289252065 0.4888267006138315 0.4912760915629676 9
4.719128917842 0.4866415217604456 0.4848074731030093 0.4872594781543489 0.4906415217604456 0.4888074731030093 0.4912594781543489 9
4.7031114062749 0.48663492709465417 0.4847884799888229 0.4872428326798661 0.49063492709465417 0.4887884799888229 0.4912428326798661 9
4.6872039085764 0.48662834323848964 0.4847695878195851 0.4872260186951461 0.49062834323848964 0.4887695878195851 0.4912260186951461 9
4.6714065757758 0.4866218042150032 0.4847508768682552 0.487209045274227 0.4906218042150032 0.4887508768682552 0.491209045274227 9
4.6557181930564 0.4866153531642106 0.4847325880863858 0.48719200944282026 0.4906153531642106 0.4887325880863858 0.49119200944282027 9
4.6401375639397 0.48660899617000947 0.48471456956295556 0.48717488010155824 0.49060899617000947 0.48871456956295556 0.49117488010155824 9
4.6246618908247 0.4866028726194228 0.48469657169449515 0.48715790527248787 0.4906028726194228 0.48869657169449515 0.49115790527248787 9
4.609290322647 0.48659688361071135 0.4846786413794628 0.48714116605415425 0.49059688361071135 0.4886786413794628 0.49114116605415425 9
4.5940230530324 0.48659113790063174 0.4846607071710799 0.48712456972179097 0.49059113790063175 0.4886607071710799 0.49112456972179097 9
4.5788589550727 0.4865856425538866 0.48464274270180513 0.487108038844737 0.4905856425538866 0.48864274270180513 0.491108038844737 9
4.5637969185282 0.4865805061896849 0.4846247316308636 0.48709157532595226 0.4905805061896849 0.4886247316308636 0.49109157532595227 9
4.5488344688364 0.48657565237749933 0.48460672861158366 0.4870751196789675 0.49057565237749934 0.48860672861158366 0.4910751196789675 9
4.5339703389387 0.4865709816165846 0.48458887573077053 0.4870586314208602 0.4905709816165846 0.48858887573077053 0.4910586314208602 9
4.5192050641501 0.4865665096567872 0.4845711664594446 0.4870421182746515 0.4905665096567872 0.4885711664594446 0.4910421182746515 9
4.5045375975085 0.4865621438912066 0.4845535644241566 0.48702561511079584 0.4905621438912066 0.4885535644241566 0.49102561511079584 9
4.4899669072332 0.486557935383708 0.4845360735796559 0.4870092589689274 0.490557935383708 0.4885360735796559 0.4910092589689274 9
4.4754911514238 0.4865539197501428 0.48451883470606427 0.4869931535600775 0.4905539197501428 0.4885188347060643 0.4909931535600775 9
4.4611080022545 0.4865502814205127 0.48450161262501135 0.4869770437450806 0.4905502814205127 0.48850161262501135 0.4909770437450806 9
4.4468186496149 0.4865469727820134 0.4844842640552225 0.4869609639924988 0.4905469727820134 0.4884842640552225 0.4909609639924988 9
4.4326221193866 0.48654397200187227 0.48446680724614677 0.4869449503045048 0.4905439720018723 0.4884668072461468 0.4909449503045048 9
4.4185174513027 0.48654130604091556 0.4844492863681534 0.4869289051357568 0.49054130604091556 0.4884492863681534 0.4909289051357568 9
4.4045036986985 0.4865389529741902 0.4844317347476185 0.4869127400945721 0.4905389529741902 0.48843173474761853 0.4909127400945721 9
4.3905769868197 0.48653693125764574 0.4844141827270995 0.4868965252587517 0.49053693125764575 0.4884141827270995 0.4908965252587517 9
4.3767393017845 0.4865352579366468 0.4843966659478659 0.4868803976608542 0.4905352579366468 0.4883966659478659 0.49088039766085423 9
4.3629897980136 0.4865338615251364 0.4843790099965281 0.48686430517235435 0.4905338615251364 0.4883790099965281 0.49086430517235435 9
4.3493275805421 0.48653273961212107 0.4843611865973182 0.4868482868251345 0.49053273961212107 0.4883611865973182 0.4908482868251345 9
4.3357517668425 0.4865319051062427 0.48434340252801555 0.48683237781671546 0.4905319051062427 0.48834340252801556 0.49083237781671546 9
4.3222597483625 0.48653136943126835 0.48432560449368717 0.48681651741373183 0.49053136943126835 0.48832560449368717 0.49081651741373183 9
4.3088511357715 0.4865310894375852 0.48430769548225994 0.4868006406591674 0.4905310894375852 0.48830769548225994 0.4908006406591674 9
4.2955263781795 0.4865310556467597 0.4842896233649253 0.4867846406077224 0.4905310556467597 0.4882896233649253 0.4907846406077224 9
4.2822846403544 0.48653119950533213 0.4842713926437541 0.486768599600294 0.49053119950533214 0.4882713926437541 0.490768599600294 9
4.2691250984564 0.4865314811318453 0.4842529729796346 0.48675262373312417 0.4905314811318453 0.4882529729796346 0.49075262373312417 9
4.256046765488 0.48653212633618237 0.4842342928221144 0.4867368174799565 0.4905321263361824 0.4882342928221144 0.4907368174799565 9
4.2430461473216 0.48653313023055045 0.4842153509319856 0.486721188543754 0.49053313023055045 0.4882153509319856 0.490721188543754 9
4.230125346118 0.4865344318136727 0.4841961627181848 0.48670575581706343 0.4905344318136727 0.4881961627181848 0.49070575581706344 9
4.2172835813756 0.48653582703656273 0.4841768657118637 0.4866906212216574 0.49053582703656273 0.4881768657118637 0.4906906212216574 9
4.2045200830444 0.48653729250947425 0.4841573816803084 0.4866756115415111 0.49053729250947425 0.4881573816803084 0.4906756115415111 9
4.1918340913492 0.4865390229997419 0.4841376729739023 0.4866606021953957 0.4905390229997419 0.4881376729739023 0.4906606021953957 9
4.1792235471624 0.48654097503805166 0.4841176558710833 0.4866456512521868 0.49054097503805166 0.4881176558710833 0.4906456512521868 9
4.1666872780132 0.48654312519796145 0.4840973408896541 0.48663085592254324 0.49054312519796145 0.4880973408896541 0.49063085592254324 9
4.1542263217858 0.48654547538037585 0.48407670260496466 0.48661628509654137 0.49054547538037585 0.48807670260496466 0.49061628509654137 9
4.1418399578098 0.48654791659141094 0.48405564812006646 0.4866019631663514 0.49054791659141095 0.48805564812006647 0.4906019631663514 9
4.1295274748596 0.4865503354356624 0.48403412806806423 0.4865878738476883 0.4905503354356624 0.48803412806806423 0.4905878738476883 9
4.1172881709967 0.4865528360569485 0.4840121265654587 0.4865739107872013 0.4905528360569485 0.4880121265654587 0.4905739107872013 9
4.1051192542267 0.48655554737284246 0.48398969723671476 0.4865600272903413 0.49055554737284246 0.48798969723671476 0.4905600272903413 9
4.0930211737232 0.48655835093004457 0.4839669388978371 0.4865462281141046 0.4905583509300446 0.4879669388978371 0.4905462281141046 9
4.0809942459588 0.4865611308881026 0.48394375869283984 0.48653262797761837 0.4905611308881026 0.48794375869283985 0.4905326279776184 9
4.0690378043587 0.48656394394114144 0.48392021731732093 0.48651920927950015 0.49056394394114144 0.48792021731732094 0.49051920927950016 9
4.0571511909009 0.4865667216554008 0.48389637696364735 0.48650595285161735 0.49056672165540083 0.48789637696364735 0.49050595285161736 9
4.0453337559766 0.48656955639466554 0.48387216599693467 0.48649291476052914 0.49056955639466554 0.48787216599693467 0.49049291476052914 9
4.0335823263733 0.4865724783180642 0.483847493434572 0.48648003201845635 0.4905724783180642 0.487847493434572 0.49048003201845636 9
4.021898250315 0.48657531807611387 0.48382230062336323 0.48646734490706967 0.4905753180761139 0.48782230062336324 0.49046734490706967 9
4.0102814779793 0.48657806210061866 0.48379666834422974 0.48645482878459134 0.49057806210061866 0.48779666834422974 0.49045482878459135 9
3.9987324166792 0.4865807627316172 0.483770597546265 0.48644238905243564 0.4905807627316172 0.487770597546265 0.49044238905243565 9
3.9872473818901 0.48658343221932726 0.4837441144789608 0.4864301193746509 0.49058343221932726 0.4877441144789608 0.4904301193746509 9
3.975828846378 0.48658602899376313 0.48371719762797005 0.48641808454107366 0.49058602899376313 0.48771719762797006 0.49041808454107366 9
3.9644725959655 0.4865884925612613 0.48368982705698343 0.48640627671017844 0.4905884925612613 0.48768982705698344 0.49040627671017845 9
3.9531801297653 0.48659079000214966 0.4836619722706199 0.4863946794484295 0.49059079000214967 0.4876619722706199 0.4903946794484295 9
3.9419514004454 0.4865929220984727 0.48363355728055263 0.48638327633163486 0.4905929220984727 0.48763355728055263 0.49038327633163487 9
3.9307858349441 0.486594900190118 0.4836045890967472 0.48637202398885776 0.490594900190118 0.4876045890967472 0.49037202398885776 9
3.9196828672572 0.4865966751904413 0.4835750251296408 0.486360896680803 0.4905966751904413 0.4875750251296408 0.490360896680803 9
3.9086419383279 0.48659815820471614 0.4835449740902313 0.48634985348398235 0.49059815820471614 0.4875449740902313 0.49034985348398236 9
3.8976602239897 0.48659936381492824 0.48351455250703 0.48633892971162285 0.49059936381492825 0.48751455250703 0.49033892971162285 9
3.8867385970595 0.4866003077319858 0.4834837283582833 0.486328039410437 0.4906003077319858 0.4874837283582833 0.490328039410437 9
3.8758773965664 0.4866009946371739 0.4834524596123363 0.4863172828119484 0.4906009946371739 0.4874524596123363 0.4903172828119484 9
3.8650760899298 0.48660141915608474 0.48342077929837113 0.48630665059010375 0.49060141915608474 0.48742077929837113 0.49030665059010375 9
3.8543341509986 0.48660136263664866 0.48338871744418865 0.48629608112314926 0.49060136263664866 0.48738871744418866 0.49029608112314926 9
3.8436510599535 0.4866009131103241 0.48335636131610754 0.48628561155882805 0.4906009131103241 0.48735636131610754 0.49028561155882805 9
3.833024754667 0.4866000001847464 0.4833237060425177 0.4862751689022766 0.4906000001847464 0.4873237060425177 0.4902751689022766 9
3.8224546730326 0.48659865107380323 0.4832908217277685 0.4862647600354014 0.49059865107380324 0.4872908217277685 0.4902647600354014 9
3.8119419408224 0.48659684802639097 0.48325785629563206 0.4862543169053682 0.490596848026391 0.48725785629563206 0.4902543169053682 9
3.8014860623499 0.4865945754590065 0.48322480602245077 0.4862438407161762 0.4905945754590065 0.4872248060224508 0.4902438407161762 9
3.7910865477977 0.486591768528048 0.4831916057076843 0.48623342084213594 0.490591768528048 0.4871916057076843 0.49023342084213595 9
3.7807429131294 0.4865885019392155 0.48315823224461174 0.48622301623006403 0.4905885019392155 0.48715823224461174 0.49022301623006403 9
3.7704542734784 0.4865846804233324 0.4831247908166534 0.48621267904579163 0.4905846804233324 0.4871247908166534 0.49021267904579163 9
3.7602177883086 0.4865803017815024 0.483091375012873 0.4862023931210828 0.4905803017815024 0.48709137501287303 0.4902023931210828 9
3.7500357884639 0.486575404681657 0.48305803070178227 0.48619207493615696 0.490575404681657 0.4870580307017823 0.49019207493615696 9
3.7399078119443 0.4865700297665892 0.4830248077734436 0.4861817004194631 0.4905700297665892 0.4870248077734436 0.49018170041946313 9
3.7298334021165 0.48656406407684594 0.4829917281975755 0.486171290646852 0.49056406407684594 0.4869917281975755 0.490171290646852 9
3.7198121076345 0.4865575400619859 0.48295880866444896 0.4861608678902476 0.49055754006198593 0.48695880866444896 0.4901608678902476 9
3.7098434823625 0.4865505509802854 0.48292604989270965 0.48615032987044093 0.4905505509802854 0.48692604989270966 0.49015032987044094 9
3.6999250456339 0.48654312307764597 0.4828934505610643 0.48613961499509784 0.49054312307764597 0.4868934505610643 0.49013961499509784 9
3.6900572514729 0.48653528927845296 0.4828610061285158 0.48612871130614776 0.49053528927845297 0.4868610061285158 0.49012871130614777 9
3.6802408418972 0.48652713339739606 0.4828287352465457 0.48611768299217084 0.49052713339739606 0.4868287352465457 0.49011768299217084 9
3.6704753906334 0.4865186448175747 0.4827966709733323 0.4861065583654764 0.4905186448175747 0.4867966709733323 0.4901065583654764 9
3.6607604762527 0.4865096895752616 0.4827648207458338 0.48609542610093337 0.4905096895752616 0.4867648207458338 0.4900954261009334 9
3.6510956821011 0.48650025642687933 0.4827332368288346 0.4860842651200407 0.49050025642687933 0.4867332368288346 0.4900842651200407 9
3.6414805597078 0.4864903982637319 0.48270204416571283 0.48607307984633175 0.4904903982637319 0.48670204416571283 0.49007307984633175 9
3.6319115503565 0.48648010975487327 0.4826712185706728 0.4860618302399578 0.4904801097548733 0.4866712185706728 0.4900618302399578 9
3.6223914623408 0.4864694566584871 0.48264074740894586 0.486050458859352 0.4904694566584871 0.48664074740894586 0.490050458859352 9
3.6129198972098 0.4864584673254792 0.4826107063669896 0.48603889984873205 0.4904584673254792 0.4866107063669896 0.49003889984873206 9
3.6034964609584 0.4864471697873595 0.48258110850007785 0.48602716417354114 0.4904471697873595 0.48658110850007785 0.49002716417354114 9
3.5941207639651 0.48643553523197675 0.48255190288556427 0.48601526843341003 0.49043553523197675 0.48655190288556427 0.49001526843341003 9
3.5847924209296 0.4864235711953301 0.48252308704200153 0.4860032050065186 0.4904235711953301 0.48652308704200153 0.4900032050065186 9
3.575510232622 0.486411256483547 0.48249471524429227 0.48599097761500226 0.490411256483547 0.4864947152442923 0.48999097761500227 9
3.5662722191411 0.4863985825582494 0.4824667947223658 0.48597856969280545 0.4903985825582494 0.4864667947223658 0.48997856969280545 9
3.5570804517714 0.48638560163726013 0.4824393344765148 0.4859660187232919 0.49038560163726014 0.48643933447651483 0.48996601872329193 9
3.5479345616864 0.48637240580716323 0.4824123482713734 0.4859533442062645 0.49037240580716324 0.4864123482713734 0.4899533442062645 9
3.5388341840899 0.4863589747505904 0.4823858175830779 0.4859405429616238 0.4903589747505904 0.4863858175830779 0.4899405429616238 9
3.5297789581599 0.4863452679300632 0.48235973120731107 0.485927596514411 0.4903452679300632 0.4863597312073111 0.489927596514411 9
3.5207685269939 0.48633125561928103 0.48233411065510007 0.48591451339854197 0.49033125561928104 0.48633411065510007 0.489914513398542 9
3.5118013802506 0.48631694690775734 0.4823089826751395 0.4859012766185322 0.49031694690775735 0.4863089826751395 0.4899012766185322 9
3.5028762255762 0.4863023729562537 0.48228435711864504 0.48588790163929446 0.49030237295625373 0.48628435711864504 0.48988790163929447 9
3.4939951268027 0.4862875542146468 0.48226026616506906 0.48587441317887387 0.4902875542146468 0.48626026616506907 0.48987441317887387 9
3.4851568825282 0.48627250056345434 0.48223667249852903 0.48586085529562806 0.49027250056345434 0.48623667249852903 0.48986085529562806 9
3.4763620139467 0.4862572909456181 0.48221356216094696 0.48584725354880437 0.4902572909456181 0.48621356216094697 0.4898472535488044 9
3.467609899811 0.486241993231114 0.48219095904609144 0.48583347733343696 0.490241993231114 0.48619095904609144 0.48983347733343696 9
3.4589002090205 0.48622667861276175 0.48216887992175106 0.4858195509985347 0.49022667861276176 0.48616887992175106 0.4898195509985347 9
3.4502315763407 0.48621135227922474 0.4821473005835607 0.4858054734203428 0.49021135227922474 0.4861473005835607 0.4898054734203428 9
3.4416024736124 0.48619598479716764 0.4821262298633034 0.48579127720369714 0.49019598479716764 0.4861262298633034 0.48979127720369714 9
3.4330148438295 0.4861806448104923 0.48210564518931687 0.48577695043068553 0.4901806448104923 0.48610564518931687 0.48977695043068553 9
3.4244683694379 0.48616536639848434 0.48208554058586794 0.48576245400579454 0.49016536639848435 0.48608554058586795 0.48976245400579455 9
3.4159627362152 0.4861501731867108 0.48206595448687906 0.4857478656843564 0.4901501731867108 0.48606595448687906 0.4897478656843564 9
3.4074976332263 0.486135085889225 0.4820469094282315 0.48573319735948856 0.490135085889225 0.4860469094282315 0.48973319735948856 9
3.3990727527795 0.4861201503843702 0.4820284459748153 0.48571842594373776 0.4901201503843702 0.4860284459748153 0.48971842594373777 9
3.3906873492335 0.4861054538540142 0.48201062608899803 0.48570356535810005 0.4901054538540142 0.48601062608899803 0.48970356535810006 9
3.3823386996526 0.48609095453874973 0.48199346181958447 0.4856885634455 0.49009095453874973 0.48599346181958447 0.4896885634455 9
3.3740293903981 0.4860766905368905 0.4819769628768227 0.48567343724522205 0.4900766905368905 0.4859769628768227 0.48967343724522205 9
3.3657591261373 0.48606273581785425 0.48196115746894636 0.48565824852694434 0.49006273581785426 0.48596115746894636 0.48965824852694434 9
3.3575276145752 0.4860491525469065 0.4819460332318571 0.4856429538372491 0.4900491525469065 0.4859460332318571 0.4896429538372491 9
3.3493345664152 0.48603610223759264 0.4819316206438903 0.4856274519515471 0.49003610223759264 0.4859316206438903 0.4896274519515471 9
3.34117969532 0.48602366229345706 0.48191793795458054 0.485611770555325 0.49002366229345706 0.48591793795458055 0.489611770555325 9
3.3330627178729 0.48601192537466636 0.4819049243297742 0.4855958776406168 0.49001192537466637 0.4859049243297742 0.4895958776406168 9
3.3249806737144 0.48600109982333384 0.4818924861048242 0.48557977290517707 0.49000109982333384 0.4858924861048242 0.48957977290517707 9
3.3169353347487 0.4859912580694609 0.4818804914313314 0.48556350229016504 0.4899912580694609 0.4858804914313314 0.48956350229016504 9
3.3089270777267 0.4859825586100514 0.48186882625688027 0.48554710485817665 0.4899825586100514 0.48586882625688027 0.48954710485817665 9
3.3009556303579 0.4859751148697102 0.4818572676974042 0.4855307025928547 0.4899751148697102 0.4858572676974042 0.4895307025928547 9
3.2930207230915 0.485968923013942 0.4818454353636424 0.4855144432847161 0.489968923013942 0.4858454353636424 0.4895144432847161 9
3.2851220890813 0.48596387095276633 0.4818328772915188 0.485498434423035 0.48996387095276633 0.4858328772915188 0.489498434423035 9
3.2772594641517 0.4859596607955524 0.4818194162160614 0.48548280196065163 0.4899596607955524 0.4858194162160614 0.48948280196065164 9
3.2694314870768 0.4859560503539249 0.48180496522290717 0.4854676399830961 0.4899560503539249 0.48580496522290717 0.4894676399830961 9
3.2616367572483 0.48595279741777325 0.4817894672065418 0.4854529352119469 0.48995279741777326 0.4857894672065418 0.4894529352119469 9
3.2538772808452 0.48594975482024483 0.48177288819122477 0.48543863019283257 0.48994975482024483 0.48577288819122477 0.48943863019283257 9
3.2461528038593 0.4859467283509684 0.481755287514354 0.4854247029937918 0.4899467283509684 0.485755287514354 0.4894247029937918 9
3.23846307479 0.4859435930334577 0.48173674802080396 0.4854111010582547 0.4899435930334577 0.48573674802080397 0.4894111010582547 9
3.2308078446135 0.4859402239928759 0.48171737967786393 0.48539780798985616 0.4899402239928759 0.48571737967786394 0.48939780798985616 9
3.2231868667511 0.48593648198277994 0.481697276737217 0.4853849048452801 0.48993648198277995 0.485697276737217 0.4893849048452801 9
3.2155998970397 0.48593225093406534 0.4816765601899894 0.4853723765687347 0.48993225093406534 0.4856765601899894 0.4893723765687347 9
3.2080443372893 0.4859274213990434 0.4816554422420544 0.4853601303168246 0.4899274213990434 0.4856554422420544 0.4893601303168246 9
3.2005213069074 0.4859220176535343 0.48163417127504315 0.48534814985836383 0.4899220176535343 0.48563417127504316 0.48934814985836383 9
3.1930315872069 0.4859160575884274 0.481612830249501 0.48533634722692987 0.4899160575884274 0.485612830249501 0.48933634722692987 9
3.1855749432158 0.4859095744025261 0.4815915200638703 0.4853246405906668 0.4899095744025261 0.4855915200638703 0.4893246405906668 9
3.1781511422332 0.4859026666624875 0.48157037780082934 0.48531290031073043 0.4899026666624875 0.48557037780082934 0.48931290031073044 9
3.1707599538021 0.4858955337873826 0.4815494989135535 0.48530104194423074 0.4898955337873826 0.4855494989135535 0.48930104194423074 9
3.1634011496809 0.48588831554234163 0.4815288375314542 0.48528902763244075 0.48988831554234163 0.4855288375314542 0.48928902763244075 9
3.1560745038175 0.4858810882535841 0.48150831660365434 0.48527685488064615 0.4898810882535841 0.48550831660365434 0.48927685488064615 9
3.148776689342 0.48587377572493007 0.4814877743463121 0.4852645567887363 0.48987377572493007 0.48548777434631213 0.4892645567887363 9
3.1415103200926 0.4858662283099622 0.4814672671337601 0.4852521820354931 0.4898662283099622 0.4854672671337601 0.4892521820354931 9
3.1342754643171 0.4858584412782589 0.4814468914474038 0.48523964509317014 0.4898584412782589 0.4854468914474038 0.48923964509317014 9
3.1270719042894 0.48585053366886216 0.48142659257281706 0.48522690946581737 0.48985053366886216 0.48542659257281706 0.4892269094658174 9
3.119899424345 0.48584260961853193 0.4814063338839115 0.4852140722818213 0.48984260961853193 0.4854063338839115 0.4892140722818213 9
3.1127578108557 0.4858347154955982 0.481386098463644 0.48520119741225076 0.4898347154955982 0.485386098463644 0.48920119741225077 9
3.1056468522058 0.48582680945894924 0.4813658279856766 0.485188405379428 0.48982680945894924 0.4853658279856766 0.489188405379428 9
3.0985663387676 0.48581883521594854 0.48134549202262095 0.48517568317981496 0.48981883521594854 0.48534549202262095 0.48917568317981497 9
3.0915127408727 0.4858107410648052 0.48132513125733706 0.48516297118618795 0.4898107410648052 0.48532513125733706 0.48916297118618796 9
3.0844891067424 0.485802434055711 0.4813047503996323 0.4851502292482641 0.489802434055711 0.4853047503996323 0.4891502292482641 9
3.0774953208457 0.4857939725900723 0.4812843131695667 0.48513752147101225 0.4897939725900723 0.4852843131695667 0.48913752147101225 9
3.0705311811127 0.48578543844423255 0.4812639348263706 0.48512490486103677 0.48978543844423256 0.4852639348263706 0.48912490486103677 9
3.0635964873479 0.48577688494642096 0.4812436277424164 0.485112324340195 0.48977688494642097 0.4852436277424164 0.489112324340195 9
3.0566910412088 0.48576832825283567 0.48122339208126286 0.48509977796635545 0.48976832825283567 0.48522339208126286 0.48909977796635545 9
3.0498146461836 0.48575982401081846 0.4812032947875734 0.48508716757529446 0.48975982401081847 0.4852032947875734 0.48908716757529447 9
3.0429671075699 0.48575136575338185 0.48118331370447304 0.4850745919211382 0.48975136575338185 0.48518331370447304 0.4890745919211382 9
3.0361452383258 0.4857429836635652 0.4811634330995089 0.48506214403060127 0.4897429836635652 0.4851634330995089 0.4890621440306013 9
3.029351422556 0.4857346636039478 0.481143658939038 0.4850498584174647 0.4897346636039478 0.485143658939038 0.4890498584174647 9
3.0225859096847 0.4857263318760763 0.4811240557829315 0.4850377127487998 0.4897263318760763 0.4851240557829315 0.4890377127487998 9
3.0158485118826 0.4857180956770831 0.48110464143790643 0.48502568702321236 0.4897180956770831 0.48510464143790644 0.48902568702321236 9
3.0091390430286 0.4857098756936794 0.48108541851795567 0.4850137240103529 0.4897098756936794 0.48508541851795567 0.4890137240103529 9
3.0024573186901 0.48570165368228224 0.48106632963328877 0.4850018541532642 0.48970165368228225 0.4850663296332888 0.4890018541532642 9
2.9958034010342 0.4856934275444485 0.4810473095214566 0.4849900160162365 0.4896934275444485 0.4850473095214566 0.4889900160162365 9
2.9891763741313 0.48568522662505265 0.48102833037345205 0.48497811193725265 0.48968522662505265 0.48502833037345205 0.48897811193725266 9
2.9825746953267 0.48567707553666484 0.4810093511796698 0.4849660347017455 0.48967707553666484 0.4850093511796698 0.4889660347017455 9
2.9759986987166 0.48566898666253866 0.4809903118696902 0.48495373855591384 0.48966898666253866 0.4849903118696902 0.48895373855591384 9
2.9694495688274 0.4856609496996665 0.4809712181894011 0.4849412268396787 0.4896609496996665 0.4849712181894011 0.4889412268396787 9
2.9629271308074 0.4856529506711892 0.4809521179377826 0.48492853753871606 0.4896529506711892 0.4849521179377826 0.48892853753871607 9
2.9564312113643 0.4856450296400949 0.4809330113916852 0.48491562456057236 0.48964502964009493 0.4849330113916852 0.48891562456057236 9
2.9499616387478 0.4856371223450578 0.48091393072329736 0.4849024434896793 0.4896371223450578 0.48491393072329736 0.4889024434896793 9
2.9435182427321 0.48562923907250954 0.4808948911103774 0.4848890224420125 0.48962923907250955 0.4848948911103774 0.4888890224420125 9
2.9371008545984 0.48562143151759457 0.48087584094334024 0.4848753980188485 0.4896214315175946 0.48487584094334024 0.4888753980188485 9
2.9307086966299 0.48561364521297956 0.4808567922019143 0.4848615680738301 0.48961364521297956 0.4848567922019143 0.4888615680738301 9
2.924339355746 0.485605832750154 0.4808378014550446 0.4848475390767614 0.489605832750154 0.4848378014550446 0.48884753907676143 9
2.9179955449638 0.48559788970195805 0.48081887492418607 0.484833433684708 0.48959788970195806 0.48481887492418607 0.488833433684708 9
2.9116771012797 0.48558983928882804 0.4807999745549279 0.48481930245383376 0.48958983928882804 0.4847999745549279 0.48881930245383376 9
2.9053838631165 0.4855816542740685 0.4807810585576012 0.4848051971934405 0.4895816542740685 0.48478105855760123 0.4888051971934405 9
2.8991156703073 0.4855733343139279 0.48076207549677713 0.48479113285750247 0.4895733343139279 0.48476207549677713 0.4887911328575025 9
2.8928723640799 0.4855649123140402 0.48074295412157275 0.48477720885556147 0.4895649123140402 0.48474295412157276 0.4887772088555615 9
2.8866537870417 0.4855564059060319 0.48072364555178176 0.4847635402210076 0.4895564059060319 0.48472364555178177 0.4887635402210076 9
2.8804597831643 0.485547793577821 0.4807041668382505 0.48475022976624915 0.489547793577821 0.4847041668382505 0.48875022976624916 9
2.8742881909078 0.4855390427475519 0.4806845089174729 0.48473727986086756 0.4895390427475519 0.4846845089174729 0.48873727986086757 9
2.868139389412 0.48553018614355103 0.48066465911451794 0.4847246767707667 0.48953018614355104 0.48466465911451795 0.4887246767707667 9
2.8620147201979 0.48552125329432 0.48064460805384196 0.48471240613599786 0.48952125329432 0.48464460805384196 0.48871240613599787 9
2.8559140324042 0.4855122337004942 0.4806243665373005 0.48470049017472955 0.4895122337004942 0.4846243665373005 0.48870049017472955 9
2.8498371764623 0.48550318556159 0.4806039536720358 0.4846889467505631 0.48950318556159 0.4846039536720358 0.4886889467505631 9
2.8437840040819 0.4854940762178058 0.4805833700136665 0.48467775902695803 0.48949407621780583 0.4845833700136665 0.48867775902695804 9
2.8377543682371 0.48548490372542186 0.4805625894444811 0.4846669342976221 0.48948490372542186 0.4845625894444811 0.4886669342976221 9
2.8317481231532 0.48547561355561264 0.4805416116225631 0.4846564754431782 0.48947561355561264 0.4845416116225631 0.4886564754431782 9
2.8257651242926 0.4854661838544517 0.480520494725499 0.4846463313019882 0.48946618385445173 0.484520494725499 0.4886463313019882 9
2.8198024174794 0.4854566128360148 0.4804991892383639 0.48463646388447523 0.4894566128360148 0.4844991892383639 0.48863646388447524 9
2.8138619846926 0.4854469094322118 0.48047776478605836 0.48462686851017295 0.4894469094322118 0.48447776478605836 0.48862686851017295 9
2.8079443906797 0.48543706237421747 0.48045630574557696 0.48461751987506657 0.48943706237421747 0.48445630574557697 0.4886175198750666 9
2.8020494955848 0.4854270196358355 0.48043490837693287 0.484608468224506 0.4894270196358355 0.48443490837693287 0.488608468224506 9
2.7961771607256 0.485416816865761 0.4804135581416435 0.48459975001754724 0.489416816865761 0.4844135581416435 0.48859975001754724 9
2.7903272485809 0.4854064683342072 0.480392307790161 0.4845913335786744 0.4894064683342072 0.484392307790161 0.4885913335786744 9
2.7844996227787 0.4853959744365798 0.48037112029278634 0.48458320200964583 0.4893959744365798 0.48437112029278634 0.48858320200964583 9
2.7786941480833 0.4853853650843238 0.48034997840332894 0.4845753244372359 0.4893853650843238 0.48434997840332894 0.4885753244372359 9
2.7729106903839 0.4853746989084147 0.48032886509449935 0.484567647253784 0.48937469890841473 0.48432886509449935 0.488567647253784 9
2.7671461137325 0.48536399605236263 0.48030776555899973 0.48456013388883934 0.48936399605236264 0.48430776555899974 0.48856013388883934 9
2.7614027747165 0.48535326436760695 0.48028668127467516 0.484552762064696 0.48935326436760695 0.48428668127467517 0.488552762064696 9
2.7556810755951 0.4853424945664957 0.48026559922125883 0.48454550637048194 0.4893424945664957 0.48426559922125884 0.48854550637048194 9
2.7499814536003 0.4853316666294497 0.48024455471362654 0.4845383697581159 0.4893316666294497 0.48424455471362654 0.48853836975811593 9
2.7443020786028 0.48532079202650397 0.4802235373159813 0.48453135215851784 0.48932079202650397 0.4842235373159813 0.48853135215851784 9
2.7386445243155 0.4853098876347454 0.48020254570197207 0.48452445279641165 0.4893098876347454 0.4842025457019721 0.48852445279641166 9
2.7330080967852 0.485298990046064 0.4801815895361456 0.48451767671363666 0.48929899004606403 0.4841815895361456 0.48851767671363666 9
2.7273926704129 0.48528813293177914 0.4801606713032816 0.48451101713232103 0.48928813293177914 0.4841606713032816 0.48851101713232103 9
2.7217981205675 0.48527733755585556 0.480139796815327 0.4845044876404208 0.48927733755585556 0.484139796815327 0.4885044876404208 9
2.7162217622249 0.4852666225568375 0.48011893405215467 0.48449807367433007 0.4892666225568375 0.48411893405215467 0.48849807367433007 9
2.7106650551251 0.48525599401261493 0.48009806844628516 0.48449176047233466 0.48925599401261494 0.48409806844628517 0.48849176047233467 9
2.7051288750562 0.48524545876911285 0.48007720808063403 0.4844855390675159 0.48924545876911285 0.48407720808063404 0.4884855390675159 9
2.6996131012521 0.48523499662211084 0.4800563320850684 0.48447944006974436 0.48923499662211084 0.48405633208506843 0.48847944006974436 9
2.6941176139202 0.4852245933336791 0.48003547307534766 0.48447348287906616 0.4892245933336791 0.48403547307534767 0.48847348287906617 9
2.6886422942317 0.4852142580550755 0.48001461331624484 0.48446768594895456 0.4892142580550755 0.48401461331624485 0.48846768594895457 9
2.6831870243117 0.4852039635276768 0.4799937468907797 0.48446206777884204 0.4892039635276768 0.48399374689077973 0.48846206777884205 9
2.6777516872295 0.48519369593040995 0.4799728683374952 0.4844566059008575 0.48919369593040996 0.4839728683374952 0.4884566059008575 9
2.672336166989 0.4851834596130373 0.47995195909674504 0.4844512644032823 0.48918345961303733 0.48395195909674504 0.4884512644032823 9
2.6669388861384 0.48517326006197997 0.4799310611075621 0.4844460129311734 0.48917326006198 0.4839310611075621 0.4884460129311734 9
2.661559088592 0.48516303263946015 0.4799101886815971 0.4844408450003969 0.48916303263946015 0.48391018868159713 0.4884408450003969 9
2.6561987835509 0.4851527755347623 0.4798893557665251 0.48443579169962114 0.48915277553476233 0.4838893557665251 0.48843579169962115 9
2.6508578585406 0.48514252185822787 0.479868610007139 0.48443084014330606 0.4891425218582279 0.483868610007139 0.48843084014330607 9
2.6455362019754 0.4851322735430779 0.47984799759309993 0.4844259440268964 0.4891322735430779 0.48384799759309993 0.48842594402689643 9
2.6402337031507 0.4851220879387967 0.4798275229926218 0.4844211263093443 0.4891220879387967 0.48382752299262183 0.4884211263093443 9
2.634950252233 0.48511201429839307 0.4798071545051554 0.48441635264555655 0.48911201429839307 0.4838071545051554 0.48841635264555655 9
2.6296857402523 0.4851020952927172 0.4797868660381344 0.4844116505042962 0.4891020952927172 0.4837868660381344 0.4884116505042962 9
2.6244400590926 0.48509233435387267 0.47976661672504783 0.4844070471999669 0.48909233435387267 0.48376661672504784 0.4884070471999669 9
2.6192131014839 0.48508270469796244 0.4797463875843055 0.48440256927114567 0.48908270469796244 0.4837463875843055 0.48840256927114567 9
2.6140014850299 0.48507316598549033 0.47972620257217297 0.48439825529373104 0.48907316598549033 0.48372620257217297 0.48839825529373104 9
2.6088080779503 0.48506371078393623 0.4797060223228645 0.4843940991501072 0.48906371078393623 0.4837060223228645 0.48839409915010723 9
2.603633095426 0.4850543763943391 0.479685851643717 0.48439008359763713 0.48905437639433913 0.483685851643717 0.48839008359763714 9
2.5984764333689 0.48504515315073926 0.4796656399893376 0.48438621056342596 0.48904515315073926 0.4836656399893376 0.48838621056342596 9
2.5933379884963 0.48503605748894385 0.47964545771184514 0.4843824275792927 0.48903605748894385 0.48364545771184514 0.4883824275792927 9
2.5882176583239 0.48502703945223363 0.4796253987272537 0.48437876779888617 0.48902703945223364 0.4836253987272537 0.48837876779888617 9
2.5831153411573 0.48501813202193417 0.4796054136779419 0.48437524664278453 0.48901813202193417 0.4836054136779419 0.48837524664278453 9
2.5780309360846 0.4850093792234844 0.47958544358355637 0.4843718706789743 0.4890093792234844 0.4835854435835564 0.4883718706789743 9
2.5729643429685 0.4850007222027796 0.4795654736704473 0.48436857515100656 0.4890007222027796 0.4835654736704473 0.48836857515100657 9
2.5679146480015 0.48499213424482496 0.4795455150186803 0.4843653268322343 0.48899213424482496 0.4835455150186803 0.4883653268322343 9
2.5628797707526 0.48498363378654663 0.4795255986002421 0.484362192434103 0.48898363378654663 0.4835255986002421 0.488362192434103 9
2.5578624272739 0.48497519391123833 0.4795056955155012 0.48435922522384 0.48897519391123834 0.4835056955155012 0.48835922522384 9
2.5528625203372 0.4849668398558842 0.4794857822658742 0.48435641298879445 0.4889668398558842 0.4834857822658742 0.48835641298879445 9
2.5478799534533 0.4849585463985945 0.47946582846119895 0.48435374961788613 0.4889585463985945 0.48346582846119895 0.48835374961788613 9
2.5429146308646 0.48495028057536643 0.4794458525286981 0.4843512321296314 0.48895028057536644 0.4834458525286981 0.4883512321296314 9
2.5379664575382 0.4849420915563566 0.47942579645317923 0.48434888846086094 0.4889420915563566 0.48342579645317924 0.48834888846086094 9
2.5330353391589 0.4849339611736681 0.4794057351193574 0.48434662558782937 0.4889339611736681 0.4834057351193574 0.4883466255878294 9
2.5281211821227 0.4849258866914367 0.4793856777503478 0.4843444497770155 0.4889258866914367 0.4833856777503478 0.4883444497770155 9
2.5232238935292 0.4849179037594337 0.47936561207764344 0.48434242459330756 0.4889179037594337 0.48336561207764345 0.48834242459330757 9
2.5183421205573 0.4849100130757168 0.47934557045075965 0.4843405412991081 0.4889100130757168 0.48334557045075965 0.4883405412991081 9
2.5134746641512 0.4849022074704826 0.47932555398115156 0.48433881586531063 0.48890220747048263 0.48332555398115157 0.48833881586531064 9
2.5086238190325 0.48489450540841733 0.47930550758572776 0.4843371969400315 0.48889450540841733 0.48330550758572777 0.4883371969400315 9
2.5037894949393 0.4848869102187363 0.4792854667562985 0.48433566235463477 0.4888869102187363 0.4832854667562985 0.48833566235463477 9
2.4989719804881 0.48487942145497087 0.4792653494298103 0.48433430711318565 0.4888794214549709 0.4832653494298103 0.48833430711318565 9
2.494170052099 0.4848720273232561 0.4792451814779249 0.4843330699530904 0.48887202732325613 0.4832451814779249 0.4883330699530904 9
2.4893847562388 0.48486476256347427 0.47922495457420977 0.4843318952608971 0.4888647625634743 0.4832249545742098 0.4883318952608971 9
2.4846156269773 0.4848575931100075 0.4792046841389781 0.4843308048416129 0.4888575931100075 0.4832046841389781 0.4883308048416129 9
2.4798625773883 0.48485051244595334 0.47918439501836446 0.484329852507248 0.48885051244595334 0.48318439501836447 0.48832985250724803 9
2.4751255211489 0.4848434471934675 0.47916409082049877 0.4843290019990991 0.4888434471934675 0.48316409082049877 0.4883290019990991 9
2.4704033768436 0.4848364158775586 0.47914380312742855 0.4843282543806852 0.4888364158775586 0.48314380312742855 0.4883282543806852 9
2.4656944006767 0.48482947317877184 0.47912355975368043 0.4843275978032376 0.48882947317877185 0.48312355975368043 0.4883275978032376 9
2.4610011798268 0.4848226219392693 0.47910338482433384 0.48432710606740664 0.4888226219392693 0.48310338482433385 0.48832710606740665 9
2.4563236303684 0.48481591470252866 0.4790832719376891 0.4843267774537843 0.48881591470252866 0.48308327193768913 0.4883267774537843 9
2.4516616689886 0.48480939728301337 0.47906322835123266 0.4843266519917534 0.48880939728301337 0.48306322835123267 0.4883266519917534 9
2.4470152129814 0.48480304062340784 0.47904325988049995 0.4843267052652439 0.48880304062340785 0.48304325988049995 0.4883267052652439 9
2.4423841802423 0.48479682612352337 0.4790232631920925 0.4843268261132777 0.4887968261235234 0.4830232631920925 0.4883268261132777 9
2.4377684892626 0.48479081196435775 0.4790032583762029 0.4843270218185696 0.48879081196435775 0.4830032583762029 0.48832702181856963 9
2.4331680591238 0.4847849576280163 0.478983238909252 0.4843273481592778 0.4887849576280163 0.482983238909252 0.4883273481592778 9
2.4285828094924 0.4847792395822192 0.47896318518417935 0.48432779295035794 0.4887792395822192 0.48296318518417936 0.48832779295035794 9
2.4240126606145 0.4847737079638146 0.47894312162634717 0.4843283428339759 0.4887737079638146 0.48294312162634717 0.4883283428339759 9
2.4194538637357 0.48476831925138364 0.47892303092764177 0.4843289447988104 0.48876831925138364 0.48292303092764177 0.4883289447988104 9
2.4149100214879 0.48476304500487866 0.47890292158246667 0.48432965508307313 0.48876304500487866 0.48290292158246667 0.48832965508307313 9
2.4103810609851 0.48475784760466145 0.4788827882858244 0.4843304967107779 0.48875784760466146 0.4828827882858244 0.4883304967107779 9
2.4058669046355 0.4847527023585624 0.4788625879393188 0.48433148893779343 0.4887527023585624 0.4828625879393188 0.48833148893779343 9
2.4013674754015 0.48474762060898935 0.47884231211511946 0.48433262842378244 0.48874762060898935 0.48284231211511947 0.48833262842378244 9
2.3968826967951 0.4847426084417174 0.47882194393239275 0.4843339629739902 0.4887426084417174 0.48282194393239275 0.4883339629739902 9
2.3924124928724 0.48473764596921115 0.47880154809643655 0.4843354915487225 0.48873764596921115 0.48280154809643655 0.4883354915487225 9
2.3879567882294 0.48473279853821216 0.47878112915796817 0.4843372158499141 0.48873279853821217 0.48278112915796817 0.48833721584991413 9
2.3835155079962 0.4847280655475222 0.4787606556785845 0.4843391527008797 0.4887280655475222 0.4827606556785845 0.4883391527008797 9
2.3790885778332 0.4847234545372211 0.47874016376690104 0.4843412636760062 0.4887234545372211 0.48274016376690104 0.4883412636760062 9
2.3746739909274 0.4847189347073755 0.47871967156850576 0.4843435334769926 0.4887189347073755 0.48271967156850576 0.4883435334769926 9
2.3702718540798 0.4847144965376273 0.4786992641413593 0.484345975644131 0.48871449653762733 0.48269926414135933 0.488345975644131 9
2.365883864053 0.4847101264249541 0.47867890075086306 0.4843486347741088 0.4887101264249541 0.48267890075086306 0.4883486347741088 9
2.3615099484791 0.4847058915853433 0.47865859067527766 0.4843514748720951 0.4887058915853433 0.48265859067527767 0.4883514748720951 9
2.3571500354971 0.4847017966778566 0.47863832063413037 0.4843545441199756 0.4887017966778566 0.48263832063413037 0.4883545441199756 9
2.3528040537491 0.4846977979065781 0.47861805298747523 0.48435791974475595 0.4886977979065781 0.48261805298747523 0.48835791974475595 9
2.3484719323754 0.484693912959829 0.4785977778221233 0.48436165558933536 0.488693912959829 0.4825977778221233 0.48836165558933536 9
2.3441536010103 0.48469013963899044 0.4785775288700222 0.4843658671049508 0.48869013963899044 0.4825775288700222 0.4883658671049508 9
2.3398489897774 0.4846865344819142 0.47855737637404083 0.48437058818898676 0.4886865344819142 0.48255737637404084 0.48837058818898677 9
2.3355580292859 0.4846831574807043 0.478537284097186 0.48437579915524004 0.4886831574807043 0.482537284097186 0.48837579915524004 9
2.3312806506256 0.4846799355067475 0.4785171363546554 0.4843815826348395 0.4886799355067475 0.48251713635465543 0.4883815826348395 9
2.3270136617716 0.4846768742529253 0.47849694928984193 0.48438800016326466 0.48867687425292533 0.48249694928984194 0.48838800016326467 9
2.3227595414563 0.4846739768375837 0.47847678308134334 0.48439511173850225 0.4886739768375837 0.48247678308134334 0.48839511173850225 9
2.3185188154562 0.4846712465265931 0.47845662160170394 0.4844029469019623 0.4886712465265931 0.48245662160170394 0.4884029469019623 9
2.3142914166463 0.4846686899148134 0.47843648643373504 0.4844115326186424 0.4886686899148134 0.48243648643373505 0.4884115326186424 9
2.3100772783627 0.48466639272521844 0.4784163600053343 0.4844209429188853 0.48866639272521845 0.4824163600053343 0.4884209429188853 9
2.3058763343983 0.484664463313277 0.4783963329058584 0.48443127861900254 0.488664463313277 0.4823963329058584 0.48843127861900254 9
2.3016885189989 0.4846629428465762 0.4783764168976494 0.4844426064762862 0.4886629428465762 0.48237641689764943 0.4884426064762862 9
2.2975137668596 0.48466194614282554 0.47835667019325995 0.4844550905102883 0.48866194614282554 0.48235667019325995 0.4884550905102883 9
2.2933520131206 0.48466163031408704 0.4783371796130935 0.48446869742447973 0.48866163031408705 0.4823371796130935 0.48846869742447974 9
2.2892031933632 0.48466215109971683 0.4783181062037928 0.4844832453357854 0.48866215109971683 0.4823181062037928 0.4884832453357854 9
2.2850672436064 0.4846636636654407 0.4782996135472129 0.484498361664893 0.48866366366544073 0.4822996135472129 0.488498361664893 9
2.2809405558184 0.4846662823948431 0.47828191587854707 0.4845130061988014 0.4886662823948431 0.4822819158785471 0.4885130061988014 9
2.2768264373691 0.4846694240808325 0.47826498174814325 0.48452528327256367 0.4886694240808325 0.48226498174814325 0.48852528327256367 9
2.2727250156917 0.48467212989772 0.4782484341287891 0.4845340467793365 0.48867212989772 0.4822484341287891 0.4885340467793365 9
2.2686362284241 0.4846740023616186 0.47823214668467046 0.4845392805195667 0.4886740023616186 0.48223214668467046 0.4885392805195667 9
2.2645600136242 0.48467493295456643 0.47821597755260187 0.48454132554650187 0.48867493295456643 0.48221597755260187 0.48854132554650187 9
2.2604963097658 0.4846748341896362 0.4781998356523474 0.4845406803595184 0.4886748341896362 0.4821998356523474 0.4885406803595184 9
2.2564450557355 0.48467371707296114 0.4781835326558386 0.4845377016225079 0.48867371707296114 0.4821835326558386 0.4885377016225079 9
2.2524061908289 0.48467163495489807 0.47816705583217506 0.48453276074640234 0.48867163495489807 0.48216705583217506 0.48853276074640234 9
2.2483798948754 0.4846685956324791 0.47815038633133367 0.484526097098146 0.4886685956324791 0.48215038633133367 0.488526097098146 9
2.2443653875696 0.48466458355598707 0.47813343248438867 0.4845179922517073 0.4886645835559871 0.48213343248438867 0.4885179922517073 9
2.2403633298703 0.4846597089808796 0.4781161989871582 0.48450860779450794 0.4886597089808796 0.4821161989871582 0.48850860779450794 9
2.2363702512927 0.4846539411924766 0.4780987339460518 0.48449807268874234 0.4886539411924766 0.4820987339460518 0.48849807268874235 9
2.2323886957508 0.48464725203091813 0.4780810053000335 0.48448654543690634 0.48864725203091813 0.4820810053000335 0.48848654543690634 9
2.228419189411 0.484639733103611 0.47806301709407123 0.4844741630832218 0.48863973310361103 0.48206301709407123 0.4884741630832218 9
2.2244616742465 0.48463142612204135 0.4780448055377663 0.4844610189127159 0.48863142612204136 0.4820448055377663 0.4884610189127159 9
2.2205160926137 0.4846223025648503 0.4780264114826798 0.48444729755334204 0.4886223025648503 0.48202641148267983 0.48844729755334204 9
2.2165823872486 0.4846124246677496 0.47800776882438645 0.48443310627596153 0.4886124246677496 0.48200776882438645 0.48843310627596154 9
2.2126605012635 0.4846018025956014 0.47798891240721086 0.48441857103941804 0.48860180259560143 0.48198891240721087 0.48841857103941805 9
2.2087503781445 0.48459040539751336 0.47796990450407195 0.48440376216328906 0.48859040539751336 0.48196990450407196 0.48840376216328907 9
2.2048519617476 0.4845782323273045 0.4779509799469881 0.48438878496356536 0.4885782323273045 0.4819509799469881 0.48838878496356536 9
2.2009651962963 0.48456523323000655 0.4779322058344071 0.4843737126337163 0.48856523323000656 0.4819322058344071 0.4883737126337163 9
2.197090026378 0.4845514610459665 0.4779136575500373 0.4843586040309821 0.48855146104596653 0.4819136575500373 0.4883586040309821 9
2.1932244201332 0.4845371669138055 0.47789546499184254 0.4843436761457372 0.4885371669138055 0.48189546499184255 0.4883436761457372 9
2.1893685122466 0.4845229723654651 0.4778776707254283 0.48432908900027594 0.4885229723654651 0.4818776707254283 0.48832908900027594 9
2.1855240515174 0.4845094403430552 0.4778601586851961 0.4843149097247744 0.4885094403430552 0.4818601586851961 0.4883149097247744 9
2.1816909838723 0.4844968303886756 0.477842940646726 0.4843011793275521 0.4884968303886756 0.481842940646726 0.4883011793275521 9
2.1778692555878 0.4844849497966274 0.4778259766501139 0.4842879077948812 0.4884849497966274 0.4818259766501139 0.4882879077948812 9
2.1740588132877 0.48447332349549527 0.4778091497249381 0.48427456422407017 0.48847332349549527 0.4818091497249381 0.4882745642240702 9
2.1702596039401 0.4844616836171797 0.47779241854480214 0.4842609409621981 0.4884616836171797 0.48179241854480215 0.48826094096219813 9
2.1664715748545 0.4844502287122682 0.4777758625428666 0.4842474168779027 0.48845022871226823 0.4817758625428666 0.4882474168779027 9
2.162694673679 0.48443893672920574 0.4777592914943538 0.48423398565328835 0.48843893672920574 0.4817592914943538 0.48823398565328835 9
2.1589288483977 0.48442780135523017 0.47774261794547296 0.48422052229710566 0.4884278013552302 0.48174261794547296 0.48822052229710566 9
2.1551740473277 0.4844166611945787 0.47772587115270493 0.48420709523759864 0.4884166611945787 0.48172587115270493 0.48820709523759864 9
2.1514302191168 0.48440536927280853 0.47770899551826423 0.48419357172204314 0.48840536927280853 0.48170899551826424 0.48819357172204314 9
2.1476935887478 0.48439388297419345 0.47769206188077035 0.48417997014773145 0.48839388297419345 0.48169206188077035 0.48817997014773146 9
2.1439677772138 0.48438217106475284 0.477675207048853 0.4841663565706567 0.48838217106475285 0.481675207048853 0.4881663565706567 9
2.1402528018799 0.48437023396389894 0.4776584364453211 0.48415264199714597 0.48837023396389895 0.4816584364453211 0.488152641997146 9
2.1365486126047 0.48435808758702753 0.47764182539419514 0.4841389437126222 0.48835808758702753 0.48164182539419514 0.48813894371262223 9
2.1328551595646 0.4843458765326717 0.4776252805078108 0.48412549047838965 0.4883458765326717 0.4816252805078108 0.48812549047838966 9
2.1291723932513 0.48433367567792757 0.4776088387593369 0.4841122346031423 0.48833367567792757 0.4816088387593369 0.4881122346031423 9
2.1255002644696 0.4843214990983514 0.47759252617664005 0.4840991192652256 0.48832149909835143 0.48159252617664006 0.4880991192652256 9
2.1218387243342 0.4843093488973357 0.47757613422769557 0.4840859960616073 0.4883093488973357 0.4815761342276956 0.4880859960616073 9
2.118187724268 0.48429725427138975 0.47755956854730175 0.48407291100649136 0.48829725427138976 0.48155956854730175 0.48807291100649136 9
2.1145472159991 0.484285196082359 0.47754279736766814 0.4840599513619699 0.488285196082359 0.48154279736766814 0.4880599513619699 9
2.1109171515583 0.48427321566170567 0.4775258029154399 0.4840469899805619 0.4882732156617057 0.4815258029154399 0.4880469899805619 9
2.1072966550091 0.48426135575377033 0.47750867622438253 0.4840340129900392 0.48826135575377033 0.48150867622438254 0.4880340129900392 9
2.1036835284525 0.484249521521268 0.477491619640839 0.4840210345904624 0.488249521521268 0.48149161964083903 0.4880210345904624 9
2.1000807188935 0.4842377593977936 0.4774745780111505 0.48400810006523937 0.4882377593977936 0.4814745780111505 0.48800810006523937 9
2.0964881794689 0.48422600805408894 0.477457621092929 0.48399530224121545 0.48822600805408894 0.481457621092929 0.48799530224121546 9
2.0929058636071 0.48421424324130735 0.4774407754668169 0.4839825768424214 0.48821424324130736 0.4814407754668169 0.4879825768424214 9
2.0893337250261 0.48420256481540197 0.47742401819453717 0.48396993112885706 0.488202564815402 0.4814240181945372 0.48796993112885706 9
2.0857717177306 0.4841909957750295 0.4774073075335744 0.4839574549685326 0.4881909957750295 0.4814073075335744 0.4879574549685326 9
2.0822197960104 0.4841796233523839 0.47739069421237 0.48394497788822965 0.4881796233523839 0.48139069421237 0.48794497788822966 9
2.0786779144378 0.48416828139771706 0.47737410638616123 0.4839324417413948 0.48816828139771706 0.48137410638616124 0.48793244174139483 9
2.0751460278654 0.4841569727124399 0.4773576070964121 0.4839199481085032 0.4881569727124399 0.4813576070964121 0.4879199481085032 9
2.0716240914239 0.484145692147455 0.47734122971511017 0.48390754969875366 0.488145692147455 0.4813412297151102 0.48790754969875366 9
2.0681120605201 0.48413438431829675 0.47732494391354263 0.4838952391918327 0.48813438431829675 0.48132494391354264 0.4878952391918327 9
2.0646090298741 0.4841231427235048 0.47730877054826726 0.4838829733967119 0.4881231427235048 0.48130877054826726 0.4878829733967119 9
2.0611128517163 0.48411191397230896 0.4772926717249939 0.48387084427592675 0.48811191397230896 0.4812926717249939 0.48787084427592675 9
2.0576264620118 0.4841007234763323 0.4772766326901803 0.48385880256805 0.4881007234763323 0.4812766326901803 0.48785880256805 9
2.0541498171705 0.48408957178678635 0.4772606467438794 0.48384683061533756 0.48808957178678636 0.4812606467438794 0.48784683061533757 9
2.0506828738688 0.48407833998922783 0.47724463882554125 0.48383490800420004 0.48807833998922784 0.48124463882554125 0.48783490800420004 9
2.0472255890465 0.48406720409493253 0.47722863282528105 0.4838231031156974 0.48806720409493254 0.48122863282528106 0.4878231031156974 9
2.0437779199054 0.48405618128572614 0.4772126137383024 0.4838113819450803 0.48805618128572614 0.48121261373830243 0.4878113819450803 9
2.0403398239073 0.4840452520353429 0.47719659007616516 0.48379976526960794 0.4880452520353429 0.48119659007616516 0.48779976526960794 9
2.0369112587715 0.4840343449553682 0.4771806787405773 0.4837882220533236 0.4880343449553682 0.4811806787405773 0.4877882220533236 9
2.0334921824735 0.48402351041821845 0.47716481376622294 0.4837767548188305 0.48802351041821845 0.48116481376622294 0.4877767548188305 9
2.0300825532424 0.48401278923955093 0.47714908435153885 0.4837654208386923 0.48801278923955094 0.48114908435153886 0.4877654208386923 9
2.0266823295594 0.48400226634050125 0.4771335029368795 0.4837541626158772 0.48800226634050126 0.4811335029368795 0.48775416261587723 9
2.0232914664964 0.48399199464096115 0.4771180248011052 0.4837429949629912 0.48799199464096116 0.4811180248011052 0.4877429949629912 9
2.0199060829107 0.48398195885130335 0.4771025323402206 0.48373198445423765 0.48798195885130335 0.4811025323402206 0.48773198445423765 9
2.0165299966681 0.483972128804817 0.47708703287767074 0.4837210487095471 0.487972128804817 0.48108703287767074 0.4877210487095471 9
2.0131631671614 0.48396247282978455 0.47707156333930684 0.48371005133365036 0.48796247282978455 0.48107156333930684 0.48771005133365036 9
2.009805554027 0.4839530172095098 0.47705607434967645 0.48369906140363605 0.4879530172095098 0.48105607434967645 0.48769906140363606 9
2.0064571171418 0.4839436834890192 0.477040675372335 0.4836882480205569 0.48794368348901923 0.481040675372335 0.4876882480205569 9
2.0031178166226 0.48393447010998664 0.47702528768574753 0.4836776088954284 0.48793447010998664 0.48102528768574754 0.4876776088954284 9
