8.1330643194892 0.4879806685986394 0.4877983784096164 0.48954521145179475 0.4919806685986394 0.4917983784096164 0.49354521145179475 9
8.0818843214791 0.4879809926073408 0.48777089762239484 0.48953712773166314 0.4919809926073408 0.49177089762239484 0.49353712773166314 9
8.0314148869044 0.4879774560876342 0.48774314785453693 0.4895263586840434 0.4919774560876342 0.49174314785453693 0.4935263586840434 9
7.9816419161148 0.48797662533048514 0.4877175903874732 0.48951394601305814 0.49197662533048514 0.4917175903874732 0.49351394601305815 9
7.9325417101846 0.48796212094450947 0.48768772855298603 0.489492061266583 0.4919621209445095 0.49168772855298604 0.493492061266583 9
7.8841093256458 0.48794766011621377 0.48765797050996873 0.4894702530739606 0.49194766011621377 0.49165797050996873 0.4934702530739606 9
7.8363256870345 0.4879332658486538 0.48762830886057995 0.489448494073161 0.4919332658486538 0.49162830886057995 0.493448494073161 9
7.7891789670368 0.48791895462101703 0.48759881636880276 0.4894269149020659 0.49191895462101703 0.49159881636880276 0.4934269149020659 9
7.7426543516668 0.4879048803850095 0.4875693761802886 0.4894054828575164 0.4919048803850095 0.4915693761802886 0.4934054828575164 9
7.6967390981526 0.4878909534471218 0.487540060208234 0.48938406572605786 0.4918909534471218 0.491540060208234 0.49338406572605786 9
7.6514215382762 0.4878770707057431 0.4875108157928542 0.4893627384521989 0.4918770707057431 0.4915108157928542 0.4933627384521989 9
7.6066870985632 0.4878632667089512 0.48748161686886177 0.48934133693729653 0.4918632667089512 0.49148161686886177 0.49334133693729654 9
7.56252588351 0.4878495418079826 0.4874523863483536 0.48932002024477905 0.4918495418079826 0.4914523863483536 0.49332002024477906 9
7.5189257900861 0.4878359446194833 0.487423205788303 0.4892988222333613 0.4918359446194833 0.491423205788303 0.4932988222333613 9
7.4758742805379 0.4878221799043044 0.48739404556534266 0.4892776749076937 0.4918221799043044 0.49139404556534266 0.4932776749076937 9
7.4333621571324 0.4878085921435859 0.4873650200108514 0.48925668001797834 0.4918085921435859 0.4913650200108514 0.49325668001797834 9
7.3913774665521 0.48779511348844695 0.4873361057789474 0.48923563323670105 0.49179511348844696 0.49133610577894743 0.49323563323670105 9
7.349909823956 0.48778169345388395 0.4873071962911805 0.48921468385815914 0.49178169345388395 0.4913071962911805 0.49321468385815914 9
7.3089502830204 0.4877684496652782 0.48727847240842276 0.48919398038530576 0.4917684496652782 0.49127847240842276 0.49319398038530576 9
7.2684872391571 0.48775529491525826 0.48724979813386765 0.4891733063327291 0.49175529491525827 0.49124979813386765 0.4931733063327291 9
7.2285121024239 0.48774217752503424 0.48722115202682004 0.4891527258872902 0.49174217752503424 0.49122115202682004 0.4931527258872902 9
7.1890162272408 0.4877291062373628 0.48719249433839174 0.48913217275348436 0.4917291062373628 0.49119249433839174 0.49313217275348437 9
7.1499884119886 0.4877160572004704 0.48716387966686703 0.48911160925533764 0.4917160572004704 0.49116387966686703 0.49311160925533765 9
7.1114215058699 0.4877030335998274 0.48713539296454467 0.48909124092309636 0.4917030335998274 0.49113539296454467 0.49309124092309636 9
7.0733072276286 0.4876901496040994 0.48710698107306993 0.48907092653268863 0.4916901496040994 0.49110698107306994 0.49307092653268864 9
7.0356348473542 0.48767734635653215 0.4870785374419206 0.48905069877245655 0.49167734635653215 0.4910785374419206 0.49305069877245655 9
6.9984018395066 0.4876646715659629 0.48705021171108037 0.48903053938751706 0.4916646715659629 0.4910502117110804 0.49303053938751706 9
6.9615897368687 0.48765213997771545 0.48702197406152453 0.4890104726262737 0.49165213997771545 0.49102197406152454 0.4930104726262737 9
6.9251989919202 0.4876396743053205 0.4869937195154218 0.4889904820916165 0.4916396743053205 0.4909937195154218 0.4929904820916165 9
6.889220717047 0.48762729197012844 0.48696540985415193 0.4889706114353002 0.49162729197012844 0.49096540985415194 0.4929706114353002 9
6.8536476043573 0.4876149299290364 0.4869370807918236 0.48895085950788614 0.4916149299290364 0.4909370807918236 0.49295085950788614 9
6.8184701284878 0.4876026295749547 0.486908848141258 0.4889309961309922 0.4916026295749547 0.490908848141258 0.4929309961309922 9
6.7836833043465 0.48759028938959875 0.4868806457074772 0.4889112123155562 0.49159028938959876 0.4908806457074772 0.4929112123155562 9
6.7492804580935 0.48757775785845137 0.486852481125879 0.48889163251638507 0.49157775785845137 0.490852481125879 0.49289163251638507 9
6.7152528236759 0.48756530832345973 0.48682449019892354 0.4888720152243324 0.49156530832345974 0.49082449019892355 0.4928720152243324 9
6.6815954030677 0.48755295493908296 0.48679654705344005 0.4888525173612531 0.49155295493908296 0.49079654705344006 0.49285251736125313 9
6.6483022721564 0.4875406950870258 0.4867687020507464 0.488833049162292 0.4915406950870258 0.4907687020507464 0.492833049162292 9
6.6153655461906 0.4875285285026643 0.48674097167126285 0.48881357138743997 0.4915285285026643 0.49074097167126285 0.49281357138744 9
6.58277983259 0.4875163457379157 0.48671331570863924 0.48879407813272524 0.4915163457379157 0.49071331570863924 0.49279407813272524 9
6.5505400847295 0.4875042496465707 0.48668565038692324 0.4887745895446915 0.4915042496465707 0.49068565038692324 0.4927745895446915 9
6.5186394340621 0.4874922211051261 0.48665803783377015 0.4887550621564584 0.4914922211051261 0.49065803783377016 0.4927550621564584 9
6.4870717002914 0.48748016334229105 0.4866302903572257 0.4887355636198861 0.49148016334229105 0.4906302903572257 0.49273556361988613 9
6.455832854524 0.48746803187992627 0.4866025102654544 0.4887160701730308 0.49146803187992627 0.49060251026545443 0.4927160701730308 9
6.4249171923139 0.4874560228826542 0.4865748606780616 0.48869649996476067 0.4914560228826542 0.4905748606780616 0.49269649996476067 9
6.394317339037 0.4874441028078344 0.4865472064038775 0.4886770544566964 0.4914441028078344 0.4905472064038775 0.4926770544566964 9
6.3640304364049 0.4874320409684851 0.4865194890890486 0.4886576331136625 0.4914320409684851 0.4905194890890486 0.4926576331136625 9
6.3340513962328 0.48741992957824154 0.48649182872313274 0.4886382776942775 0.49141992957824154 0.49049182872313274 0.4926382776942775 9
6.3043733543713 0.48740795042781454 0.4864642308346948 0.4886188431864821 0.49140795042781454 0.4904642308346948 0.4926188431864821 9
6.2749926621466 0.4873958078555515 0.4864367847002799 0.48859944076504824 0.4913958078555515 0.4904367847002799 0.49259944076504825 9
6.2459052693099 0.4873835039175757 0.48640948705934905 0.48858006462973136 0.4913835039175757 0.49040948705934906 0.49258006462973136 9
6.2171057683393 0.48737117016369047 0.48638218964232804 0.48856067402457876 0.4913711701636905 0.49038218964232805 0.49256067402457876 9
6.1885885138638 0.48735878692827705 0.48635492785746326 0.48854140811601443 0.49135878692827706 0.49035492785746326 0.49254140811601443 9
6.1603509286601 0.4873462552313667 0.48632783909763283 0.4885221999975878 0.4913462552313667 0.49032783909763283 0.4925221999975878 9
6.1323886514927 0.4873336744044803 0.4863009455553298 0.4885029773325206 0.4913336744044803 0.4903009455553298 0.49250297733252063 9
6.104695379329 0.4873209169067487 0.48627429703660735 0.4884837650673934 0.49132091690674873 0.49027429703660735 0.4924837650673934 9
6.0772684074498 0.4873081350636755 0.486247839703411 0.4884645272370517 0.4913081350636755 0.490247839703411 0.4924645272370517 9
6.0501042425386 0.48729521403976517 0.4862215376961439 0.48844528032577383 0.49129521403976517 0.4902215376961439 0.49244528032577384 9
6.0231983798081 0.4872822084512423 0.4861953166425814 0.4884259133326784 0.4912822084512423 0.4901953166425814 0.4924259133326784 9
5.9965475703719 0.4872691385249809 0.48616912410706864 0.48840652036509413 0.4912691385249809 0.49016912410706864 0.49240652036509414 9
5.9701432208965 0.48725591814130803 0.48614310894788954 0.4883870141089195 0.49125591814130803 0.49014310894788954 0.4923870141089195 9
5.9439884934335 0.48724258334028364 0.486117394519411 0.48836739523816364 0.49124258334028365 0.490117394519411 0.49236739523816364 9
5.9180759873356 0.48722918459869907 0.4860917530293128 0.4883477747142599 0.4912291845986991 0.4900917530293128 0.4923477747142599 9
5.89240226686 0.48721573817678326 0.48606616444433776 0.48832807436733766 0.49121573817678327 0.49006616444433776 0.49232807436733766 9
5.8669650638089 0.487202277693493 0.4860407679631867 0.48830838390300274 0.491202277693493 0.4900407679631867 0.49230838390300274 9
5.8417609124107 0.48718889354575934 0.48601562920495267 0.4882886231694824 0.49118889354575934 0.4900156292049527 0.4922886231694824 9
5.8167842956069 0.48717551432981476 0.4859906807004269 0.4882687939166767 0.49117551432981477 0.4899906807004269 0.4922687939166767 9
5.7920334747095 0.4871619182185794 0.48596574893000644 0.4882490504855415 0.4911619182185794 0.48996574893000644 0.4922490504855415 9
5.767505751253 0.4871482145827491 0.48594092264528904 0.48822940190223113 0.4911482145827491 0.48994092264528905 0.49222940190223113 9
5.7431979262941 0.48713464803336576 0.4859164208364872 0.48820976585129544 0.49113464803336576 0.4899164208364872 0.49220976585129544 9
5.7191042306574 0.487121082078823 0.4858921946527018 0.48819017872389725 0.491121082078823 0.4898921946527018 0.49219017872389725 9
5.695224191153 0.4871076103326252 0.4858684434831606 0.4881705418674617 0.4911076103326252 0.4898684434831606 0.49217054186746173 9
5.6715548563947 0.48709440778264684 0.48584489128407005 0.48815081200452 0.49109440778264685 0.48984489128407005 0.49215081200452 9
5.6480930437119 0.48708130162404484 0.48582139047536704 0.4881312762058248 0.49108130162404484 0.48982139047536705 0.4921312762058248 9
5.6248335895041 0.4870681608392054 0.4857980266249054 0.4881118094008609 0.4910681608392054 0.4897980266249054 0.4921118094008609 9
5.6017761687059 0.48705507027452866 0.4857747634235872 0.48809226261180305 0.49105507027452866 0.4897747634235872 0.49209226261180306 9
5.5789179892623 0.48704204390312944 0.4857514012663911 0.4880726923432155 0.49104204390312944 0.4897514012663911 0.4920726923432155 9
5.5562560161217 0.4870292037778053 0.48572798310753296 0.488053130909335 0.4910292037778053 0.48972798310753296 0.492053130909335 9
5.5337854228291 0.48701653672663425 0.48570460487143985 0.48803341541739226 0.49101653672663426 0.48970460487143985 0.49203341541739226 9
5.5115060388609 0.4870039180755996 0.4856814236414571 0.48801352705445405 0.4910039180755996 0.4896814236414571 0.49201352705445406 9
5.4894152752971 0.4869913270343627 0.48565853481511095 0.48799354372784975 0.4909913270343627 0.48965853481511096 0.49199354372784976 9
5.4675104519837 0.48697875236966753 0.48563597769028083 0.4879735126089247 0.49097875236966754 0.48963597769028083 0.4919735126089247 9
5.4457866023531 0.48696657158485923 0.48561370077699895 0.4879534599694791 0.49096657158485923 0.48961370077699895 0.4919534599694791 9
5.4242439216841 0.48695466938616894 0.4855915146485576 0.4879334800054886 0.49095466938616894 0.4895915146485576 0.4919334800054886 9
5.4028800057157 0.4869431074453571 0.4855696223660005 0.4879136019131853 0.49094310744535713 0.4895696223660005 0.4919136019131853 9
5.3816924938323 0.48693180439835504 0.48554788095739504 0.4878938242722856 0.49093180439835504 0.48954788095739504 0.4918938242722856 9
5.3606765485932 0.48692063699557436 0.4855263380506771 0.48787408307374525 0.49092063699557437 0.4895263380506771 0.49187408307374525 9
5.3398321903059 0.4869096760404466 0.48550502512273763 0.48785435352613893 0.4909096760404466 0.48950502512273764 0.49185435352613893 9
5.3191574374925 0.4868988886090637 0.485483920674851 0.4878345600140999 0.4908988886090637 0.489483920674851 0.4918345600140999 9
5.2986500938818 0.4868883660058104 0.4854630129482125 0.4878147969858505 0.49088836600581043 0.4894630129482125 0.4918147969858505 9
5.2783060983026 0.48687809979416646 0.48544220978937686 0.487795134898743 0.49087809979416647 0.48944220978937686 0.491795134898743 9
5.2581243704102 0.4868680482592428 0.4854214877516187 0.48777569004746907 0.4908680482592428 0.4894214877516187 0.49177569004746907 9
5.2381037238371 0.4868582232673767 0.4854009725299316 0.48775651519066837 0.4908582232673767 0.4894009725299316 0.4917565151906684 9
5.2182421123361 0.48684872729954065 0.48538073784251906 0.48773768138729284 0.49084872729954065 0.48938073784251906 0.49173768138729285 9
5.1985364939115 0.4868396445793953 0.48536046835130203 0.4877192423293818 0.49083964457939533 0.48936046835130204 0.4917192423293818 9
5.1789841577134 0.48683105137287846 0.48534026937516533 0.4877010286385067 0.49083105137287847 0.48934026937516534 0.4917010286385067 9
5.1595849588013 0.48682279816477375 0.485320201724281 0.4876830327172938 0.49082279816477375 0.489320201724281 0.4916830327172938 9
5.1403369881188 0.4868146819296658 0.485300139747323 0.48766522489749786 0.4908146819296658 0.489300139747323 0.49166522489749787 9
5.1212383691729 0.48680666242623577 0.4852800481008289 0.487647593351706 0.4908066624262358 0.4892800481008289 0.491647593351706 9
5.1022845388415 0.4867987954023672 0.4852597656243846 0.48762996062110325 0.4907987954023672 0.4892597656243846 0.49162996062110326 9
5.0834763219681 0.4867912334499588 0.4852393352279654 0.4876123790127262 0.4907912334499588 0.4892393352279654 0.4916123790127262 9
5.0648120457982 0.4867837749473123 0.48521869201182827 0.48759486663767776 0.4907837749473123 0.48921869201182827 0.49159486663767776 9
5.0462899568069 0.4867762498742447 0.48519783237937086 0.48757750261504773 0.49077624987424473 0.48919783237937087 0.49157750261504773 9
5.027907003054 0.48676867609315716 0.48517675176028796 0.48756019417730423 0.49076867609315716 0.48917675176028796 0.49156019417730423 9
5.0096613111284 0.4867611861468791 0.4851556099856704 0.48754290232181346 0.4907611861468791 0.4891556099856704 0.49154290232181347 9
4.9915537094735 0.4867538006362817 0.4851347173486106 0.4875257245803881 0.4907538006362817 0.4891347173486106 0.4915257245803881 9
4.9735796746086 0.4867464245012354 0.4851140500770318 0.4875086992559443 0.4907464245012354 0.4891140500770318 0.4915086992559443 9
4.9557404757496 0.4867390920459648 0.4850934479831225 0.4874919494808147 0.49073909204596483 0.4890934479831225 0.4914919494808147 9
4.9380310525019 0.48673170898509566 0.485072802920541 0.4874754386436749 0.49073170898509566 0.489072802920541 0.4914754386436749 9
4.9204520263699 0.4867242689472889 0.4850520465675847 0.4874590714689572 0.4907242689472889 0.4890520465675847 0.4914590714689572 9
4.9030022186814 0.48671680683119944 0.48503128133625933 0.4874427221531839 0.49071680683119945 0.48903128133625934 0.4914427221531839 9
4.8856801172535 0.4867092801278792 0.485010513535005 0.48742634763361886 0.4907092801278792 0.489010513535005 0.49142634763361887 9
4.8684836794612 0.4867020107225326 0.4849897854314866 0.4874099194579907 0.4907020107225326 0.4889897854314866 0.49140991945799073 9
4.8514096704994 0.48669498019984625 0.4849690454585861 0.48739349403534676 0.49069498019984625 0.4889690454585861 0.49139349403534677 9
4.834459003746 0.4866881415619651 0.4849482641049578 0.48737705696340894 0.4906881415619651 0.4889482641049578 0.49137705696340894 9
4.8176302606012 0.4866814115611353 0.4849275786002966 0.487360460321399 0.4906814115611353 0.4889275786002966 0.491360460321399 9
4.8009220447965 0.4866746608469351 0.4849069876006016 0.48734354561211074 0.4906746608469351 0.4889069876006016 0.49134354561211074 9
4.784331787004 0.48666796553795405 0.4848865099395804 0.4873265273396709 0.49066796553795405 0.4888865099395804 0.4913265273396709 9
4.7678576311648 0.4866613122931658 0.48486626906654073 0.4873095301373725 0.4906613122931658 0.48886626906654074 0.4913095301373725 9
4.7514999721025 0.4866546977579197 0.4848463628703654 0.4872927287245191 0.4906546977579197 0.4888463628703654 0.4912927287245191 9
4.7352574981467 0.48664809289252065 0.4848267006138315 0.4872760915629676 0.49064809289252065 0.4888267006138315 0.4912760915629676 9
4.719128917842 0.4866415217604456 0.4848074731030093 0.4872594781543489 0.4906415217604456 0.4888074731030093 0.4912594781543489 9
4.7031114062749 0.48663492709465417 0.4847884799888229 0.4872428326798661 0.49063492709465417 0.4887884799888229 0.4912428326798661 9
4.6872039085764 0.48662834323848964 0.4847695878195851 0.4872260186951461 0.49062834323848964 0.4887695878195851 0.4912260186951461 9
4.6714065757758 0.4866218042150032 0.4847508768682552 0.487209045274227 0.4906218042150032 0.4887508768682552 0.491209045274227 9
4.6557181930564 0.4866153531642106 0.4847325880863858 0.48719200944282026 0.4906153531642106 0.4887325880863858 0.49119200944282027 9
4.6401375639397 0.48660899617000947 0.48471456956295556 0.48717488010155824 0.49060899617000947 0.48871456956295556 0.49117488010155824 9
4.6246618908247 0.4866028726194228 0.48469657169449515 0.48715790527248787 0.4906028726194228 0.48869657169449515 0.49115790527248787 9
4.609290322647 0.48659688361071135 0.4846786413794628 0.48714116605415425 0.49059688361071135 0.4886786413794628 0.49114116605415425 9
4.5940230530324 0.48659113790063174 0.4846607071710799 0.48712456972179097 0.49059113790063175 0.4886607071710799 0.49112456972179097 9
4.5788589550727 0.4865856425538866 0.48464274270180513 0.487108038844737 0.4905856425538866 0.48864274270180513 0.491108038844737 9
4.5637969185282 0.4865805061896849 0.4846247316308636 0.48709157532595226 0.4905805061896849 0.4886247316308636 0.49109157532595227 9
4.5488344688364 0.48657565237749933 0.48460672861158366 0.4870751196789675 0.49057565237749934 0.48860672861158366 0.4910751196789675 9
4.5339703389387 0.4865709816165846 0.48458887573077053 0.4870586314208602 0.4905709816165846 0.48858887573077053 0.4910586314208602 9
4.5192050641501 0.4865665096567872 0.4845711664594446 0.4870421182746515 0.4905665096567872 0.4885711664594446 0.4910421182746515 9
4.5045375975085 0.4865621438912066 0.4845535644241566 0.48702561511079584 0.4905621438912066 0.4885535644241566 0.49102561511079584 9
4.4899669072332 0.486557935383708 0.4845360735796559 0.4870092589689274 0.490557935383708 0.4885360735796559 0.4910092589689274 9
4.4754911514238 0.4865539197501428 0.48451883470606427 0.4869931535600775 0.4905539197501428 0.4885188347060643 0.4909931535600775 9
4.4611080022545 0.4865502814205127 0.48450161262501135 0.4869770437450806 0.4905502814205127 0.48850161262501135 0.4909770437450806 9
4.4468186496149 0.4865469727820134 0.4844842640552225 0.4869609639924988 0.4905469727820134 0.4884842640552225 0.4909609639924988 9
4.4326221193866 0.48654397200187227 0.48446680724614677 0.4869449503045048 0.4905439720018723 0.4884668072461468 0.4909449503045048 9
4.4185174513027 0.48654130604091556 0.4844492863681534 0.4869289051357568 0.49054130604091556 0.4884492863681534 0.4909289051357568 9
4.4045036986985 0.4865389529741902 0.4844317347476185 0.4869127400945721 0.4905389529741902 0.48843173474761853 0.4909127400945721 9
4.3905769868197 0.48653693125764574 0.4844141827270995 0.4868965252587517 0.49053693125764575 0.4884141827270995 0.4908965252587517 9
4.3767393017845 0.4865352579366468 0.4843966659478659 0.4868803976608542 0.4905352579366468 0.4883966659478659 0.49088039766085423 9
4.3629897980136 0.4865338615251364 0.4843790099965281 0.48686430517235435 0.4905338615251364 0.4883790099965281 0.49086430517235435 9
4.3493275805421 0.48653273961212107 0.4843611865973182 0.4868482868251345 0.49053273961212107 0.4883611865973182 0.4908482868251345 9
4.3357517668425 0.4865319051062427 0.48434340252801555 0.48683237781671546 0.4905319051062427 0.48834340252801556 0.49083237781671546 9
4.3222597483625 0.48653136943126835 0.48432560449368717 0.48681651741373183 0.49053136943126835 0.48832560449368717 0.49081651741373183 9
4.3088511357715 0.4865310894375852 0.48430769548225994 0.4868006406591674 0.4905310894375852 0.48830769548225994 0.4908006406591674 9
4.2955263781795 0.4865310556467597 0.4842896233649253 0.4867846406077224 0.4905310556467597 0.4882896233649253 0.4907846406077224 9
4.2822846403544 0.48653119950533213 0.4842713926437541 0.486768599600294 0.49053119950533214 0.4882713926437541 0.490768599600294 9
4.2691250984564 0.4865314811318453 0.4842529729796346 0.48675262373312417 0.4905314811318453 0.4882529729796346 0.49075262373312417 9
4.256046765488 0.48653212633618237 0.4842342928221144 0.4867368174799565 0.4905321263361824 0.4882342928221144 0.4907368174799565 9
4.2430461473216 0.48653313023055045 0.4842153509319856 0.486721188543754 0.49053313023055045 0.4882153509319856 0.490721188543754 9
4.230125346118 0.4865344318136727 0.4841961627181848 0.48670575581706343 0.4905344318136727 0.4881961627181848 0.49070575581706344 9
4.2172835813756 0.48653582703656273 0.4841768657118637 0.4866906212216574 0.49053582703656273 0.4881768657118637 0.4906906212216574 9
4.2045200830444 0.48653729250947425 0.4841573816803084 0.4866756115415111 0.49053729250947425 0.4881573816803084 0.4906756115415111 9
4.1918340913492 0.4865390229997419 0.4841376729739023 0.4866606021953957 0.4905390229997419 0.4881376729739023 0.4906606021953957 9
4.1792235471624 0.48654097503805166 0.4841176558710833 0.4866456512521868 0.49054097503805166 0.4881176558710833 0.4906456512521868 9
4.1666872780132 0.48654312519796145 0.4840973408896541 0.48663085592254324 0.49054312519796145 0.4880973408896541 0.49063085592254324 9
4.1542263217858 0.48654547538037585 0.48407670260496466 0.48661628509654137 0.49054547538037585 0.48807670260496466 0.49061628509654137 9
4.1418399578098 0.48654791659141094 0.48405564812006646 0.4866019631663514 0.49054791659141095 0.48805564812006647 0.4906019631663514 9
4.1295274748596 0.4865503354356624 0.48403412806806423 0.4865878738476883 0.4905503354356624 0.48803412806806423 0.4905878738476883 9
4.1172881709967 0.4865528360569485 0.4840121265654587 0.4865739107872013 0.4905528360569485 0.4880121265654587 0.4905739107872013 9
4.1051192542267 0.48655554737284246 0.48398969723671476 0.4865600272903413 0.49055554737284246 0.48798969723671476 0.4905600272903413 9
4.0930211737232 0.48655835093004457 0.4839669388978371 0.4865462281141046 0.4905583509300446 0.4879669388978371 0.4905462281141046 9
4.0809942459588 0.4865611308881026 0.48394375869283984 0.48653262797761837 0.4905611308881026 0.48794375869283985 0.4905326279776184 9
4.0690378043587 0.48656394394114144 0.48392021731732093 0.48651920927950015 0.49056394394114144 0.48792021731732094 0.49051920927950016 9
4.0571511909009 0.4865667216554008 0.48389637696364735 0.48650595285161735 0.49056672165540083 0.48789637696364735 0.49050595285161736 9
4.0453337559766 0.48656955639466554 0.48387216599693467 0.48649291476052914 0.49056955639466554 0.48787216599693467 0.49049291476052914 9
4.0335823263733 0.4865724783180642 0.483847493434572 0.48648003201845635 0.4905724783180642 0.487847493434572 0.49048003201845636 9
4.021898250315 0.48657531807611387 0.48382230062336323 0.48646734490706967 0.4905753180761139 0.48782230062336324 0.49046734490706967 9
4.0102814779793 0.48657806210061866 0.48379666834422974 0.48645482878459134 0.49057806210061866 0.48779666834422974 0.49045482878459135 9
3.9987324166792 0.4865807627316172 0.483770597546265 0.48644238905243564 0.4905807627316172 0.487770597546265 0.49044238905243565 9
