6.05010507006 0.502841 0.494867 0.494466 0.508841 0.500867 0.500466 8
6.02319862032 0.502855 0.494897 0.494447 0.508855 0.500897 0.500447 8
5.99654864503 0.502866 0.494928 0.494428 0.508866 0.500928 0.500428 8
5.97014439277 0.502876 0.494956 0.494407 0.508876 0.500956 0.500407 8
5.9439890382 0.502885 0.494987 0.494386 0.508885 0.500987 0.500386 8
5.91807660047 0.502895 0.495019 0.494363 0.508895 0.501019 0.500363 8
5.89240348214 0.50291 0.495054 0.494342 0.50891 0.501054 0.500342 8
5.86696615838 0.502923 0.495082 0.494325 0.508923 0.501082 0.500325 8
5.84176117534 0.502935 0.495111 0.494306 0.508935 0.501111 0.500306 8
5.81678514836 0.502948 0.495139 0.494289 0.508948 0.501139 0.500289 8
5.79203476016 0.502958 0.495168 0.494268 0.508958 0.501168 0.500268 8
5.76750675919 0.502969 0.495199 0.494247 0.508969 0.501199 0.500247 8
5.74319795799 0.50298 0.495231 0.494226 0.50898 0.501231 0.500226 8
5.71910523154 0.502994 0.495261 0.494205 0.508994 0.501261 0.500205 8
5.69522551575 0.503009 0.49529 0.494186 0.509009 0.50129 0.500186 8
5.67155580594 0.503024 0.495319 0.494167 0.509024 0.501319 0.500167 8
5.64809315541 0.503038 0.495345 0.494148 0.509038 0.501345 0.500148 8
5.62483467398 0.503051 0.495372 0.494128 0.509051 0.501372 0.500128 8
5.60177752664 0.503064 0.495399 0.494108 0.509064 0.501399 0.500108 8
5.57891893223 0.503076 0.495422 0.494087 0.509076 0.501422 0.500087 8
5.55625616212 0.503087 0.495454 0.494062 0.509087 0.501454 0.500062 8
5.53378653897 0.503106 0.49549 0.494039 0.509106 0.50149 0.500039 8
5.5115074355 0.503125 0.495527 0.49402 0.509125 0.501527 0.50002 8
5.48941627331 0.503143 0.495561 0.494001 0.509143 0.501561 0.500001 8
5.46751052172 0.503162 0.495593 0.493982 0.509162 0.501593 0.499982 8
5.44578769668 0.503177 0.495626 0.493963 0.509177 0.501626 0.499963 8
5.42424535963 0.503192 0.49566 0.493942 0.509192 0.50166 0.499942 8
5.40288111651 0.503209 0.495694 0.493921 0.509209 0.501694 0.499921 8
5.38169261666 0.503225 0.495729 0.4939 0.509225 0.501729 0.4999 8
5.36067755189 0.503246 0.495767 0.493875 0.509246 0.501767 0.499875 8
5.33983365548 0.503263 0.495803 0.493852 0.509263 0.501803 0.499852 8
5.3191587012 0.50328 0.495837 0.493827 0.50928 0.501837 0.499827 8
5.29865050248 0.503295 0.495874 0.4938 0.509295 0.501874 0.4998 8
5.27830691142 0.503309 0.495906 0.493774 0.509309 0.501906 0.499774 8
5.25812581801 0.503322 0.49594 0.493749 0.509322 0.50194 0.499749 8
5.2381051492 0.503337 0.495975 0.493724 0.509337 0.501975 0.499724 8
5.21824286815 0.503351 0.496007 0.493701 0.509351 0.502007 0.499701 8
5.19853697339 0.50336 0.496038 0.49368 0.50936 0.502038 0.49968 8
5.17898549807 0.503371 0.49607 0.493657 0.509371 0.50207 0.499657 8
5.15958650916 0.503383 0.496103 0.493636 0.509383 0.502103 0.499636 8
5.14033810674 0.503392 0.496135 0.493614 0.509392 0.502135 0.499614 8
5.1212384233 0.503404 0.496166 0.493594 0.509404 0.502166 0.499594 8
5.102285623 0.503413 0.496196 0.493575 0.509413 0.502196 0.499575 8
5.08347790102 0.503423 0.496228 0.493554 0.509423 0.502228 0.499554 8
5.06481348287 0.503433 0.496259 0.493535 0.509433 0.502259 0.499535 8
5.04629062378 0.503442 0.49629 0.493516 0.509442 0.50229 0.499516 8
5.02790760803 0.50345 0.496318 0.493497 0.50945 0.502318 0.499497 8
5.00966274837 0.503459 0.496349 0.493476 0.509459 0.502349 0.499476 8
4.99155534646 0.503469 0.496377 0.493457 0.509469 0.502377 0.499457 8
4.97358088686 0.503478 0.496404 0.49344 0.509478 0.502404 0.49944 8
4.95574064767 0.503488 0.496431 0.493421 0.509488 0.502431 0.499421 8
4.93803208824 0.503495 0.496457 0.493402 0.509495 0.502457 0.499402 8
4.92045365504 0.503505 0.496484 0.493383 0.509505 0.502484 0.499383 8
4.90300381948 0.503515 0.496509 0.493366 0.509515 0.502509 0.499366 8
4.88568107758 0.503526 0.496534 0.493348 0.509526 0.502534 0.499348 8
4.86848394941 0.503537 0.49656 0.493329 0.509537 0.50256 0.499329 8
4.85141097864 0.503549 0.496583 0.493314 0.509549 0.502583 0.499314 8
4.83446073204 0.503562 0.496608 0.493295 0.509562 0.502608 0.499295 8
4.81763179903 0.503577 0.496633 0.493278 0.509577 0.502633 0.499278 8
4.80092279121 0.503593 0.49666 0.493261 0.509593 0.50266 0.499261 8
4.78433234194 0.503606 0.496688 0.49324 0.509606 0.502688 0.49924 8
4.76785910589 0.503621 0.496717 0.493217 0.509621 0.502717 0.499217 8
4.75150175863 0.503637 0.496745 0.493194 0.509637 0.502745 0.499194 8
4.7352589962 0.50365 0.496774 0.493169 0.50965 0.502774 0.499169 8
4.71912953474 0.503661 0.496801 0.493144 0.509661 0.502801 0.499144 8
4.70311211006 0.503673 0.496829 0.493118 0.509673 0.502829 0.499118 8
4.68720547731 0.503684 0.496856 0.493091 0.509684 0.502856 0.499091 8
4.67140841054 0.503694 0.496883 0.493064 0.509694 0.502883 0.499064 8
4.65571970238 0.503703 0.496909 0.493037 0.509703 0.502909 0.499037 8
4.64013816369 0.503711 0.496936 0.493009 0.509711 0.502936 0.499009 8
4.62466262316 0.503719 0.496963 0.492984 0.509719 0.502963 0.498984 8
4.60929192703 0.503726 0.496988 0.492955 0.509726 0.502988 0.498955 8
4.59402493874 0.503734 0.497012 0.492929 0.509734 0.503012 0.498929 8
4.57886053856 0.50374 0.497039 0.492902 0.50974 0.503039 0.498902 8
4.56379762334 0.503745 0.497064 0.492875 0.509745 0.503064 0.498875 8
4.54883510616 0.503753 0.497089 0.492849 0.509753 0.503089 0.498849 8
4.53397191604 0.503759 0.497112 0.492822 0.509759 0.503112 0.498822 8
4.51920699764 0.503763 0.497136 0.492795 0.509763 0.503136 0.498795 8
4.50453931097 0.503766 0.497159 0.492769 0.509766 0.503159 0.498769 8
4.4899678311 0.50377 0.497182 0.492746 0.50977 0.503182 0.498746 8
4.47549154791 0.503774 0.497207 0.492723 0.509774 0.503207 0.498723 8
4.46110946578 0.503782 0.49723 0.492698 0.509782 0.50323 0.498698 8
4.44682060335 0.503787 0.497255 0.492673 0.509787 0.503255 0.498673 8
4.43262399328 0.503793 0.497279 0.492646 0.509793 0.503279 0.498646 8
4.41851868194 0.503799 0.497304 0.492622 0.509799 0.503304 0.498622 8
4.40450372922 0.503806 0.497327 0.492595 0.509806 0.503327 0.498595 8
4.39057820826 0.503812 0.497352 0.492568 0.509812 0.503352 0.498568 8
4.37674120521 0.503818 0.497375 0.492542 0.509818 0.503375 0.498542 8
4.36299181901 0.503824 0.4974 0.492513 0.509824 0.5034 0.498513 8
4.34932916116 0.503827 0.497422 0.492486 0.509827 0.503422 0.498486 8
4.3357523555 0.503833 0.497447 0.492461 0.509833 0.503447 0.498461 8
4.32226053798 0.503841 0.497474 0.492435 0.509841 0.503474 0.498435 8
4.30885285647 0.503846 0.497501 0.492408 0.509846 0.503501 0.498408 8
4.29552847053 0.503854 0.497525 0.492381 0.509854 0.503525 0.498381 8
4.28228655122 0.50386 0.497552 0.492353 0.50986 0.503552 0.498353 8
4.26912628089 0.503864 0.497579 0.492324 0.509864 0.503579 0.498324 8
4.256046853 0.503867 0.497604 0.492296 0.509867 0.503604 0.498296 8
4.24304747191 0.503869 0.49763 0.492267 0.509869 0.50363 0.498267 8
4.23012735271 0.503873 0.497655 0.492238 0.509873 0.503655 0.498238 8
4.21728572103 0.503873 0.49768 0.49221 0.509873 0.50368 0.49821 8
4.20452181286 0.503873 0.497705 0.492179 0.509873 0.503705 0.498179 8
4.19183487436 0.503871 0.49773 0.492152 0.509871 0.50373 0.498152 8
4.17922416173 0.503867 0.497754 0.492126 0.509867 0.503754 0.498126 8
4.16668894099 0.503866 0.497777 0.492099 0.509866 0.503777 0.498099 8
4.15422848784 0.503862 0.4978 0.492076 0.509862 0.5038 0.498076 8
4.14184208752 0.50386 0.497825 0.492053 0.50986 0.503825 0.498053 8
4.12952903459 0.503856 0.49785 0.492028 0.509856 0.50385 0.498028 8
4.11728863285 0.503854 0.497875 0.492008 0.509854 0.503875 0.498008 8
4.10512019513 0.50385 0.497897 0.491985 0.50985 0.503897 0.497985 8
4.09302304316 0.503848 0.497922 0.491966 0.509848 0.503922 0.497966 8
4.08099650744 0.503846 0.497947 0.491945 0.509846 0.503947 0.497945 8
4.06903992706 0.503845 0.49797 0.491925 0.509845 0.50397 0.497925 8
4.05715264959 0.503843 0.497995 0.491906 0.509843 0.503995 0.497906 8
4.04533403096 0.503843 0.498019 0.491889 0.509843 0.504019 0.497889 8
4.03358343525 0.503843 0.498044 0.491872 0.509843 0.504044 0.497872 8
4.02190023464 0.503841 0.498069 0.491855 0.509841 0.504069 0.497855 8
4.01028380925 0.503841 0.498094 0.49184 0.509841 0.504094 0.49784 8
3.99873457221 0.503843 0.498119 0.491823 0.509843 0.504119 0.497823 8
3.98724884333 0.503843 0.498143 0.491809 0.509843 0.504143 0.497809 8
3.97582910177 0.503845 0.498168 0.491794 0.509845 0.504168 0.497794 8
3.96447373261 0.503846 0.498193 0.491781 0.509846 0.504193 0.497781 8
3.95318215387 0.50385 0.498218 0.491767 0.50985 0.504218 0.497767 8
3.9419537907 0.503852 0.498241 0.491756 0.509852 0.504241 0.497756 8
3.93078807532 0.503856 0.498266 0.491742 0.509856 0.504266 0.497742 8
3.91968444696 0.503862 0.49829 0.491729 0.509862 0.50429 0.497729 8
3.90864235171 0.503867 0.498313 0.491718 0.509867 0.504313 0.497718 8
3.89766124244 0.503873 0.49834 0.491704 0.509873 0.50434 0.497704 8
3.88674057866 0.503879 0.498363 0.491693 0.509879 0.504363 0.497693 8
3.87587982647 0.503885 0.498388 0.491679 0.509885 0.504388 0.497679 8
3.86507845842 0.503892 0.498412 0.491668 0.509892 0.504412 0.497668 8
3.85433595341 0.5039 0.498437 0.491655 0.5099 0.504437 0.497655 8
3.84365179662 0.503907 0.498462 0.491643 0.509907 0.504462 0.497643 8
3.83302547938 0.503915 0.498487 0.49163 0.509915 0.504487 0.49763 8
3.82245649911 0.503925 0.498512 0.491618 0.509925 0.504512 0.497618 8
3.81194435921 0.503934 0.498538 0.491607 0.509934 0.504538 0.497607 8
3.80148856895 0.503946 0.498565 0.491594 0.509946 0.504565 0.497594 8
3.79108864344 0.503959 0.498592 0.49158 0.509959 0.504592 0.49758 8
3.78074410348 0.503972 0.498618 0.491563 0.509972 0.504618 0.497563 8
3.7704544755 0.503986 0.498649 0.491542 0.509986 0.504649 0.497542 8
3.7602192915 0.503995 0.498678 0.491517 0.509995 0.504678 0.497517 8
3.75003808891 0.504001 0.498704 0.491493 0.510001 0.504704 0.497493 8
3.73991041058 0.504001 0.498731 0.49147 0.510001 0.504731 0.49747 8
3.72983580463 0.504001 0.498756 0.491447 0.510001 0.504756 0.497447 8
3.71981382444 0.503997 0.498779 0.491426 0.509997 0.504779 0.497426 8
3.7098440285 0.503995 0.498803 0.491407 0.509995 0.504803 0.497407 8
3.6999259804 0.503991 0.498826 0.49139 0.509991 0.504826 0.49739 8
3.69005924874 0.503989 0.498849 0.491376 0.509989 0.504849 0.497376 8
3.68024340701 0.503989 0.498872 0.491367 0.509989 0.504872 0.497367 8
3.67047803359 0.503993 0.498897 0.491361 0.509993 0.504897 0.497361 8
3.66076271163 0.504005 0.498925 0.491348 0.510005 0.504925 0.497348 8
3.651097029 0.504014 0.498952 0.491327 0.510014 0.504952 0.497327 8
3.64148057822 0.504018 0.498979 0.491304 0.510018 0.504979 0.497304 8
3.63191295639 0.504016 0.499004 0.491283 0.510016 0.505004 0.497283 8
3.62239376513 0.504012 0.499027 0.491271 0.510012 0.505027 0.497271 8
3.61292261051 0.504022 0.499053 0.491264 0.510022 0.505053 0.497264 8
3.60349910299 0.504031 0.49908 0.491243 0.510031 0.50508 0.497243 8
3.59412285736 0.504026 0.499105 0.491222 0.510026 0.505105 0.497222 8
3.58479349268 0.504037 0.499131 0.49121 0.510037 0.505131 0.49721 8
3.57551063221 0.504037 0.499154 0.491191 0.510037 0.505154 0.497191 8
3.56627390335 0.504043 0.499179 0.491172 0.510043 0.505179 0.497172 8
3.55708293761 0.504047 0.499204 0.491151 0.510047 0.505204 0.497151 8
3.54793737052 0.504051 0.499229 0.491132 0.510051 0.505229 0.497132 8
3.53883684159 0.504052 0.499254 0.491113 0.510052 0.505254 0.497113 8
3.52978099426 0.504054 0.499276 0.491096 0.510054 0.505276 0.497096 8
3.52076947581 0.504056 0.499301 0.491077 0.510056 0.505301 0.497077 8
3.51180193737 0.504058 0.499324 0.49106 0.510058 0.505324 0.49706 8
3.50287803381 0.50406 0.499347 0.49104 0.51006 0.505347 0.49704 8
3.49399771037 0.504062 0.499372 0.491021 0.510062 0.505372 0.497021 8
3.4851597693 0.504062 0.499395 0.491004 0.510062 0.505395 0.497004 8
3.47636473651 0.504064 0.499418 0.490985 0.510064 0.505418 0.496985 8
3.46761199469 0.504064 0.49944 0.490968 0.510064 0.50544 0.496968 8
3.45890121678 0.504066 0.499463 0.490951 0.510066 0.505463 0.496951 8
3.45023207918 0.504068 0.499486 0.490934 0.510068 0.505486 0.496934 8
3.44160426172 0.50407 0.499509 0.490918 0.51007 0.505509 0.496918 8
3.43301744757 0.504071 0.499532 0.490901 0.510071 0.505532 0.496901 8
3.42447132326 0.504075 0.499555 0.490886 0.510075 0.505555 0.496886 8
3.41596557859 0.504077 0.499578 0.490871 0.510077 0.505578 0.496871 8
3.4074999066 0.504083 0.499603 0.490854 0.510083 0.505603 0.496854 8
3.39907400353 0.504087 0.499625 0.490838 0.510087 0.505625 0.496838 8
3.39068756876 0.504092 0.49965 0.490819 0.510092 0.50565 0.496819 8
3.38234030482 0.504096 0.499673 0.4908 0.510096 0.505673 0.4968 8
3.37403191728 0.5041 0.499696 0.490783 0.5101 0.505696 0.496783 8
3.36576211474 0.504102 0.499719 0.490766 0.510102 0.505719 0.496766 8
3.35753060882 0.504106 0.499742 0.490751 0.510106 0.505742 0.496751 8
3.34933711407 0.504112 0.499767 0.490731 0.510112 0.505767 0.496731 8
3.34118134796 0.504113 0.499789 0.490714 0.510113 0.505789 0.496714 8
3.33306303085 0.504117 0.499812 0.490697 0.510117 0.505812 0.496697 8
3.32498188593 0.504119 0.499835 0.49068 0.510119 0.505835 0.49668 8
3.31693763918 0.504123 0.499858 0.490663 0.510123 0.505858 0.496663 8
3.30893001938 0.504127 0.499883 0.490644 0.510127 0.505883 0.496644 8
3.30095875801 0.504129 0.499906 0.490629 0.510129 0.505906 0.496629 8
3.29302358927 0.504133 0.499929 0.490613 0.510133 0.505929 0.496613 8
3.28512425001 0.504134 0.499952 0.490598 0.510134 0.505952 0.496598 8
3.27726047972 0.504138 0.499975 0.490585 0.510138 0.505975 0.496585 8
3.26943202047 0.504144 0.499999 0.490569 0.510144 0.505999 0.496569 8
3.2616386169 0.504152 0.500024 0.490552 0.510152 0.506024 0.496552 8
3.25388001619 0.504157 0.500049 0.490535 0.510157 0.506049 0.496535 8
3.246155968 0.504161 0.500074 0.490514 0.510161 0.506074 0.496514 8
3.23846622448 0.504167 0.500098 0.490495 0.510167 0.506098 0.496495 8
3.2308105402 0.504167 0.500121 0.490476 0.510167 0.506121 0.496476 8
3.22318867213 0.504171 0.500144 0.490461 0.510171 0.506144 0.496461 8
3.21560037965 0.504174 0.500167 0.490445 0.510174 0.506167 0.496445 8
3.20804542444 0.50418 0.500192 0.490424 0.51018 0.506192 0.496424 8
3.20052357053 0.504178 0.500215 0.490405 0.510178 0.506215 0.496405 8
3.19303458422 0.50418 0.500238 0.490388 0.51018 0.506238 0.496388 8
3.1855782341 0.504182 0.500261 0.490371 0.510182 0.506261 0.496371 8
3.17815429096 0.504184 0.500284 0.490356 0.510184 0.506284 0.496356 8
3.17076252782 0.504188 0.500308 0.490339 0.510188 0.506308 0.496339 8
3.16340271985 0.50419 0.500331 0.490323 0.51019 0.506331 0.496323 8
3.1560746444 0.504194 0.500356 0.490306 0.510194 0.506356 0.496306 8
3.14877808094 0.504197 0.500379 0.490289 0.510197 0.506379 0.496289 8
3.14151281104 0.504199 0.500404 0.49027 0.510199 0.506404 0.49627 8
3.13427861833 0.504201 0.500427 0.490255 0.510201 0.506427 0.496255 8
3.1270752885 0.504203 0.500451 0.490239 0.510203 0.506451 0.496239 8
3.11990260928 0.504207 0.500476 0.490224 0.510207 0.506476 0.496224 8
3.11276037039 0.504211 0.500501 0.490207 0.510211 0.506501 0.496207 8
3.1056483635 0.504213 0.500524 0.490194 0.510213 0.506524 0.496194 8
3.09856638229 0.504216 0.500549 0.490176 0.510216 0.506549 0.496176 8
3.09151422231 0.50422 0.500573 0.490161 0.51022 0.506573 0.496161 8
3.08449168106 0.504222 0.500598 0.490144 0.510222 0.506598 0.496144 8
3.07749855791 0.504224 0.500623 0.490127 0.510224 0.506623 0.496127 8
3.07053465409 0.504226 0.500648 0.490112 0.510226 0.506648 0.496112 8
3.06359977268 0.50423 0.500673 0.490096 0.51023 0.506673 0.496096 8
3.05669371856 0.504232 0.500695 0.490081 0.510232 0.506695 0.496081 8
3.04981629843 0.504236 0.50072 0.490064 0.510236 0.50672 0.496064 8
3.04296732074 0.504237 0.500745 0.490049 0.510237 0.506745 0.496049 8
3.03614659574 0.504239 0.50077 0.490033 0.510239 0.50677 0.496033 8
3.02935393536 0.504243 0.500795 0.490016 0.510243 0.506795 0.496016 8
3.02258915329 0.504245 0.500818 0.490003 0.510245 0.506818 0.496003 8
3.01585206488 0.504249 0.500842 0.489988 0.510249 0.506842 0.495988 8
3.0091424872 0.504253 0.500867 0.489972 0.510253 0.506867 0.495972 8
3.00246023892 0.504257 0.500892 0.489957 0.510257 0.506892 0.495957 8
2.99580538563 0.50426 0.500917 0.48994 0.51026 0.506917 0.49594 8
2.98917701356 0.504264 0.500942 0.489925 0.510264 0.506942 0.495925 8
2.98257568203 0.504268 0.500966 0.489909 0.510268 0.506966 0.495909 8
2.97600097088 0.504272 0.500991 0.489894 0.510272 0.506991 0.495894 8
2.96945270684 0.504276 0.501016 0.489877 0.510276 0.507016 0.495877 8
2.96293071814 0.504277 0.501039 0.489864 0.510277 0.507039 0.495864 8
2.95643483458 0.504281 0.501066 0.489846 0.510281 0.507066 0.495846 8
2.94996488743 0.504285 0.50109 0.489831 0.510285 0.50709 0.495831 8
2.94352070948 0.504289 0.501115 0.489816 0.510289 0.507115 0.495816 8
2.93710213499 0.504295 0.50114 0.489801 0.510295 0.50714 0.495801 8
2.93070899968 0.504298 0.501165 0.489784 0.510298 0.507165 0.495784 8
2.92434114071 0.504302 0.501189 0.489768 0.510302 0.507189 0.495768 8
2.91799839668 0.504306 0.501214 0.489749 0.510306 0.507214 0.495749 8
2.9116806076 0.504308 0.501239 0.489734 0.510308 0.507239 0.495734 8
2.90538761486 0.504312 0.501264 0.489717 0.510312 0.507264 0.495717 8
2.89911926126 0.504316 0.501291 0.489698 0.510316 0.507291 0.495698 8
2.89287539095 0.504318 0.501313 0.489681 0.510318 0.507313 0.495681 8
2.88665584942 0.504321 0.50134 0.489665 0.510321 0.50734 0.495665 8
2.88046048351 0.504323 0.501365 0.489648 0.510323 0.507365 0.495648 8
2.87428914139 0.504327 0.50139 0.489631 0.510327 0.50739 0.495631 8
2.86814167251 0.504329 0.501415 0.489614 0.510329 0.507415 0.495614 8
2.86201792765 0.504331 0.501439 0.489597 0.510331 0.507439 0.495597 8
2.85591775883 0.504333 0.501464 0.489581 0.510333 0.507464 0.495581 8
2.84984101937 0.504337 0.501491 0.489566 0.510337 0.507491 0.495566 8
2.84378756381 0.504339 0.501516 0.489551 0.510339 0.507516 0.495551 8
2.83775724794 0.504342 0.501542 0.489536 0.510342 0.507542 0.495536 8
2.83174992879 0.504348 0.501567 0.48952 0.510348 0.507567 0.49552 8
2.82576546457 0.504352 0.501594 0.489503 0.510352 0.507594 0.495503 8
2.81980371471 0.504356 0.501621 0.489486 0.510356 0.507621 0.495486 8
2.81386453982 0.504363 0.501647 0.489471 0.510363 0.507647 0.495471 8
2.80794780169 0.504367 0.501674 0.489452 0.510367 0.507674 0.495452 8
2.80205336325 0.504373 0.501699 0.489435 0.510373 0.507699 0.495435 8
2.79618108859 0.504379 0.501725 0.489417 0.510379 0.507725 0.495417 8
2.79033084294 0.504384 0.501752 0.4894 0.510384 0.507752 0.4954 8
2.78450249264 0.50439 0.501779 0.489381 0.51039 0.507779 0.495381 8
2.77869590516 0.504394 0.501806 0.489364 0.510394 0.507806 0.495364 8
2.77291094905 0.504398 0.501832 0.489345 0.510398 0.507832 0.495345 8
2.76714749396 0.504403 0.501857 0.489326 0.510403 0.507857 0.495326 8
2.76140541061 0.504407 0.501884 0.489307 0.510407 0.507884 0.495307 8
2.75568457079 0.504411 0.50191 0.48929 0.510411 0.50791 0.49529 8
2.74998541481 0.504415 0.501937 0.489272 0.510415 0.507937 0.495272 8
2.7443061141 0.504421 0.501964 0.489255 0.510421 0.507964 0.495255 8
2.73864824615 0.504424 0.501991 0.489238 0.510424 0.507991 0.495238 8
2.73301111927 0.50443 0.502015 0.489221 0.51043 0.508015 0.495221 8
2.72739461045 0.504436 0.502042 0.489206 0.510436 0.508042 0.495206 8
2.72179859765 0.504442 0.502069 0.489188 0.510442 0.508069 0.495188 8
2.71622295981 0.504449 0.502095 0.489173 0.510449 0.508095 0.495173 8
2.71066757686 0.504457 0.502122 0.489156 0.510457 0.508122 0.495156 8
2.70513232968 0.504463 0.502149 0.489139 0.510463 0.508149 0.495139 8
2.69961710014 0.50447 0.502176 0.489122 0.51047 0.508176 0.495122 8
2.69412177102 0.504478 0.5022 0.489103 0.510478 0.5082 0.495103 8
2.68864622607 0.504483 0.502227 0.489084 0.510483 0.508227 0.495084 8
2.68319034997 0.504489 0.502254 0.489064 0.510489 0.508254 0.495064 8
2.6777540283 0.504495 0.502279 0.489047 0.510495 0.508279 0.495047 8
2.67233714759 0.504501 0.502305 0.489032 0.510501 0.508305 0.495032 8
2.66693959523 0.504506 0.50233 0.489017 0.510506 0.50833 0.495017 8
2.66156125953 0.504518 0.502355 0.489002 0.510518 0.508355 0.495002 8
2.65620202968 0.504527 0.50238 0.488984 0.510527 0.50838 0.494984 8
2.65086179573 0.504537 0.502404 0.488963 0.510537 0.508404 0.494963 8
2.64554044864 0.504541 0.502429 0.48895 0.510541 0.508429 0.49495 8
2.64023788017 0.50455 0.502452 0.488933 0.51055 0.508452 0.494933 8
2.63495398297 0.504558 0.502477 0.488914 0.510558 0.508477 0.494914 8
2.62968865053 0.504564 0.5025 0.488895 0.510564 0.5085 0.494895 8
2.62444177715 0.504571 0.502525 0.488879 0.510571 0.508525 0.494879 8
2.61921325797 0.504581 0.502548 0.48886 0.510581 0.508548 0.49486 8
2.61400298894 0.504586 0.502572 0.488843 0.510586 0.508572 0.494843 8
2.60881086684 0.504596 0.502597 0.488826 0.510596 0.508597 0.494826 8
2.60363678922 0.504604 0.50262 0.488811 0.510604 0.50862 0.494811 8
2.59848065444 0.504615 0.502645 0.488788 0.510615 0.508645 0.494788 8
2.59334236164 0.504623 0.502668 0.488769 0.510623 0.508668 0.494769 8
2.58822181074 0.50463 0.502692 0.488752 0.51063 0.508692 0.494752 8
2.58311890242 0.504636 0.502715 0.488733 0.510636 0.508715 0.494733 8
2.57803353814 0.504646 0.50274 0.488717 0.510646 0.50874 0.494717 8
2.57296562009 0.504655 0.502765 0.488698 0.510655 0.508765 0.494698 8
2.56791505123 0.504661 0.502788 0.488679 0.510661 0.508788 0.494679 8
2.56288173525 0.504668 0.502811 0.488658 0.510668 0.508811 0.494658 8
2.55786557658 0.50468 0.502836 0.488639 0.51068 0.508836 0.494639 8
2.55286648036 0.504688 0.502858 0.48862 0.510688 0.508858 0.49462 8
2.54788435246 0.504693 0.502881 0.488601 0.510693 0.508881 0.494601 8
2.54291909946 0.504707 0.502906 0.488582 0.510707 0.508906 0.494582 8
2.53797062865 0.504714 0.502929 0.488561 0.510714 0.508929 0.494561 8
2.53303884801 0.50472 0.502952 0.488544 0.51072 0.508952 0.494544 8
2.52812366621 0.50473 0.502977 0.488525 0.51073 0.508977 0.494525 8
2.52322499262 0.504739 0.503 0.488504 0.510739 0.509 0.494504 8
2.51834273727 0.504747 0.503022 0.488483 0.510747 0.509022 0.494483 8
2.51347681088 0.504754 0.503047 0.488467 0.510754 0.509047 0.494467 8
2.50862712481 0.504764 0.50307 0.488448 0.510764 0.50907 0.494448 8
2.5037935911 0.504771 0.503093 0.488427 0.510771 0.509093 0.494427 8
2.49897650109 0.504779 0.503116 0.488408 0.510779 0.509116 0.494408 8
2.49417463215 0.504789 0.503139 0.488391 0.510789 0.509139 0.494391 8
2.48938903429 0.5048 0.503162 0.488372 0.5108 0.509162 0.494372 8
2.48461924336 0.504808 0.503185 0.488353 0.510808 0.509185 0.494353 8
2.47986517465 0.504815 0.503207 0.488334 0.510815 0.509207 0.494334 8
2.47512674401 0.504823 0.503232 0.488319 0.510823 0.509232 0.494319 8
2.47040386793 0.504831 0.503255 0.4883 0.510831 0.509255 0.4943 8
2.4656964635 0.50484 0.503278 0.488281 0.51084 0.509278 0.494281 8
2.46100444841 0.504846 0.503301 0.48826 0.510846 0.509301 0.49426 8
2.45632774096 0.504857 0.503326 0.488241 0.510857 0.509326 0.494241 8
2.45166626005 0.504863 0.503349 0.488225 0.510863 0.509349 0.494225 8
2.44701992515 0.504871 0.503371 0.488206 0.510871 0.509371 0.494206 8
2.44238865633 0.50488 0.503394 0.488187 0.51088 0.509394 0.494187 8
2.43777237423 0.504886 0.503417 0.488166 0.510886 0.509417 0.494166 8
2.43317100006 0.504894 0.50344 0.488149 0.510894 0.50944 0.494149 8
2.42858445562 0.504901 0.503463 0.488132 0.510901 0.509463 0.494132 8
2.42401266324 0.504909 0.503486 0.488113 0.510909 0.509486 0.494113 8
2.41945554583 0.504918 0.503509 0.488094 0.510918 0.509509 0.494094 8
2.41491302684 0.504926 0.503532 0.488076 0.510926 0.509532 0.494076 8
2.41038503029 0.504934 0.503555 0.488057 0.510934 0.509555 0.494057 8
2.4058714807 0.504939 0.503577 0.488036 0.510939 0.509577 0.494036 8
2.40137230317 0.504945 0.5036 0.488017 0.510945 0.5096 0.494017 8
2.39688742332 0.504953 0.503623 0.487998 0.510953 0.509623 0.493998 8
2.39241676727 0.50496 0.503648 0.487979 0.51096 0.509648 0.493979 8
2.3879602617 0.504966 0.503673 0.487962 0.510966 0.509673 0.493962 8
2.3835178338 0.504974 0.503696 0.487941 0.510974 0.509696 0.493941 8
2.37908941125 0.504979 0.503719 0.48792 0.510979 0.509719 0.49392 8
2.37467492227 0.504987 0.503743 0.487903 0.510987 0.509743 0.493903 8
2.37027429557 0.504998 0.503768 0.487886 0.510998 0.509768 0.493886 8
2.36588746036 0.505004 0.503791 0.487865 0.511004 0.509791 0.493865 8
2.36151434634 0.50501 0.503816 0.487846 0.51101 0.509816 0.493846 8
2.35715488372 0.505016 0.503841 0.487827 0.511016 0.509841 0.493827 8
2.35280900318 0.505021 0.503864 0.487806 0.511021 0.509864 0.493806 8
2.34847663588 0.505029 0.503888 0.487788 0.511029 0.509888 0.493788 8
2.34415771346 0.505037 0.503913 0.487769 0.511037 0.509913 0.493769 8
2.33985216806 0.50504 0.503938 0.48775 0.51104 0.509938 0.49375 8
2.33555993226 0.505048 0.503963 0.487731 0.511048 0.509963 0.493731 8
2.3312809391 0.505054 0.503988 0.487712 0.511054 0.509988 0.493712 8
2.32701512212 0.50506 0.504012 0.487689 0.51106 0.510012 0.493689 8
2.32276241527 0.505067 0.504039 0.487674 0.511067 0.510039 0.493674 8
2.318522753 0.505075 0.504064 0.487657 0.511075 0.510064 0.493657 8
2.31429607016 0.50508 0.504089 0.487638 0.51108 0.510089 0.493638 8
2.3100823021 0.505086 0.504113 0.487619 0.511086 0.510113 0.493619 8
2.30588138457 0.505092 0.504138 0.4876 0.511092 0.510138 0.4936 8
2.30169325377 0.505098 0.504165 0.487581 0.511098 0.510165 0.493581 8
2.29751784634 0.505103 0.50419 0.487563 0.511103 0.51019 0.493563 8
2.29335509935 0.505111 0.504216 0.487542 0.511111 0.510216 0.493542 8
2.28920495029 0.505117 0.504241 0.487523 0.511117 0.510241 0.493523 8
2.28506733707 0.505122 0.504268 0.487508 0.511122 0.510268 0.493508 8
2.28094219804 0.505128 0.504293 0.487489 0.511128 0.510293 0.493489 8
2.27682947194 0.505134 0.504319 0.487468 0.511134 0.510319 0.493468 8
2.27272909793 0.50514 0.504344 0.487449 0.51114 0.510344 0.493449 8
2.2686410156 0.505145 0.504371 0.487432 0.511145 0.510371 0.493432 8
2.26456516492 0.505151 0.504398 0.487413 0.511151 0.510398 0.493413 8
2.26050148626 0.505157 0.504426 0.487396 0.511157 0.510426 0.493396 8
2.25644992041 0.505162 0.504453 0.487376 0.511162 0.510453 0.493376 8
2.25241040853 0.505168 0.50448 0.487355 0.511168 0.51048 0.493355 8
2.24838313276 0.505172 0.504508 0.487338 0.511172 0.510508 0.493338 8
2.24436731334 0.50518 0.504535 0.487317 0.51118 0.510535 0.493317 8
2.24036361436 0.505183 0.504564 0.487298 0.511183 0.510564 0.493298 8
2.23637173791 0.505187 0.504592 0.487279 0.511187 0.510592 0.493279 8
2.23239162711 0.505193 0.504619 0.487256 0.511193 0.510619 0.493256 8
2.22842322544 0.505195 0.504646 0.487235 0.511195 0.510646 0.493235 8
2.22446647674 0.505199 0.504674 0.487214 0.511199 0.510674 0.493214 8
2.22052132522 0.505201 0.504703 0.487191 0.511201 0.510703 0.493191 8
2.21658771548 0.505206 0.504733 0.48717 0.511206 0.510733 0.49317 8
2.21266559244 0.505208 0.504762 0.487148 0.511208 0.510762 0.493148 8
2.20875490142 0.505214 0.504791 0.487125 0.511214 0.510791 0.493125 8
2.20485558808 0.505218 0.504821 0.487104 0.511218 0.510821 0.493104 8
2.20096759842 0.505222 0.50485 0.487081 0.511222 0.51085 0.493081 8
2.19709087883 0.505225 0.504878 0.48706 0.511225 0.510878 0.49306 8
2.19322537601 0.505229 0.504905 0.487037 0.511229 0.510905 0.493037 8
2.18937103703 0.505235 0.504934 0.487014 0.511235 0.510934 0.493014 8
2.18552780928 0.505239 0.504962 0.486991 0.511239 0.510962 0.492991 8
2.18169564051 0.505245 0.504991 0.486968 0.511245 0.510991 0.492968 8
2.1778744788 0.505246 0.505018 0.486945 0.511246 0.511018 0.492945 8
2.17406427256 0.505252 0.505046 0.486923 0.511252 0.511046 0.492923 8
2.17026497053 0.505254 0.505073 0.4869 0.511254 0.511073 0.4929 8
2.1664765218 0.50526 0.505101 0.486877 0.51126 0.511101 0.492877 8
2.16269887575 0.505262 0.50513 0.486854 0.511262 0.51113 0.492854 8
2.15893198211 0.505265 0.505159 0.486831 0.511265 0.511159 0.492831 8
2.15517579093 0.505269 0.505187 0.486806 0.511269 0.511187 0.492806 8
2.15143025257 0.505273 0.505216 0.486783 0.511273 0.511216 0.492783 8
2.1476953177 0.505277 0.505246 0.486758 0.511277 0.511246 0.492758 8
2.14397093731 0.505281 0.505275 0.486736 0.511281 0.511275 0.492736 8
2.14025706271 0.505285 0.505304 0.486711 0.511285 0.511304 0.492711 8
2.13655364551 0.505288 0.50533 0.486686 0.511288 0.51133 0.492686 8
2.13286063762 0.505292 0.505359 0.486661 0.511292 0.511359 0.492661 8
2.12917799125 0.505294 0.505386 0.486636 0.511294 0.511386 0.492636 8
2.12550565893 0.505298 0.505416 0.48661 0.511298 0.511416 0.49261 8
2.12184359347 0.5053 0.505445 0.486583 0.5113 0.511445 0.492583 8
2.11819174799 0.505304 0.505473 0.486556 0.511304 0.511473 0.492556 8
2.11455007588 0.505307 0.505502 0.486528 0.511307 0.511502 0.492528 8
2.11091853086 0.505311 0.505531 0.486499 0.511311 0.511531 0.492499 8
2.1072970669 0.505315 0.505559 0.486469 0.511315 0.511559 0.492469 8
2.10368563827 0.505319 0.505588 0.486438 0.511319 0.511588 0.492438 8
2.10008419955 0.505321 0.505615 0.486404 0.511321 0.511615 0.492404 8
2.09649270555 0.505323 0.505643 0.486367 0.511323 0.511643 0.492367 8
2.09291111141 0.505327 0.505668 0.486329 0.511327 0.511668 0.492329 8
2.08933937252 0.505327 0.505689 0.486289 0.511327 0.511689 0.492289 8
2.08577744454 0.505328 0.505702 0.486249 0.511328 0.511702 0.492249 8
2.08222528344 0.505332 0.505712 0.486213 0.511332 0.511712 0.492213 8
2.07868284542 0.505349 0.505664 0.48632 0.511349 0.511664 0.49232 8
2.07515008697 0.505357 0.505691 0.486326 0.511357 0.511691 0.492326 8
2.07162696484 0.505365 0.505718 0.486327 0.511365 0.511718 0.492327 8
2.06811343605 0.505372 0.505742 0.486326 0.511372 0.511742 0.492326 8
2.06460945788 0.50538 0.505767 0.48632 0.51138 0.511767 0.49232 8
2.06111498788 0.505388 0.50579 0.486312 0.511388 0.51179 0.492312 8
2.05762998383 0.505395 0.505813 0.486305 0.511395 0.511813 0.492305 8
2.05415440381 0.505401 0.505836 0.486295 0.511401 0.511836 0.492295 8
2.05068820611 0.505409 0.505855 0.486284 0.511409 0.511855 0.492284 8
2.04723134931 0.505416 0.505874 0.486272 0.511416 0.511874 0.492272 8
2.04378379222 0.505422 0.505893 0.486259 0.511422 0.511893 0.492259 8
2.04034549391 0.505428 0.505912 0.486244 0.511428 0.511912 0.492244 8
2.03691641368 0.505435 0.505929 0.486228 0.511435 0.511929 0.492228 8
2.03349651109 0.505441 0.505946 0.486211 0.511441 0.511946 0.492211 8
2.03008574594 0.505449 0.505962 0.486192 0.511449 0.511962 0.492192 8
2.02668407827 0.505454 0.505977 0.486175 0.511454 0.511977 0.492175 8
2.02329146837 0.50546 0.505992 0.486154 0.51146 0.511992 0.492154 8
2.01990787675 0.505466 0.506006 0.486133 0.511466 0.512006 0.492133 8
2.01653326416 0.505471 0.506019 0.48611 0.511471 0.512019 0.49211 8
2.0131675916 0.505477 0.50603 0.486087 0.511477 0.51203 0.492087 8
2.00981082028 0.505483 0.506042 0.48606 0.511483 0.512042 0.49206 8
2.00646291165 0.505487 0.506051 0.486036 0.511487 0.512051 0.492036 8
2.0031238274036 0.505492 0.506057 0.486007 0.511492 0.512057 0.492007 8
1.9997938414155 0.505494 0.506059 0.485976 0.511494 0.512059 0.491976 8
1.9964719798568 0.505496 0.506053 0.485948 0.511496 0.512053 0.491948 8
1.99315914111 0.505498 0.506032 0.485938 0.511498 0.512032 0.491938 8
1.9898549756827 0.505504 0.506036 0.485948 0.511504 0.512036 0.491948 8
1.9865594464051 0.50551 0.506053 0.48595 0.51151 0.512053 0.49195 8
1.9832725162947 0.505517 0.506078 0.485942 0.511517 0.512078 0.491942 8
1.9799941485863 0.505525 0.506105 0.485927 0.511525 0.512105 0.491927 8
1.9767243067301 0.505529 0.50613 0.4859 0.511529 0.51213 0.4919 8
1.9734629543904 0.505533 0.506126 0.485872 0.511533 0.512126 0.491872 8
1.9702100554436 0.505538 0.506141 0.485873 0.511538 0.512141 0.491873 8
1.9669655739768 0.505542 0.506164 0.485847 0.511542 0.512164 0.491847 8
1.9637294742863 0.505548 0.506179 0.485839 0.511548 0.512179 0.491839 8
1.9605017208762 0.505554 0.506192 0.485828 0.511554 0.512192 0.491828 8
1.9572822784565 0.505559 0.506208 0.485814 0.511559 0.512208 0.491814 8
1.9540711119418 0.505565 0.506223 0.485803 0.511565 0.512223 0.491803 8
1.9508681864496 0.505571 0.506238 0.48579 0.511571 0.512238 0.49179 8
1.9476734672993 0.505576 0.506252 0.485776 0.511576 0.512252 0.491776 8
1.9444869200102 0.505582 0.506267 0.485765 0.511582 0.512267 0.491765 8
1.9413085103001 0.505588 0.506282 0.485751 0.511588 0.512282 0.491751 8
1.9381382040842 0.505594 0.506295 0.48574 0.511594 0.512295 0.49174 8
1.9349759674732 0.505599 0.506311 0.485727 0.511599 0.512311 0.491727 8
1.9318217667724 0.505605 0.506326 0.485713 0.511605 0.512326 0.491713 8
1.9286755684797 0.505611 0.506339 0.485702 0.511611 0.512339 0.491702 8
1.9255373392847 0.505618 0.506355 0.485688 0.511618 0.512355 0.491688 8
1.9224070460668 0.505624 0.50637 0.485675 0.511624 0.51237 0.491675 8
1.9192846558944 0.50563 0.506383 0.485662 0.51163 0.512383 0.491662 8
1.9161701360231 0.505636 0.506398 0.48565 0.511636 0.512398 0.49165 8
1.9130634538947 0.505641 0.506414 0.485637 0.511641 0.512414 0.491637 8
1.9099645771353 0.505647 0.506429 0.485624 0.511647 0.512429 0.491624 8
1.9068734735547 0.505653 0.506442 0.485612 0.511653 0.512442 0.491612 8
1.9037901111445 0.50566 0.506458 0.485599 0.51166 0.512458 0.491599 8
1.9007144580769 0.505666 0.506473 0.485585 0.511666 0.512473 0.491585 8
1.8976464827038 0.505672 0.506488 0.485574 0.511672 0.512488 0.491574 8
1.8945861535551 0.505679 0.506503 0.485561 0.511679 0.512503 0.491561 8
1.8915334393373 0.505685 0.506517 0.485547 0.511685 0.512517 0.491547 8
1.8884883089329 0.505691 0.506532 0.485534 0.511691 0.512532 0.491534 8
1.8854507313984 0.505697 0.506547 0.485521 0.511697 0.512547 0.491521 8
1.8824206759636 0.505702 0.506561 0.485509 0.511702 0.512561 0.491509 8
1.87939811203 0.505708 0.506576 0.485496 0.511708 0.512576 0.491496 8
1.87638300917 0.505716 0.506591 0.485482 0.511716 0.512591 0.491482 8
1.8733753371252 0.505721 0.506606 0.485471 0.511721 0.512606 0.491471 8
1.8703750658055 0.505727 0.50662 0.485458 0.511727 0.51262 0.491458 8
1.8673821652878 0.505733 0.506635 0.485446 0.511733 0.512635 0.491446 8
1.8643966058151 0.505739 0.506648 0.485433 0.511739 0.512648 0.491433 8
1.8614183577949 0.505746 0.506664 0.48542 0.511746 0.512664 0.49142 8
1.8584473917982 0.505752 0.506679 0.485408 0.511752 0.512679 0.491408 8
1.8554836785585 0.505758 0.506692 0.485395 0.511758 0.512692 0.491395 8
1.8525271889707 0.505763 0.506707 0.485383 0.511763 0.512707 0.491383 8
1.8495778940896 0.505769 0.506721 0.48537 0.511769 0.512721 0.49137 8
1.8466357651292 0.505775 0.506734 0.485358 0.511775 0.512734 0.491358 8
1.8437007734611 0.50578 0.506749 0.485345 0.51178 0.512749 0.491345 8
1.8407728906142 0.505786 0.506763 0.485334 0.511786 0.512763 0.491334 8
1.8378520882727 0.505792 0.506776 0.485322 0.511792 0.512776 0.491322 8
1.8349383382755 0.505798 0.506789 0.485309 0.511798 0.512789 0.491309 8
1.8320316126153 0.505803 0.506803 0.485297 0.511803 0.512803 0.491297 8
1.8291318834371 0.505807 0.506816 0.485286 0.511807 0.512816 0.491286 8
1.8262391230373 0.505813 0.50683 0.485273 0.511813 0.51283 0.491273 8
1.8233533038628 0.505819 0.506843 0.485261 0.511819 0.512843 0.491261 8
1.8204743985099 0.505822 0.506856 0.48525 0.511822 0.512856 0.49125 8
1.8176023797232 0.505828 0.50687 0.485238 0.511828 0.51287 0.491238 8
1.8147372203944 0.505834 0.506883 0.485225 0.511834 0.512883 0.491225 8
1.811878893562 0.505838 0.506894 0.485214 0.511838 0.512894 0.491214 8
1.8090273724092 0.505842 0.506908 0.485202 0.511842 0.512908 0.491202 8
1.8061826302639 0.505847 0.506921 0.485191 0.511847 0.512921 0.491191 8
1.8033446405974 0.505851 0.506933 0.485179 0.511851 0.512933 0.491179 8
1.8005133770229 0.505857 0.506946 0.485168 0.511857 0.512946 0.491168 8
1.7976888132953 0.505861 0.506959 0.485156 0.511861 0.512959 0.491156 8
1.79487092331 0.505866 0.506971 0.485145 0.511866 0.512971 0.491145 8
1.7920596811016 0.50587 0.506984 0.485133 0.51187 0.512984 0.491133 8
1.7892511726004 0.505874 0.506995 0.485122 0.511874 0.512995 0.491122 8
1.786454570495 0.50588 0.507009 0.485111 0.51188 0.513009 0.491111 8
1.7836648206909 0.505883 0.50702 0.485101 0.511883 0.51302 0.491101 8
1.7808795112717 0.505889 0.507034 0.48509 0.511889 0.513034 0.49109 8
1.7780994419814 0.505893 0.507045 0.485078 0.511893 0.513045 0.491078 8
1.7753261589367 0.505897 0.507056 0.485067 0.511897 0.513056 0.491067 8
1.7725596358191 0.505903 0.50707 0.485055 0.511903 0.51307 0.491055 8
1.7697998464499 0.505906 0.507081 0.485046 0.511906 0.513081 0.491046 8
1.7670467647893 0.505912 0.507093 0.485034 0.511912 0.513093 0.491034 8
1.7643003649353 0.505916 0.507104 0.485023 0.511916 0.513104 0.491023 8
1.761560621123 0.505922 0.507118 0.485011 0.511922 0.513118 0.491011 8
1.7588275077235 0.505925 0.507129 0.485002 0.511925 0.513129 0.491002 8
1.756100999243 0.505931 0.50714 0.48499 0.511931 0.51314 0.49099 8
1.753381070322 0.505935 0.507152 0.484979 0.511935 0.513152 0.490979 8
1.7506676957345 0.505941 0.507165 0.484969 0.511941 0.513165 0.490969 8
1.747960917022 0.505945 0.507175 0.484958 0.511945 0.513175 0.490958 8
1.7452605093095 0.50595 0.507188 0.484948 0.51195 0.513188 0.490948 8
1.7425640276115 0.505954 0.5072 0.484937 0.511954 0.5132 0.490937 8
1.739872660774 0.505958 0.507211 0.484926 0.511958 0.513211 0.490926 8
1.7371877374638 0.505964 0.507222 0.484916 0.511964 0.513222 0.490916 8
1.7345092331763 0.505967 0.507234 0.484905 0.511967 0.513234 0.490905 8
1.7318371235346 0.505973 0.507247 0.484895 0.511973 0.513247 0.490895 8
1.7291713842884 0.505977 0.507259 0.484884 0.511977 0.513259 0.490884 8
1.7265119913137 0.505983 0.50727 0.484874 0.511983 0.51327 0.490874 8
1.7238589206112 0.505986 0.507283 0.484863 0.511986 0.513283 0.490863 8
1.7212121483061 0.50599 0.507295 0.484853 0.51199 0.513295 0.490853 8
1.718571650647 0.505996 0.507306 0.484844 0.511996 0.513306 0.490844 8
1.7159374040053 0.506 0.50732 0.484832 0.512 0.51332 0.490832 8
1.7133093848741 0.506004 0.507331 0.484823 0.512004 0.513331 0.490823 8
1.7106875698675 0.506009 0.507343 0.484813 0.512009 0.513343 0.490813 8
1.70807193572 0.506013 0.507354 0.484802 0.512013 0.513354 0.490802 8
1.7054606398638 0.506019 0.507367 0.484792 0.512019 0.513367 0.490792 8
1.7028533192926 0.506023 0.507379 0.484782 0.512023 0.513379 0.490782 8
1.7002521236666 0.506027 0.50739 0.484773 0.512027 0.51339 0.490773 8
1.6976570301357 0.506032 0.507404 0.484761 0.512032 0.513404 0.490761 8
1.6950680159662 0.506036 0.507415 0.484752 0.512036 0.513415 0.490752 8
1.6924850585403 0.50604 0.507427 0.484742 0.51204 0.513427 0.490742 8
1.6899081353557 0.506046 0.50744 0.484733 0.512046 0.51344 0.490733 8
1.6873372240244 0.506049 0.507451 0.484723 0.512049 0.513451 0.490723 8
1.6847723022721 0.506055 0.507465 0.484714 0.512055 0.513465 0.490714 8
1.6822133479377 0.506059 0.507476 0.484704 0.512059 0.513476 0.490704 8
1.6796603389722 0.506065 0.507489 0.484693 0.512065 0.513489 0.490693 8
1.6771132534382 0.506068 0.507501 0.484683 0.512068 0.513501 0.490683 8
1.6745720695091 0.506072 0.507512 0.484674 0.512072 0.513512 0.490674 8
1.6720367654686 0.506078 0.507526 0.484664 0.512078 0.513526 0.490664 8
1.6695073197096 0.506082 0.507537 0.484655 0.512082 0.513537 0.490655 8
1.6669797557847 0.506088 0.50755 0.484645 0.512088 0.51355 0.490645 8
1.6644579745336 0.506091 0.507562 0.484636 0.512091 0.513562 0.490636 8
1.6619420003358 0.506097 0.507573 0.484626 0.512097 0.513573 0.490626 8
1.659431811959 0.506101 0.507587 0.484617 0.512101 0.513587 0.490617 8
1.6569273882773 0.506107 0.507598 0.484607 0.512107 0.513598 0.490607 8
1.6544287082704 0.506112 0.507612 0.484597 0.512112 0.513612 0.490597 8
1.651935751023 0.506116 0.507623 0.484588 0.512116 0.513623 0.490588 8
1.6494484957241 0.506122 0.507636 0.484578 0.512122 0.513636 0.490578 8
1.6469669216661 0.506126 0.507648 0.484569 0.512126 0.513648 0.490569 8
1.6444910082447 0.50613 0.507659 0.484559 0.51213 0.513659 0.490559 8
1.6420207349576 0.506135 0.507673 0.48455 0.512135 0.513673 0.49055 8
1.6395560814043 0.506141 0.507686 0.484538 0.512141 0.513686 0.490538 8
1.6370970272855 0.506145 0.507697 0.484529 0.512145 0.513697 0.490529 8
1.634643552402 0.506151 0.507709 0.484519 0.512151 0.513709 0.490519 8
1.6321946177532 0.506154 0.50772 0.48451 0.512154 0.51372 0.49051 8
1.6297482285988 0.506158 0.507732 0.4845 0.512158 0.513732 0.4905 8
1.6273073714689 0.506164 0.507745 0.484491 0.512164 0.513745 0.490491 8
1.6248720265054 0.506168 0.507756 0.484481 0.512168 0.513756 0.490481 8
1.6224421739479 0.506173 0.507768 0.484472 0.512173 0.513768 0.490472 8
1.6200177941331 0.506179 0.507781 0.484462 0.512179 0.513781 0.490462 8
1.6175988674937 0.506183 0.507793 0.484453 0.512183 0.513793 0.490453 8
1.6151853745586 0.506189 0.507806 0.484443 0.512189 0.513806 0.490443 8
1.6127772959517 0.506192 0.507816 0.484435 0.512192 0.513816 0.490435 8
1.6103746123913 0.506198 0.507829 0.484426 0.512198 0.513829 0.490426 8
1.6079773046901 0.506202 0.50784 0.484416 0.512202 0.51384 0.490416 8
1.605585353754 0.506208 0.507854 0.484407 0.512208 0.513854 0.490407 8
1.6031987405818 0.506213 0.507867 0.484397 0.512213 0.513867 0.490397 8
1.6008174462644 0.506217 0.507879 0.484388 0.512217 0.513879 0.490388 8
1.5984414519847 0.506223 0.507892 0.484378 0.512223 0.513892 0.490378 8
1.5960697420014 0.506227 0.507903 0.48437 0.512227 0.513903 0.49037 8
1.5937002641799 0.506233 0.507917 0.484361 0.512233 0.513917 0.490361 8
1.5913360430875 0.506238 0.507928 0.484351 0.512238 0.513928 0.490351 8
1.5889770602157 0.506242 0.507942 0.484342 0.512242 0.513942 0.490342 8
1.5866232971453 0.506248 0.507953 0.484332 0.512248 0.513953 0.490332 8
1.5842747355458 0.506252 0.507966 0.484323 0.512252 0.513966 0.490323 8
1.5819313571745 0.506257 0.507978 0.484313 0.512257 0.513978 0.490313 8
1.5795931438767 0.506263 0.507991 0.484304 0.512263 0.513991 0.490304 8
1.5772600775845 0.506267 0.508003 0.484296 0.512267 0.514003 0.490296 8
1.5749321403165 0.506273 0.508016 0.484287 0.512273 0.514016 0.490287 8
1.5726093141775 0.506278 0.508029 0.484277 0.512278 0.514029 0.490277 8
1.5702915813576 0.506282 0.508041 0.484267 0.512282 0.514041 0.490267 8
1.5679789241319 0.506288 0.508054 0.484258 0.512288 0.514054 0.490258 8
1.56567132486 0.506292 0.508065 0.484248 0.512292 0.514065 0.490248 8
1.5633687659853 0.506297 0.508079 0.484239 0.512297 0.514079 0.490239 8
1.5610712300348 0.506303 0.50809 0.484231 0.512303 0.51409 0.490231 8
1.5587747920537 0.506307 0.508104 0.484222 0.512307 0.514104 0.490222 8
1.5564832167911 0.506313 0.508115 0.484212 0.512313 0.514115 0.490212 8
1.5541966249012 0.506318 0.508128 0.484201 0.512318 0.514128 0.490201 8
1.5519149991891 0.506322 0.50814 0.484193 0.512322 0.51414 0.490193 8
1.549638322541 0.506328 0.508153 0.484182 0.512328 0.514153 0.490182 8
1.5473665779241 0.506334 0.508167 0.484172 0.512334 0.514167 0.490172 8
1.5450997483856 0.506337 0.508178 0.484163 0.512337 0.514178 0.490163 8
1.5428378170526 0.506343 0.508191 0.484153 0.512343 0.514191 0.490153 8
1.5405807671315 0.506349 0.508203 0.484144 0.512349 0.514203 0.490144 8
1.5383285819072 0.506355 0.508216 0.484132 0.512355 0.514216 0.490132 8
1.5360812447434 0.506358 0.508228 0.484123 0.512358 0.514228 0.490123 8
1.5338387390815 0.506364 0.508241 0.484113 0.512364 0.514241 0.490113 8
1.5316010484401 0.50637 0.508254 0.484102 0.51237 0.514254 0.490102 8
1.5293681564151 0.506374 0.508266 0.484092 0.512374 0.514266 0.490092 8
1.5271400466787 0.506379 0.508279 0.484081 0.512379 0.514279 0.490081 8
1.5249150513037 0.506385 0.508291 0.484071 0.512385 0.514291 0.490071 8
1.5226924034084 0.506389 0.508302 0.484062 0.512389 0.514302 0.490062 8
1.5204745014863 0.506395 0.508315 0.48405 0.512395 0.514315 0.49005 8
1.5182613294621 0.5064 0.508327 0.484041 0.5124 0.514327 0.490041 8
1.5160528713351 0.506404 0.508338 0.484029 0.512404 0.514338 0.490029 8
1.5138491111788 0.50641 0.508352 0.48402 0.51241 0.514352 0.49002 8
1.5116500331403 0.506416 0.508363 0.484008 0.512416 0.514363 0.490008 8
1.5094556214397 0.506421 0.508376 0.483999 0.512421 0.514376 0.489999 8
1.5072658603702 0.506425 0.508388 0.483989 0.512425 0.514388 0.489989 8
1.5050807342972 0.506433 0.508401 0.483978 0.512433 0.514401 0.489978 8
1.5029002276581 0.506437 0.508413 0.483966 0.512437 0.514413 0.489966 8
1.5007243249617 0.506442 0.508426 0.483957 0.512442 0.514426 0.489957 8
1.4985530831006 0.506448 0.508437 0.483945 0.512448 0.514437 0.489945 8
1.4963862697806 0.506452 0.508449 0.483936 0.512452 0.514449 0.489936 8
1.4942240866819 0.506458 0.508462 0.483926 0.512458 0.514462 0.489926 8
1.4920664462611 0.506463 0.508474 0.483915 0.512463 0.514474 0.489915 8
1.4899110295293 0.506469 0.508487 0.483905 0.512469 0.514487 0.489905 8
1.4877583634232 0.506475 0.508498 0.483894 0.512475 0.514498 0.489894 8
1.4856102068105 0.506479 0.508512 0.483884 0.512479 0.514512 0.489884 8
1.4834665447103 0.506484 0.508523 0.483873 0.512484 0.514523 0.489873 8
1.4813273622096 0.50649 0.508537 0.483861 0.51249 0.514537 0.489861 8
1.4791926444632 0.506494 0.508548 0.483852 0.512494 0.514548 0.489852 8
1.4770623766933 0.5065 0.508561 0.483842 0.5125 0.514561 0.489842 8
1.4749365441891 0.506505 0.508573 0.483831 0.512505 0.514573 0.489831 8
1.4728151323061 0.506511 0.508586 0.483819 0.512511 0.514586 0.489819 8
1.4706981264663 0.506517 0.5086 0.48381 0.512517 0.5146 0.48981 8
1.4685855121571 0.506521 0.508611 0.4838 0.512521 0.514611 0.4898 8
1.4664772749317 0.506526 0.508624 0.483789 0.512526 0.514624 0.489789 8
1.4643734004081 0.506532 0.508636 0.483777 0.512532 0.514636 0.489777 8
1.4622738742691 0.506536 0.508647 0.483768 0.512536 0.514647 0.489768 8
1.4601786822616 0.506542 0.508661 0.483756 0.512542 0.514661 0.489756 8
1.4580878101968 0.506547 0.508672 0.483747 0.512547 0.514672 0.489747 8
1.4559994494445 0.506551 0.508683 0.483737 0.512551 0.514683 0.489737 8
1.4539130946544 0.506557 0.508697 0.483726 0.512557 0.514697 0.489726 8
1.4518310294636 0.506562 0.508708 0.483716 0.512562 0.514708 0.489716 8
1.4497532398892 0.506568 0.50872 0.483705 0.512568 0.51472 0.489705 8
1.4476797120112 0.506572 0.508731 0.483695 0.512572 0.514731 0.489695 8
1.4456104319714 0.506578 0.508744 0.483684 0.512578 0.514744 0.489684 8
1.4435453859731 0.506583 0.508756 0.483674 0.512583 0.514756 0.489674 8
1.4414845602812 0.506589 0.508769 0.483663 0.512589 0.514769 0.489663 8
1.4394279412215 0.506593 0.508781 0.483653 0.512593 0.514781 0.489653 8
1.4373755151802 0.506599 0.508794 0.483644 0.512599 0.514794 0.489644 8
1.4353272686041 0.506604 0.508806 0.483632 0.512604 0.514806 0.489632 8
1.4332831879998 0.50661 0.508819 0.483623 0.51261 0.514819 0.489623 8
1.4312432599335 0.506614 0.50883 0.483613 0.512614 0.51483 0.489613 8
1.4312432599335 0.506614 0.50883 0.483613 0.512614 0.51483 0.489613 8
1.4292074710307 0.50662 0.508844 0.483602 0.51262 0.514844 0.489602 8
1.4271758079758 0.506625 0.508855 0.48359 0.512625 0.514855 0.48959 8
1.425148257512 0.506629 0.508867 0.483581 0.512629 0.514867 0.489581 8
1.4231247090219 0.506635 0.50888 0.483569 0.512635 0.51488 0.489569 8
1.4211012465037 0.506641 0.508891 0.48356 0.512641 0.514891 0.48956 8
1.4190818688353 0.506646 0.508905 0.483548 0.512646 0.514905 0.489548 8
1.4170665629466 0.50665 0.508916 0.483539 0.51265 0.514916 0.489539 8
1.4150553158249 0.506656 0.50893 0.483529 0.512656 0.51493 0.489529 8
1.4130481145143 0.506662 0.508941 0.483518 0.512662 0.514941 0.489518 8
1.4110449461156 0.506665 0.508952 0.483508 0.512665 0.514952 0.489508 8
1.4090457977858 0.506671 0.508966 0.483497 0.512671 0.514966 0.489497 8
1.4070506567378 0.506677 0.508977 0.483485 0.512677 0.514977 0.489485 8
1.4050595102402 0.506681 0.508989 0.483476 0.512681 0.514989 0.489476 8
1.403072345617 0.506686 0.509 0.483466 0.512686 0.515 0.489466 8
1.4010891502472 0.506692 0.509013 0.483455 0.512692 0.515013 0.489455 8
1.3991100203328 0.506698 0.509025 0.483445 0.512698 0.515025 0.489445 8
1.397134617046 0.506704 0.509036 0.483436 0.512704 0.515036 0.489436 8
1.3951632542669 0.506707 0.509048 0.483424 0.512707 0.515048 0.489424 8
1.3931958107906 0.506713 0.509061 0.483415 0.512713 0.515061 0.489415 8
1.3912322742775 0.506719 0.509073 0.483405 0.512719 0.515073 0.489405 8
1.3892713301326 0.506725 0.509086 0.483394 0.512725 0.515086 0.489394 8
1.3873114644538 0.50673 0.509097 0.483384 0.51273 0.515097 0.489384 8
1.3853554804948 0.506736 0.509109 0.483373 0.512736 0.515109 0.489373 8
1.3834033660737 0.50674 0.50912 0.483363 0.51274 0.51512 0.489363 8
1.3814551090611 0.506746 0.509132 0.483354 0.512746 0.515132 0.489354 8
1.3795106973795 0.506751 0.509145 0.483344 0.512751 0.515145 0.489344 8
1.3775701190031 0.506757 0.509156 0.483333 0.512757 0.515156 0.489333 8
1.3756333619578 0.506763 0.509168 0.483323 0.512763 0.515168 0.489323 8
1.3737004143204 0.506768 0.509181 0.483314 0.512768 0.515181 0.489314 8
1.3717712642187 0.506774 0.509193 0.483302 0.512774 0.515193 0.489302 8
1.3698458998311 0.506778 0.509204 0.483293 0.512778 0.515204 0.489293 8
1.3679243093863 0.506784 0.509216 0.483283 0.512784 0.515216 0.489283 8
1.3660064811632 0.506789 0.509227 0.483272 0.512789 0.515227 0.489272 8
1.3640924034903 0.506795 0.50924 0.483262 0.512795 0.51524 0.489262 8
1.3621820647459 0.506801 0.509252 0.483253 0.512801 0.515252 0.489253 8
1.3602754533574 0.506807 0.509263 0.483243 0.512807 0.515263 0.489243 8
1.3583725578012 0.506812 0.509277 0.483232 0.512812 0.515277 0.489232 8
1.3564720710885 0.506818 0.509288 0.483222 0.512818 0.515288 0.489222 8
1.3545724551229 0.506824 0.5093 0.483213 0.512824 0.5153 0.489213 8
1.3526765320226 0.50683 0.509311 0.483201 0.51283 0.515311 0.489201 8
1.3507842904159 0.506833 0.509322 0.483192 0.512833 0.515322 0.489192 8
1.3488957189795 0.506839 0.509336 0.483182 0.512839 0.515336 0.489182 8
1.3470108064374 0.506845 0.509347 0.483171 0.512845 0.515347 0.489171 8
1.3451295415611 0.506851 0.509359 0.483161 0.512851 0.515359 0.489161 8
1.3432519131693 0.506856 0.509372 0.483152 0.512856 0.515372 0.489152 8
1.3413779101274 0.506862 0.509383 0.48314 0.512862 0.515383 0.48914 8
1.3395075213476 0.506866 0.509395 0.483131 0.512866 0.515395 0.489131 8
1.3376407357884 0.506871 0.509406 0.483121 0.512871 0.515406 0.489121 8
1.3357775424546 0.506877 0.509418 0.48311 0.512877 0.515418 0.48911 8
1.3339179303966 0.506883 0.509431 0.4831 0.512883 0.515431 0.4891 8
1.3320618887107 0.506889 0.509443 0.483091 0.512889 0.515443 0.489091 8
1.3302094065385 0.506892 0.509454 0.483081 0.512892 0.515454 0.489081 8
1.3283604730669 0.506898 0.509465 0.48307 0.512898 0.515465 0.48907 8
1.3265150775276 0.506904 0.509477 0.48306 0.512904 0.515477 0.48906 8
1.3246731555682 0.506908 0.509488 0.483051 0.512908 0.515488 0.489051 8
1.322830671881 0.506913 0.5095 0.483041 0.512913 0.5155 0.489041 8
1.3209917052377 0.506919 0.509513 0.483032 0.512919 0.515513 0.489032 8
1.3191562450075 0.506925 0.509525 0.483022 0.512925 0.515525 0.489022 8
1.3173242806037 0.506931 0.509536 0.483011 0.512931 0.515536 0.489011 8
1.315495801483 0.506936 0.509547 0.483001 0.512936 0.515547 0.489001 8
1.3136707971458 0.50694 0.509559 0.482991 0.51294 0.515559 0.488991 8
1.3118492571358 0.506946 0.50957 0.482982 0.512946 0.51557 0.488982 8
1.3100311710395 0.506952 0.50958 0.482972 0.512952 0.51558 0.488972 8
1.3082165284865 0.506957 0.509591 0.482963 0.512957 0.515591 0.488963 8
1.3064053191487 0.506963 0.509603 0.482953 0.512963 0.515603 0.488953 8
1.3045975327407 0.506967 0.509614 0.482944 0.512967 0.515614 0.488944 8
1.3027931590189 0.506973 0.509626 0.482934 0.512973 0.515626 0.488934 8
1.3009921877818 0.506978 0.509637 0.482925 0.512978 0.515637 0.488925 8
1.299194707963 0.506984 0.509649 0.482915 0.512984 0.515649 0.488915 8
1.2974004121541 0.50699 0.50966 0.482906 0.51299 0.51566 0.488906 8
1.2956095875879 0.506995 0.509671 0.482896 0.512995 0.515671 0.488896 8
1.2938221251054 0.507001 0.509683 0.482887 0.513001 0.515683 0.488887 8
1.2920363145865 0.507007 0.509694 0.482877 0.513007 0.515694 0.488877 8
1.2902514086595 0.507013 0.509706 0.482868 0.513013 0.515706 0.488868 8
1.2884698459229 0.507018 0.509719 0.482858 0.513018 0.515719 0.488858 8
1.2866916164643 0.507024 0.509731 0.482848 0.513024 0.515731 0.488848 8
1.2849167104117 0.507028 0.509742 0.482839 0.513028 0.515742 0.488839 8
1.2831451179328 0.507034 0.509753 0.482829 0.513034 0.515753 0.488829 8
1.2813768292352 0.507039 0.509765 0.482822 0.513039 0.515765 0.488822 8
1.2796118345661 0.507045 0.509778 0.482812 0.513045 0.515778 0.488812 8
1.2778501242122 0.507051 0.50979 0.482803 0.513051 0.51579 0.488803 8
1.276091688499 0.507056 0.509801 0.482793 0.513056 0.515801 0.488793 8
1.2743365177914 0.507062 0.509815 0.482785 0.513062 0.515815 0.488785 8
1.2725846024928 0.507066 0.509826 0.482776 0.513066 0.515826 0.488776 8
1.2708359330452 0.507072 0.509837 0.482766 0.513072 0.515837 0.488766 8
1.269090499929 0.507077 0.509851 0.482759 0.513077 0.515851 0.488759 8
1.2673482936628 0.507083 0.509862 0.482749 0.513083 0.515862 0.488749 8
1.2656093048032 0.507089 0.509876 0.482742 0.513089 0.515876 0.488742 8
1.2638735239446 0.507095 0.509887 0.482732 0.513095 0.515887 0.488732 8
1.2621409417188 0.5071 0.5099 0.482723 0.5131 0.5159 0.488723 8
1.2604094614521 0.507106 0.509912 0.482715 0.513106 0.515912 0.488715 8
1.2586791022481 0.507112 0.509923 0.482705 0.513112 0.515923 0.488705 8
1.2569519245826 0.507118 0.509935 0.482698 0.513118 0.515935 0.488698 8
1.2552279191991 0.507123 0.509946 0.482688 0.513123 0.515946 0.488688 8
1.2535070768777 0.507129 0.509958 0.482681 0.513129 0.515958 0.488681 8
1.2517893884352 0.507135 0.509969 0.482671 0.513135 0.515969 0.488671 8
1.2500748447246 0.50714 0.50998 0.482663 0.51314 0.51598 0.488663 8
1.2483634366356 0.507146 0.509992 0.482654 0.513146 0.515992 0.488654 8
1.2466551550936 0.507152 0.510003 0.482646 0.513152 0.516003 0.488646 8
1.2449499910602 0.507158 0.510013 0.482637 0.513158 0.516013 0.488637 8
 -0.003 -0.003 -0.003 0.003 0.003 0.003 8
