6.05010507006 0.504841 0.496867 0.496466 0.506841 0.498867 0.498466 10
6.02319862032 0.504855 0.496897 0.496447 0.506855 0.498897 0.498447 10
5.99654864503 0.504866 0.496928 0.496428 0.506866 0.498928 0.498428 10
5.97014439277 0.504876 0.496956 0.496407 0.506876 0.498956 0.498407 10
5.9439890382 0.504885 0.496987 0.496386 0.506885 0.498987 0.498386 10
5.91807660047 0.504895 0.497019 0.496363 0.506895 0.499019 0.498363 10
5.89240348214 0.50491 0.497054 0.496342 0.50691 0.499054 0.498342 10
5.86696615838 0.504923 0.497082 0.496325 0.506923 0.499082 0.498325 10
5.84176117534 0.504935 0.497111 0.496306 0.506935 0.499111 0.498306 10
5.81678514836 0.504948 0.497139 0.496289 0.506948 0.499139 0.498289 10
5.79203476016 0.504958 0.497168 0.496268 0.506958 0.499168 0.498268 10
5.76750675919 0.504969 0.497199 0.496247 0.506969 0.499199 0.498247 10
5.74319795799 0.50498 0.497231 0.496226 0.50698 0.499231 0.498226 10
5.71910523154 0.504994 0.497261 0.496205 0.506994 0.499261 0.498205 10
5.69522551575 0.505009 0.49729 0.496186 0.507009 0.49929 0.498186 10
5.67155580594 0.505024 0.497319 0.496167 0.507024 0.499319 0.498167 10
5.64809315541 0.505038 0.497345 0.496148 0.507038 0.499345 0.498148 10
5.62483467398 0.505051 0.497372 0.496128 0.507051 0.499372 0.498128 10
5.60177752664 0.505064 0.497399 0.496108 0.507064 0.499399 0.498108 10
5.57891893223 0.505076 0.497422 0.496087 0.507076 0.499422 0.498087 10
5.55625616212 0.505087 0.497454 0.496062 0.507087 0.499454 0.498062 10
5.53378653897 0.505106 0.49749 0.496039 0.507106 0.49949 0.498039 10
5.5115074355 0.505125 0.497527 0.49602 0.507125 0.499527 0.49802 10
5.48941627331 0.505143 0.497561 0.496001 0.507143 0.499561 0.498001 10
5.46751052172 0.505162 0.497593 0.495982 0.507162 0.499593 0.497982 10
5.44578769668 0.505177 0.497626 0.495963 0.507177 0.499626 0.497963 10
5.42424535963 0.505192 0.49766 0.495942 0.507192 0.49966 0.497942 10
5.40288111651 0.505209 0.497694 0.495921 0.507209 0.499694 0.497921 10
5.38169261666 0.505225 0.497729 0.4959 0.507225 0.499729 0.4979 10
5.36067755189 0.505246 0.497767 0.495875 0.507246 0.499767 0.497875 10
5.33983365548 0.505263 0.497803 0.495852 0.507263 0.499803 0.497852 10
5.3191587012 0.50528 0.497837 0.495827 0.50728 0.499837 0.497827 10
5.29865050248 0.505295 0.497874 0.4958 0.507295 0.499874 0.4978 10
5.27830691142 0.505309 0.497906 0.495774 0.507309 0.499906 0.497774 10
5.25812581801 0.505322 0.49794 0.495749 0.507322 0.49994 0.497749 10
5.2381051492 0.505337 0.497975 0.495724 0.507337 0.499975 0.497724 10
5.21824286815 0.505351 0.498007 0.495701 0.507351 0.500007 0.497701 10
5.19853697339 0.50536 0.498038 0.49568 0.50736 0.500038 0.49768 10
5.17898549807 0.505371 0.49807 0.495657 0.507371 0.50007 0.497657 10
5.15958650916 0.505383 0.498103 0.495636 0.507383 0.500103 0.497636 10
5.14033810674 0.505392 0.498135 0.495614 0.507392 0.500135 0.497614 10
5.1212384233 0.505404 0.498166 0.495594 0.507404 0.500166 0.497594 10
5.102285623 0.505413 0.498196 0.495575 0.507413 0.500196 0.497575 10
5.08347790102 0.505423 0.498228 0.495554 0.507423 0.500228 0.497554 10
5.06481348287 0.505433 0.498259 0.495535 0.507433 0.500259 0.497535 10
5.04629062378 0.505442 0.49829 0.495516 0.507442 0.50029 0.497516 10
5.02790760803 0.50545 0.498318 0.495497 0.50745 0.500318 0.497497 10
5.00966274837 0.505459 0.498349 0.495476 0.507459 0.500349 0.497476 10
4.99155534646 0.505469 0.498377 0.495457 0.507469 0.500377 0.497457 10
4.97358088686 0.505478 0.498404 0.49544 0.507478 0.500404 0.49744 10
4.95574064767 0.505488 0.498431 0.495421 0.507488 0.500431 0.497421 10
4.93803208824 0.505495 0.498457 0.495402 0.507495 0.500457 0.497402 10
4.92045365504 0.505505 0.498484 0.495383 0.507505 0.500484 0.497383 10
4.90300381948 0.505515 0.498509 0.495366 0.507515 0.500509 0.497366 10
4.88568107758 0.505526 0.498534 0.495348 0.507526 0.500534 0.497348 10
4.86848394941 0.505537 0.49856 0.495329 0.507537 0.50056 0.497329 10
4.85141097864 0.505549 0.498583 0.495314 0.507549 0.500583 0.497314 10
4.83446073204 0.505562 0.498608 0.495295 0.507562 0.500608 0.497295 10
4.81763179903 0.505577 0.498633 0.495278 0.507577 0.500633 0.497278 10
4.80092279121 0.505593 0.49866 0.495261 0.507593 0.50066 0.497261 10
4.78433234194 0.505606 0.498688 0.49524 0.507606 0.500688 0.49724 10
4.76785910589 0.505621 0.498717 0.495217 0.507621 0.500717 0.497217 10
4.75150175863 0.505637 0.498745 0.495194 0.507637 0.500745 0.497194 10
4.7352589962 0.50565 0.498774 0.495169 0.50765 0.500774 0.497169 10
4.71912953474 0.505661 0.498801 0.495144 0.507661 0.500801 0.497144 10
4.70311211006 0.505673 0.498829 0.495118 0.507673 0.500829 0.497118 10
4.68720547731 0.505684 0.498856 0.495091 0.507684 0.500856 0.497091 10
4.67140841054 0.505694 0.498883 0.495064 0.507694 0.500883 0.497064 10
4.65571970238 0.505703 0.498909 0.495037 0.507703 0.500909 0.497037 10
4.64013816369 0.505711 0.498936 0.495009 0.507711 0.500936 0.497009 10
4.62466262316 0.505719 0.498963 0.494984 0.507719 0.500963 0.496984 10
4.60929192703 0.505726 0.498988 0.494955 0.507726 0.500988 0.496955 10
4.59402493874 0.505734 0.499012 0.494929 0.507734 0.501012 0.496929 10
4.57886053856 0.50574 0.499039 0.494902 0.50774 0.501039 0.496902 10
4.56379762334 0.505745 0.499064 0.494875 0.507745 0.501064 0.496875 10
4.54883510616 0.505753 0.499089 0.494849 0.507753 0.501089 0.496849 10
4.53397191604 0.505759 0.499112 0.494822 0.507759 0.501112 0.496822 10
4.51920699764 0.505763 0.499136 0.494795 0.507763 0.501136 0.496795 10
4.50453931097 0.505766 0.499159 0.494769 0.507766 0.501159 0.496769 10
4.4899678311 0.50577 0.499182 0.494746 0.50777 0.501182 0.496746 10
4.47549154791 0.505774 0.499207 0.494723 0.507774 0.501207 0.496723 10
4.46110946578 0.505782 0.49923 0.494698 0.507782 0.50123 0.496698 10
4.44682060335 0.505787 0.499255 0.494673 0.507787 0.501255 0.496673 10
4.43262399328 0.505793 0.499279 0.494646 0.507793 0.501279 0.496646 10
4.41851868194 0.505799 0.499304 0.494622 0.507799 0.501304 0.496622 10
4.40450372922 0.505806 0.499327 0.494595 0.507806 0.501327 0.496595 10
4.39057820826 0.505812 0.499352 0.494568 0.507812 0.501352 0.496568 10
4.37674120521 0.505818 0.499375 0.494542 0.507818 0.501375 0.496542 10
4.36299181901 0.505824 0.4994 0.494513 0.507824 0.5014 0.496513 10
4.34932916116 0.505827 0.499422 0.494486 0.507827 0.501422 0.496486 10
4.3357523555 0.505833 0.499447 0.494461 0.507833 0.501447 0.496461 10
4.32226053798 0.505841 0.499474 0.494435 0.507841 0.501474 0.496435 10
4.30885285647 0.505846 0.499501 0.494408 0.507846 0.501501 0.496408 10
4.29552847053 0.505854 0.499525 0.494381 0.507854 0.501525 0.496381 10
4.28228655122 0.50586 0.499552 0.494353 0.50786 0.501552 0.496353 10
4.26912628089 0.505864 0.499579 0.494324 0.507864 0.501579 0.496324 10
4.256046853 0.505867 0.499604 0.494296 0.507867 0.501604 0.496296 10
4.24304747191 0.505869 0.49963 0.494267 0.507869 0.50163 0.496267 10
4.23012735271 0.505873 0.499655 0.494238 0.507873 0.501655 0.496238 10
4.21728572103 0.505873 0.49968 0.49421 0.507873 0.50168 0.49621 10
4.20452181286 0.505873 0.499705 0.494179 0.507873 0.501705 0.496179 10
4.19183487436 0.505871 0.49973 0.494152 0.507871 0.50173 0.496152 10
4.17922416173 0.505867 0.499754 0.494126 0.507867 0.501754 0.496126 10
4.16668894099 0.505866 0.499777 0.494099 0.507866 0.501777 0.496099 10
4.15422848784 0.505862 0.4998 0.494076 0.507862 0.5018 0.496076 10
4.14184208752 0.50586 0.499825 0.494053 0.50786 0.501825 0.496053 10
4.12952903459 0.505856 0.49985 0.494028 0.507856 0.50185 0.496028 10
4.11728863285 0.505854 0.499875 0.494008 0.507854 0.501875 0.496008 10
4.10512019513 0.50585 0.499897 0.493985 0.50785 0.501897 0.495985 10
4.09302304316 0.505848 0.499922 0.493966 0.507848 0.501922 0.495966 10
4.08099650744 0.505846 0.499947 0.493945 0.507846 0.501947 0.495945 10
4.06903992706 0.505845 0.49997 0.493925 0.507845 0.50197 0.495925 10
4.05715264959 0.505843 0.499995 0.493906 0.507843 0.501995 0.495906 10
4.04533403096 0.505843 0.500019 0.493889 0.507843 0.502019 0.495889 10
4.03358343525 0.505843 0.500044 0.493872 0.507843 0.502044 0.495872 10
4.02190023464 0.505841 0.500069 0.493855 0.507841 0.502069 0.495855 10
4.01028380925 0.505841 0.500094 0.49384 0.507841 0.502094 0.49584 10
3.99873457221 0.505843 0.500119 0.493823 0.507843 0.502119 0.495823 10
3.98724884333 0.505843 0.500143 0.493809 0.507843 0.502143 0.495809 10
3.97582910177 0.505845 0.500168 0.493794 0.507845 0.502168 0.495794 10
3.96447373261 0.505846 0.500193 0.493781 0.507846 0.502193 0.495781 10
3.95318215387 0.50585 0.500218 0.493767 0.50785 0.502218 0.495767 10
3.9419537907 0.505852 0.500241 0.493756 0.507852 0.502241 0.495756 10
3.93078807532 0.505856 0.500266 0.493742 0.507856 0.502266 0.495742 10
3.91968444696 0.505862 0.50029 0.493729 0.507862 0.50229 0.495729 10
3.90864235171 0.505867 0.500313 0.493718 0.507867 0.502313 0.495718 10
3.89766124244 0.505873 0.50034 0.493704 0.507873 0.50234 0.495704 10
3.88674057866 0.505879 0.500363 0.493693 0.507879 0.502363 0.495693 10
3.87587982647 0.505885 0.500388 0.493679 0.507885 0.502388 0.495679 10
3.86507845842 0.505892 0.500412 0.493668 0.507892 0.502412 0.495668 10
3.85433595341 0.5059 0.500437 0.493655 0.5079 0.502437 0.495655 10
3.84365179662 0.505907 0.500462 0.493643 0.507907 0.502462 0.495643 10
3.83302547938 0.505915 0.500487 0.49363 0.507915 0.502487 0.49563 10
3.82245649911 0.505925 0.500512 0.493618 0.507925 0.502512 0.495618 10
3.81194435921 0.505934 0.500538 0.493607 0.507934 0.502538 0.495607 10
3.80148856895 0.505946 0.500565 0.493594 0.507946 0.502565 0.495594 10
3.79108864344 0.505959 0.500592 0.49358 0.507959 0.502592 0.49558 10
3.78074410348 0.505972 0.500618 0.493563 0.507972 0.502618 0.495563 10
3.7704544755 0.505986 0.500649 0.493542 0.507986 0.502649 0.495542 10
3.7602192915 0.505995 0.500678 0.493517 0.507995 0.502678 0.495517 10
3.75003808891 0.506001 0.500704 0.493493 0.508001 0.502704 0.495493 10
3.73991041058 0.506001 0.500731 0.49347 0.508001 0.502731 0.49547 10
3.72983580463 0.506001 0.500756 0.493447 0.508001 0.502756 0.495447 10
3.71981382444 0.505997 0.500779 0.493426 0.507997 0.502779 0.495426 10
3.7098440285 0.505995 0.500803 0.493407 0.507995 0.502803 0.495407 10
3.6999259804 0.505991 0.500826 0.49339 0.507991 0.502826 0.49539 10
3.69005924874 0.505989 0.500849 0.493376 0.507989 0.502849 0.495376 10
3.68024340701 0.505989 0.500872 0.493367 0.507989 0.502872 0.495367 10
3.67047803359 0.505993 0.500897 0.493361 0.507993 0.502897 0.495361 10
3.66076271163 0.506005 0.500925 0.493348 0.508005 0.502925 0.495348 10
3.651097029 0.506014 0.500952 0.493327 0.508014 0.502952 0.495327 10
3.64148057822 0.506018 0.500979 0.493304 0.508018 0.502979 0.495304 10
3.63191295639 0.506016 0.501004 0.493283 0.508016 0.503004 0.495283 10
3.62239376513 0.506012 0.501027 0.493271 0.508012 0.503027 0.495271 10
3.61292261051 0.506022 0.501053 0.493264 0.508022 0.503053 0.495264 10
3.60349910299 0.506031 0.50108 0.493243 0.508031 0.50308 0.495243 10
3.59412285736 0.506026 0.501105 0.493222 0.508026 0.503105 0.495222 10
3.58479349268 0.506037 0.501131 0.49321 0.508037 0.503131 0.49521 10
3.57551063221 0.506037 0.501154 0.493191 0.508037 0.503154 0.495191 10
3.56627390335 0.506043 0.501179 0.493172 0.508043 0.503179 0.495172 10
3.55708293761 0.506047 0.501204 0.493151 0.508047 0.503204 0.495151 10
3.54793737052 0.506051 0.501229 0.493132 0.508051 0.503229 0.495132 10
3.53883684159 0.506052 0.501254 0.493113 0.508052 0.503254 0.495113 10
3.52978099426 0.506054 0.501276 0.493096 0.508054 0.503276 0.495096 10
3.52076947581 0.506056 0.501301 0.493077 0.508056 0.503301 0.495077 10
3.51180193737 0.506058 0.501324 0.49306 0.508058 0.503324 0.49506 10
3.50287803381 0.50606 0.501347 0.49304 0.50806 0.503347 0.49504 10
3.49399771037 0.506062 0.501372 0.493021 0.508062 0.503372 0.495021 10
3.4851597693 0.506062 0.501395 0.493004 0.508062 0.503395 0.495004 10
3.47636473651 0.506064 0.501418 0.492985 0.508064 0.503418 0.494985 10
3.46761199469 0.506064 0.50144 0.492968 0.508064 0.50344 0.494968 10
3.45890121678 0.506066 0.501463 0.492951 0.508066 0.503463 0.494951 10
3.45023207918 0.506068 0.501486 0.492934 0.508068 0.503486 0.494934 10
3.44160426172 0.50607 0.501509 0.492918 0.50807 0.503509 0.494918 10
3.43301744757 0.506071 0.501532 0.492901 0.508071 0.503532 0.494901 10
3.42447132326 0.506075 0.501555 0.492886 0.508075 0.503555 0.494886 10
3.41596557859 0.506077 0.501578 0.492871 0.508077 0.503578 0.494871 10
3.4074999066 0.506083 0.501603 0.492854 0.508083 0.503603 0.494854 10
3.39907400353 0.506087 0.501625 0.492838 0.508087 0.503625 0.494838 10
3.39068756876 0.506092 0.50165 0.492819 0.508092 0.50365 0.494819 10
3.38234030482 0.506096 0.501673 0.4928 0.508096 0.503673 0.4948 10
3.37403191728 0.5061 0.501696 0.492783 0.5081 0.503696 0.494783 10
3.36576211474 0.506102 0.501719 0.492766 0.508102 0.503719 0.494766 10
3.35753060882 0.506106 0.501742 0.492751 0.508106 0.503742 0.494751 10
3.34933711407 0.506112 0.501767 0.492731 0.508112 0.503767 0.494731 10
3.34118134796 0.506113 0.501789 0.492714 0.508113 0.503789 0.494714 10
3.33306303085 0.506117 0.501812 0.492697 0.508117 0.503812 0.494697 10
3.32498188593 0.506119 0.501835 0.49268 0.508119 0.503835 0.49468 10
3.31693763918 0.506123 0.501858 0.492663 0.508123 0.503858 0.494663 10
3.30893001938 0.506127 0.501883 0.492644 0.508127 0.503883 0.494644 10
3.30095875801 0.506129 0.501906 0.492629 0.508129 0.503906 0.494629 10
3.29302358927 0.506133 0.501929 0.492613 0.508133 0.503929 0.494613 10
3.28512425001 0.506134 0.501952 0.492598 0.508134 0.503952 0.494598 10
3.27726047972 0.506138 0.501975 0.492585 0.508138 0.503975 0.494585 10
3.26943202047 0.506144 0.501999 0.492569 0.508144 0.503999 0.494569 10
3.2616386169 0.506152 0.502024 0.492552 0.508152 0.504024 0.494552 10
3.25388001619 0.506157 0.502049 0.492535 0.508157 0.504049 0.494535 10
3.246155968 0.506161 0.502074 0.492514 0.508161 0.504074 0.494514 10
3.23846622448 0.506167 0.502098 0.492495 0.508167 0.504098 0.494495 10
3.2308105402 0.506167 0.502121 0.492476 0.508167 0.504121 0.494476 10
3.22318867213 0.506171 0.502144 0.492461 0.508171 0.504144 0.494461 10
3.21560037965 0.506174 0.502167 0.492445 0.508174 0.504167 0.494445 10
3.20804542444 0.50618 0.502192 0.492424 0.50818 0.504192 0.494424 10
3.20052357053 0.506178 0.502215 0.492405 0.508178 0.504215 0.494405 10
3.19303458422 0.50618 0.502238 0.492388 0.50818 0.504238 0.494388 10
3.1855782341 0.506182 0.502261 0.492371 0.508182 0.504261 0.494371 10
3.17815429096 0.506184 0.502284 0.492356 0.508184 0.504284 0.494356 10
3.17076252782 0.506188 0.502308 0.492339 0.508188 0.504308 0.494339 10
3.16340271985 0.50619 0.502331 0.492323 0.50819 0.504331 0.494323 10
3.1560746444 0.506194 0.502356 0.492306 0.508194 0.504356 0.494306 10
3.14877808094 0.506197 0.502379 0.492289 0.508197 0.504379 0.494289 10
3.14151281104 0.506199 0.502404 0.49227 0.508199 0.504404 0.49427 10
3.13427861833 0.506201 0.502427 0.492255 0.508201 0.504427 0.494255 10
3.1270752885 0.506203 0.502451 0.492239 0.508203 0.504451 0.494239 10
3.11990260928 0.506207 0.502476 0.492224 0.508207 0.504476 0.494224 10
3.11276037039 0.506211 0.502501 0.492207 0.508211 0.504501 0.494207 10
3.1056483635 0.506213 0.502524 0.492194 0.508213 0.504524 0.494194 10
3.09856638229 0.506216 0.502549 0.492176 0.508216 0.504549 0.494176 10
3.09151422231 0.50622 0.502573 0.492161 0.50822 0.504573 0.494161 10
3.08449168106 0.506222 0.502598 0.492144 0.508222 0.504598 0.494144 10
3.07749855791 0.506224 0.502623 0.492127 0.508224 0.504623 0.494127 10
3.07053465409 0.506226 0.502648 0.492112 0.508226 0.504648 0.494112 10
3.06359977268 0.50623 0.502673 0.492096 0.50823 0.504673 0.494096 10
3.05669371856 0.506232 0.502695 0.492081 0.508232 0.504695 0.494081 10
3.04981629843 0.506236 0.50272 0.492064 0.508236 0.50472 0.494064 10
3.04296732074 0.506237 0.502745 0.492049 0.508237 0.504745 0.494049 10
3.03614659574 0.506239 0.50277 0.492033 0.508239 0.50477 0.494033 10
3.02935393536 0.506243 0.502795 0.492016 0.508243 0.504795 0.494016 10
3.02258915329 0.506245 0.502818 0.492003 0.508245 0.504818 0.494003 10
3.01585206488 0.506249 0.502842 0.491988 0.508249 0.504842 0.493988 10
3.0091424872 0.506253 0.502867 0.491972 0.508253 0.504867 0.493972 10
3.00246023892 0.506257 0.502892 0.491957 0.508257 0.504892 0.493957 10
2.99580538563 0.50626 0.502917 0.49194 0.50826 0.504917 0.49394 10
2.98917701356 0.506264 0.502942 0.491925 0.508264 0.504942 0.493925 10
2.98257568203 0.506268 0.502966 0.491909 0.508268 0.504966 0.493909 10
2.97600097088 0.506272 0.502991 0.491894 0.508272 0.504991 0.493894 10
2.96945270684 0.506276 0.503016 0.491877 0.508276 0.505016 0.493877 10
2.96293071814 0.506277 0.503039 0.491864 0.508277 0.505039 0.493864 10
2.95643483458 0.506281 0.503066 0.491846 0.508281 0.505066 0.493846 10
2.94996488743 0.506285 0.50309 0.491831 0.508285 0.50509 0.493831 10
2.94352070948 0.506289 0.503115 0.491816 0.508289 0.505115 0.493816 10
2.93710213499 0.506295 0.50314 0.491801 0.508295 0.50514 0.493801 10
2.93070899968 0.506298 0.503165 0.491784 0.508298 0.505165 0.493784 10
2.92434114071 0.506302 0.503189 0.491768 0.508302 0.505189 0.493768 10
2.91799839668 0.506306 0.503214 0.491749 0.508306 0.505214 0.493749 10
2.9116806076 0.506308 0.503239 0.491734 0.508308 0.505239 0.493734 10
2.90538761486 0.506312 0.503264 0.491717 0.508312 0.505264 0.493717 10
2.89911926126 0.506316 0.503291 0.491698 0.508316 0.505291 0.493698 10
2.89287539095 0.506318 0.503313 0.491681 0.508318 0.505313 0.493681 10
2.88665584942 0.506321 0.50334 0.491665 0.508321 0.50534 0.493665 10
2.88046048351 0.506323 0.503365 0.491648 0.508323 0.505365 0.493648 10
2.87428914139 0.506327 0.50339 0.491631 0.508327 0.50539 0.493631 10
2.86814167251 0.506329 0.503415 0.491614 0.508329 0.505415 0.493614 10
2.86201792765 0.506331 0.503439 0.491597 0.508331 0.505439 0.493597 10
2.85591775883 0.506333 0.503464 0.491581 0.508333 0.505464 0.493581 10
2.84984101937 0.506337 0.503491 0.491566 0.508337 0.505491 0.493566 10
2.84378756381 0.506339 0.503516 0.491551 0.508339 0.505516 0.493551 10
2.83775724794 0.506342 0.503542 0.491536 0.508342 0.505542 0.493536 10
2.83174992879 0.506348 0.503567 0.49152 0.508348 0.505567 0.49352 10
2.82576546457 0.506352 0.503594 0.491503 0.508352 0.505594 0.493503 10
2.81980371471 0.506356 0.503621 0.491486 0.508356 0.505621 0.493486 10
2.81386453982 0.506363 0.503647 0.491471 0.508363 0.505647 0.493471 10
2.80794780169 0.506367 0.503674 0.491452 0.508367 0.505674 0.493452 10
2.80205336325 0.506373 0.503699 0.491435 0.508373 0.505699 0.493435 10
2.79618108859 0.506379 0.503725 0.491417 0.508379 0.505725 0.493417 10
2.79033084294 0.506384 0.503752 0.4914 0.508384 0.505752 0.4934 10
2.78450249264 0.50639 0.503779 0.491381 0.50839 0.505779 0.493381 10
2.77869590516 0.506394 0.503806 0.491364 0.508394 0.505806 0.493364 10
2.77291094905 0.506398 0.503832 0.491345 0.508398 0.505832 0.493345 10
2.76714749396 0.506403 0.503857 0.491326 0.508403 0.505857 0.493326 10
2.76140541061 0.506407 0.503884 0.491307 0.508407 0.505884 0.493307 10
2.75568457079 0.506411 0.50391 0.49129 0.508411 0.50591 0.49329 10
2.74998541481 0.506415 0.503937 0.491272 0.508415 0.505937 0.493272 10
2.7443061141 0.506421 0.503964 0.491255 0.508421 0.505964 0.493255 10
2.73864824615 0.506424 0.503991 0.491238 0.508424 0.505991 0.493238 10
2.73301111927 0.50643 0.504015 0.491221 0.50843 0.506015 0.493221 10
2.72739461045 0.506436 0.504042 0.491206 0.508436 0.506042 0.493206 10
2.72179859765 0.506442 0.504069 0.491188 0.508442 0.506069 0.493188 10
2.71622295981 0.506449 0.504095 0.491173 0.508449 0.506095 0.493173 10
2.71066757686 0.506457 0.504122 0.491156 0.508457 0.506122 0.493156 10
2.70513232968 0.506463 0.504149 0.491139 0.508463 0.506149 0.493139 10
2.69961710014 0.50647 0.504176 0.491122 0.50847 0.506176 0.493122 10
2.69412177102 0.506478 0.5042 0.491103 0.508478 0.5062 0.493103 10
2.68864622607 0.506483 0.504227 0.491084 0.508483 0.506227 0.493084 10
2.68319034997 0.506489 0.504254 0.491064 0.508489 0.506254 0.493064 10
2.6777540283 0.506495 0.504279 0.491047 0.508495 0.506279 0.493047 10
2.67233714759 0.506501 0.504305 0.491032 0.508501 0.506305 0.493032 10
2.66693959523 0.506506 0.50433 0.491017 0.508506 0.50633 0.493017 10
2.66156125953 0.506518 0.504355 0.491002 0.508518 0.506355 0.493002 10
2.65620202968 0.506527 0.50438 0.490984 0.508527 0.50638 0.492984 10
2.65086179573 0.506537 0.504404 0.490963 0.508537 0.506404 0.492963 10
2.64554044864 0.506541 0.504429 0.49095 0.508541 0.506429 0.49295 10
2.64023788017 0.50655 0.504452 0.490933 0.50855 0.506452 0.492933 10
2.63495398297 0.506558 0.504477 0.490914 0.508558 0.506477 0.492914 10
2.62968865053 0.506564 0.5045 0.490895 0.508564 0.5065 0.492895 10
2.62444177715 0.506571 0.504525 0.490879 0.508571 0.506525 0.492879 10
2.61921325797 0.506581 0.504548 0.49086 0.508581 0.506548 0.49286 10
2.61400298894 0.506586 0.504572 0.490843 0.508586 0.506572 0.492843 10
2.60881086684 0.506596 0.504597 0.490826 0.508596 0.506597 0.492826 10
2.60363678922 0.506604 0.50462 0.490811 0.508604 0.50662 0.492811 10
2.59848065444 0.506615 0.504645 0.490788 0.508615 0.506645 0.492788 10
2.59334236164 0.506623 0.504668 0.490769 0.508623 0.506668 0.492769 10
2.58822181074 0.50663 0.504692 0.490752 0.50863 0.506692 0.492752 10
2.58311890242 0.506636 0.504715 0.490733 0.508636 0.506715 0.492733 10
2.57803353814 0.506646 0.50474 0.490717 0.508646 0.50674 0.492717 10
2.57296562009 0.506655 0.504765 0.490698 0.508655 0.506765 0.492698 10
2.56791505123 0.506661 0.504788 0.490679 0.508661 0.506788 0.492679 10
2.56288173525 0.506668 0.504811 0.490658 0.508668 0.506811 0.492658 10
2.55786557658 0.50668 0.504836 0.490639 0.50868 0.506836 0.492639 10
2.55286648036 0.506688 0.504858 0.49062 0.508688 0.506858 0.49262 10
2.54788435246 0.506693 0.504881 0.490601 0.508693 0.506881 0.492601 10
2.54291909946 0.506707 0.504906 0.490582 0.508707 0.506906 0.492582 10
2.53797062865 0.506714 0.504929 0.490561 0.508714 0.506929 0.492561 10
2.53303884801 0.50672 0.504952 0.490544 0.50872 0.506952 0.492544 10
2.52812366621 0.50673 0.504977 0.490525 0.50873 0.506977 0.492525 10
2.52322499262 0.506739 0.505 0.490504 0.508739 0.507 0.492504 10
2.51834273727 0.506747 0.505022 0.490483 0.508747 0.507022 0.492483 10
2.51347681088 0.506754 0.505047 0.490467 0.508754 0.507047 0.492467 10
2.50862712481 0.506764 0.50507 0.490448 0.508764 0.50707 0.492448 10
2.5037935911 0.506771 0.505093 0.490427 0.508771 0.507093 0.492427 10
2.49897650109 0.506779 0.505116 0.490408 0.508779 0.507116 0.492408 10
2.49417463215 0.506789 0.505139 0.490391 0.508789 0.507139 0.492391 10
2.48938903429 0.5068 0.505162 0.490372 0.5088 0.507162 0.492372 10
2.48461924336 0.506808 0.505185 0.490353 0.508808 0.507185 0.492353 10
2.47986517465 0.506815 0.505207 0.490334 0.508815 0.507207 0.492334 10
2.47512674401 0.506823 0.505232 0.490319 0.508823 0.507232 0.492319 10
2.47040386793 0.506831 0.505255 0.4903 0.508831 0.507255 0.4923 10
2.4656964635 0.50684 0.505278 0.490281 0.50884 0.507278 0.492281 10
2.46100444841 0.506846 0.505301 0.49026 0.508846 0.507301 0.49226 10
2.45632774096 0.506857 0.505326 0.490241 0.508857 0.507326 0.492241 10
2.45166626005 0.506863 0.505349 0.490225 0.508863 0.507349 0.492225 10
2.44701992515 0.506871 0.505371 0.490206 0.508871 0.507371 0.492206 10
2.44238865633 0.50688 0.505394 0.490187 0.50888 0.507394 0.492187 10
2.43777237423 0.506886 0.505417 0.490166 0.508886 0.507417 0.492166 10
2.43317100006 0.506894 0.50544 0.490149 0.508894 0.50744 0.492149 10
2.42858445562 0.506901 0.505463 0.490132 0.508901 0.507463 0.492132 10
2.42401266324 0.506909 0.505486 0.490113 0.508909 0.507486 0.492113 10
2.41945554583 0.506918 0.505509 0.490094 0.508918 0.507509 0.492094 10
2.41491302684 0.506926 0.505532 0.490076 0.508926 0.507532 0.492076 10
2.41038503029 0.506934 0.505555 0.490057 0.508934 0.507555 0.492057 10
2.4058714807 0.506939 0.505577 0.490036 0.508939 0.507577 0.492036 10
2.40137230317 0.506945 0.5056 0.490017 0.508945 0.5076 0.492017 10
2.39688742332 0.506953 0.505623 0.489998 0.508953 0.507623 0.491998 10
2.39241676727 0.50696 0.505648 0.489979 0.50896 0.507648 0.491979 10
2.3879602617 0.506966 0.505673 0.489962 0.508966 0.507673 0.491962 10
2.3835178338 0.506974 0.505696 0.489941 0.508974 0.507696 0.491941 10
2.37908941125 0.506979 0.505719 0.48992 0.508979 0.507719 0.49192 10
2.37467492227 0.506987 0.505743 0.489903 0.508987 0.507743 0.491903 10
2.37027429557 0.506998 0.505768 0.489886 0.508998 0.507768 0.491886 10
2.36588746036 0.507004 0.505791 0.489865 0.509004 0.507791 0.491865 10
2.36151434634 0.50701 0.505816 0.489846 0.50901 0.507816 0.491846 10
2.35715488372 0.507016 0.505841 0.489827 0.509016 0.507841 0.491827 10
2.35280900318 0.507021 0.505864 0.489806 0.509021 0.507864 0.491806 10
2.34847663588 0.507029 0.505888 0.489788 0.509029 0.507888 0.491788 10
2.34415771346 0.507037 0.505913 0.489769 0.509037 0.507913 0.491769 10
2.33985216806 0.50704 0.505938 0.48975 0.50904 0.507938 0.49175 10
2.33555993226 0.507048 0.505963 0.489731 0.509048 0.507963 0.491731 10
2.3312809391 0.507054 0.505988 0.489712 0.509054 0.507988 0.491712 10
2.32701512212 0.50706 0.506012 0.489689 0.50906 0.508012 0.491689 10
2.32276241527 0.507067 0.506039 0.489674 0.509067 0.508039 0.491674 10
2.318522753 0.507075 0.506064 0.489657 0.509075 0.508064 0.491657 10
2.31429607016 0.50708 0.506089 0.489638 0.50908 0.508089 0.491638 10
2.3100823021 0.507086 0.506113 0.489619 0.509086 0.508113 0.491619 10
2.30588138457 0.507092 0.506138 0.4896 0.509092 0.508138 0.4916 10
2.30169325377 0.507098 0.506165 0.489581 0.509098 0.508165 0.491581 10
2.29751784634 0.507103 0.50619 0.489563 0.509103 0.50819 0.491563 10
2.29335509935 0.507111 0.506216 0.489542 0.509111 0.508216 0.491542 10
2.28920495029 0.507117 0.506241 0.489523 0.509117 0.508241 0.491523 10
2.28506733707 0.507122 0.506268 0.489508 0.509122 0.508268 0.491508 10
2.28094219804 0.507128 0.506293 0.489489 0.509128 0.508293 0.491489 10
2.27682947194 0.507134 0.506319 0.489468 0.509134 0.508319 0.491468 10
2.27272909793 0.50714 0.506344 0.489449 0.50914 0.508344 0.491449 10
2.2686410156 0.507145 0.506371 0.489432 0.509145 0.508371 0.491432 10
2.26456516492 0.507151 0.506398 0.489413 0.509151 0.508398 0.491413 10
2.26050148626 0.507157 0.506426 0.489396 0.509157 0.508426 0.491396 10
2.25644992041 0.507162 0.506453 0.489376 0.509162 0.508453 0.491376 10
2.25241040853 0.507168 0.50648 0.489355 0.509168 0.50848 0.491355 10
2.24838313276 0.507172 0.506508 0.489338 0.509172 0.508508 0.491338 10
2.24436731334 0.50718 0.506535 0.489317 0.50918 0.508535 0.491317 10
2.24036361436 0.507183 0.506564 0.489298 0.509183 0.508564 0.491298 10
2.23637173791 0.507187 0.506592 0.489279 0.509187 0.508592 0.491279 10
2.23239162711 0.507193 0.506619 0.489256 0.509193 0.508619 0.491256 10
2.22842322544 0.507195 0.506646 0.489235 0.509195 0.508646 0.491235 10
2.22446647674 0.507199 0.506674 0.489214 0.509199 0.508674 0.491214 10
2.22052132522 0.507201 0.506703 0.489191 0.509201 0.508703 0.491191 10
2.21658771548 0.507206 0.506733 0.48917 0.509206 0.508733 0.49117 10
2.21266559244 0.507208 0.506762 0.489148 0.509208 0.508762 0.491148 10
2.20875490142 0.507214 0.506791 0.489125 0.509214 0.508791 0.491125 10
2.20485558808 0.507218 0.506821 0.489104 0.509218 0.508821 0.491104 10
2.20096759842 0.507222 0.50685 0.489081 0.509222 0.50885 0.491081 10
2.19709087883 0.507225 0.506878 0.48906 0.509225 0.508878 0.49106 10
2.19322537601 0.507229 0.506905 0.489037 0.509229 0.508905 0.491037 10
2.18937103703 0.507235 0.506934 0.489014 0.509235 0.508934 0.491014 10
2.18552780928 0.507239 0.506962 0.488991 0.509239 0.508962 0.490991 10
2.18169564051 0.507245 0.506991 0.488968 0.509245 0.508991 0.490968 10
2.1778744788 0.507246 0.507018 0.488945 0.509246 0.509018 0.490945 10
2.17406427256 0.507252 0.507046 0.488923 0.509252 0.509046 0.490923 10
2.17026497053 0.507254 0.507073 0.4889 0.509254 0.509073 0.4909 10
2.1664765218 0.50726 0.507101 0.488877 0.50926 0.509101 0.490877 10
2.16269887575 0.507262 0.50713 0.488854 0.509262 0.50913 0.490854 10
2.15893198211 0.507265 0.507159 0.488831 0.509265 0.509159 0.490831 10
2.15517579093 0.507269 0.507187 0.488806 0.509269 0.509187 0.490806 10
2.15143025257 0.507273 0.507216 0.488783 0.509273 0.509216 0.490783 10
2.1476953177 0.507277 0.507246 0.488758 0.509277 0.509246 0.490758 10
2.14397093731 0.507281 0.507275 0.488736 0.509281 0.509275 0.490736 10
2.14025706271 0.507285 0.507304 0.488711 0.509285 0.509304 0.490711 10
2.13655364551 0.507288 0.50733 0.488686 0.509288 0.50933 0.490686 10
2.13286063762 0.507292 0.507359 0.488661 0.509292 0.509359 0.490661 10
2.12917799125 0.507294 0.507386 0.488636 0.509294 0.509386 0.490636 10
2.12550565893 0.507298 0.507416 0.48861 0.509298 0.509416 0.49061 10
2.12184359347 0.5073 0.507445 0.488583 0.5093 0.509445 0.490583 10
2.11819174799 0.507304 0.507473 0.488556 0.509304 0.509473 0.490556 10
2.11455007588 0.507307 0.507502 0.488528 0.509307 0.509502 0.490528 10
2.11091853086 0.507311 0.507531 0.488499 0.509311 0.509531 0.490499 10
2.1072970669 0.507315 0.507559 0.488469 0.509315 0.509559 0.490469 10
2.10368563827 0.507319 0.507588 0.488438 0.509319 0.509588 0.490438 10
2.10008419955 0.507321 0.507615 0.488404 0.509321 0.509615 0.490404 10
2.09649270555 0.507323 0.507643 0.488367 0.509323 0.509643 0.490367 10
2.09291111141 0.507327 0.507668 0.488329 0.509327 0.509668 0.490329 10
2.08933937252 0.507327 0.507689 0.488289 0.509327 0.509689 0.490289 10
2.08577744454 0.507328 0.507702 0.488249 0.509328 0.509702 0.490249 10
2.08222528344 0.507332 0.507712 0.488213 0.509332 0.509712 0.490213 10
2.07868284542 0.507349 0.507664 0.48832 0.509349 0.509664 0.49032 10
2.07515008697 0.507357 0.507691 0.488326 0.509357 0.509691 0.490326 10
2.07162696484 0.507365 0.507718 0.488327 0.509365 0.509718 0.490327 10
2.06811343605 0.507372 0.507742 0.488326 0.509372 0.509742 0.490326 10
2.06460945788 0.50738 0.507767 0.48832 0.50938 0.509767 0.49032 10
2.06111498788 0.507388 0.50779 0.488312 0.509388 0.50979 0.490312 10
2.05762998383 0.507395 0.507813 0.488305 0.509395 0.509813 0.490305 10
2.05415440381 0.507401 0.507836 0.488295 0.509401 0.509836 0.490295 10
2.05068820611 0.507409 0.507855 0.488284 0.509409 0.509855 0.490284 10
2.04723134931 0.507416 0.507874 0.488272 0.509416 0.509874 0.490272 10
2.04378379222 0.507422 0.507893 0.488259 0.509422 0.509893 0.490259 10
2.04034549391 0.507428 0.507912 0.488244 0.509428 0.509912 0.490244 10
2.03691641368 0.507435 0.507929 0.488228 0.509435 0.509929 0.490228 10
2.03349651109 0.507441 0.507946 0.488211 0.509441 0.509946 0.490211 10
2.03008574594 0.507449 0.507962 0.488192 0.509449 0.509962 0.490192 10
2.02668407827 0.507454 0.507977 0.488175 0.509454 0.509977 0.490175 10
2.02329146837 0.50746 0.507992 0.488154 0.50946 0.509992 0.490154 10
2.01990787675 0.507466 0.508006 0.488133 0.509466 0.510006 0.490133 10
2.01653326416 0.507471 0.508019 0.48811 0.509471 0.510019 0.49011 10
2.0131675916 0.507477 0.50803 0.488087 0.509477 0.51003 0.490087 10
2.00981082028 0.507483 0.508042 0.48806 0.509483 0.510042 0.49006 10
2.00646291165 0.507487 0.508051 0.488036 0.509487 0.510051 0.490036 10
2.0031238274036 0.507492 0.508057 0.488007 0.509492 0.510057 0.490007 10
1.9997938414155 0.507494 0.508059 0.487976 0.509494 0.510059 0.489976 10
1.9964719798568 0.507496 0.508053 0.487948 0.509496 0.510053 0.489948 10
1.99315914111 0.507498 0.508032 0.487938 0.509498 0.510032 0.489938 10
1.9898549756827 0.507504 0.508036 0.487948 0.509504 0.510036 0.489948 10
1.9865594464051 0.50751 0.508053 0.48795 0.50951 0.510053 0.48995 10
1.9832725162947 0.507517 0.508078 0.487942 0.509517 0.510078 0.489942 10
1.9799941485863 0.507525 0.508105 0.487927 0.509525 0.510105 0.489927 10
1.9767243067301 0.507529 0.50813 0.4879 0.509529 0.51013 0.4899 10
1.9734629543904 0.507533 0.508126 0.487872 0.509533 0.510126 0.489872 10
1.9702100554436 0.507538 0.508141 0.487873 0.509538 0.510141 0.489873 10
1.9669655739768 0.507542 0.508164 0.487847 0.509542 0.510164 0.489847 10
1.9637294742863 0.507548 0.508179 0.487839 0.509548 0.510179 0.489839 10
1.9605017208762 0.507554 0.508192 0.487828 0.509554 0.510192 0.489828 10
1.9572822784565 0.507559 0.508208 0.487814 0.509559 0.510208 0.489814 10
1.9540711119418 0.507565 0.508223 0.487803 0.509565 0.510223 0.489803 10
1.9508681864496 0.507571 0.508238 0.48779 0.509571 0.510238 0.48979 10
1.9476734672993 0.507576 0.508252 0.487776 0.509576 0.510252 0.489776 10
1.9444869200102 0.507582 0.508267 0.487765 0.509582 0.510267 0.489765 10
1.9413085103001 0.507588 0.508282 0.487751 0.509588 0.510282 0.489751 10
1.9381382040842 0.507594 0.508295 0.48774 0.509594 0.510295 0.48974 10
1.9349759674732 0.507599 0.508311 0.487727 0.509599 0.510311 0.489727 10
1.9318217667724 0.507605 0.508326 0.487713 0.509605 0.510326 0.489713 10
1.9286755684797 0.507611 0.508339 0.487702 0.509611 0.510339 0.489702 10
1.9255373392847 0.507618 0.508355 0.487688 0.509618 0.510355 0.489688 10
1.9224070460668 0.507624 0.50837 0.487675 0.509624 0.51037 0.489675 10
1.9192846558944 0.50763 0.508383 0.487662 0.50963 0.510383 0.489662 10
1.9161701360231 0.507636 0.508398 0.48765 0.509636 0.510398 0.48965 10
1.9130634538947 0.507641 0.508414 0.487637 0.509641 0.510414 0.489637 10
1.9099645771353 0.507647 0.508429 0.487624 0.509647 0.510429 0.489624 10
1.9068734735547 0.507653 0.508442 0.487612 0.509653 0.510442 0.489612 10
1.9037901111445 0.50766 0.508458 0.487599 0.50966 0.510458 0.489599 10
1.9007144580769 0.507666 0.508473 0.487585 0.509666 0.510473 0.489585 10
1.8976464827038 0.507672 0.508488 0.487574 0.509672 0.510488 0.489574 10
1.8945861535551 0.507679 0.508503 0.487561 0.509679 0.510503 0.489561 10
1.8915334393373 0.507685 0.508517 0.487547 0.509685 0.510517 0.489547 10
1.8884883089329 0.507691 0.508532 0.487534 0.509691 0.510532 0.489534 10
1.8854507313984 0.507697 0.508547 0.487521 0.509697 0.510547 0.489521 10
1.8824206759636 0.507702 0.508561 0.487509 0.509702 0.510561 0.489509 10
1.87939811203 0.507708 0.508576 0.487496 0.509708 0.510576 0.489496 10
1.87638300917 0.507716 0.508591 0.487482 0.509716 0.510591 0.489482 10
1.8733753371252 0.507721 0.508606 0.487471 0.509721 0.510606 0.489471 10
1.8703750658055 0.507727 0.50862 0.487458 0.509727 0.51062 0.489458 10
1.8673821652878 0.507733 0.508635 0.487446 0.509733 0.510635 0.489446 10
1.8643966058151 0.507739 0.508648 0.487433 0.509739 0.510648 0.489433 10
1.8614183577949 0.507746 0.508664 0.48742 0.509746 0.510664 0.48942 10
1.8584473917982 0.507752 0.508679 0.487408 0.509752 0.510679 0.489408 10
1.8554836785585 0.507758 0.508692 0.487395 0.509758 0.510692 0.489395 10
1.8525271889707 0.507763 0.508707 0.487383 0.509763 0.510707 0.489383 10
1.8495778940896 0.507769 0.508721 0.48737 0.509769 0.510721 0.48937 10
1.8466357651292 0.507775 0.508734 0.487358 0.509775 0.510734 0.489358 10
1.8437007734611 0.50778 0.508749 0.487345 0.50978 0.510749 0.489345 10
1.8407728906142 0.507786 0.508763 0.487334 0.509786 0.510763 0.489334 10
1.8378520882727 0.507792 0.508776 0.487322 0.509792 0.510776 0.489322 10
1.8349383382755 0.507798 0.508789 0.487309 0.509798 0.510789 0.489309 10
1.8320316126153 0.507803 0.508803 0.487297 0.509803 0.510803 0.489297 10
1.8291318834371 0.507807 0.508816 0.487286 0.509807 0.510816 0.489286 10
1.8262391230373 0.507813 0.50883 0.487273 0.509813 0.51083 0.489273 10
1.8233533038628 0.507819 0.508843 0.487261 0.509819 0.510843 0.489261 10
1.8204743985099 0.507822 0.508856 0.48725 0.509822 0.510856 0.48925 10
1.8176023797232 0.507828 0.50887 0.487238 0.509828 0.51087 0.489238 10
1.8147372203944 0.507834 0.508883 0.487225 0.509834 0.510883 0.489225 10
1.811878893562 0.507838 0.508894 0.487214 0.509838 0.510894 0.489214 10
1.8090273724092 0.507842 0.508908 0.487202 0.509842 0.510908 0.489202 10
1.8061826302639 0.507847 0.508921 0.487191 0.509847 0.510921 0.489191 10
1.8033446405974 0.507851 0.508933 0.487179 0.509851 0.510933 0.489179 10
1.8005133770229 0.507857 0.508946 0.487168 0.509857 0.510946 0.489168 10
1.7976888132953 0.507861 0.508959 0.487156 0.509861 0.510959 0.489156 10
1.79487092331 0.507866 0.508971 0.487145 0.509866 0.510971 0.489145 10
1.7920596811016 0.50787 0.508984 0.487133 0.50987 0.510984 0.489133 10
1.7892511726004 0.507874 0.508995 0.487122 0.509874 0.510995 0.489122 10
1.786454570495 0.50788 0.509009 0.487111 0.50988 0.511009 0.489111 10
1.7836648206909 0.507883 0.50902 0.487101 0.509883 0.51102 0.489101 10
1.7808795112717 0.507889 0.509034 0.48709 0.509889 0.511034 0.48909 10
1.7780994419814 0.507893 0.509045 0.487078 0.509893 0.511045 0.489078 10
1.7753261589367 0.507897 0.509056 0.487067 0.509897 0.511056 0.489067 10
1.7725596358191 0.507903 0.50907 0.487055 0.509903 0.51107 0.489055 10
1.7697998464499 0.507906 0.509081 0.487046 0.509906 0.511081 0.489046 10
1.7670467647893 0.507912 0.509093 0.487034 0.509912 0.511093 0.489034 10
1.7643003649353 0.507916 0.509104 0.487023 0.509916 0.511104 0.489023 10
1.761560621123 0.507922 0.509118 0.487011 0.509922 0.511118 0.489011 10
1.7588275077235 0.507925 0.509129 0.487002 0.509925 0.511129 0.489002 10
1.756100999243 0.507931 0.50914 0.48699 0.509931 0.51114 0.48899 10
1.753381070322 0.507935 0.509152 0.486979 0.509935 0.511152 0.488979 10
1.7506676957345 0.507941 0.509165 0.486969 0.509941 0.511165 0.488969 10
1.747960917022 0.507945 0.509175 0.486958 0.509945 0.511175 0.488958 10
1.7452605093095 0.50795 0.509188 0.486948 0.50995 0.511188 0.488948 10
1.7425640276115 0.507954 0.5092 0.486937 0.509954 0.5112 0.488937 10
1.739872660774 0.507958 0.509211 0.486926 0.509958 0.511211 0.488926 10
1.7371877374638 0.507964 0.509222 0.486916 0.509964 0.511222 0.488916 10
1.7345092331763 0.507967 0.509234 0.486905 0.509967 0.511234 0.488905 10
1.7318371235346 0.507973 0.509247 0.486895 0.509973 0.511247 0.488895 10
1.7291713842884 0.507977 0.509259 0.486884 0.509977 0.511259 0.488884 10
1.7265119913137 0.507983 0.50927 0.486874 0.509983 0.51127 0.488874 10
1.7238589206112 0.507986 0.509283 0.486863 0.509986 0.511283 0.488863 10
1.7212121483061 0.50799 0.509295 0.486853 0.50999 0.511295 0.488853 10
1.718571650647 0.507996 0.509306 0.486844 0.509996 0.511306 0.488844 10
1.7159374040053 0.508 0.50932 0.486832 0.51 0.51132 0.488832 10
1.7133093848741 0.508004 0.509331 0.486823 0.510004 0.511331 0.488823 10
1.7106875698675 0.508009 0.509343 0.486813 0.510009 0.511343 0.488813 10
1.70807193572 0.508013 0.509354 0.486802 0.510013 0.511354 0.488802 10
1.7054606398638 0.508019 0.509367 0.486792 0.510019 0.511367 0.488792 10
1.7028533192926 0.508023 0.509379 0.486782 0.510023 0.511379 0.488782 10
1.7002521236666 0.508027 0.50939 0.486773 0.510027 0.51139 0.488773 10
1.6976570301357 0.508032 0.509404 0.486761 0.510032 0.511404 0.488761 10
1.6950680159662 0.508036 0.509415 0.486752 0.510036 0.511415 0.488752 10
1.6924850585403 0.50804 0.509427 0.486742 0.51004 0.511427 0.488742 10
1.6899081353557 0.508046 0.50944 0.486733 0.510046 0.51144 0.488733 10
1.6873372240244 0.508049 0.509451 0.486723 0.510049 0.511451 0.488723 10
1.6847723022721 0.508055 0.509465 0.486714 0.510055 0.511465 0.488714 10
1.6822133479377 0.508059 0.509476 0.486704 0.510059 0.511476 0.488704 10
1.6796603389722 0.508065 0.509489 0.486693 0.510065 0.511489 0.488693 10
1.6771132534382 0.508068 0.509501 0.486683 0.510068 0.511501 0.488683 10
1.6745720695091 0.508072 0.509512 0.486674 0.510072 0.511512 0.488674 10
1.6720367654686 0.508078 0.509526 0.486664 0.510078 0.511526 0.488664 10
1.6695073197096 0.508082 0.509537 0.486655 0.510082 0.511537 0.488655 10
1.6669797557847 0.508088 0.50955 0.486645 0.510088 0.51155 0.488645 10
1.6644579745336 0.508091 0.509562 0.486636 0.510091 0.511562 0.488636 10
1.6619420003358 0.508097 0.509573 0.486626 0.510097 0.511573 0.488626 10
1.659431811959 0.508101 0.509587 0.486617 0.510101 0.511587 0.488617 10
1.6569273882773 0.508107 0.509598 0.486607 0.510107 0.511598 0.488607 10
1.6544287082704 0.508112 0.509612 0.486597 0.510112 0.511612 0.488597 10
1.651935751023 0.508116 0.509623 0.486588 0.510116 0.511623 0.488588 10
1.6494484957241 0.508122 0.509636 0.486578 0.510122 0.511636 0.488578 10
1.6469669216661 0.508126 0.509648 0.486569 0.510126 0.511648 0.488569 10
1.6444910082447 0.50813 0.509659 0.486559 0.51013 0.511659 0.488559 10
1.6420207349576 0.508135 0.509673 0.48655 0.510135 0.511673 0.48855 10
1.6395560814043 0.508141 0.509686 0.486538 0.510141 0.511686 0.488538 10
1.6370970272855 0.508145 0.509697 0.486529 0.510145 0.511697 0.488529 10
1.634643552402 0.508151 0.509709 0.486519 0.510151 0.511709 0.488519 10
1.6321946177532 0.508154 0.50972 0.48651 0.510154 0.51172 0.48851 10
1.6297482285988 0.508158 0.509732 0.4865 0.510158 0.511732 0.4885 10
1.6273073714689 0.508164 0.509745 0.486491 0.510164 0.511745 0.488491 10
1.6248720265054 0.508168 0.509756 0.486481 0.510168 0.511756 0.488481 10
1.6224421739479 0.508173 0.509768 0.486472 0.510173 0.511768 0.488472 10
1.6200177941331 0.508179 0.509781 0.486462 0.510179 0.511781 0.488462 10
1.6175988674937 0.508183 0.509793 0.486453 0.510183 0.511793 0.488453 10
1.6151853745586 0.508189 0.509806 0.486443 0.510189 0.511806 0.488443 10
1.6127772959517 0.508192 0.509816 0.486435 0.510192 0.511816 0.488435 10
1.6103746123913 0.508198 0.509829 0.486426 0.510198 0.511829 0.488426 10
1.6079773046901 0.508202 0.50984 0.486416 0.510202 0.51184 0.488416 10
1.605585353754 0.508208 0.509854 0.486407 0.510208 0.511854 0.488407 10
1.6031987405818 0.508213 0.509867 0.486397 0.510213 0.511867 0.488397 10
1.6008174462644 0.508217 0.509879 0.486388 0.510217 0.511879 0.488388 10
1.5984414519847 0.508223 0.509892 0.486378 0.510223 0.511892 0.488378 10
1.5960697420014 0.508227 0.509903 0.48637 0.510227 0.511903 0.48837 10
1.5937002641799 0.508233 0.509917 0.486361 0.510233 0.511917 0.488361 10
1.5913360430875 0.508238 0.509928 0.486351 0.510238 0.511928 0.488351 10
1.5889770602157 0.508242 0.509942 0.486342 0.510242 0.511942 0.488342 10
1.5866232971453 0.508248 0.509953 0.486332 0.510248 0.511953 0.488332 10
1.5842747355458 0.508252 0.509966 0.486323 0.510252 0.511966 0.488323 10
1.5819313571745 0.508257 0.509978 0.486313 0.510257 0.511978 0.488313 10
1.5795931438767 0.508263 0.509991 0.486304 0.510263 0.511991 0.488304 10
1.5772600775845 0.508267 0.510003 0.486296 0.510267 0.512003 0.488296 10
1.5749321403165 0.508273 0.510016 0.486287 0.510273 0.512016 0.488287 10
1.5726093141775 0.508278 0.510029 0.486277 0.510278 0.512029 0.488277 10
1.5702915813576 0.508282 0.510041 0.486267 0.510282 0.512041 0.488267 10
1.5679789241319 0.508288 0.510054 0.486258 0.510288 0.512054 0.488258 10
1.56567132486 0.508292 0.510065 0.486248 0.510292 0.512065 0.488248 10
1.5633687659853 0.508297 0.510079 0.486239 0.510297 0.512079 0.488239 10
1.5610712300348 0.508303 0.51009 0.486231 0.510303 0.51209 0.488231 10
1.5587747920537 0.508307 0.510104 0.486222 0.510307 0.512104 0.488222 10
1.5564832167911 0.508313 0.510115 0.486212 0.510313 0.512115 0.488212 10
1.5541966249012 0.508318 0.510128 0.486201 0.510318 0.512128 0.488201 10
1.5519149991891 0.508322 0.51014 0.486193 0.510322 0.51214 0.488193 10
1.549638322541 0.508328 0.510153 0.486182 0.510328 0.512153 0.488182 10
1.5473665779241 0.508334 0.510167 0.486172 0.510334 0.512167 0.488172 10
1.5450997483856 0.508337 0.510178 0.486163 0.510337 0.512178 0.488163 10
1.5428378170526 0.508343 0.510191 0.486153 0.510343 0.512191 0.488153 10
1.5405807671315 0.508349 0.510203 0.486144 0.510349 0.512203 0.488144 10
1.5383285819072 0.508355 0.510216 0.486132 0.510355 0.512216 0.488132 10
1.5360812447434 0.508358 0.510228 0.486123 0.510358 0.512228 0.488123 10
1.5338387390815 0.508364 0.510241 0.486113 0.510364 0.512241 0.488113 10
1.5316010484401 0.50837 0.510254 0.486102 0.51037 0.512254 0.488102 10
1.5293681564151 0.508374 0.510266 0.486092 0.510374 0.512266 0.488092 10
1.5271400466787 0.508379 0.510279 0.486081 0.510379 0.512279 0.488081 10
1.5249150513037 0.508385 0.510291 0.486071 0.510385 0.512291 0.488071 10
1.5226924034084 0.508389 0.510302 0.486062 0.510389 0.512302 0.488062 10
1.5204745014863 0.508395 0.510315 0.48605 0.510395 0.512315 0.48805 10
1.5182613294621 0.5084 0.510327 0.486041 0.5104 0.512327 0.488041 10
1.5160528713351 0.508404 0.510338 0.486029 0.510404 0.512338 0.488029 10
1.5138491111788 0.50841 0.510352 0.48602 0.51041 0.512352 0.48802 10
1.5116500331403 0.508416 0.510363 0.486008 0.510416 0.512363 0.488008 10
1.5094556214397 0.508421 0.510376 0.485999 0.510421 0.512376 0.487999 10
1.5072658603702 0.508425 0.510388 0.485989 0.510425 0.512388 0.487989 10
1.5050807342972 0.508433 0.510401 0.485978 0.510433 0.512401 0.487978 10
1.5029002276581 0.508437 0.510413 0.485966 0.510437 0.512413 0.487966 10
1.5007243249617 0.508442 0.510426 0.485957 0.510442 0.512426 0.487957 10
1.4985530831006 0.508448 0.510437 0.485945 0.510448 0.512437 0.487945 10
1.4963862697806 0.508452 0.510449 0.485936 0.510452 0.512449 0.487936 10
1.4942240866819 0.508458 0.510462 0.485926 0.510458 0.512462 0.487926 10
1.4920664462611 0.508463 0.510474 0.485915 0.510463 0.512474 0.487915 10
1.4899110295293 0.508469 0.510487 0.485905 0.510469 0.512487 0.487905 10
1.4877583634232 0.508475 0.510498 0.485894 0.510475 0.512498 0.487894 10
1.4856102068105 0.508479 0.510512 0.485884 0.510479 0.512512 0.487884 10
1.4834665447103 0.508484 0.510523 0.485873 0.510484 0.512523 0.487873 10
1.4813273622096 0.50849 0.510537 0.485861 0.51049 0.512537 0.487861 10
1.4791926444632 0.508494 0.510548 0.485852 0.510494 0.512548 0.487852 10
1.4770623766933 0.5085 0.510561 0.485842 0.5105 0.512561 0.487842 10
1.4749365441891 0.508505 0.510573 0.485831 0.510505 0.512573 0.487831 10
1.4728151323061 0.508511 0.510586 0.485819 0.510511 0.512586 0.487819 10
1.4706981264663 0.508517 0.5106 0.48581 0.510517 0.5126 0.48781 10
1.4685855121571 0.508521 0.510611 0.4858 0.510521 0.512611 0.4878 10
1.4664772749317 0.508526 0.510624 0.485789 0.510526 0.512624 0.487789 10
1.4643734004081 0.508532 0.510636 0.485777 0.510532 0.512636 0.487777 10
1.4622738742691 0.508536 0.510647 0.485768 0.510536 0.512647 0.487768 10
1.4601786822616 0.508542 0.510661 0.485756 0.510542 0.512661 0.487756 10
1.4580878101968 0.508547 0.510672 0.485747 0.510547 0.512672 0.487747 10
1.4559994494445 0.508551 0.510683 0.485737 0.510551 0.512683 0.487737 10
1.4539130946544 0.508557 0.510697 0.485726 0.510557 0.512697 0.487726 10
1.4518310294636 0.508562 0.510708 0.485716 0.510562 0.512708 0.487716 10
1.4497532398892 0.508568 0.51072 0.485705 0.510568 0.51272 0.487705 10
1.4476797120112 0.508572 0.510731 0.485695 0.510572 0.512731 0.487695 10
1.4456104319714 0.508578 0.510744 0.485684 0.510578 0.512744 0.487684 10
1.4435453859731 0.508583 0.510756 0.485674 0.510583 0.512756 0.487674 10
1.4414845602812 0.508589 0.510769 0.485663 0.510589 0.512769 0.487663 10
1.4394279412215 0.508593 0.510781 0.485653 0.510593 0.512781 0.487653 10
1.4373755151802 0.508599 0.510794 0.485644 0.510599 0.512794 0.487644 10
1.4353272686041 0.508604 0.510806 0.485632 0.510604 0.512806 0.487632 10
1.4332831879998 0.50861 0.510819 0.485623 0.51061 0.512819 0.487623 10
1.4312432599335 0.508614 0.51083 0.485613 0.510614 0.51283 0.487613 10
1.4312432599335 0.508614 0.51083 0.485613 0.510614 0.51283 0.487613 10
1.4292074710307 0.50862 0.510844 0.485602 0.51062 0.512844 0.487602 10
1.4271758079758 0.508625 0.510855 0.48559 0.510625 0.512855 0.48759 10
1.425148257512 0.508629 0.510867 0.485581 0.510629 0.512867 0.487581 10
1.4231247090219 0.508635 0.51088 0.485569 0.510635 0.51288 0.487569 10
1.4211012465037 0.508641 0.510891 0.48556 0.510641 0.512891 0.48756 10
1.4190818688353 0.508646 0.510905 0.485548 0.510646 0.512905 0.487548 10
1.4170665629466 0.50865 0.510916 0.485539 0.51065 0.512916 0.487539 10
1.4150553158249 0.508656 0.51093 0.485529 0.510656 0.51293 0.487529 10
1.4130481145143 0.508662 0.510941 0.485518 0.510662 0.512941 0.487518 10
1.4110449461156 0.508665 0.510952 0.485508 0.510665 0.512952 0.487508 10
1.4090457977858 0.508671 0.510966 0.485497 0.510671 0.512966 0.487497 10
1.4070506567378 0.508677 0.510977 0.485485 0.510677 0.512977 0.487485 10
1.4050595102402 0.508681 0.510989 0.485476 0.510681 0.512989 0.487476 10
1.403072345617 0.508686 0.511 0.485466 0.510686 0.513 0.487466 10
1.4010891502472 0.508692 0.511013 0.485455 0.510692 0.513013 0.487455 10
1.3991100203328 0.508698 0.511025 0.485445 0.510698 0.513025 0.487445 10
1.397134617046 0.508704 0.511036 0.485436 0.510704 0.513036 0.487436 10
1.3951632542669 0.508707 0.511048 0.485424 0.510707 0.513048 0.487424 10
1.3931958107906 0.508713 0.511061 0.485415 0.510713 0.513061 0.487415 10
1.3912322742775 0.508719 0.511073 0.485405 0.510719 0.513073 0.487405 10
1.3892713301326 0.508725 0.511086 0.485394 0.510725 0.513086 0.487394 10
1.3873114644538 0.50873 0.511097 0.485384 0.51073 0.513097 0.487384 10
1.3853554804948 0.508736 0.511109 0.485373 0.510736 0.513109 0.487373 10
1.3834033660737 0.50874 0.51112 0.485363 0.51074 0.51312 0.487363 10
1.3814551090611 0.508746 0.511132 0.485354 0.510746 0.513132 0.487354 10
1.3795106973795 0.508751 0.511145 0.485344 0.510751 0.513145 0.487344 10
1.3775701190031 0.508757 0.511156 0.485333 0.510757 0.513156 0.487333 10
1.3756333619578 0.508763 0.511168 0.485323 0.510763 0.513168 0.487323 10
1.3737004143204 0.508768 0.511181 0.485314 0.510768 0.513181 0.487314 10
1.3717712642187 0.508774 0.511193 0.485302 0.510774 0.513193 0.487302 10
1.3698458998311 0.508778 0.511204 0.485293 0.510778 0.513204 0.487293 10
1.3679243093863 0.508784 0.511216 0.485283 0.510784 0.513216 0.487283 10
1.3660064811632 0.508789 0.511227 0.485272 0.510789 0.513227 0.487272 10
1.3640924034903 0.508795 0.51124 0.485262 0.510795 0.51324 0.487262 10
1.3621820647459 0.508801 0.511252 0.485253 0.510801 0.513252 0.487253 10
1.3602754533574 0.508807 0.511263 0.485243 0.510807 0.513263 0.487243 10
1.3583725578012 0.508812 0.511277 0.485232 0.510812 0.513277 0.487232 10
1.3564720710885 0.508818 0.511288 0.485222 0.510818 0.513288 0.487222 10
1.3545724551229 0.508824 0.5113 0.485213 0.510824 0.5133 0.487213 10
1.3526765320226 0.50883 0.511311 0.485201 0.51083 0.513311 0.487201 10
1.3507842904159 0.508833 0.511322 0.485192 0.510833 0.513322 0.487192 10
1.3488957189795 0.508839 0.511336 0.485182 0.510839 0.513336 0.487182 10
1.3470108064374 0.508845 0.511347 0.485171 0.510845 0.513347 0.487171 10
1.3451295415611 0.508851 0.511359 0.485161 0.510851 0.513359 0.487161 10
1.3432519131693 0.508856 0.511372 0.485152 0.510856 0.513372 0.487152 10
1.3413779101274 0.508862 0.511383 0.48514 0.510862 0.513383 0.48714 10
1.3395075213476 0.508866 0.511395 0.485131 0.510866 0.513395 0.487131 10
1.3376407357884 0.508871 0.511406 0.485121 0.510871 0.513406 0.487121 10
1.3357775424546 0.508877 0.511418 0.48511 0.510877 0.513418 0.48711 10
1.3339179303966 0.508883 0.511431 0.4851 0.510883 0.513431 0.4871 10
1.3320618887107 0.508889 0.511443 0.485091 0.510889 0.513443 0.487091 10
1.3302094065385 0.508892 0.511454 0.485081 0.510892 0.513454 0.487081 10
1.3283604730669 0.508898 0.511465 0.48507 0.510898 0.513465 0.48707 10
1.3265150775276 0.508904 0.511477 0.48506 0.510904 0.513477 0.48706 10
1.3246731555682 0.508908 0.511488 0.485051 0.510908 0.513488 0.487051 10
1.322830671881 0.508913 0.5115 0.485041 0.510913 0.5135 0.487041 10
1.3209917052377 0.508919 0.511513 0.485032 0.510919 0.513513 0.487032 10
1.3191562450075 0.508925 0.511525 0.485022 0.510925 0.513525 0.487022 10
1.3173242806037 0.508931 0.511536 0.485011 0.510931 0.513536 0.487011 10
1.315495801483 0.508936 0.511547 0.485001 0.510936 0.513547 0.487001 10
1.3136707971458 0.50894 0.511559 0.484991 0.51094 0.513559 0.486991 10
1.3118492571358 0.508946 0.51157 0.484982 0.510946 0.51357 0.486982 10
1.3100311710395 0.508952 0.51158 0.484972 0.510952 0.51358 0.486972 10
1.3082165284865 0.508957 0.511591 0.484963 0.510957 0.513591 0.486963 10
1.3064053191487 0.508963 0.511603 0.484953 0.510963 0.513603 0.486953 10
1.3045975327407 0.508967 0.511614 0.484944 0.510967 0.513614 0.486944 10
1.3027931590189 0.508973 0.511626 0.484934 0.510973 0.513626 0.486934 10
1.3009921877818 0.508978 0.511637 0.484925 0.510978 0.513637 0.486925 10
1.299194707963 0.508984 0.511649 0.484915 0.510984 0.513649 0.486915 10
1.2974004121541 0.50899 0.51166 0.484906 0.51099 0.51366 0.486906 10
1.2956095875879 0.508995 0.511671 0.484896 0.510995 0.513671 0.486896 10
1.2938221251054 0.509001 0.511683 0.484887 0.511001 0.513683 0.486887 10
1.2920363145865 0.509007 0.511694 0.484877 0.511007 0.513694 0.486877 10
1.2902514086595 0.509013 0.511706 0.484868 0.511013 0.513706 0.486868 10
1.2884698459229 0.509018 0.511719 0.484858 0.511018 0.513719 0.486858 10
1.2866916164643 0.509024 0.511731 0.484848 0.511024 0.513731 0.486848 10
1.2849167104117 0.509028 0.511742 0.484839 0.511028 0.513742 0.486839 10
1.2831451179328 0.509034 0.511753 0.484829 0.511034 0.513753 0.486829 10
1.2813768292352 0.509039 0.511765 0.484822 0.511039 0.513765 0.486822 10
1.2796118345661 0.509045 0.511778 0.484812 0.511045 0.513778 0.486812 10
1.2778501242122 0.509051 0.51179 0.484803 0.511051 0.51379 0.486803 10
1.276091688499 0.509056 0.511801 0.484793 0.511056 0.513801 0.486793 10
1.2743365177914 0.509062 0.511815 0.484785 0.511062 0.513815 0.486785 10
1.2725846024928 0.509066 0.511826 0.484776 0.511066 0.513826 0.486776 10
1.2708359330452 0.509072 0.511837 0.484766 0.511072 0.513837 0.486766 10
1.269090499929 0.509077 0.511851 0.484759 0.511077 0.513851 0.486759 10
1.2673482936628 0.509083 0.511862 0.484749 0.511083 0.513862 0.486749 10
1.2656093048032 0.509089 0.511876 0.484742 0.511089 0.513876 0.486742 10
1.2638735239446 0.509095 0.511887 0.484732 0.511095 0.513887 0.486732 10
1.2621409417188 0.5091 0.5119 0.484723 0.5111 0.5139 0.486723 10
1.2604094614521 0.509106 0.511912 0.484715 0.511106 0.513912 0.486715 10
1.2586791022481 0.509112 0.511923 0.484705 0.511112 0.513923 0.486705 10
1.2569519245826 0.509118 0.511935 0.484698 0.511118 0.513935 0.486698 10
1.2552279191991 0.509123 0.511946 0.484688 0.511123 0.513946 0.486688 10
1.2535070768777 0.509129 0.511958 0.484681 0.511129 0.513958 0.486681 10
1.2517893884352 0.509135 0.511969 0.484671 0.511135 0.513969 0.486671 10
1.2500748447246 0.50914 0.51198 0.484663 0.51114 0.51398 0.486663 10
1.2483634366356 0.509146 0.511992 0.484654 0.511146 0.513992 0.486654 10
1.2466551550936 0.509152 0.512003 0.484646 0.511152 0.514003 0.486646 10
1.2449499910602 0.509158 0.512013 0.484637 0.511158 0.514013 0.486637 10
1.2432479355326 0.509163 0.512024 0.484627 0.511163 0.514024 0.486627 10
1.2415489795434 0.509169 0.512036 0.48462 0.511169 0.514036 0.48662 10
1.2398531141609 0.509175 0.512047 0.48461 0.511175 0.514047 0.48661 10
1.2381603304882 0.50918 0.512057 0.4846 0.51118 0.514057 0.4866 10
1.2364706196638 0.509186 0.512068 0.484593 0.511186 0.514068 0.486593 10
1.2347839728608 0.509192 0.51208 0.484585 0.511192 0.51408 0.486585 10
1.2331003812871 0.509198 0.512089 0.484576 0.511198 0.514089 0.486576 10
1.2314198361849 0.509203 0.512101 0.484566 0.511203 0.514101 0.486566 10
1.229741134059 0.509209 0.512112 0.484559 0.511209 0.514112 0.486559 10
1.2280624982211 0.509215 0.512124 0.484549 0.511215 0.514124 0.486549 10
1.226386893412 0.509221 0.512133 0.484539 0.511221 0.514133 0.486539 10
1.2247143109743 0.509226 0.512144 0.484532 0.511226 0.514144 0.486532 10
1.2230447422846 0.509232 0.512156 0.484522 0.511232 0.514156 0.486522 10
1.2213781787528 0.509238 0.512167 0.484513 0.511238 0.514167 0.486513 10
1.2197146118225 0.509243 0.512179 0.484503 0.511243 0.514179 0.486503 10
1.2180540329707 0.509249 0.51219 0.484494 0.511249 0.51419 0.486494 10
1.2163964337072 0.509253 0.5122 0.484486 0.511253 0.5142 0.486486 10
1.214741805575 0.509259 0.512211 0.484476 0.511259 0.514211 0.486476 10
1.21309014015 0.509264 0.512223 0.484467 0.511264 0.514223 0.486467 10
1.2114414290405 0.509268 0.512234 0.484457 0.511268 0.514234 0.486457 10
1.2097956638876 0.509274 0.512246 0.484448 0.511274 0.514246 0.486448 10
1.2081528363644 0.50928 0.512257 0.484438 0.51128 0.514257 0.486438 10
1.2065129381764 0.509285 0.512268 0.484429 0.511285 0.514268 0.486429 10
1.2048759610611 0.509289 0.512278 0.484419 0.511289 0.514278 0.486419 10
1.2032418967877 0.509295 0.512289 0.48441 0.511295 0.514289 0.48641 10
1.2016107371574 0.509299 0.512301 0.484402 0.511299 0.514301 0.486402 10
1.1999826349479 0.509304 0.512312 0.484393 0.511304 0.514312 0.486393 10
1.1983539275047 0.50931 0.512322 0.484383 0.51131 0.514322 0.486383 10
1.19672727211 0.509316 0.512333 0.484373 0.511316 0.514333 0.486373 10
1.1951034993016 0.50932 0.512345 0.484364 0.51132 0.514345 0.486364 10
1.1934826010181 0.509325 0.512356 0.484354 0.511325 0.514356 0.486354 10
1.191864569213 0.509331 0.512368 0.484345 0.511331 0.514368 0.486345 10
1.1902493958705 0.509337 0.512379 0.484335 0.511337 0.514379 0.486335 10
1.1886370730057 0.509341 0.512391 0.484326 0.511341 0.514391 0.486326 10
1.1870275926638 0.509346 0.512402 0.484316 0.511346 0.514402 0.486316 10
1.1854209469207 0.509352 0.512412 0.484309 0.511352 0.514412 0.486309 10
1.1838171278823 0.509356 0.512423 0.484299 0.511356 0.514423 0.486299 10
1.1822161276845 0.509362 0.512434 0.48429 0.511362 0.514434 0.48629 10
1.1806179384934 0.509367 0.512446 0.48428 0.511367 0.514446 0.48628 10
1.1790225525045 0.509373 0.512457 0.484272 0.511373 0.514457 0.486272 10
1.1774299619431 0.509379 0.512469 0.484261 0.511379 0.514469 0.486261 10
1.175840159064 0.509385 0.51248 0.484251 0.511385 0.51448 0.486251 10
1.1742531361512 0.509388 0.51249 0.484242 0.511388 0.51449 0.486242 10
1.1726688855181 0.509394 0.512501 0.484232 0.511394 0.514501 0.486232 10
1.1710873995068 0.509402 0.512513 0.484223 0.511402 0.514513 0.486223 10
1.1695086704887 0.509406 0.512522 0.484213 0.511406 0.514522 0.486213 10
1.1679288455783 0.509411 0.512534 0.484204 0.511411 0.514534 0.486204 10
1.1663514409694 0.509417 0.512545 0.484192 0.511417 0.514545 0.486192 10
1.1647767809105 0.509423 0.512555 0.484183 0.511423 0.514555 0.486183 10
1.1632048578537 0.509428 0.512566 0.484173 0.511428 0.514566 0.486173 10
1.1616356642794 0.509434 0.512577 0.484162 0.511434 0.514577 0.486162 10
1.1600691926961 0.509438 0.512587 0.484152 0.511438 0.514587 0.486152 10
1.1585054356406 0.509444 0.512598 0.484143 0.511444 0.514598 0.486143 10
1.1569443856777 0.509449 0.51261 0.484131 0.511449 0.51461 0.486131 10
1.1553860353997 0.509455 0.512619 0.484122 0.511455 0.514619 0.486122 10
1.1538303774269 0.509459 0.512631 0.484112 0.511459 0.514631 0.486112 10
1.152277404407 0.509465 0.51264 0.484103 0.511465 0.51464 0.486103 10
1.1507271090154 0.509468 0.512652 0.484091 0.511468 0.514652 0.486091 10
1.1491794839545 0.509474 0.512663 0.484082 0.511474 0.514663 0.486082 10
1.1476345219541 0.50948 0.512673 0.484072 0.51148 0.514673 0.486072 10
1.1460922157708 0.509484 0.512684 0.484061 0.511484 0.514684 0.486061 10
1.1445525581884 0.509489 0.512696 0.484051 0.511489 0.514696 0.486051 10
1.1430155420174 0.509495 0.512705 0.484042 0.511495 0.514705 0.486042 10
1.1414811600948 0.509499 0.512717 0.48403 0.511499 0.514717 0.48603 10
1.1399494052845 0.509505 0.512728 0.484021 0.511505 0.514728 0.486021 10
1.1384170721205 0.50951 0.51274 0.484011 0.51151 0.51474 0.486011 10
1.1368863749184 0.509514 0.512749 0.484002 0.511514 0.514749 0.486002 10
1.1353582936909 0.50952 0.512761 0.48399 0.51152 0.514761 0.48599 10
1.1338328213744 0.509524 0.512772 0.483981 0.511524 0.514772 0.485981 10
1.1323099509312 0.50953 0.512783 0.483971 0.51153 0.514783 0.485971 10
1.1307896753495 0.509533 0.512795 0.48396 0.511533 0.514795 0.48596 10
1.1292719876434 0.509539 0.512804 0.48395 0.511539 0.514804 0.48595 10
1.1277568808527 0.509543 0.512816 0.483941 0.511543 0.514816 0.485941 10
1.1262443480426 0.509549 0.512825 0.483931 0.511549 0.514825 0.485931 10
1.1247343823041 0.509552 0.512837 0.48392 0.511552 0.514837 0.48592 10
1.1232269767532 0.509558 0.512848 0.48391 0.511558 0.514848 0.48591 10
1.1217221245313 0.509562 0.512858 0.4839 0.511562 0.514858 0.4859 10
1.120219818805 0.509568 0.512869 0.483891 0.511568 0.514869 0.485891 10
1.1187200527656 0.509571 0.512879 0.483881 0.511571 0.514879 0.485881 10
1.1172228196295 0.509577 0.51289 0.483872 0.511577 0.51489 0.485872 10
1.1157281126378 0.509581 0.512902 0.48386 0.511581 0.514902 0.48586 10
1.1142359250562 0.509587 0.512911 0.483851 0.511587 0.514911 0.485851 10
1.1127462501751 0.509591 0.512923 0.483841 0.511591 0.514923 0.485841 10
1.111259081309 0.509596 0.512934 0.483832 0.511596 0.514934 0.485832 10
1.1097731995471 0.5096 0.512944 0.483822 0.5116 0.514944 0.485822 10
1.108286836547 0.509606 0.512955 0.483811 0.511606 0.514955 0.485811 10
1.1068029696185 0.50961 0.512967 0.483801 0.51161 0.514967 0.485801 10
1.1053215921416 0.509615 0.512976 0.483792 0.511615 0.514976 0.485792 10
1.1038426975202 0.509619 0.512988 0.483782 0.511619 0.514988 0.485782 10
1.102366279182 0.509625 0.512997 0.483773 0.511625 0.514997 0.485773 10
1.1008923305784 0.509629 0.513009 0.483761 0.511629 0.515009 0.485761 10
1.0994209343228 0.509634 0.51302 0.483752 0.511634 0.51502 0.485752 10
1.0979518164907 0.50964 0.513031 0.483742 0.51164 0.515031 0.485742 10
1.0964852380451 0.509644 0.513041 0.483733 0.511644 0.515041 0.485733 10
1.0950211033669 0.509648 0.513052 0.483721 0.511648 0.515052 0.485721 10
1.0935594060336 0.509653 0.513064 0.483712 0.511653 0.515064 0.485712 10
1.092100139637 0.509657 0.513073 0.483702 0.511657 0.515073 0.485702 10
1.090643297792 0.509661 0.513085 0.483693 0.511661 0.515085 0.485693 10
1.0891888741365 0.509667 0.513094 0.483683 0.511667 0.515094 0.485683 10
1.0877368623308 0.509671 0.513104 0.483674 0.511671 0.515104 0.485674 10
1.0862872560584 0.509676 0.513115 0.483664 0.511676 0.515115 0.485664 10
1.0848400490251 0.509682 0.513127 0.483654 0.511682 0.515127 0.485654 10
1.0833952349593 0.509686 0.513136 0.483645 0.511686 0.515136 0.485645 10
1.0819528076117 0.509692 0.513148 0.483635 0.511692 0.515148 0.485635 10
1.0805106941479 0.509695 0.513159 0.483624 0.511695 0.515159 0.485624 10
1.0790688320624 0.509699 0.513169 0.483614 0.511699 0.515169 0.485614 10
1.077629347882 0.509705 0.51318 0.483605 0.511705 0.51518 0.485605 10
1.0761922354159 0.509711 0.51319 0.483595 0.511711 0.51519 0.485595 10
1.074757488495 0.509715 0.513201 0.483586 0.511715 0.515201 0.485586 10
1.0733251009724 0.50972 0.513211 0.483576 0.51172 0.515211 0.485576 10
1.0718950667229 0.509724 0.51322 0.483567 0.511724 0.51522 0.485567 10
1.0704673796431 0.50973 0.513232 0.483557 0.51173 0.515232 0.485557 10
1.0690420336511 0.509736 0.513243 0.483548 0.511736 0.515243 0.485548 10
1.0676190226866 0.509739 0.513253 0.483538 0.511739 0.515253 0.485538 10
1.0661983407107 0.509745 0.513264 0.483529 0.511745 0.515264 0.485529 10
1.064779981706 0.509749 0.513274 0.483517 0.511749 0.515274 0.485517 10
1.0633639396759 0.509755 0.513285 0.483508 0.511755 0.515285 0.485508 10
1.0619502086455 0.509758 0.513297 0.483498 0.511758 0.515297 0.485498 10
1.0605387826605 0.509764 0.513306 0.483488 0.511764 0.515306 0.485488 10
1.0591296557879 0.509768 0.513318 0.483479 0.511768 0.515318 0.485479 10
1.0577228221152 0.509772 0.513327 0.483469 0.511772 0.515327 0.485469 10
1.0563182757509 0.509777 0.513338 0.48346 0.511777 0.515338 0.48546 10
1.0549160108242 0.509781 0.51335 0.48345 0.511781 0.51535 0.48545 10
1.0535160214848 0.509787 0.513359 0.483441 0.511787 0.515359 0.485441 10
1.0521167395202 0.509791 0.513371 0.483431 0.511791 0.515371 0.485431 10
1.0507170886572 0.509795 0.51338 0.483422 0.511795 0.51538 0.485422 10
1.0493197056002 0.5098 0.513392 0.483412 0.5118 0.515392 0.485412 10
1.0479245845508 0.509804 0.513401 0.483403 0.511804 0.515401 0.485403 10
1.0465317197313 0.509808 0.513411 0.483393 0.511808 0.515411 0.485393 10
1.0451411053838 0.509812 0.513422 0.483382 0.511812 0.515422 0.485382 10
1.0437527357707 0.509816 0.513432 0.483374 0.511816 0.515432 0.485374 10
1.0423666051743 0.509821 0.513441 0.483365 0.511821 0.515441 0.485365 10
1.0409827078968 0.509825 0.513453 0.483355 0.511825 0.515453 0.485355 10
1.0396010382601 0.509831 0.513462 0.483345 0.511831 0.515462 0.485345 10
1.038221590606 0.509835 0.513472 0.483336 0.511835 0.515472 0.485336 10
1.0368443592958 0.509839 0.513482 0.483326 0.511839 0.515482 0.485326 10
1.0354693387104 0.509844 0.513493 0.483317 0.511844 0.515493 0.485317 10
1.03409652325 0.509848 0.513503 0.483307 0.511848 0.515503 0.485307 10
1.0327259073344 0.509854 0.513512 0.483298 0.511854 0.515512 0.485298 10
1.0313574854026 0.509858 0.513522 0.483288 0.511858 0.515522 0.485288 10
1.0299912519127 0.509863 0.513531 0.483279 0.511863 0.515531 0.485279 10
1.0286272013419 0.509869 0.513541 0.483271 0.511869 0.515541 0.485271 10
1.0272653281868 0.509875 0.513552 0.483262 0.511875 0.515552 0.485262 10
1.0259056269624 0.50988 0.513564 0.483252 0.51188 0.515564 0.485252 10
1.024548092203 0.509886 0.513573 0.483242 0.511886 0.515573 0.485242 10
1.0231888303845 0.50989 0.513585 0.483233 0.51189 0.515585 0.485233 10
1.0218314185409 0.509896 0.513594 0.483223 0.511896 0.515594 0.485223 10
1.0204761663521 0.509901 0.513606 0.483214 0.511901 0.515606 0.485214 10
1.0191230683987 0.509905 0.513617 0.483204 0.511905 0.515617 0.485204 10
1.0177721192797 0.509911 0.513628 0.483195 0.511911 0.515628 0.485195 10
1.0164233136128 0.509915 0.513638 0.483185 0.511915 0.515638 0.485185 10
1.0150766460341 0.509919 0.513649 0.483176 0.511919 0.515649 0.485176 10
1.0137321111979 0.509922 0.513659 0.483166 0.511922 0.515659 0.485166 10
1.0123897037767 0.509928 0.51367 0.483157 0.511928 0.51567 0.485157 10
1.0110494184614 0.509932 0.51368 0.483147 0.511932 0.51568 0.485147 10
1.0097112499608 0.509938 0.513691 0.483138 0.511938 0.515691 0.485138 10
1.0083751930018 0.509942 0.513701 0.483128 0.511942 0.515701 0.485128 10
1.0070412423292 0.509947 0.513712 0.483118 0.511947 0.515712 0.485118 10
1.0057093927056 0.509951 0.513722 0.483109 0.511951 0.515722 0.485109 10
1.0043796389116 0.509955 0.513731 0.483099 0.511955 0.515731 0.485099 10
1.0030519757451 0.509959 0.513743 0.48309 0.511959 0.515743 0.48509 10
1.0017263980221 0.509964 0.513752 0.48308 0.511964 0.515752 0.48508 10
1.0004029005759 0.509968 0.513762 0.483071 0.511968 0.515762 0.485071 10
0.99908151849774 0.509972 0.513771 0.483063 0.511972 0.515771 0.485063 10
0.9977621259302 0.509978 0.513781 0.483054 0.511978 0.515781 0.485054 10
0.9964442066201 0.509982 0.513791 0.483044 0.511982 0.515791 0.485044 10
0.99512477505904 0.509987 0.5138 0.483036 0.511987 0.5158 0.485036 10
0.99380740754435 0.509993 0.513812 0.483027 0.511993 0.515812 0.485027 10
0.99249209898576 0.509999 0.513821 0.483017 0.511999 0.515821 0.485017 10
0.99117884431012 0.510003 0.513831 0.483008 0.512003 0.515831 0.485008 10
0.98986763846134 0.510008 0.51384 0.482998 0.512008 0.51584 0.484998 10
0.98855847640033 0.510012 0.51385 0.482991 0.512012 0.51585 0.484991 10
0.9872513531049 0.510018 0.513859 0.482981 0.512018 0.515859 0.484981 10
0.98594626356973 0.510022 0.513871 0.482972 0.512022 0.515871 0.484972 10
0.98464320280626 0.510025 0.51388 0.482962 0.512025 0.51588 0.484962 10
0.98334216584263 0.510031 0.51389 0.482953 0.512031 0.51589 0.484953 10
0.98204314772362 0.510035 0.513897 0.482945 0.512035 0.515897 0.484945 10
0.98074614351057 0.510041 0.513909 0.482935 0.512041 0.515909 0.484935 10
0.9794511482813 0.510045 0.513918 0.482926 0.512045 0.515918 0.484926 10
0.97815815713007 0.51005 0.513928 0.482918 0.51205 0.515928 0.484918 10
0.97686716516747 0.510054 0.513937 0.482909 0.512054 0.515937 0.484909 10
0.97557816752041 0.510058 0.513947 0.482899 0.512058 0.515947 0.484899 10
0.97429115933197 0.510064 0.513956 0.482891 0.512064 0.515956 0.484891 10
0.9730061357614 0.510067 0.513966 0.482882 0.512067 0.515966 0.484882 10
0.97172309198403 0.510071 0.513976 0.482872 0.512071 0.515976 0.484872 10
0.9704420231912 0.510077 0.513985 0.482865 0.512077 0.515985 0.484865 10
0.96916273567839 0.510081 0.513995 0.482855 0.512081 0.515995 0.484855 10
0.96788139562448 0.510085 0.514002 0.482848 0.512085 0.516002 0.484848 10
0.96660202541673 0.51009 0.514012 0.482838 0.51209 0.516012 0.484838 10
0.96532462028342 0.510096 0.514021 0.48283 0.512096 0.516021 0.48483 10
0.96404917546858 0.5101 0.514031 0.482821 0.5121 0.516031 0.484821 10
0.96277568623195 0.510106 0.514042 0.482813 0.512106 0.516042 0.484813 10
0.96150414784893 0.510111 0.514052 0.482804 0.512111 0.516052 0.484804 10
0.96023455561049 0.510115 0.514063 0.482794 0.512115 0.516063 0.484794 10
0.95896690482309 0.510119 0.514073 0.482785 0.512119 0.516073 0.484785 10
0.95770119080867 0.510123 0.514082 0.482775 0.512123 0.516082 0.484775 10
0.95643740890455 0.510127 0.514092 0.482766 0.512127 0.516092 0.484766 10
0.95517555446334 0.510128 0.514101 0.482756 0.512128 0.516101 0.484756 10
0.95391562285293 0.510134 0.514109 0.482748 0.512134 0.516109 0.484748 10
0.95265760945641 0.510138 0.514117 0.482741 0.512138 0.516117 0.484741 10
0.95140150967197 0.510144 0.514126 0.482733 0.512144 0.516126 0.484733 10
0.9501473189129 0.510149 0.514138 0.482724 0.512149 0.516138 0.484724 10
0.94889503260746 0.510155 0.514147 0.482714 0.512155 0.516147 0.484714 10
0.94764464619888 0.510159 0.514159 0.482705 0.512159 0.516159 0.484705 10
0.94639615514525 0.510163 0.514168 0.482695 0.512163 0.516168 0.484695 10
0.94514955491949 0.510167 0.51418 0.482685 0.512167 0.51618 0.484685 10
0.94390484100927 0.510168 0.514187 0.482676 0.512168 0.516187 0.484676 10
0.94266200891696 0.510172 0.514195 0.482666 0.512172 0.516195 0.484666 10
0.94141849658816 0.510176 0.514203 0.482659 0.512176 0.516203 0.484659 10
0.94017521181351 0.510184 0.514212 0.482651 0.512184 0.516212 0.484651 10
0.93893380447803 0.510189 0.514222 0.482644 0.512189 0.516222 0.484644 10
0.93769427011677 0.510193 0.514233 0.482632 0.512193 0.516233 0.484632 10
0.93645660427928 0.510197 0.514243 0.482623 0.512197 0.516243 0.484623 10
0.9352208025295 0.510199 0.51425 0.482613 0.512199 0.51625 0.484613 10
0.93398686044578 0.510203 0.514258 0.482605 0.512203 0.516258 0.484605 10
0.93275477362076 0.510209 0.514265 0.482598 0.512209 0.516265 0.484598 10
0.93152453766132 0.510216 0.514277 0.48259 0.512216 0.516277 0.48459 10
0.93029614818856 0.510218 0.514288 0.482579 0.512218 0.516288 0.484579 10
0.92906960083771 0.510222 0.514296 0.482571 0.512222 0.516296 0.484571 10
0.92784489125805 0.510228 0.514306 0.482562 0.512228 0.516306 0.484562 10
0.92662201511292 0.510233 0.514317 0.482554 0.512233 0.516317 0.484554 10
0.92540096807959 0.510233 0.514325 0.482542 0.512233 0.516325 0.484542 10
0.92418174584926 0.510241 0.514336 0.482535 0.512241 0.516336 0.484535 10
0.92296434412696 0.510243 0.514344 0.482525 0.512243 0.516344 0.484525 10
0.92174875863152 0.510247 0.514353 0.482516 0.512247 0.516353 0.484516 10
0.92053498509551 0.510252 0.514363 0.482508 0.512252 0.516363 0.484508 10
0.91932301926518 0.510256 0.514372 0.482499 0.512256 0.516372 0.484499 10
0.91811285690041 0.51026 0.514382 0.482489 0.51226 0.516382 0.484489 10
0.91690449377463 0.510264 0.514389 0.482479 0.512264 0.516389 0.484479 10
0.9156979256748 0.510268 0.514399 0.482472 0.512268 0.516399 0.484472 10
0.9144896282413 0.510271 0.514409 0.482462 0.512271 0.516409 0.484462 10
0.91328243646098 0.510275 0.514418 0.482453 0.512275 0.516418 0.484453 10
0.91207703601992 0.510281 0.514429 0.482443 0.512281 0.516429 0.484443 10
0.91087342273397 0.510285 0.514437 0.482436 0.512285 0.516437 0.484436 10
0.9096715924323 0.510289 0.514447 0.482426 0.512289 0.516447 0.484426 10
0.90847154095737 0.510294 0.514456 0.482418 0.512294 0.516456 0.484418 10
0.90727326416487 0.510298 0.514466 0.482409 0.512298 0.516466 0.484409 10
0.90607675792363 0.510302 0.514475 0.482399 0.512302 0.516475 0.484399 10
0.90488201811565 0.510306 0.514485 0.482392 0.512306 0.516485 0.484392 10
0.90368904063594 0.51031 0.514494 0.482382 0.51231 0.516494 0.484382 10
0.90249782139256 0.510315 0.514504 0.482373 0.512315 0.516504 0.484373 10
0.90130835630651 0.510319 0.514513 0.482365 0.512319 0.516513 0.484365 10
0.90012064131172 0.510323 0.514521 0.482356 0.512323 0.516521 0.484356 10
0.89893468440346 0.510329 0.514531 0.482348 0.512329 0.516531 0.484348 10
0.89775044539458 0.510334 0.51454 0.48234 0.512334 0.51654 0.48434 10
0.89656795640655 0.510338 0.51455 0.482331 0.512338 0.51655 0.484331 10
0.89538720137229 0.510344 0.514561 0.482321 0.512344 0.516561 0.484321 10
0.8942081762907 0.51035 0.514571 0.482314 0.51235 0.516571 0.484314 10
0.89303087717205 0.510353 0.51458 0.482304 0.512353 0.51658 0.484304 10
0.89185530003919 0.510359 0.514592 0.482294 0.512359 0.516592 0.484294 10
0.89068144092746 0.510363 0.514601 0.482285 0.512363 0.516601 0.484285 10
0.88950929588466 0.510367 0.514613 0.482275 0.512367 0.516613 0.484275 10
0.88833578955581 0.510371 0.51462 0.482266 0.512371 0.51662 0.484266 10
0.88716285934814 0.510373 0.51463 0.482256 0.512373 0.51663 0.484256 10
0.88599164015424 0.510376 0.514639 0.482247 0.512376 0.516639 0.484247 10
0.88482212804739 0.51038 0.514647 0.482239 0.51238 0.516647 0.484239 10
0.8836543191132 0.510384 0.514656 0.48223 0.512384 0.516656 0.48423 10
0.88248820944948 0.51039 0.514664 0.482222 0.51239 0.516664 0.484222 10
0.88132379516627 0.510394 0.514672 0.482214 0.512394 0.516672 0.484214 10
0.88016107238572 0.510399 0.514683 0.482205 0.512399 0.516683 0.484205 10
0.87900003724211 0.510405 0.514693 0.482197 0.512405 0.516693 0.484197 10
0.87784068588174 0.510409 0.514702 0.482188 0.512409 0.516702 0.484188 10
0.87668301446293 0.510415 0.514712 0.48218 0.512415 0.516712 0.48418 10
0.87552701915594 0.510418 0.514721 0.482171 0.512418 0.516721 0.484171 10
0.87437269614295 0.510422 0.514731 0.482161 0.512422 0.516731 0.484161 10
0.87322004161799 0.510426 0.51474 0.482153 0.512426 0.51674 0.484153 10
0.8720690517869 0.51043 0.514748 0.482144 0.51243 0.516748 0.484144 10
0.87091972286729 0.510434 0.514756 0.482136 0.512434 0.516756 0.484136 10
0.8697720510885 0.510439 0.514765 0.482129 0.512439 0.516765 0.484129 10
0.86862603269153 0.510445 0.514777 0.482119 0.512445 0.516777 0.484119 10
0.86748166392902 0.510449 0.514786 0.482109 0.512449 0.516786 0.484109 10
0.86633894106518 0.510455 0.514796 0.482102 0.512455 0.516796 0.484102 10
0.86519786037577 0.510456 0.514803 0.482092 0.512456 0.516803 0.484092 10
0.86405841814804 0.510462 0.514813 0.482085 0.512462 0.516813 0.484085 10
0.86291940513262 0.510468 0.514822 0.482077 0.512468 0.516822 0.484077 10
0.86177902495785 0.510472 0.514832 0.482068 0.512472 0.516832 0.484068 10
0.86064028076686 0.510476 0.514841 0.482058 0.512476 0.516841 0.484058 10
0.85950316886936 0.510481 0.514851 0.48205 0.512481 0.516851 0.48405 10
0.85836768558644 0.510485 0.514861 0.482041 0.512485 0.516861 0.484041 10
0.85723382725048 0.510489 0.51487 0.482033 0.512489 0.51687 0.484033 10
0.85610159020512 0.510493 0.514878 0.482024 0.512493 0.516878 0.484024 10
0.85497097080521 0.510498 0.514887 0.482016 0.512498 0.516887 0.484016 10
0.8538419654168 0.510502 0.514897 0.482006 0.512502 0.516897 0.484006 10
0.85271457041704 0.510508 0.514906 0.481999 0.512508 0.516906 0.483999 10
0.85158878219418 0.510512 0.514916 0.481989 0.512512 0.516916 0.483989 10
0.85046459714752 0.510516 0.514925 0.48198 0.512516 0.516925 0.48398 10
0.84934201168735 0.510519 0.514935 0.48197 0.512519 0.516935 0.48397 10
0.84822102223493 0.510523 0.514943 0.481963 0.512523 0.516943 0.483963 10
0.84710162522243 0.510529 0.514952 0.481955 0.512529 0.516952 0.483955 10
0.84598381709289 0.510533 0.514962 0.481945 0.512533 0.516962 0.483945 10
0.8448675943002 0.510537 0.514971 0.481936 0.512537 0.516971 0.483936 10
0.84375295330902 0.51054 0.514981 0.481926 0.51254 0.516981 0.483926 10
0.84263989059476 0.510544 0.514988 0.481919 0.512544 0.516988 0.483919 10
0.84152840264356 0.510548 0.514996 0.481911 0.512548 0.516996 0.483911 10
0.84041848595221 0.510554 0.515006 0.481902 0.512554 0.517006 0.483902 10
0.83931013702812 0.510558 0.515015 0.481892 0.512558 0.517015 0.483892 10
0.83820335238929 0.510563 0.515025 0.481884 0.512563 0.517025 0.483884 10
0.83709600416889 0.510567 0.515034 0.481875 0.512567 0.517034 0.483875 10
0.83598813831031 0.510571 0.515042 0.481867 0.512571 0.517042 0.483867 10
0.83488183479676 0.510575 0.515051 0.481858 0.512575 0.517051 0.483858 10
