6.05010507006 0.505841255188 0.497866630554 0.497466087341 DD0136
6.02319862032 0.505854606628 0.497897148132 0.497447013855 DD0137
5.99654864503  0.50586605072  0.49792766571 0.497427940369 DD0138
5.97014439277 0.505875587463  0.49795627594 0.497406959534 DD0139
 5.9439890382 0.505885124207 0.497986793518 0.497385978699 DD0140
5.91807660047  0.50589466095 0.498019218445 0.497363090515 DD0141
5.89240348214 0.505909919739  0.49805355072  0.49734210968 DD0142
5.86696615838 0.505923271179  0.49808216095 0.497324943542 DD0143
5.84176117534 0.505934715271 0.498110771179 0.497305870056 DD0144
5.81678514836 0.505948066711 0.498139381409 0.497288703918 DD0145
5.79203476016 0.505957603455 0.498167991638 0.497267723083 DD0146
5.76750675919 0.505969047546 0.498198509216 0.497246742249 DD0147
5.74319795799 0.505980491638 0.498230934143 0.497225761414 DD0148
5.71910523154 0.505993843079 0.498261451721 0.497204780579 DD0149
5.69522551575 0.506009101868 0.498290061951 0.497185707092 DD0150
5.67155580594 0.506024360657  0.49831867218 0.497166633606 DD0151
5.64809315541 0.506037712097 0.498345375061  0.49714756012 DD0152
5.62483467398 0.506051063538 0.498372077942 0.497128486633 DD0153
5.60177752664 0.506064414978 0.498398780823 0.497107505798 DD0154
5.57891893223  0.50607585907 0.498421669006 0.497086524963 DD0155
5.55625616212 0.506087303162 0.498454093933 0.497061729431 DD0156
5.53378653897 0.506106376648 0.498490333557 0.497038841248 DD0157
 5.5115074355 0.506125450134 0.498526573181 0.497019767761 DD0158
5.48941627331 0.506142616272 0.498560905457 0.497000694275 DD0159
5.46751052172 0.506161689758 0.498593330383 0.496981620789 DD0160
5.44578769668 0.506176948547  0.49862575531 0.496962547302 DD0161
5.42424535963 0.506192207336 0.498660087585 0.496941566467 DD0162
5.40288111651 0.506209373474 0.498694419861 0.496920585632 DD0163
5.38169261666 0.506224632263 0.498728752136 0.496899604797 DD0164
5.36067755189 0.506245613098 0.498766899109 0.496874809265 DD0165
5.33983365548 0.506262779236 0.498803138733 0.496851921082 DD0166
 5.3191587012 0.506279945374 0.498837471008 0.496827125549 DD0167
5.29865050248 0.506295204163 0.498873710632 0.496800422668 DD0168
5.27830691142 0.506308555603 0.498906135559 0.496773719788 DD0169
5.25812581801 0.506321907043 0.498940467834 0.496748924255 DD0170
 5.2381051492 0.506337165833  0.49897480011 0.496724128723 DD0171
5.21824286815 0.506350517273 0.499007225037  0.49670124054 DD0172
5.19853697339 0.506360054016 0.499037742615 0.496680259705 DD0173
5.17898549807 0.506371498108 0.499070167542 0.496657371521 DD0174
5.15958650916   0.5063829422 0.499102592468 0.496636390686 DD0175
5.14033810674 0.506392478943 0.499135017395 0.496613502502 DD0176
 5.1212384233 0.506403923035 0.499165534973 0.496594429016 DD0177
  5.102285623 0.506413459778 0.499196052551  0.49657535553 DD0178
5.08347790102 0.506422996521 0.499228477478 0.496554374695 DD0179
5.06481348287 0.506432533264 0.499258995056 0.496535301208 DD0180
5.04629062378 0.506442070007 0.499289512634 0.496516227722 DD0181
5.02790760803 0.506449699402 0.499318122864 0.496497154236 DD0182
5.00966274837 0.506459236145 0.499348640442 0.496476173401 DD0183
4.99155534646 0.506468772888 0.499377250671 0.496457099915 DD0184
4.97358088686 0.506478309631 0.499403953552 0.496439933777 DD0185
4.95574064767 0.506487846375 0.499430656433 0.496420860291 DD0186
4.93803208824 0.506495475769 0.499457359314 0.496401786804 DD0187
4.92045365504 0.506505012512 0.499484062195 0.496382713318 DD0188
4.90300381948 0.506514549255 0.499508857727  0.49636554718 DD0189
4.88568107758 0.506525993347 0.499533653259 0.496348381042 DD0190
4.86848394941 0.506537437439  0.49956035614 0.496329307556 DD0191
4.85141097864 0.506548881531 0.499583244324 0.496314048767 DD0192
4.83446073204 0.506562232971 0.499608039856 0.496294975281 DD0193
4.81763179903  0.50657749176 0.499632835388 0.496277809143 DD0194
4.80092279121 0.506592750549 0.499659538269 0.496260643005 DD0195
4.78433234194  0.50660610199 0.499688148499  0.49623966217 DD0196
4.76785910589 0.506621360779 0.499716758728 0.496216773987 DD0197
4.75150175863 0.506636619568 0.499745368958 0.496193885803 DD0198
 4.7352589962 0.506649971008 0.499773979187 0.496169090271 DD0199
4.71912953474   0.5066614151 0.499800682068 0.496144294739 DD0200
4.70311211006 0.506672859192 0.499829292297 0.496117591858 DD0201
4.68720547731 0.506684303284 0.499855995178 0.496090888977 DD0202
4.67140841054 0.506693840027 0.499882698059 0.496064186096 DD0203
4.65571970238  0.50670337677  0.49990940094 0.496037483215 DD0204
4.64013816369 0.506711006165 0.499936103821 0.496008872986 DD0205
4.62466262316 0.506718635559 0.499962806702 0.495984077454 DD0206
4.60929192703 0.506726264954 0.499987602234 0.495955467224 DD0207
4.59402493874 0.506733894348 0.500012397766 0.495928764343 DD0208
4.57886053856 0.506739616394 0.500039100647 0.495902061462 DD0209
4.56379762334  0.50674533844 0.500063896179 0.495875358582 DD0210
4.54883510616 0.506752967834 0.500088691711 0.495848655701 DD0211
4.53397191604  0.50675868988 0.500111579895  0.49582195282 DD0212
4.51920699764 0.506762504578 0.500136375427 0.495795249939 DD0213
4.50453931097 0.506766319275 0.500159263611 0.495768547058 DD0214
 4.4899678311 0.506770133972 0.500182151794 0.495745658875 DD0215
4.47549154791 0.506773948669 0.500206947327 0.495722770691 DD0216
4.46110946578 0.506781578064  0.50022983551 0.495697975159 DD0217
4.44682060335  0.50678730011 0.500254631042 0.495673179626 DD0218
4.43262399328 0.506793022156 0.500279426575 0.495646476746 DD0219
4.41851868194 0.506798744202 0.500304222107 0.495621681213 DD0220
4.40450372922 0.506806373596 0.500327110291 0.495594978333 DD0221
4.39057820826 0.506812095642 0.500351905823 0.495568275452 DD0222
4.37674120521 0.506817817688 0.500374794006 0.495541572571 DD0223
4.36299181901 0.506823539734 0.500399589539 0.495512962341 DD0224
4.34932916116 0.506827354431 0.500422477722  0.49548625946 DD0225
 4.3357523555 0.506833076477 0.500447273254 0.495461463928 DD0226
4.32226053798 0.506840705872 0.500473976135 0.495434761047 DD0227
4.30885285647 0.506846427917 0.500500679016 0.495408058167 DD0228
4.29552847053 0.506854057312 0.500525474548 0.495381355286 DD0229
4.28228655122 0.506859779358 0.500552177429 0.495352745056 DD0230
4.26912628089 0.506863594055  0.50057888031 0.495324134827 DD0231
  4.256046853 0.506867408752 0.500603675842 0.495295524597 DD0232
4.24304747191 0.506869316101 0.500630378723 0.495266914368 DD0233
4.23012735271 0.506873130798 0.500655174255 0.495238304138 DD0234
4.21728572103 0.506873130798 0.500679969788 0.495209693909 DD0235
4.20452181286 0.506873130798  0.50070476532 0.495179176331 DD0236
4.19183487436  0.50687122345 0.500729560852  0.49515247345 DD0237
4.17922416173 0.506867408752 0.500754356384 0.495125770569 DD0238
4.16668894099 0.506865501404 0.500777244568 0.495099067688 DD0239
4.15422848784 0.506861686707 0.500800132751 0.495076179504 DD0240
4.14184208752 0.506859779358 0.500824928284 0.495053291321 DD0241
4.12952903459 0.506855964661 0.500849723816 0.495028495789 DD0242
4.11728863285 0.506854057312 0.500874519348 0.495007514954 DD0243
4.10512019513 0.506850242615 0.500897407532  0.49498462677 DD0244
4.09302304316 0.506848335266 0.500922203064 0.494965553284 DD0245
4.08099650744 0.506846427917 0.500946998596 0.494944572449 DD0246
4.06903992706 0.506844520569  0.50096988678 0.494925498962 DD0247
4.05715264959  0.50684261322 0.500994682312 0.494906425476 DD0248
4.04533403096  0.50684261322 0.501019477844 0.494889259338 DD0249
4.03358343525  0.50684261322 0.501044273376 0.494872093201 DD0250
4.02190023464 0.506840705872 0.501069068909 0.494854927063 DD0251
4.01028380925 0.506840705872 0.501093864441 0.494839668274 DD0252
3.99873457221  0.50684261322 0.501118659973 0.494822502136 DD0253
3.98724884333  0.50684261322 0.501143455505 0.494809150696 DD0254
3.97582910177 0.506844520569 0.501168251038 0.494793891907 DD0255
3.96447373261 0.506846427917  0.50119304657 0.494780540466 DD0256
3.95318215387 0.506850242615 0.501217842102 0.494767189026 DD0257
 3.9419537907 0.506852149963 0.501240730286 0.494755744934 DD0258
3.93078807532 0.506855964661 0.501265525818 0.494742393494 DD0259
3.91968444696 0.506861686707  0.50129032135 0.494729042053 DD0260
3.90864235171 0.506867408752 0.501313209534 0.494717597961 DD0261
3.89766124244 0.506873130798 0.501339912415 0.494704246521 DD0262
3.88674057866 0.506878852844 0.501362800598 0.494692802429 DD0263
3.87587982647  0.50688457489  0.50138759613 0.494679450989 DD0264
3.86507845842 0.506892204285 0.501412391663 0.494668006897 DD0265
3.85433595341 0.506899833679 0.501437187195 0.494654655457 DD0266
3.84365179662 0.506907463074 0.501461982727 0.494643211365 DD0267
3.83302547938 0.506915092468 0.501486778259 0.494629859924 DD0268
3.82245649911 0.506924629211 0.501511573792 0.494618415833 DD0269
3.81194435921 0.506934165955 0.501538276672 0.494606971741 DD0270
3.80148856895 0.506945610046 0.501564979553   0.4945936203 DD0271
3.79108864344 0.506958961487 0.501591682434  0.49458026886 DD0272
3.78074410348 0.506972312927 0.501618385315 0.494563102722 DD0273
 3.7704544755 0.506985664368 0.501648902893 0.494542121887 DD0274
 3.7602192915 0.506995201111 0.501677513123 0.494517326355 DD0275
3.75003808891 0.507000923157 0.501704216003 0.494492530823 DD0276
3.73991041058 0.507000923157 0.501730918884 0.494469642639 DD0277
3.72983580463 0.507000923157 0.501755714417 0.494446754456 DD0278
3.71981382444 0.506997108459   0.5017786026 0.494425773621 DD0279
 3.7098440285 0.506995201111 0.501803398132 0.494406700134 DD0280
 3.6999259804 0.506991386414 0.501826286316 0.494389533997 DD0281
3.69005924874 0.506989479065   0.5018491745 0.494376182556 DD0282
3.68024340701 0.506989479065 0.501872062683 0.494366645813 DD0283
3.67047803359 0.506993293762 0.501896858215 0.494360923767 DD0284
3.66076271163 0.507004737854 0.501925468445 0.494347572327 DD0285
  3.651097029 0.507014274597 0.501952171326 0.494326591492 DD0286
3.64148057822 0.507018089294 0.501978874207 0.494303703308 DD0287
3.63191295639 0.507016181946 0.502003669739 0.494282722473 DD0288
3.62239376513 0.507012367249 0.502026557922 0.494271278381 DD0289
3.61292261051 0.507021903992 0.502053260803 0.494263648987 DD0290
3.60349910299 0.507031440735 0.502079963684 0.494242668152 DD0291
3.59412285736 0.507025718689 0.502104759216 0.494221687317 DD0292
3.58479349268 0.507037162781 0.502131462097 0.494210243225 DD0293
3.57551063221 0.507037162781 0.502154350281 0.494191169739 DD0294
3.56627390335 0.507042884827 0.502179145813 0.494172096252 DD0295
3.55708293761 0.507046699524 0.502203941345 0.494151115417 DD0296
3.54793737052 0.507050514221 0.502228736877 0.494132041931 DD0297
3.53883684159  0.50705242157  0.50225353241 0.494112968445 DD0298
3.52978099426 0.507054328918 0.502276420593 0.494095802307 DD0299
3.52076947581 0.507056236267 0.502301216125 0.494076728821 DD0300
3.51180193737 0.507058143616 0.502324104309 0.494059562683 DD0301
3.50287803381 0.507060050964 0.502346992493 0.494040489197 DD0302
3.49399771037 0.507061958313 0.502371788025  0.49402141571 DD0303
 3.4851597693 0.507061958313 0.502394676208 0.494004249573 DD0304
3.47636473651 0.507063865662 0.502417564392 0.493985176086 DD0305
3.46761199469 0.507063865662 0.502440452576 0.493968009949 DD0306
3.45890121678  0.50706577301 0.502463340759 0.493950843811 DD0307
3.45023207918 0.507067680359 0.502486228943 0.493933677673 DD0308
3.44160426172 0.507069587708 0.502509117126 0.493918418884 DD0309
3.43301744757 0.507071495056  0.50253200531 0.493901252747 DD0310
3.42447132326 0.507075309753 0.502554893494 0.493885993958 DD0311
3.41596557859 0.507077217102 0.502577781677 0.493870735168 DD0312
 3.4074999066 0.507082939148 0.502602577209 0.493853569031 DD0313
3.39907400353 0.507086753845 0.502625465393 0.493838310242 DD0314
3.39068756876 0.507092475891 0.502650260925 0.493819236755 DD0315
3.38234030482 0.507096290588 0.502673149109 0.493800163269 DD0316
3.37403191728 0.507100105286 0.502696037292 0.493782997131 DD0317
3.36576211474 0.507102012634 0.502718925476 0.493765830994 DD0318
3.35753060882 0.507105827332  0.50274181366 0.493750572205 DD0319
3.34933711407 0.507111549377 0.502766609192 0.493731498718 DD0320
3.34118134796 0.507113456726 0.502789497375 0.493714332581 DD0321
3.33306303085 0.507117271423 0.502812385559 0.493697166443 DD0322
3.32498188593 0.507119178772 0.502835273743 0.493680000305 DD0323
3.31693763918 0.507122993469 0.502858161926 0.493662834167 DD0324
3.30893001938 0.507126808167 0.502882957458 0.493643760681 DD0325
3.30095875801 0.507128715515 0.502905845642 0.493628501892 DD0326
3.29302358927 0.507132530212 0.502928733826 0.493613243103 DD0327
3.28512425001 0.507134437561 0.502951622009 0.493597984314 DD0328
3.27726047972 0.507138252258 0.502974510193 0.493584632874 DD0329
3.26943202047 0.507143974304 0.502999305725 0.493569374084 DD0330
 3.2616386169 0.507151603699 0.503024101257 0.493552207947 DD0331
3.25388001619 0.507157325745  0.50304889679 0.493535041809 DD0332
  3.246155968 0.507161140442 0.503073692322 0.493514060974 DD0333
3.23846622448 0.507166862488 0.503098487854 0.493494987488 DD0334
 3.2308105402 0.507166862488 0.503121376038 0.493475914001 DD0335
3.22318867213 0.507170677185 0.503144264221 0.493460655212 DD0336
3.21560037965 0.507174491882 0.503167152405 0.493445396423 DD0337
3.20804542444 0.507180213928 0.503191947937 0.493424415588 DD0338
3.20052357053  0.50717830658 0.503214836121 0.493405342102 DD0339
3.19303458422 0.507180213928 0.503237724304 0.493388175964 DD0340
 3.1855782341 0.507182121277 0.503260612488 0.493371009827 DD0341
3.17815429096 0.507184028625 0.503283500671 0.493355751038 DD0342
3.17076252782 0.507187843323 0.503308296204   0.4933385849 DD0343
3.16340271985 0.507189750671 0.503331184387 0.493323326111 DD0344
 3.1560746444 0.507193565369 0.503355979919 0.493306159973 DD0345
3.14877808094 0.507197380066 0.503378868103 0.493288993835 DD0346
3.14151281104 0.507199287415 0.503403663635 0.493269920349 DD0347
3.13427861833 0.507201194763 0.503426551819  0.49325466156 DD0348
 3.1270752885 0.507203102112 0.503451347351 0.493239402771 DD0349
3.11990260928 0.507206916809 0.503476142883 0.493224143982 DD0350
3.11276037039 0.507210731506 0.503500938416 0.493206977844 DD0351
 3.1056483635 0.507212638855 0.503523826599 0.493193626404 DD0352
3.09856638229 0.507216453552 0.503548622131 0.493176460266 DD0353
3.09151422231  0.50722026825 0.503573417664 0.493161201477 DD0354
3.08449168106 0.507222175598 0.503598213196 0.493144035339 DD0355
3.07749855791 0.507224082947 0.503623008728 0.493126869202 DD0356
3.07053465409 0.507225990295  0.50364780426 0.493111610413 DD0357
3.06359977268 0.507229804993 0.503672599792 0.493096351624 DD0358
3.05669371856 0.507231712341 0.503695487976 0.493081092834 DD0359
3.04981629843 0.507235527039 0.503720283508 0.493063926697 DD0360
3.04296732074 0.507237434387 0.503745079041 0.493048667908 DD0361
3.03614659574 0.507239341736 0.503769874573 0.493033409119 DD0362
3.02935393536 0.507243156433 0.503794670105 0.493016242981 DD0363
3.02258915329 0.507245063782 0.503817558289 0.493002891541 DD0364
3.01585206488 0.507248878479 0.503842353821 0.492987632751 DD0365
 3.0091424872 0.507252693176 0.503867149353 0.492972373962 DD0366
3.00246023892 0.507256507874 0.503891944885 0.492957115173 DD0367
2.99580538563 0.507260322571 0.503916740417 0.492939949036 DD0368
2.98917701356 0.507264137268  0.50394153595 0.492924690247 DD0369
2.98257568203 0.507267951965 0.503966331482 0.492909431458 DD0370
2.97600097088 0.507271766663 0.503991127014 0.492894172668 DD0371
2.96945270684  0.50727558136 0.504015922546 0.492877006531 DD0372
2.96293071814 0.507277488708  0.50403881073  0.49286365509 DD0373
2.95643483458 0.507281303406 0.504065513611 0.492846488953 DD0374
2.94996488743 0.507285118103 0.504090309143 0.492831230164 DD0375
2.94352070948   0.5072889328 0.504115104675 0.492815971375 DD0376
2.93710213499 0.507294654846 0.504139900208 0.492800712585 DD0377
2.93070899968 0.507298469543  0.50416469574 0.492783546448 DD0378
2.92434114071 0.507302284241 0.504189491272 0.492768287659 DD0379
2.91799839668 0.507306098938 0.504214286804 0.492749214172 DD0380
 2.9116806076 0.507308006287 0.504239082336 0.492733955383 DD0381
2.90538761486 0.507311820984 0.504263877869 0.492716789246 DD0382
2.89911926126 0.507315635681  0.50429058075 0.492697715759 DD0383
2.89287539095  0.50731754303 0.504313468933 0.492680549622 DD0384
2.88665584942 0.507321357727 0.504340171814 0.492665290833 DD0385
2.88046048351 0.507323265076 0.504364967346 0.492648124695 DD0386
2.87428914139 0.507327079773 0.504389762878 0.492630958557 DD0387
2.86814167251 0.507328987122 0.504414558411 0.492613792419 DD0388
2.86201792765  0.50733089447 0.504439353943 0.492596626282 DD0389
2.85591775883 0.507332801819 0.504464149475 0.492581367493 DD0390
2.84984101937 0.507336616516 0.504490852356 0.492566108704 DD0391
2.84378756381 0.507338523865 0.504515647888 0.492550849915 DD0392
2.83775724794 0.507342338562 0.504542350769 0.492535591125 DD0393
2.83174992879 0.507348060608 0.504567146301 0.492520332336 DD0394
2.82576546457 0.507351875305 0.504593849182 0.492503166199 DD0395
2.81980371471 0.507355690002 0.504620552063 0.492486000061 DD0396
2.81386453982 0.507363319397 0.504647254944 0.492470741272 DD0397
2.80794780169 0.507367134094 0.504673957825 0.492451667786 DD0398
2.80205336325  0.50737285614 0.504698753357 0.492434501648 DD0399
2.79618108859 0.507378578186 0.504725456238  0.49241733551 DD0400
2.79033084294 0.507384300232 0.504752159119 0.492400169373 DD0401
2.78450249264 0.507390022278    0.504778862 0.492381095886 DD0402
2.77869590516 0.507393836975  0.50480556488 0.492363929749 DD0403
2.77291094905 0.507397651672 0.504832267761 0.492344856262 DD0404
2.76714749396 0.507403373718 0.504857063293 0.492325782776 DD0405
2.76140541061 0.507407188416 0.504883766174  0.49230670929 DD0406
2.75568457079 0.507411003113 0.504910469055 0.492289543152 DD0407
2.74998541481  0.50741481781 0.504937171936 0.492272377014 DD0408
 2.7443061141 0.507420539856 0.504963874817 0.492255210876 DD0409
2.73864824615 0.507424354553 0.504990577698 0.492238044739 DD0410
2.73301111927 0.507430076599  0.50501537323 0.492220878601 DD0411
2.72739461045 0.507435798645 0.505042076111 0.492205619812 DD0412
2.72179859765 0.507441520691 0.505068778992 0.492188453674 DD0413
2.71622295981 0.507449150085 0.505095481873 0.492173194885 DD0414
2.71066757686  0.50745677948 0.505122184753 0.492156028748 DD0415
2.70513232968 0.507462501526 0.505148887634  0.49213886261 DD0416
2.69961710014  0.50747013092 0.505175590515 0.492121696472 DD0417
2.69412177102 0.507477760315 0.505200386047 0.492102622986 DD0418
2.68864622607 0.507483482361 0.505227088928   0.4920835495 DD0419
2.68319034997 0.507489204407 0.505253791809 0.492064476013 DD0420
 2.6777540283 0.507494926453 0.505278587341 0.492047309875 DD0421
2.67233714759 0.507500648499 0.505305290222 0.492032051086 DD0422
2.66693959523 0.507506370544 0.505330085754 0.492016792297 DD0423
2.66156125953 0.507517814636 0.505354881287 0.492001533508 DD0424
2.65620202968 0.507527351379 0.505379676819 0.491984367371 DD0425
2.65086179573 0.507536888123 0.505404472351 0.491963386536 DD0426
2.64554044864  0.50754070282 0.505429267883 0.491950035095 DD0427
2.64023788017 0.507550239563 0.505452156067 0.491932868958 DD0428
2.63495398297 0.507557868958 0.505476951599 0.491913795471 DD0429
2.62968865053 0.507563591003 0.505499839783 0.491894721985 DD0430
2.62444177715 0.507571220398 0.505524635315 0.491879463196 DD0431
2.61921325797 0.507580757141 0.505547523499 0.491860389709 DD0432
2.61400298894 0.507586479187 0.505572319031 0.491843223572 DD0433
2.60881086684  0.50759601593 0.505597114563 0.491826057434 DD0434
2.60363678922 0.507603645325 0.505620002747 0.491810798645 DD0435
2.59848065444 0.507615089417 0.505644798279 0.491787910461 DD0436
2.59334236164 0.507622718811 0.505667686462 0.491768836975 DD0437
2.58822181074 0.507630348206 0.505692481995 0.491751670837 DD0438
2.58311890242 0.507636070251 0.505715370178 0.491732597351 DD0439
2.57803353814 0.507645606995  0.50574016571 0.491717338562 DD0440
2.57296562009 0.507655143738 0.505764961243 0.491698265076 DD0441
2.56791505123 0.507660865784 0.505787849426 0.491679191589 DD0442
2.56288173525 0.507668495178  0.50581073761 0.491658210754 DD0443
2.55786557658  0.50767993927 0.505835533142 0.491639137268 DD0444
2.55286648036 0.507687568665 0.505858421326 0.491620063782 DD0445
2.54788435246  0.50769329071 0.505881309509 0.491600990295 DD0446
2.54291909946 0.507706642151 0.505906105042 0.491581916809 DD0447
2.53797062865 0.507714271545 0.505928993225 0.491560935974 DD0448
2.53303884801 0.507719993591 0.505951881409 0.491543769836 DD0449
2.52812366621 0.507729530334 0.505976676941  0.49152469635 DD0450
2.52322499262 0.507739067078 0.505999565125 0.491503715515 DD0451
2.51834273727 0.507746696472 0.506022453308  0.49148273468 DD0452
2.51347681088 0.507754325867  0.50604724884 0.491467475891 DD0453
2.50862712481  0.50776386261 0.506070137024 0.491448402405 DD0454
 2.5037935911 0.507771492004 0.506093025208  0.49142742157 DD0455
2.49897650109 0.507779121399 0.506115913391 0.491408348083 DD0456
2.49417463215 0.507788658142 0.506138801575 0.491391181946 DD0457
2.48938903429 0.507800102234 0.506161689758 0.491372108459 DD0458
2.48461924336 0.507807731628 0.506184577942 0.491353034973 DD0459
2.47986517465 0.507815361023 0.506207466125 0.491333961487 DD0460
2.47512674401 0.507822990417 0.506232261658 0.491318702698 DD0461
2.47040386793 0.507830619812 0.506255149841 0.491299629211 DD0462
 2.4656964635 0.507840156555 0.506278038025 0.491280555725 DD0463
2.46100444841 0.507845878601 0.506300926208  0.49125957489 DD0464
2.45632774096 0.507857322693 0.506325721741 0.491240501404 DD0465
2.45166626005 0.507863044739 0.506348609924 0.491225242615 DD0466
2.44701992515 0.507870674133 0.506371498108 0.491206169128 DD0467
2.44238865633 0.507880210876 0.506394386292 0.491187095642 DD0468
2.43777237423 0.507885932922 0.506417274475 0.491166114807 DD0469
2.43317100006 0.507893562317 0.506440162659 0.491148948669 DD0470
2.42858445562 0.507901191711 0.506463050842 0.491131782532 DD0471
2.42401266324 0.507908821106 0.506485939026 0.491112709045 DD0472
2.41945554583 0.507918357849 0.506508827209 0.491093635559 DD0473
2.41491302684 0.507925987244 0.506531715393 0.491076469421 DD0474
2.41038503029 0.507933616638 0.506554603577 0.491057395935 DD0475
 2.4058714807 0.507939338684  0.50657749176   0.4910364151 DD0476
2.40137230317  0.50794506073 0.506600379944 0.491017341614 DD0477
2.39688742332 0.507952690125 0.506623268127 0.490998268127 DD0478
2.39241676727 0.507960319519  0.50664806366 0.490979194641 DD0479
 2.3879602617 0.507966041565 0.506672859192 0.490962028503 DD0480
 2.3835178338 0.507973670959 0.506695747375 0.490941047668 DD0481
2.37908941125 0.507979393005 0.506718635559 0.490920066833 DD0482
2.37467492227   0.5079870224 0.506743431091 0.490902900696 DD0483
2.37027429557 0.507998466492 0.506768226624 0.490885734558 DD0484
2.36588746036 0.508004188538 0.506791114807 0.490864753723 DD0485
2.36151434634 0.508009910583 0.506815910339 0.490845680237 DD0486
2.35715488372 0.508015632629 0.506840705872  0.49082660675 DD0487
2.35280900318 0.508021354675 0.506863594055 0.490805625916 DD0488
2.34847663588  0.50802898407 0.506888389587 0.490788459778 DD0489
2.34415771346 0.508036613464  0.50691318512 0.490769386292 DD0490
2.33985216806 0.508040428162 0.506937980652 0.490750312805 DD0491
2.33555993226 0.508048057556 0.506962776184 0.490731239319 DD0492
 2.3312809391 0.508053779602 0.506987571716 0.490712165833 DD0493
2.32701512212 0.508059501648 0.507012367249 0.490689277649 DD0494
2.32276241527 0.508067131042 0.507039070129  0.49067401886 DD0495
  2.318522753 0.508074760437 0.507063865662 0.490656852722 DD0496
2.31429607016 0.508080482483 0.507088661194 0.490637779236 DD0497
 2.3100823021 0.508086204529 0.507113456726  0.49061870575 DD0498
2.30588138457 0.508091926575 0.507138252258 0.490599632263 DD0499
2.30169325377 0.508097648621 0.507164955139 0.490580558777 DD0500
2.29751784634 0.508103370667 0.507189750671 0.490563392639 DD0501
2.29335509935 0.508111000061 0.507216453552 0.490542411804 DD0502
2.28920495029 0.508116722107 0.507241249084 0.490523338318 DD0503
2.28506733707 0.508122444153 0.507267951965 0.490508079529 DD0504
2.28094219804 0.508128166199 0.507292747498 0.490489006042 DD0505
2.27682947194 0.508133888245 0.507319450378 0.490468025208 DD0506
2.27272909793 0.508139610291 0.507344245911 0.490448951721 DD0507
 2.2686410156 0.508145332336 0.507370948792 0.490431785583 DD0508
2.26456516492 0.508151054382 0.507397651672 0.490412712097 DD0509
2.26050148626 0.508156776428 0.507426261902 0.490395545959 DD0510
2.25644992041 0.508162498474 0.507452964783 0.490376472473 DD0511
2.25241040853  0.50816822052 0.507479667664 0.490355491638 DD0512
2.24838313276 0.508172035217 0.507508277893   0.4903383255 DD0513
2.24436731334 0.508179664612 0.507534980774 0.490317344666 DD0514
2.24036361436 0.508183479309 0.507563591003 0.490298271179 DD0515
2.23637173791 0.508187294006 0.507592201233 0.490279197693 DD0516
2.23239162711 0.508193016052 0.507618904114 0.490256309509 DD0517
2.22842322544 0.508194923401 0.507645606995 0.490235328674 DD0518
2.22446647674 0.508198738098 0.507674217224 0.490214347839 DD0519
2.22052132522 0.508200645447 0.507702827454 0.490191459656 DD0520
2.21658771548 0.508206367493 0.507733345032 0.490170478821 DD0521
2.21266559244 0.508208274841 0.507761955261 0.490147590637 DD0522
2.20875490142 0.508213996887 0.507790565491 0.490124702454 DD0523
2.20485558808 0.508217811584 0.507821083069 0.490103721619 DD0524
2.20096759842 0.508221626282 0.507849693298 0.490080833435 DD0525
2.19709087883 0.508225440979 0.507878303528   0.4900598526 DD0526
2.19322537601 0.508229255676 0.507905006409 0.490036964417 DD0527
2.18937103703 0.508234977722 0.507933616638 0.490014076233 DD0528
2.18552780928 0.508238792419 0.507962226868 0.489991188049 DD0529
2.18169564051 0.508244514465 0.507990837097 0.489968299866 DD0530
 2.1778744788 0.508246421814 0.508017539978 0.489945411682 DD0531
2.17406427256  0.50825214386 0.508046150208 0.489922523499 DD0532
2.17026497053 0.508254051208 0.508072853088 0.489899635315 DD0533
 2.1664765218 0.508259773254 0.508101463318 0.489876747131 DD0534
2.16269887575 0.508261680603 0.508130073547 0.489853858948 DD0535
2.15893198211   0.5082654953 0.508158683777 0.489830970764 DD0536
2.15517579093 0.508269309998 0.508187294006 0.489806175232 DD0537
2.15143025257 0.508273124695 0.508215904236 0.489783287048 DD0538
 2.1476953177 0.508276939392 0.508246421814 0.489758491516 DD0539
2.14397093731 0.508280754089 0.508275032043 0.489735603333 DD0540
2.14025706271 0.508284568787 0.508303642273   0.4897108078 DD0541
2.13655364551 0.508288383484 0.508330345154 0.489686012268 DD0542
2.13286063762 0.508292198181 0.508358955383 0.489661216736 DD0543
2.12917799125  0.50829410553 0.508385658264 0.489636421204 DD0544
2.12550565893 0.508297920227 0.508416175842 0.489609718323 DD0545
2.12184359347 0.508299827576 0.508444786072 0.489583015442 DD0546
2.11819174799 0.508303642273 0.508473396301 0.489556312561 DD0547
2.11455007588  0.50830745697 0.508502006531 0.489527702332 DD0548
2.11091853086 0.508311271667  0.50853061676 0.489499092102 DD0549
 2.1072970669 0.508315086365  0.50855922699 0.489468574524 DD0550
2.10368563827 0.508318901062 0.508587837219 0.489438056946 DD0551
2.10008419955 0.508320808411   0.5086145401  0.48940372467 DD0552
2.09649270555 0.508322715759  0.50864315033 0.489367485046 DD0553
2.09291111141 0.508326530457 0.508667945862 0.489329338074 DD0554
2.08933937252 0.508326530457 0.508688926697 0.489289283752 DD0555
2.08577744454 0.508328437805 0.508702278137 0.489249229431 DD0556
2.08222528344 0.508332252502  0.50871181488 0.489212989807 DD0557
2.07868284542  0.50834941864 0.508664131165 0.489319801331 DD0558
2.07515008697 0.508357048035 0.508690834045 0.489325523376 DD0559
2.07162696484 0.508364677429 0.508717536926 0.489327430725 DD0560
2.06811343605 0.508372306824 0.508742332458 0.489325523376 DD0561
2.06460945788 0.508379936218 0.508767127991 0.489319801331 DD0562
2.06111498788 0.508387565613 0.508790016174 0.489312171936 DD0563
2.05762998383 0.508395195007 0.508812904358 0.489304542542 DD0564
2.05415440381 0.508400917053 0.508835792542 0.489295005798 DD0565
2.05068820611 0.508408546448 0.508854866028 0.489283561707 DD0566
2.04723134931 0.508416175842 0.508873939514 0.489272117615 DD0567
2.04378379222 0.508421897888    0.508893013 0.489258766174 DD0568
2.04034549391 0.508427619934 0.508912086487 0.489243507385 DD0569
2.03691641368 0.508435249329 0.508929252625 0.489228248596 DD0570
2.03349651109 0.508440971375 0.508946418762 0.489211082458 DD0571
2.03008574594 0.508448600769 0.508961677551 0.489192008972 DD0572
2.02668407827 0.508454322815  0.50897693634 0.489174842834 DD0573
2.02329146837 0.508460044861 0.508992195129    0.489153862 DD0574
2.01990787675 0.508465766907  0.50900554657 0.489132881165 DD0575
2.01653326416 0.508471488953  0.50901889801 0.489109992981 DD0576
 2.0131675916 0.508477210999 0.509030342102 0.489087104797 DD0577
2.00981082028 0.508482933044 0.509041786194 0.489060401917 DD0578
2.00646291165 0.508486747742 0.509051322937 0.489035606384 DD0579
2.0031238274036 0.5084924697875977 0.5090570449829102  0.4890069961547851 DD0580
1.9997938414155 0.5084943771362305  0.509058952331543 0.48897647857666016 DD0581
1.9964719798568 0.5084962844848633 0.5090532302856445 0.48894786834716797 DD0582
  1.99315914111 0.5084981918334962 0.5090322494506837 0.48893833160400396 DD0583
1.9898549756827 0.5085039138793945 0.5090360641479492 0.48894786834716797 DD0584
1.9865594464051  0.508509635925293 0.5090532302856445  0.4889497756958008 DD0585
1.9832725162947 0.5085172653198242 0.5090780258178711  0.4889421463012695 DD0586
1.9799941485863 0.5085248947143555 0.5091047286987306  0.4889268875122071 DD0587
1.9767243067301 0.5085287094116211  0.509129524230957 0.48890018463134766 DD0588
1.9734629543904 0.5085325241088867 0.5091257095336914  0.4888715744018554 DD0589
1.9702100554436 0.5085382461547852 0.5091409683227539  0.4888734817504883 DD0590
1.9669655739768 0.5085420608520508 0.5091638565063477 0.48884677886962896 DD0591
1.9637294742863 0.5085477828979492 0.5091791152954102 0.48883914947509766 DD0592
1.9605017208762 0.5085535049438477 0.5091924667358398  0.4888277053833008 DD0593
1.9572822784565 0.5085592269897461 0.5092077255249023  0.4888143539428711 DD0594
1.9540711119418 0.5085649490356445 0.5092229843139648 0.48880290985107416 DD0595
1.9508681864496  0.508570671081543 0.5092382431030273 0.48878955841064453 DD0596
1.9476734672993 0.5085763931274414 0.5092515945434569  0.4887762069702148 DD0597
1.9444869200102 0.5085821151733398 0.5092668533325194  0.4887647628784179 DD0598
1.9413085103001 0.5085878372192383  0.509282112121582 0.48875141143798834 DD0599
1.9381382040842 0.5085935592651367 0.5092954635620117  0.4887399673461914 DD0600
1.9349759674732 0.5085992813110352 0.5093107223510743  0.4887266159057618 DD0601
1.9318217667724 0.5086050033569336 0.5093259811401367 0.48871326446533203 DD0602
1.9286755684797  0.508610725402832 0.5093393325805664  0.4887018203735351 DD0603
1.9255373392847 0.5086183547973633 0.5093545913696289  0.4886884689331055 DD0604
1.9224070460668 0.5086240768432617 0.5093698501586914 0.48867511749267584 DD0605
1.9192846558944 0.5086297988891602 0.5093832015991212  0.4886617660522461 DD0606
1.9161701360231 0.5086355209350586 0.5093984603881837  0.4886503219604492 DD0607
1.9130634538947 0.5086412429809569 0.5094137191772461  0.4886369705200195 DD0608
1.9099645771353 0.5086469650268554 0.5094289779663086 0.48862361907958984 DD0609
1.9068734735547 0.5086526870727539 0.5094423294067383   0.488612174987793 DD0610
1.9037901111445 0.5086603164672852 0.5094575881958008  0.4885988235473633 DD0611
1.9007144580769 0.5086660385131836 0.5094728469848634 0.48858547210693365 DD0612
1.8976464827038  0.508671760559082 0.5094881057739258 0.48857402801513666 DD0613
1.8945861535551 0.5086793899536132 0.5095033645629882   0.488560676574707 DD0614
1.8915334393373 0.5086851119995118  0.509516716003418  0.4885473251342774 DD0615
1.8884883089329 0.5086908340454102 0.5095319747924805 0.48853397369384766 DD0616
1.8854507313984 0.5086965560913086  0.509547233581543 0.48852062225341797 DD0617
1.8824206759636  0.508702278137207 0.5095605850219728  0.4885091781616211 DD0618
  1.87939811203 0.5087080001831055 0.5095758438110353 0.48849582672119146 DD0619
  1.87638300917 0.5087156295776367 0.5095911026000977  0.4884824752807618 DD0620
1.8733753371252 0.5087213516235352 0.5096063613891602  0.4884710311889648 DD0621
1.8703750658055 0.5087270736694336 0.5096197128295897  0.4884576797485351 DD0622
1.8673821652878  0.508732795715332 0.5096349716186523  0.4884462356567383 DD0623
1.8643966058151 0.5087385177612305  0.509648323059082  0.4884328842163086 DD0624
1.8614183577949 0.5087461471557617 0.5096635818481445  0.4884195327758789 DD0625
1.8584473917982 0.5087518692016602  0.509678840637207  0.4884080886840821 DD0626
1.8554836785585 0.5087575912475586 0.5096921920776367 0.48839473724365234 DD0627
1.8525271889707  0.508763313293457 0.5097074508666992  0.4883832931518555 DD0628
1.8495778940896 0.5087690353393555 0.5097208023071289  0.4883699417114257 DD0629
1.8466357651292 0.5087747573852539 0.5097341537475586 0.48835849761962896 DD0630
1.8437007734611 0.5087804794311523 0.5097494125366211  0.4883451461791992 DD0631
1.8407728906142 0.5087862014770508 0.5097627639770508 0.48833370208740234 DD0632
1.8378520882727 0.5087919235229492 0.5097761154174805 0.48832225799560547 DD0633
1.8349383382755 0.5087976455688477 0.5097894668579102  0.4883089065551758 DD0634
1.8320316126153 0.5088033676147461 0.5098028182983398  0.4882974624633789 DD0635
1.8291318834371 0.5088071823120117 0.5098161697387695  0.4882860183715821 DD0636
1.8262391230373 0.5088129043579102 0.5098295211791992 0.48827266693115234 DD0637
1.8233533038628 0.5088186264038086 0.5098428726196289 0.48826122283935547 DD0638
1.8204743985099 0.5088224411010743 0.5098562240600586  0.4882497787475586 DD0639
1.8176023797232 0.5088281631469727 0.5098695755004883  0.4882383346557617 DD0640
1.8147372203944 0.5088338851928711  0.509882926940918 0.48822498321533203 DD0641
 1.811878893562 0.5088376998901367  0.509894371032715  0.4882135391235352 DD0642
1.8090273724092 0.5088415145874023 0.5099077224731445  0.4882020950317383 DD0643
1.8061826302639 0.5088472366333008 0.5099210739135742  0.4881906509399414 DD0644
1.8033446405974 0.5088510513305664 0.5099325180053711 0.48817920684814453 DD0645
1.8005133770229 0.5088567733764648 0.5099458694458007  0.4881677627563476 DD0646
1.7976888132953 0.5088605880737305 0.5099592208862305  0.4881563186645508 DD0647
  1.79487092331 0.5088663101196289 0.5099706649780273 0.48814487457275396 DD0648
1.7920596811016 0.5088701248168945  0.509984016418457 0.48813343048095703 DD0649
1.7892511726004 0.5088739395141602 0.5099954605102539  0.4881219863891602  DD0650
 1.786454570495 0.5088796615600586 0.5100088119506836  0.4881105422973633  DD0651
1.7836648206909 0.5088834762573243 0.5100202560424806 0.48810100555419916  DD0652
1.7808795112717 0.5088891983032227 0.5100336074829102 0.48808956146240234  DD0653
1.7780994419814 0.5088930130004883  0.510045051574707 0.48807811737060547  DD0654
1.7753261589367 0.5088968276977539 0.5100564956665039 0.48806667327880854  DD0655
1.7725596358191 0.5089025497436523 0.5100698471069336  0.4880552291870118  DD0656
1.7697998464499  0.508906364440918 0.5100812911987305 0.48804569244384766  DD0657
1.7670467647893 0.5089120864868164 0.5100927352905273  0.4880342483520507  DD0658
1.7643003649353  0.508915901184082 0.5101041793823242 0.48802280426025385  DD0659
 1.761560621123 0.5089216232299805 0.5101175308227539   0.488011360168457  DD0660
1.7588275077235 0.5089254379272461 0.5101289749145508 0.48800182342529297  DD0661
 1.756100999243 0.5089311599731445 0.5101404190063477  0.4879903793334961  DD0662
 1.753381070322 0.5089349746704102 0.5101518630981444 0.48797893524169916  DD0663
1.7506676957345 0.5089406967163086 0.5101652145385743  0.4879693984985352  DD0664
 1.747960917022 0.5089445114135742 0.5101747512817383  0.4879579544067383  DD0665
1.7452605093095 0.5089502334594725  0.510188102722168  0.4879484176635742  DD0666
1.7425640276115 0.5089540481567383 0.5101995468139648  0.4879369735717774  DD0667
 1.739872660774 0.5089578628540038 0.5102109909057617 0.48792552947998047  DD0668
1.7371877374638 0.5089635848999023 0.5102224349975586  0.4879159927368164  DD0669
1.7345092331763  0.508967399597168 0.5102338790893555  0.4879045486450195  DD0670
1.7318371235346 0.5089731216430664 0.5102472305297853 0.48789501190185547  DD0671
1.7291713842884  0.508976936340332 0.5102586746215821 0.48788356781005865  DD0672
1.7265119913137 0.5089826583862306 0.5102701187133789 0.48787403106689453  DD0673
1.7238589206112 0.5089864730834961 0.5102834701538086 0.48786258697509766  DD0674
1.7212121483061 0.5089902877807617 0.5102949142456055  0.4878530502319336  DD0675
 1.718571650647 0.5089960098266603 0.5103063583374023 0.48784351348876953  DD0676
1.7159374040053 0.5089998245239258  0.510319709777832 0.48783206939697266  DD0677
1.7133093848741 0.5090036392211914 0.5103311538696289 0.48782253265380854  DD0678
1.7106875698675 0.5090093612670898 0.5103425979614258  0.4878129959106446  DD0679
  1.70807193572 0.5090131759643555 0.5103540420532227  0.4878015518188476  DD0680
1.7054606398638 0.5090188980102539 0.5103673934936523 0.48779201507568354  DD0681
1.7028533192926 0.5090227127075195 0.5103788375854492  0.4877824783325195  DD0682
1.7002521236666 0.5090265274047852 0.5103902816772461  0.4877729415893554  DD0683
1.6976570301357 0.5090322494506836 0.5104036331176758  0.4877614974975586  DD0684
1.6950680159662 0.5090360641479492 0.5104150772094727  0.4877519607543945  DD0685
1.6924850585403 0.5090398788452148 0.5104265213012695 0.48774242401123047  DD0686
1.6899081353557 0.5090456008911133 0.5104398727416992  0.4877328872680664  DD0687
1.6873372240244 0.5090494155883789 0.5104513168334961  0.4877233505249023  DD0688
1.6847723022721 0.5090551376342773 0.5104646682739258  0.4877138137817383  DD0689
1.6822133479377  0.509058952331543 0.5104761123657227  0.4877042770385743  DD0690
1.6796603389722 0.5090646743774414 0.5104894638061523 0.48769283294677734  DD0691
1.6771132534382  0.509068489074707 0.5105009078979492  0.4876832962036132  DD0692
1.6745720695091 0.5090723037719727 0.5105123519897461 0.48767375946044916  DD0693
1.6720367654686 0.5090780258178711 0.5105257034301758  0.4876642227172851  DD0694
1.6695073197096 0.5090818405151367 0.5105371475219727 0.48765468597412104  DD0695
1.6669797557847 0.5090875625610353 0.5105504989624025  0.4876451492309571  DD0696
1.6644579745336 0.5090913772583008 0.5105619430541992  0.4876356124877929  DD0697
1.6619420003358 0.5090970993041992 0.5105733871459961 0.48762607574462896  DD0698
 1.659431811959 0.5091009140014648 0.5105867385864258  0.4876165390014649  DD0699
1.6569273882773 0.5091066360473633 0.5105981826782227  0.4876070022583008  DD0700
1.6544287082704 0.5091123580932617 0.5106115341186522  0.4875974655151367  DD0701
 1.651935751023 0.5091161727905273 0.5106229782104492 0.48758792877197266  DD0702
1.6494484957241 0.5091218948364258 0.5106363296508789 0.48757839202880865  DD0703
1.6469669216661 0.5091257095336913 0.5106477737426758 0.48756885528564453  DD0704
1.6444910082447  0.509129524230957 0.5106592178344727 0.48755931854248047  DD0705
1.6420207349576 0.5091352462768555 0.5106725692749023  0.4875497817993164  DD0706
1.6395560814043 0.5091409683227539  0.510685920715332 0.48753833770751953  DD0707
1.6370970272855 0.5091447830200195 0.5106973648071289 0.48752880096435547  DD0708
 1.634643552402  0.509150505065918 0.5107088088989258  0.4875192642211914  DD0709
1.6321946177532 0.5091543197631836 0.5107202529907227 0.48750972747802734  DD0710
1.6297482285988 0.5091581344604492 0.5107316970825195  0.4875001907348633  DD0711
1.6273073714689 0.5091638565063478 0.5107450485229492  0.4874906539916993  DD0712
1.6248720265054 0.5091676712036134 0.5107564926147461 0.48748111724853516  DD0713
1.6224421739479 0.5091733932495117  0.510767936706543 0.48747158050537115  DD0714
1.6200177941331 0.5091791152954102 0.5107812881469727   0.487462043762207  DD0715
1.6175988674937 0.5091829299926758 0.5107927322387695  0.4874525070190429  DD0716
1.6151853745586 0.5091886520385742 0.5108060836791992  0.4874429702758789  DD0717
1.6127772959517 0.5091924667358397 0.5108156204223633  0.4874353408813476  DD0718
1.6103746123913 0.5091981887817383  0.510828971862793 0.48742580413818365  DD0719
1.6079773046901 0.5092020034790039 0.5108404159545898  0.4874162673950195  DD0720
 1.605585353754 0.5092077255249023 0.5108537673950195  0.4874067306518555 DD0721
1.6031987405818 0.5092134475708008 0.5108671188354492  0.4873971939086914 DD0722
1.6008174462644 0.5092172622680664 0.5108785629272461 0.48738765716552734 DD0723
1.5984414519847 0.5092229843139648 0.5108919143676758 0.48737812042236334 DD0724
1.5960697420014 0.5092267990112305 0.5109033584594727 0.48737049102783203 DD0725
1.5937002641799 0.5092325210571289 0.5109167098999023   0.487360954284668 DD0726
1.5913360430875 0.5092382431030273 0.5109281539916992 0.48735141754150385 DD0727
1.5889770602157  0.509242057800293 0.5109415054321289 0.48734188079833984 DD0728
1.5866232971453 0.5092477798461914 0.5109529495239258  0.4873323440551758 DD0729
1.5842747355458  0.509251594543457 0.5109663009643555  0.4873228073120117 DD0730
1.5819313571745 0.5092573165893555 0.5109777450561523 0.48731327056884766 DD0731
1.5795931438767 0.5092630386352539 0.5109910964965821 0.48730373382568365 DD0732
1.5772600775845 0.5092668533325195 0.5110025405883789 0.48729610443115234 DD0733
1.5749321403165 0.5092725753784179 0.5110158920288086  0.4872865676879883 DD0734
1.5726093141775 0.5092782974243164 0.5110292434692383  0.4872770309448242 DD0735
1.5702915813576  0.509282112121582 0.5110406875610352 0.48726749420166016 DD0736
1.5679789241319 0.5092878341674805 0.5110540390014647  0.4872579574584961 DD0737
  1.56567132486 0.5092916488647461 0.5110654830932617 0.48724842071533203 DD0738
1.5633687659853 0.5092973709106445 0.5110788345336914 0.48723888397216797 DD0739
1.5610712300348  0.509303092956543 0.5110902786254883  0.4872312545776367 DD0740
1.5587747920537 0.5093069076538086  0.511103630065918  0.4872217178344727 DD0741
1.5564832167911  0.509312629699707  0.511115074157715 0.48721218109130865 DD0742
1.5541966249012 0.5093183517456055 0.5111284255981445 0.48720073699951166 DD0743
1.5519149991891 0.5093221664428711 0.5111398696899414 0.48719310760498047 DD0744
 1.549638322541 0.5093278884887695 0.5111532211303711 0.48718166351318365 DD0745
1.5473665779241  0.509333610534668 0.5111665725708008  0.4871721267700195 DD0746
1.5450997483856 0.5093374252319336 0.5111780166625977 0.48716259002685547 DD0747
1.5428378170526  0.509343147277832 0.5111913681030273 0.48715305328369135 DD0748
1.5405807671315 0.5093488693237305 0.5112028121948242 0.48714351654052734 DD0749
1.5383285819072 0.5093545913696289 0.5112161636352539 0.48713207244873047 DD0750
1.5360812447434 0.5093584060668945 0.5112276077270508  0.4871225357055664 DD0751
1.5338387390815 0.5093641281127929 0.5112409591674805  0.4871129989624023 DD0752
1.5316010484401 0.5093698501586914 0.5112543106079102  0.4871015548706054 DD0753
1.5293681564151  0.509373664855957  0.511265754699707  0.4870920181274414 DD0754
1.5271400466787 0.5093793869018556 0.5112791061401367 0.48708057403564453 DD0755
1.5249150513037 0.5093851089477539 0.5112905502319336  0.4870710372924804 DD0756
1.5226924034084 0.5093889236450195 0.5113019943237305 0.48706150054931635 DD0757
1.5204745014863  0.509394645690918 0.5113153457641602 0.48705005645751953 DD0758
1.5182613294621 0.5094003677368164  0.511326789855957  0.4870405197143554 DD0759
1.5160528713351  0.509404182434082 0.5113382339477539  0.4870290756225586 DD0760
1.5138491111788 0.5094099044799805 0.5113515853881836  0.4870195388793945 DD0761
1.5116500331403 0.5094156265258789 0.5113630294799805 0.48700809478759766 DD0762
1.5094556214397 0.5094213485717773 0.5113763809204102  0.4869985580444336 DD0763
1.5072658603702  0.509425163269043  0.511387825012207 0.48698902130126953 DD0764
1.5050807342972 0.5094327926635742 0.5114011764526367  0.4869775772094726 DD0765
1.5029002276581 0.5094366073608398 0.5114126205444336  0.4869661331176758 DD0766
1.5007243249617 0.5094423294067383 0.5114259719848633 0.48695659637451166 DD0767
1.4985530831006 0.5094480514526367 0.5114374160766602 0.48694515228271484 DD0768
1.4963862697806 0.5094518661499023  0.511448860168457  0.4869356155395507 DD0769
1.4942240866819 0.5094575881958008 0.5114622116088867  0.4869260787963868 DD0770
1.4920664462611 0.5094633102416992 0.5114736557006836  0.4869146347045898 DD0771
1.4899110295293 0.5094690322875977 0.5114870071411133  0.4869050979614257 DD0772
1.4877583634232 0.5094747543334961 0.5114984512329102  0.4868936538696289 DD0773
1.4856102068105 0.5094785690307617 0.5115118026733398 0.48688411712646484 DD0774
1.4834665447103   0.50948429107666 0.5115232467651367 0.48687267303466797 DD0775
1.4813273622096 0.5094900131225586 0.5115365982055664  0.4868612289428711 DD0776
1.4791926444632 0.5094938278198242 0.5115480422973633 0.48685169219970703 DD0777
1.4770623766933 0.5094995498657227  0.511561393737793 0.48684215545654297 DD0778
1.4749365441891 0.5095052719116211 0.5115728378295898 0.48683071136474604 DD0779
1.4728151323061 0.5095109939575195 0.5115861892700195  0.4868192672729492 DD0780
1.4706981264663  0.509516716003418 0.5115995407104492 0.48680973052978516 DD0781
1.4685855121571 0.5095205307006836 0.5116109848022461 0.48680019378662115 DD0782
1.4664772749317  0.509526252746582 0.5116243362426758  0.4867887496948243 DD0783
1.4643734004081 0.5095319747924805 0.5116357803344727 0.48677730560302734 DD0784
1.4622738742691 0.5095357894897461 0.5116472244262695  0.4867677688598633 DD0785
1.4601786822616 0.5095415115356445 0.5116605758666992 0.48675632476806646 DD0786
1.4580878101968  0.509547233581543 0.5116720199584961  0.4867467880249024 DD0787
1.4559994494445 0.5095510482788087 0.5116834640502931 0.48673725128173834 DD0788
1.4539130946544  0.509556770324707 0.5116968154907225  0.4867258071899414 DD0789
1.4518310294636 0.5095624923706054 0.5117082595825195 0.48671627044677734 DD0790
1.4497532398892 0.5095682144165039 0.5117197036743164 0.48670482635498047 DD0791
1.4476797120112 0.5095720291137695 0.5117311477661133 0.48669528961181635 DD0792
1.4456104319714  0.509577751159668  0.511744499206543  0.4866838455200196 DD0793
1.4435453859731 0.5095834732055664 0.5117559432983398  0.4866743087768554 DD0794
1.4414845602812 0.5095891952514648 0.5117692947387695 0.48666286468505865 DD0795
1.4394279412215 0.5095930099487305 0.5117807388305664  0.4866533279418946 DD0796
1.4373755151802 0.5095987319946289 0.5117940902709961 0.48664379119873047 DD0797
1.4353272686041 0.5096044540405273  0.511805534362793  0.4866323471069336 DD0798
1.4332831879998 0.5096101760864258 0.5118188858032227  0.4866228103637696 DD0799
1.4312432599335 0.5096139907836914 0.5118303298950195 0.48661327362060547 DD0800
1.4312432599335 0.5096139907836914 0.5118303298950195 0.48661327362060547 DD0800
1.4292074710307 0.5096197128295898 0.5118436813354493 0.48660182952880865 DD0801
1.4271758079758 0.5096254348754883 0.5118551254272461  0.4865903854370117 DD0802
 1.425148257512 0.5096292495727539  0.511866569519043  0.4865808486938477 DD0803
1.4231247090219 0.5096349716186523 0.5118799209594727  0.4865694046020508 DD0804
1.4211012465037 0.5096406936645509 0.5118913650512695  0.4865598678588867 DD0805
1.4190818688353 0.5096464157104492 0.5119047164916992  0.4865484237670899 DD0806
1.4170665629466 0.5096502304077148 0.5119161605834961  0.4865388870239258 DD0807
1.4150553158249 0.5096559524536133 0.5119295120239258  0.4865293502807617 DD0808
1.4130481145143 0.5096616744995118 0.5119409561157227 0.48651790618896484 DD0809
1.4110449461156 0.5096654891967773 0.5119524002075195  0.4865083694458008 DD0810
1.4090457977858 0.5096712112426758 0.5119657516479492  0.4864969253540039 DD0811
1.4070506567378 0.5096769332885742 0.5119771957397461 0.48648548126220703 DD0812
1.4050595102402 0.5096807479858398  0.511988639831543 0.48647594451904297 DD0813
 1.403072345617 0.5096864700317383 0.5120000839233398 0.48646640777587885 DD0814
1.4010891502472 0.5096921920776367 0.5120134353637695  0.4864549636840821 DD0815
1.3991100203328 0.5096979141235352 0.5120248794555664   0.486445426940918 DD0816
 1.397134617046 0.5097036361694336 0.5120363235473633  0.4864358901977539 DD0817
1.3951632542669 0.5097074508666992 0.5120477676391602 0.48642444610595703 DD0818
1.3931958107906 0.5097131729125977 0.5120611190795898  0.4864149093627929 DD0819
1.3912322742775 0.5097188949584961 0.5120725631713867  0.4864053726196289 DD0820
1.3892713301326 0.5097246170043944 0.5120859146118164   0.486393928527832 DD0821
1.3873114644538  0.509730339050293 0.5120973587036133   0.486384391784668 DD0822
1.3853554804948 0.5097360610961914 0.5121088027954102  0.4863729476928711 DD0823
1.3834033660737  0.509739875793457  0.512120246887207   0.486363410949707 DD0824
1.3814551090611 0.5097455978393555 0.5121316909790038  0.4863538742065429 DD0825
1.3795106973795 0.5097513198852539 0.5121450424194336 0.48634433746337896 DD0826
1.3775701190031 0.5097570419311523 0.5121564865112305 0.48633289337158203 DD0827
1.3756333619578 0.5097627639770508 0.5121679306030273 0.48632335662841797 DD0828
1.3737004143204 0.5097684860229492  0.512181282043457 0.48631381988525396 DD0829
1.3717712642187 0.5097742080688477 0.5121927261352539  0.4863023757934571 DD0830
1.3698458998311 0.5097780227661133 0.5122041702270508 0.48629283905029297 DD0831
1.3679243093863 0.5097837448120117 0.5122156143188477 0.48628330230712896 DD0832
1.3660064811632 0.5097894668579102 0.5122270584106445  0.4862718582153321 DD0833
1.3640924034903 0.5097951889038086 0.5122404098510742  0.4862623214721679 DD0834
1.3621820647459  0.509800910949707 0.5122518539428711  0.4862527847290039 DD0835
1.3602754533574 0.5098066329956055  0.512263298034668  0.4862432479858399 DD0836
1.3583725578012 0.5098123550415039 0.5122766494750977 0.48623180389404297 DD0837
1.3564720710885 0.5098180770874025 0.5122880935668945  0.4862222671508789 DD0838
1.3545724551229 0.5098237991333008 0.5122995376586914 0.48621273040771484 DD0839
1.3526765320226 0.5098295211791992 0.5123109817504883   0.486201286315918 DD0840
1.3507842904159 0.5098333358764648 0.5123224258422852  0.4861917495727539 DD0841
1.3488957189795 0.5098390579223633 0.5123357772827148  0.4861822128295898 DD0842
1.3470108064374 0.5098447799682617 0.5123472213745117   0.486170768737793 DD0843
1.3451295415611 0.5098505020141602 0.5123586654663086 0.48616123199462896 DD0844
1.3432519131693 0.5098562240600586 0.5123720169067383 0.48615169525146484 DD0845
1.3413779101274  0.509861946105957  0.512383460998535 0.48614025115966797 DD0846
1.3395075213476 0.5098657608032227  0.512394905090332 0.48613071441650396 DD0847
1.3376407357884 0.5098714828491211 0.5124063491821289 0.48612117767333984 DD0848
1.3357775424546 0.5098772048950195 0.5124177932739258   0.486109733581543 DD0849
1.3339179303966  0.509882926940918 0.5124311447143555  0.4861001968383789 DD0850
1.3320618887107 0.5098886489868164 0.5124425888061525 0.48609066009521484 DD0851
1.3302094065385  0.509892463684082 0.5124540328979492  0.4860811233520507 DD0852
1.3283604730669 0.5098981857299805 0.5124654769897461  0.4860696792602539 DD0853
1.3265150775276 0.5099039077758789  0.512476921081543  0.4860601425170898 DD0854
1.3246731555682 0.5099077224731445 0.5124883651733397  0.4860506057739257 DD0855
 1.322830671881  0.509913444519043 0.5124998092651367 0.48604106903076166 DD0856
1.3209917052377 0.5099191665649414 0.5125131607055664  0.4860315322875976 DD0857
1.3191562450075   0.50992488861084 0.5125246047973633  0.4860219955444336 DD0858
1.3173242806037 0.5099306106567383 0.5125360488891602  0.4860105514526367 DD0859
 1.315495801483 0.5099363327026367  0.512547492980957  0.4860010147094726 DD0860
1.3136707971458 0.5099401473999023 0.5125589370727539 0.48599147796630865 DD0861
1.3118492571358 0.5099458694458008 0.5125703811645508  0.4859819412231446 DD0862
1.3100311710395 0.5099515914916993 0.5125799179077148  0.4859724044799805 DD0863
1.3082165284865 0.5099573135375977 0.5125913619995117 0.48596286773681646 DD0864
1.3064053191487 0.5099630355834961 0.5126028060913086  0.4859533309936524 DD0865
1.3045975327407 0.5099668502807617 0.5126142501831055  0.4859437942504883 DD0866
1.3027931590189 0.5099725723266602 0.5126256942749023  0.4859342575073243 DD0867
1.3009921877818 0.5099782943725586 0.5126371383666993  0.4859247207641602 DD0868
 1.299194707963  0.509984016418457 0.5126485824584961  0.4859151840209961 DD0869
1.2974004121541 0.5099897384643555  0.512660026550293 0.48590564727783203 DD0870
1.2956095875879 0.5099954605102539 0.5126714706420898 0.48589611053466797 DD0871
1.2938221251054 0.5100011825561523 0.5126829147338867 0.48588657379150385 DD0872
1.2920363145865 0.5100069046020507 0.5126943588256836 0.48587703704833984 DD0873
1.2902514086595 0.5100126266479491 0.5127058029174805  0.4858675003051757 DD0874
1.2884698459229 0.5100183486938477 0.5127191543579102  0.4858579635620117 DD0875
1.2866916164643 0.5100240707397461  0.512730598449707 0.48584842681884766 DD0876
1.2849167104117 0.5100278854370117 0.5127420425415039  0.4858388900756836 DD0877
1.2831451179328 0.5100336074829102 0.5127534866333008 0.48582935333251953 DD0878
1.2813768292352 0.5100393295288086 0.5127649307250977 0.48582172393798834 DD0879
1.2796118345661  0.510045051574707 0.5127782821655273  0.4858121871948243 DD0880
1.2778501242122 0.5100507736206055 0.5127897262573242 0.48580265045166016 DD0881
 1.276091688499 0.5100564956665039 0.5128011703491211  0.4857931137084961 DD0882
1.2743365177914 0.5100622177124025 0.5128145217895509 0.48578548431396484 DD0883
1.2725846024928  0.510066032409668 0.5128259658813475  0.4857759475708007 DD0884
1.2708359330452 0.5100717544555664 0.5128374099731445  0.4857664108276368 DD0885
 1.269090499929 0.5100774765014648 0.5128507614135742 0.48575878143310547 DD0886
1.2673482936628 0.5100831985473633 0.5128622055053711  0.4857492446899414 DD0887
1.2656093048032 0.5100889205932617 0.5128755569458008  0.4857416152954101 DD0888
1.2638735239446 0.5100946426391602 0.5128870010375977 0.48573207855224615 DD0889
1.2621409417188 0.5101003646850586 0.5129003524780273 0.48572254180908203 DD0890
1.2604094614521  0.510106086730957 0.5129117965698242 0.48571491241455084 DD0891
1.2586791022481 0.5101118087768555 0.5129232406616211  0.4857053756713867 DD0892
1.2569519245826 0.5101175308227539  0.512934684753418 0.48569774627685547 DD0893
1.2552279191991 0.5101232528686523 0.5129461288452148  0.4856882095336914 DD0894
1.2535070768777 0.5101289749145508 0.5129575729370117 0.48568058013916016 DD0895
1.2517893884352 0.5101346969604492 0.5129690170288086  0.4856710433959961 DD0896
1.2500748447246 0.5101404190063475 0.5129804611206055  0.4856634140014648 DD0897
1.2483634366356 0.5101461410522461 0.5129919052124023  0.4856538772583008 DD0898
1.2466551550936 0.5101518630981445 0.5130033493041992  0.4856462478637696 DD0899
1.2449499910602  0.510157585144043 0.5130128860473633 0.48563671112060547 DD0900

