root_index
21427736.0
21427771.0
21427776.0
21427777.0
21427810.0
21427816.0
21427817.0
21427849.0
21427856.0
21427857.0
21427889.0
21427897.0
21429453.0
21429454.0
21429455.0
21429456.0
21429457.0
21429491.0
21429494.0
21429495.0
21429496.0
21429497.0
21429530.0
21429534.0
21429535.0
21429536.0
21429537.0
21429574.0
21429575.0
21429576.0
21429577.0
21429616.0
21429617.0
21431134.0
21431135.0
21431136.0
21431172.0
21431173.0
21431174.0
21431175.0
21431176.0
21431177.0
21431211.0
21431212.0
21431213.0
21431214.0
21431215.0
21431216.0
21431217.0
21431251.0
21431252.0
21431253.0
21431254.0
21431255.0
21431256.0
21431257.0
21431291.0
21431292.0
21431293.0
21431294.0
21431295.0
21431296.0
21431297.0
21431335.0
21431336.0
21431337.0
21431377.0
21432815.0
21432853.0
21432854.0
21432855.0
21432856.0
21432857.0
21432892.0
21432893.0
21432894.0
21432895.0
21432896.0
21432897.0
21432932.0
21432933.0
21432934.0
21432935.0
21432936.0
21432937.0
21432972.0
21432973.0
21432974.0
21432975.0
21432976.0
21432977.0
21433011.0
21433012.0
21433013.0
21433014.0
21433015.0
21433016.0
21433017.0
21433051.0
21433052.0
21433053.0
21433054.0
21433055.0
21433056.0
21433057.0
21433095.0
21433096.0
21434534.0
21434535.0
21434536.0
21434573.0
21434574.0
21434575.0
21434576.0
21434577.0
21434613.0
21434614.0
21434615.0
21434616.0
21434617.0
21434653.0
21434654.0
21434655.0
21434656.0
21434657.0
21434693.0
21434694.0
21434695.0
21434696.0
21434732.0
21434733.0
21434734.0
21434735.0
21434736.0
21434774.0
21434775.0
21436254.0
21436255.0
21436256.0
21436294.0
21436295.0
21436296.0
21436297.0
21436334.0
21436335.0
21436336.0
21436373.0
21436374.0
21436375.0
21436413.0
21436414.0
21437975.0
21437976.0
21438014.0
21438015.0
21438054.0
23349136.0
23349218.0
23350774.0
23350775.0
23350857.0
23350898.0
23352454.0
23352496.0
23352537.0
23352578.0
23354176.0
23354217.0
23354258.0
23354298.0
23355856.0
23355897.0
23355978.0
23357532.0
23357535.0
23357570.0
23357577.0
23357617.0
23359215.0
23359289.0
23359297.0
23359337.0
23360936.0
23360970.0
23360977.0
23361009.0
23361017.0
23361057.0
23345732.0
21428050.0
21429731.0
23339173.0
23339174.0
23339213.0
23339214.0
23339215.0
23339253.0
23339254.0
23339255.0
23339256.0
23339293.0
23339294.0
23339295.0
23339296.0
23339333.0
23339334.0
23339335.0
23340812.0
23340813.0
23340814.0
23340815.0
23340851.0
23340852.0
23340853.0
23340854.0
23340855.0
23340856.0
23340891.0
23340896.0
23340897.0
23340931.0
23340937.0
23340971.0
23340977.0
23341011.0
23341017.0
23341052.0
23341053.0
23341054.0
23341055.0
23341056.0
23342451.0
23342452.0
23342453.0
23342454.0
23342455.0
23342490.0
23342491.0
23342495.0
23342496.0
23342497.0
23342529.0
23342537.0
23342569.0
23342578.0
23342609.0
23342618.0
23342649.0
23342658.0
23342690.0
23342698.0
23342731.0
23342738.0
23342772.0
23342777.0
23342813.0
23342814.0
23342815.0
23344091.0
23344092.0
23344093.0
23344094.0
23344095.0
23344130.0
23344136.0
23344169.0
23344177.0
23344178.0
23344208.0
23344218.0
23344248.0
23344259.0
23344299.0
23344328.0
23344339.0
23344369.0
23344410.0
23344451.0
23344492.0
23344533.0
23344534.0
23344535.0
23345733.0
23345734.0
23345776.0
23345809.0
23345848.0
23345887.0
23345927.0
23346007.0
23346089.0
23346130.0
23346171.0
23346212.0
23346254.0
23346255.0
23347567.0
23347606.0
23347646.0
23347727.0
23347768.0
23347809.0
23347850.0
23349207.0
23349286.0
23349326.0
23349366.0
23349447.0
23349488.0
23349529.0
23350887.0
23350966.0
23351006.0
23351046.0
23351086.0
23351127.0
23351209.0
23351250.0
23351292.0
23352646.0
23352686.0
23352726.0
23352766.0
23352847.0
23352888.0
23352930.0
23352971.0
23354366.0
23354406.0
23354446.0
23354527.0
23354568.0
23354609.0
23354651.0
23354693.0
23356086.0
23356126.0
23356207.0
23356248.0
23356289.0
23356331.0
23357777.0
23357887.0
23357928.0
23357969.0
23357970.0
23358011.0
23358012.0
23359608.0
23359609.0
23359650.0
23359691.0
23359692.0
23359693.0
23361330.0
23361372.0
21428010.0
21429730.0
21429732.0
21429772.0
23340895.0
23340936.0
23341016.0
23342494.0
23342536.0
23342577.0
23344135.0
23345967.0
23346048.0
23347493.0
23347494.0
23347535.0
23347617.0
23347736.0
23349173.0
23349247.0
23349297.0
23349416.0
23349417.0
23349456.0
23349495.0
23349496.0
23350851.0
23350854.0
23350977.0
23351168.0
23352530.0
23352531.0
23352532.0
23352533.0
23352657.0
23352807.0
23352856.0
23352972.0
23354250.0
23354254.0
23354377.0
23354487.0
23354610.0
23354652.0
23355974.0
23356057.0
23356167.0
23356249.0
23356290.0
23356332.0
23357847.0
23357929.0
23358013.0
23359568.0
23359651.0
23361289.0
23361331.0
23361336.0
21427731.0
21427769.0
21427808.0
21427858.0
21427887.0
21427898.0
21427927.0
21427967.0
21428048.0
21428058.0
21428098.0
21428130.0
21428137.0
21428172.0
21428173.0
21428174.0
21428175.0
21428176.0
21429413.0
21429489.0
21429538.0
21429578.0
21429688.0
21429738.0
21429769.0
21429810.0
21429811.0
21429817.0
21429853.0
21429854.0
21429855.0
21431095.0
21431132.0
21431218.0
21431258.0
21431298.0
21431378.0
21431409.0
21431418.0
21431491.0
21431534.0
21431535.0
21432898.0
21432938.0
21432978.0
21433018.0
21433049.0
21433058.0
21433137.0
21433171.0
21433172.0
21434578.0
21434618.0
21434658.0
21434770.0
21434853.0
21434854.0
21436371.0
21436377.0
21436411.0
21436451.0
21436452.0
21436456.0
21436492.0
21436493.0
21436494.0
21436495.0
21438052.0
21438092.0
21438093.0
21438133.0
21438134.0
21439734.0
21439735.0
23342530.0
23342737.0
23342776.0
23344379.0
23344458.0
23344496.0
23344497.0
23345855.0
23345899.0
23345939.0
23346099.0
23346139.0
23346178.0
23346216.0
23346217.0
23347415.0
23347450.0
23347489.0
23347579.0
23347619.0
23347819.0
23347898.0
23347933.0
23347936.0
23349096.0
23349129.0
23349130.0
23349168.0
23349178.0
23349259.0
23349299.0
23349539.0
23349571.0
23349612.0
23349617.0
23350776.0
23350809.0
23350848.0
23350939.0
23350979.0
23351219.0
23351334.0
23351335.0
23351336.0
23352451.0
23352489.0
23352528.0
23352567.0
23352659.0
23352899.0
23353014.0
23353015.0
23353016.0
23354208.0
23354247.0
23354326.0
23354339.0
23354379.0
23354657.0
23354694.0
23354695.0
23355812.0
23355815.0
23355927.0
23356006.0
23356046.0
23356059.0
23356099.0
23356139.0
23356179.0
23356219.0
23356298.0
23356337.0
23356374.0
23356375.0
23357494.0
23357530.0
23357618.0
23357686.0
23357726.0
23357766.0
23357779.0
23357819.0
23357859.0
23359211.0
23359249.0
23359298.0
23359338.0
23359378.0
23359459.0
23359499.0
23359539.0
23359567.0
23359618.0
23360892.0
23360895.0
23360896.0
23360968.0
23361058.0
23361167.0
23361179.0
23361207.0
23361298.0
23361373.0
23361374.0
23361375.0
23361376.0
21427732.0
21427733.0
21427734.0
21427735.0
21427737.0
21427770.0
21427775.0
21427809.0
21427815.0
21427848.0
21427850.0
21427855.0
21427888.0
21427890.0
21427896.0
21427928.0
21427929.0
21427930.0
21427931.0
21427937.0
21427938.0
21427968.0
21427978.0
21428008.0
21428012.0
21428018.0
21428051.0
21428052.0
21428053.0
21428056.0
21428089.0
21428091.0
21428093.0
21428094.0
21428095.0
21428097.0
21428131.0
21428136.0
21429414.0
21429415.0
21429416.0
21429417.0
21429451.0
21429452.0
21429490.0
21429492.0
21429493.0
21429529.0
21429531.0
21429532.0
21429533.0
21429568.0
21429569.0
21429570.0
21429571.0
21429572.0
21429573.0
21429608.0
21429609.0
21429610.0
21429611.0
21429612.0
21429613.0
21429614.0
21429615.0
21429618.0
21429648.0
21429649.0
21429650.0
21429651.0
21429652.0
21429656.0
21429657.0
21429658.0
21429689.0
21429697.0
21429698.0
21429729.0
21429777.0
21429812.0
21429816.0
21431096.0
21431133.0
21431137.0
21431171.0
21431210.0
21431249.0
21431250.0
21431289.0
21431290.0
21431329.0
21431330.0
21431331.0
21431332.0
21431333.0
21431334.0
21431338.0
21431369.0
21431370.0
21431371.0
21431372.0
21431373.0
21431374.0
21431375.0
21431376.0
21431413.0
21431414.0
21431415.0
21431416.0
21431417.0
21431450.0
21431456.0
21431457.0
21431492.0
21431493.0
21431494.0
21431495.0
21431496.0
21432814.0
21432816.0
21432817.0
21432852.0
21432891.0
21432930.0
21432931.0
21432970.0
21432971.0
21433009.0
21433010.0
21433050.0
21433090.0
21433091.0
21433092.0
21433093.0
21433094.0
21433097.0
21433130.0
21433131.0
21433132.0
21433133.0
21433134.0
21433135.0
21433136.0
21433173.0
21433174.0
21433175.0
21433176.0
21434495.0
21434533.0
21434537.0
21434572.0
21434612.0
21434651.0
21434652.0
21434690.0
21434691.0
21434692.0
21434697.0
21434730.0
21434731.0
21434737.0
21434771.0
21434772.0
21434773.0
21434776.0
21434811.0
21434812.0
21434813.0
21434814.0
21434815.0
21434816.0
21434855.0
21436214.0
21436215.0
21436216.0
21436253.0
21436257.0
21436292.0
21436293.0
21436332.0
21436333.0
21436337.0
21436372.0
21436376.0
21436412.0
21436415.0
21436416.0
21436453.0
21436454.0
21436455.0
21437935.0
21437936.0
21437973.0
21437974.0
21438013.0
21438016.0
21438053.0
21438055.0
21438056.0
21438094.0
21438095.0
21439694.0
21439695.0
23340892.0
23340932.0
23340972.0
23341012.0
23342531.0
23342533.0
23342570.0
23342572.0
23342573.0
23342574.0
23342575.0
23342610.0
23342612.0
23342613.0
23342614.0
23342615.0
23342616.0
23342650.0
23342652.0
23342653.0
23342654.0
23342655.0
23342656.0
23342691.0
23342693.0
23342694.0
23342695.0
23342697.0
23342732.0
23342736.0
23342773.0
23342774.0
23342775.0
23344131.0
23344170.0
23344172.0
23344173.0
23344174.0
23344209.0
23344211.0
23344212.0
23344213.0
23344214.0
23344215.0
23344216.0
23344252.0
23344254.0
23344256.0
23344257.0
23344258.0
23344288.0
23344290.0
23344297.0
23344298.0
23344331.0
23344332.0
23344336.0
23344338.0
23344371.0
23344372.0
23344373.0
23344375.0
23344378.0
23344412.0
23344413.0
23344414.0
23344415.0
23344417.0
23344418.0
23344452.0
23344457.0
23344493.0
23344494.0
23344495.0
23345771.0
23345775.0
23345810.0
23345812.0
23345813.0
23345814.0
23345817.0
23345849.0
23345851.0
23345854.0
23345856.0
23345858.0
23345888.0
23345891.0
23345896.0
23345897.0
23345898.0
23345929.0
23345930.0
23345937.0
23345969.0
23345977.0
23345979.0
23346009.0
23346010.0
23346011.0
23346018.0
23346019.0
23346050.0
23346058.0
23346059.0
23346091.0
23346092.0
23346098.0
23346132.0
23346133.0
23346138.0
23346177.0
23346213.0
23346214.0
23346215.0
23347412.0
23347413.0
23347414.0
23347451.0
23347454.0
23347455.0
23347456.0
23347491.0
23347492.0
23347495.0
23347496.0
23347497.0
23347528.0
23347536.0
23347538.0
23347569.0
23347577.0
23347608.0
23347609.0
23347618.0
23347648.0
23347649.0
23347658.0
23347659.0
23347688.0
23347689.0
23347699.0
23347729.0
23347730.0
23347739.0
23347770.0
23347771.0
23347779.0
23347811.0
23347818.0
23347851.0
23347853.0
23347858.0
23347892.0
23347897.0
23347934.0
23347935.0
23349091.0
23349092.0
23349093.0
23349094.0
23349095.0
23349133.0
23349134.0
23349135.0
23349137.0
23349169.0
23349170.0
23349171.0
23349176.0
23349177.0
23349209.0
23349217.0
23349248.0
23349249.0
23349258.0
23349288.0
23349327.0
23349328.0
23349329.0
23349339.0
23349368.0
23349369.0
23349379.0
23349408.0
23349409.0
23349419.0
23349449.0
23349450.0
23349459.0
23349490.0
23349499.0
23349530.0
23349532.0
23349534.0
23349538.0
23349574.0
23349577.0
23349578.0
23349613.0
23349616.0
23350771.0
23350772.0
23350773.0
23350810.0
23350813.0
23350814.0
23350815.0
23350816.0
23350817.0
23350850.0
23350856.0
23350889.0
23350897.0
23350938.0
23351007.0
23351008.0
23351019.0
23351047.0
23351048.0
23351059.0
23351088.0
23351099.0
23351128.0
23351136.0
23351139.0
23351169.0
23351175.0
23351176.0
23351179.0
23351215.0
23351216.0
23351251.0
23351254.0
23351255.0
23351258.0
23351296.0
23351297.0
23352452.0
23352453.0
23352455.0
23352490.0
23352491.0
23352492.0
23352494.0
23352495.0
23352536.0
23352569.0
23352577.0
23352608.0
23352618.0
23352648.0
23352658.0
23352687.0
23352699.0
23352727.0
23352739.0
23352777.0
23352779.0
23352808.0
23352819.0
23352849.0
23352857.0
23352859.0
23352889.0
23352891.0
23352895.0
23352896.0
23352898.0
23352933.0
23352934.0
23352935.0
23352937.0
23352938.0
23352976.0
23352977.0
23354132.0
23354133.0
23354134.0
23354135.0
23354170.0
23354171.0
23354172.0
23354174.0
23354175.0
23354209.0
23354216.0
23354249.0
23354257.0
23354287.0
23354288.0
23354328.0
23354338.0
23354419.0
23354459.0
23354488.0
23354497.0
23354499.0
23354529.0
23354536.0
23354537.0
23354539.0
23354571.0
23354575.0
23354576.0
23354578.0
23354613.0
23354614.0
23354615.0
23354617.0
23354618.0
23354656.0
23355813.0
23355814.0
23355850.0
23355851.0
23355852.0
23355853.0
23355854.0
23355855.0
23355889.0
23355890.0
23355891.0
23355896.0
23355928.0
23355937.0
23355938.0
23355967.0
23355969.0
23355970.0
23355971.0
23356008.0
23356018.0
23356137.0
23356168.0
23356177.0
23356209.0
23356251.0
23356256.0
23356258.0
23356293.0
23356294.0
23356295.0
23356297.0
23356336.0
23357531.0
23357533.0
23357534.0
23357536.0
23357569.0
23357571.0
23357576.0
23357608.0
23357609.0
23357610.0
23357647.0
23357648.0
23357649.0
23357657.0
23357658.0
23357687.0
23357689.0
23357690.0
23357698.0
23357728.0
23357738.0
23357817.0
23357848.0
23357889.0
23357898.0
23357931.0
23357934.0
23357935.0
23357936.0
23357938.0
23357973.0
23357974.0
23357975.0
23357977.0
23358015.0
23358016.0
23359212.0
23359213.0
23359214.0
23359216.0
23359250.0
23359251.0
23359255.0
23359256.0
23359257.0
23359288.0
23359290.0
23359296.0
23359327.0
23359328.0
23359329.0
23359330.0
23359367.0
23359368.0
23359369.0
23359377.0
23359407.0
23359411.0
23359414.0
23359415.0
23359418.0
23359448.0
23359455.0
23359456.0
23359458.0
23359488.0
23359496.0
23359497.0
23359527.0
23359528.0
23359536.0
23359537.0
23359569.0
23359578.0
23359611.0
23359615.0
23359616.0
23359657.0
23359694.0
23359695.0
23359696.0
23360893.0
23360894.0
23360930.0
23360931.0
23360932.0
23360935.0
23360937.0
23360969.0
23360976.0
23361008.0
23361010.0
23361016.0
23361047.0
23361048.0
23361049.0
23361050.0
23361087.0
23361088.0
23361089.0
23361097.0
23361098.0
23361127.0
23361129.0
23361133.0
23361134.0
23361138.0
23361169.0
23361175.0
23361178.0
23361209.0
23361215.0
23361216.0
23361217.0
23361218.0
23361248.0
23361249.0
23361254.0
23361255.0
23361256.0
23361258.0
23361293.0
23361294.0
23361295.0
23361296.0
23361337.0
21427772.0
21427774.0
21427811.0
21427851.0
21427854.0
21427891.0
21427892.0
21427893.0
21427894.0
21427895.0
21427932.0
21427933.0
21427934.0
21427935.0
21427936.0
21427969.0
21427970.0
21427971.0
21427972.0
21427977.0
21428009.0
21428011.0
21428013.0
21428014.0
21428015.0
21428016.0
21428017.0
21428049.0
21428054.0
21428055.0
21428090.0
21428092.0
21428096.0
21428132.0
21428133.0
21428134.0
21428135.0
21429653.0
21429654.0
21429655.0
21429690.0
21429691.0
21429692.0
21429693.0
21429694.0
21429695.0
21429696.0
21429733.0
21429734.0
21429735.0
21429736.0
21429737.0
21429771.0
21429773.0
21429774.0
21429775.0
21429776.0
21429813.0
21429814.0
21429815.0
21431410.0
21431411.0
21431412.0
21431452.0
21431453.0
21431454.0
21431455.0
23340933.0
23340934.0
23340973.0
23340974.0
23340975.0
23340976.0
23341013.0
23342492.0
23342532.0
23342534.0
23342571.0
23342657.0
23342692.0
23342734.0
23344171.0
23344175.0
23344176.0
23344250.0
23344251.0
23344255.0
23344291.0
23344292.0
23344295.0
23344296.0
23344329.0
23344330.0
23344335.0
23344337.0
23344370.0
23344374.0
23344376.0
23344377.0
23344411.0
23344416.0
23344453.0
23344454.0
23344456.0
23345774.0
23345811.0
23345815.0
23345816.0
23345850.0
23345852.0
23345857.0
23345889.0
23345890.0
23345935.0
23345968.0
23345970.0
23346016.0
23346017.0
23346051.0
23346054.0
23346056.0
23346057.0
23346095.0
23346096.0
23346097.0
23346131.0
23346134.0
23346135.0
23346136.0
23346137.0
23346172.0
23346173.0
23346174.0
23347452.0
23347453.0
23347490.0
23347529.0
23347530.0
23347532.0
23347537.0
23347570.0
23347571.0
23347576.0
23347578.0
23347657.0
23347691.0
23347697.0
23347698.0
23347738.0
23347775.0
23347776.0
23347778.0
23347812.0
23347813.0
23347814.0
23347815.0
23347852.0
23347854.0
23347855.0
23347857.0
23347894.0
23349132.0
23349174.0
23349175.0
23349208.0
23349210.0
23349215.0
23349216.0
23349256.0
23349257.0
23349289.0
23349290.0
23349298.0
23349337.0
23349338.0
23349367.0
23349370.0
23349377.0
23349378.0
23349407.0
23349455.0
23349457.0
23349489.0
23349491.0
23349492.0
23349494.0
23349497.0
23349498.0
23349531.0
23349533.0
23349535.0
23349536.0
23349573.0
23349575.0
23349614.0
23349615.0
23350812.0
23350849.0
23350852.0
23350853.0
23350890.0
23350895.0
23350927.0
23350928.0
23350929.0
23350936.0
23350937.0
23350967.0
23350968.0
23350969.0
23351009.0
23351018.0
23351057.0
23351058.0
23351095.0
23351097.0
23351129.0
23351137.0
23351170.0
23351173.0
23351177.0
23351211.0
23351212.0
23351213.0
23351214.0
23351218.0
23351253.0
23351257.0
23351293.0
23351294.0
23352493.0
23352529.0
23352534.0
23352574.0
23352575.0
23352607.0
23352609.0
23352616.0
23352617.0
23352647.0
23352696.0
23352697.0
23352698.0
23352728.0
23352737.0
23352738.0
23352767.0
23352768.0
23352776.0
23352815.0
23352816.0
23352817.0
23352848.0
23352850.0
23352854.0
23352890.0
23352894.0
23352897.0
23352931.0
23352932.0
23352936.0
23352973.0
23352974.0
23354210.0
23354211.0
23354248.0
23354251.0
23354256.0
23354295.0
23354296.0
23354297.0
23354329.0
23354335.0
23354336.0
23354337.0
23354367.0
23354376.0
23354407.0
23354418.0
23354447.0
23354456.0
23354457.0
23354458.0
23354495.0
23354534.0
23354535.0
23354569.0
23354570.0
23354611.0
23354612.0
23354653.0
23354654.0
23355929.0
23355930.0
23355972.0
23355975.0
23355977.0
23356007.0
23356009.0
23356015.0
23356016.0
23356017.0
23356047.0
23356048.0
23356055.0
23356058.0
23356087.0
23356097.0
23356098.0
23356127.0
23356175.0
23356215.0
23356216.0
23356217.0
23356218.0
23356250.0
23356255.0
23356291.0
23356292.0
23356333.0
23356335.0
23357575.0
23357616.0
23357650.0
23357656.0
23357688.0
23357691.0
23357692.0
23357693.0
23357695.0
23357696.0
23357697.0
23357727.0
23357736.0
23357737.0
23357767.0
23357768.0
23357775.0
23357807.0
23357849.0
23357855.0
23357857.0
23357858.0
23357888.0
23357890.0
23357894.0
23357896.0
23357897.0
23357932.0
23357933.0
23357971.0
23357972.0
23358014.0
23359252.0
23359370.0
23359376.0
23359408.0
23359409.0
23359410.0
23359412.0
23359413.0
23359416.0
23359417.0
23359447.0
23359452.0
23359453.0
23359457.0
23359487.0
23359538.0
23359574.0
23359575.0
23359576.0
23359577.0
23359610.0
23359612.0
23359613.0
23359614.0
23359617.0
23359652.0
23359653.0
23359654.0
23359655.0
23359656.0
23360933.0
23360934.0
23360971.0
23361055.0
23361056.0
23361090.0
23361096.0
23361128.0
23361130.0
23361131.0
23361132.0
23361135.0
23361137.0
23361168.0
23361170.0
23361173.0
23361174.0
23361176.0
23361208.0
23361210.0
23361213.0
23361214.0
23361253.0
23361257.0
23361290.0
23361291.0
23361292.0
23361297.0
23361332.0
23361333.0
23361334.0
23361335.0
21427773.0
21427812.0
21427813.0
21427814.0
21427852.0
21427853.0
21427973.0
21427974.0
21427975.0
21427976.0
21428057.0
21429770.0
21431451.0
23340893.0
23340894.0
23341014.0
23341015.0
23342576.0
23342611.0
23342651.0
23342696.0
23342733.0
23342735.0
23344132.0
23344133.0
23344210.0
23344217.0
23344253.0
23344289.0
23344293.0
23344294.0
23344333.0
23344455.0
23345772.0
23345773.0
23345853.0
23345892.0
23345893.0
23345894.0
23345895.0
23345928.0
23345931.0
23345932.0
23345936.0
23345938.0
23345971.0
23345973.0
23345975.0
23345976.0
23345978.0
23346008.0
23346012.0
23346013.0
23346052.0
23346053.0
23346090.0
23346094.0
23346175.0
23346176.0
23347531.0
23347533.0
23347534.0
23347568.0
23347573.0
23347575.0
23347607.0
23347610.0
23347611.0
23347613.0
23347616.0
23347647.0
23347656.0
23347690.0
23347693.0
23347694.0
23347695.0
23347696.0
23347728.0
23347735.0
23347737.0
23347772.0
23347774.0
23347810.0
23347816.0
23347817.0
23347856.0
23347895.0
23347896.0
23349131.0
23349172.0
23349211.0
23349213.0
23349214.0
23349250.0
23349252.0
23349253.0
23349255.0
23349287.0
23349294.0
23349295.0
23349296.0
23349330.0
23349336.0
23349375.0
23349376.0
23349410.0
23349415.0
23349418.0
23349451.0
23349453.0
23349454.0
23349493.0
23349537.0
23349572.0
23349576.0
23350811.0
23350855.0
23350888.0
23350892.0
23350893.0
23350935.0
23350970.0
23350976.0
23350978.0
23351017.0
23351049.0
23351056.0
23351087.0
23351089.0
23351096.0
23351098.0
23351133.0
23351138.0
23351171.0
23351172.0
23351174.0
23351217.0
23351252.0
23351256.0
23351295.0
23352535.0
23352570.0
23352573.0
23352576.0
23352610.0
23352611.0
23352613.0
23352614.0
23352655.0
23352656.0
23352688.0
23352729.0
23352736.0
23352773.0
23352778.0
23352809.0
23352812.0
23352818.0
23352851.0
23352855.0
23352892.0
23352893.0
23352975.0
23354173.0
23354212.0
23354213.0
23354214.0
23354215.0
23354252.0
23354255.0
23354289.0
23354293.0
23354327.0
23354334.0
23354368.0
23354375.0
23354378.0
23354408.0
23354415.0
23354417.0
23354489.0
23354490.0
23354493.0
23354496.0
23354498.0
23354528.0
23354530.0
23354532.0
23354573.0
23354574.0
23354577.0
23354616.0
23354655.0
23355892.0
23355893.0
23355894.0
23355895.0
23355931.0
23355933.0
23355934.0
23355935.0
23355936.0
23355968.0
23355973.0
23356010.0
23356011.0
23356014.0
23356054.0
23356088.0
23356095.0
23356096.0
23356128.0
23356129.0
23356136.0
23356138.0
23356169.0
23356170.0
23356173.0
23356176.0
23356178.0
23356208.0
23356213.0
23356252.0
23356253.0
23356254.0
23356334.0
23357573.0
23357574.0
23357611.0
23357612.0
23357613.0
23357614.0
23357615.0
23357651.0
23357652.0
23357653.0
23357654.0
23357655.0
23357729.0
23357730.0
23357731.0
23357732.0
23357734.0
23357776.0
23357778.0
23357808.0
23357814.0
23357815.0
23357816.0
23357851.0
23357853.0
23357856.0
23357891.0
23357892.0
23357895.0
23357930.0
23357937.0
23359254.0
23359292.0
23359293.0
23359294.0
23359295.0
23359332.0
23359333.0
23359334.0
23359335.0
23359336.0
23359371.0
23359372.0
23359373.0
23359374.0
23359449.0
23359450.0
23359489.0
23359490.0
23359492.0
23359493.0
23359494.0
23359498.0
23359530.0
23359533.0
23359534.0
23359535.0
23359570.0
23359571.0
23359572.0
23359573.0
23360973.0
23360974.0
23360975.0
23361011.0
23361012.0
23361013.0
23361014.0
23361051.0
23361053.0
23361054.0
23361091.0
23361092.0
23361093.0
23361095.0
23361136.0
23361171.0
23361172.0
23361177.0
23361211.0
23361250.0
23361251.0
23361252.0
24368490.0
24368559.0
23340935.0
23342493.0
23342535.0
23342617.0
23344134.0
23344249.0
23344334.0
23345933.0
23345934.0
23345972.0
23345974.0
23346014.0
23346015.0
23346049.0
23346055.0
23346093.0
23347572.0
23347574.0
23347612.0
23347614.0
23347615.0
23347650.0
23347651.0
23347652.0
23347653.0
23347654.0
23347655.0
23347687.0
23347692.0
23347731.0
23347732.0
23347733.0
23347734.0
23347769.0
23347773.0
23347777.0
23347893.0
23349212.0
23349251.0
23349254.0
23349291.0
23349292.0
23349293.0
23349331.0
23349332.0
23349333.0
23349334.0
23349335.0
23349371.0
23349372.0
23349373.0
23349374.0
23349411.0
23349412.0
23349413.0
23349414.0
23349448.0
23349452.0
23349458.0
23350891.0
23350894.0
23350896.0
23350930.0
23350931.0
23350932.0
23350933.0
23350934.0
23350971.0
23350972.0
23350973.0
23350974.0
23350975.0
23351010.0
23351011.0
23351012.0
23351013.0
23351014.0
23351015.0
23351016.0
23351050.0
23351051.0
23351052.0
23351053.0
23351054.0
23351055.0
23351090.0
23351091.0
23351092.0
23351093.0
23351094.0
23351130.0
23351131.0
23351132.0
23351134.0
23351135.0
23351178.0
23351210.0
23352568.0
23352571.0
23352572.0
23352612.0
23352615.0
23352649.0
23352650.0
23352651.0
23352652.0
23352653.0
23352654.0
23352689.0
23352690.0
23352691.0
23352692.0
23352693.0
23352694.0
23352695.0
23352730.0
23352731.0
23352732.0
23352733.0
23352734.0
23352735.0
23352769.0
23352770.0
23352771.0
23352772.0
23352774.0
23352775.0
23352810.0
23352811.0
23352813.0
23352814.0
23352852.0
23352853.0
23352858.0
23354253.0
23354290.0
23354291.0
23354292.0
23354294.0
23354330.0
23354331.0
23354332.0
23354333.0
23354369.0
23354370.0
23354371.0
23354372.0
23354373.0
23354374.0
23354409.0
23354410.0
23354411.0
23354412.0
23354413.0
23354414.0
23354416.0
23354448.0
23354449.0
23354450.0
23354451.0
23354452.0
23354453.0
23354454.0
23354455.0
23354491.0
23354492.0
23354494.0
23354531.0
23354533.0
23354538.0
23354572.0
23355932.0
23355976.0
23356012.0
23356013.0
23356049.0
23356050.0
23356051.0
23356052.0
23356053.0
23356056.0
23356089.0
23356090.0
23356091.0
23356092.0
23356093.0
23356094.0
23356130.0
23356131.0
23356132.0
23356133.0
23356134.0
23356135.0
23356171.0
23356172.0
23356174.0
23356210.0
23356211.0
23356212.0
23356214.0
23356257.0
23356296.0
23357572.0
23357694.0
23357733.0
23357735.0
23357769.0
23357770.0
23357771.0
23357772.0
23357773.0
23357774.0
23357809.0
23357810.0
23357811.0
23357812.0
23357813.0
23357818.0
23357850.0
23357852.0
23357854.0
23357893.0
23357976.0
23359253.0
23359291.0
23359331.0
23359375.0
23359451.0
23359454.0
23359491.0
23359495.0
23359529.0
23359531.0
23359532.0
23360972.0
23361015.0
23361052.0
23361094.0
23361212.0
24368443.0
24368444.0
24368445.0
24368446.0
24368447.0
24368448.0
24368449.0
24368450.0
24368451.0
24368452.0
24368453.0
24368454.0
24368455.0
24368456.0
24368457.0
24368458.0
24368459.0
24368460.0
24368461.0
24368462.0
24368463.0
24368464.0
24368465.0
24368466.0
24368467.0
24368468.0
24368469.0
24368470.0
24368471.0
24368472.0
24368473.0
24368474.0
24368475.0
24368476.0
24368477.0
24368478.0
24368479.0
24368480.0
24368481.0
24368482.0
24368483.0
24368484.0
24368485.0
24368486.0
24368487.0
24368488.0
24368489.0
24368491.0
24368492.0
24368493.0
24368494.0
24368495.0
24368496.0
24368497.0
24368498.0
24368499.0
24368500.0
24368501.0
24368502.0
24368503.0
24368504.0
24368505.0
24368506.0
24368507.0
24368508.0
24368509.0
24368510.0
24368511.0
24368512.0
24368513.0
24368514.0
24368515.0
24368516.0
24368517.0
24368518.0
24368519.0
24368520.0
24368521.0
24368522.0
24368523.0
24368524.0
24368525.0
24368526.0
24368527.0
24368528.0
24368529.0
24368530.0
24368531.0
24368532.0
24368533.0
24368534.0
24368535.0
24368536.0
24368537.0
24368538.0
24368539.0
24368540.0
24368541.0
24368542.0
24368543.0
24368544.0
24368545.0
24368546.0
24368547.0
24368548.0
24368549.0
24368550.0
24368551.0
24368552.0
24368553.0
24368554.0
24368555.0
24368556.0
24368557.0
24368558.0
24368560.0
24368561.0
24368562.0
24368563.0
24368564.0
24368565.0
24368566.0
24368567.0
24368568.0
24368569.0
24368570.0
24368571.0
24368572.0
24368573.0
24368574.0
24368575.0
24368576.0
24368577.0
24368578.0
24368579.0
24368580.0
24368581.0
24368582.0
24368583.0
24368584.0
24368585.0
24368586.0
24368587.0
24368588.0
24368589.0
24368590.0
24368591.0
24368592.0
24368593.0
24368594.0
24368595.0
24368596.0
24368597.0
24368598.0
24368599.0
24368600.0
24368601.0
24368602.0
24368603.0
24368604.0
24368605.0
24368606.0
24368607.0
24368608.0
24368609.0
24368610.0
24368611.0
24368612.0
24368613.0
24368614.0
24368615.0
24368616.0
24368617.0
24368618.0
24368619.0
24368620.0
24368621.0
24368622.0
24368623.0
24368624.0
24368625.0
24368626.0
24368627.0
24368628.0
24368629.0
24368630.0
24368631.0
24368632.0
24368633.0
24368634.0
24368635.0
24368636.0
24368637.0
24368638.0
24368639.0
