8.1330643194892 0.5015625233048852 0.4861928189902276 0.4868441812108917 0.5055625233048852 0.4901928189902276 0.4908441812108917 9 
8.0818843214791 0.5015994381413931 0.48615716855455704 0.48686975069575644 0.5055994381413931 0.49015716855455704 0.49086975069575645 9 
8.0314148869044 0.5016362723401256 0.48612161996788456 0.4868952518608256 0.5056362723401256 0.49012161996788456 0.4908952518608256 9 
7.9816419161148 0.5016730248664932 0.4860861743455448 0.4869206841948463 0.5056730248664932 0.4900861743455448 0.4909206841948463 9 
7.9325417101846 0.501709704036668 0.4860508237851255 0.48694605378947653 0.505709704036668 0.4900508237851255 0.49094605378947653 9 
7.8841093256458 0.5017463041800865 0.4860155740230376 0.4869713560845699 0.5057463041800865 0.4900155740230376 0.4909713560845699 9 
7.8363256870345 0.5017828287259838 0.4859804221023577 0.4869965930588772 0.5057828287259838 0.4899804221023577 0.4909965930588772 9 
7.7891789670368 0.5018192792815198 0.4859453672342619 0.4870217654368247 0.5058192792815198 0.4899453672342619 0.4910217654368247 9 
7.7426543516668 0.5018556571537708 0.48591040828933757 0.4870468743300196 0.5058556571537708 0.4899104082893376 0.4910468743300196 9 
7.6967390981526 0.5018919636735043 0.48587554412134076 0.4870719206621967 0.5058919636735043 0.48987554412134077 0.4910719206621967 9 
7.6514215382762 0.5019281995656117 0.4858407740492032 0.4870969050511624 0.5059281995656117 0.4898407740492032 0.4910969050511624 9 
7.6066870985632 0.5019643661275904 0.48580609717313356 0.487121828254713 0.5059643661275904 0.48980609717313356 0.491121828254713 9 
7.56252588351 0.5020004643366708 0.4857715130059843 0.4871466905176477 0.5060004643366708 0.4897715130059843 0.4911466905176477 9 
7.5189257900861 0.502036495343009 0.4857370212215884 0.48717149233232676 0.506036495343009 0.4897370212215884 0.49117149233232676 9 
7.4758742805379 0.50207245972173 0.48570262110650075 0.48719623459023487 0.50607245972173 0.48970262110650076 0.49119623459023487 9 
7.4333621571324 0.5021083588114538 0.4856683119793911 0.48722091799695794 0.5061083588114538 0.4896683119793911 0.49122091799695794 9 
7.3913774665521 0.502144193676125 0.48563409351311415 0.4872455432478919 0.506144193676125 0.48963409351311415 0.4912455432478919 9 
7.349909823956 0.5021799656036235 0.4855999650549808 0.48727011113057805 0.5061799656036235 0.4895999650549808 0.49127011113057806 9 
7.3089502830204 0.5022156752389293 0.48556592651222724 0.48729462225736236 0.5062156752389293 0.48956592651222725 0.49129462225736237 9 
7.2684872391571 0.5022513235064383 0.48553197813812526 0.48731907721255907 0.5062513235064383 0.48953197813812527 0.4913190772125591 9 
7.2285121024239 0.5022869106715508 0.4854981199969379 0.48734347716699794 0.5062869106715508 0.48949811999693793 0.49134347716699794 9 
7.1890162272408 0.5023224368378174 0.4854643516049354 0.48736782391908456 0.5063224368378174 0.4894643516049354 0.49136782391908457 9 
7.1499884119886 0.5023579028134068 0.48543067214042457 0.48739211858158416 0.5063579028134068 0.48943067214042457 0.49139211858158416 9 
7.1114215058699 0.5023933098578158 0.48539707896059975 0.4874163627747168 0.5063933098578158 0.48939707896059975 0.4914163627747168 9 
7.0733072276286 0.5024286611027039 0.4853635694334302 0.48744055784006113 0.5064286611027039 0.4893635694334302 0.49144055784006113 9 
7.0356348473542 0.5024639652344528 0.48533013573372874 0.4874647059349017 0.5064639652344528 0.48933013573372874 0.4914647059349017 9 
6.9984018395066 0.5024991802537988 0.4852967926954243 0.4874887105236477 0.5064991802537988 0.4892967926954243 0.4914887105236477 9 
6.9615897368687 0.502534357153458 0.4852635290899391 0.4875126757196924 0.506534357153458 0.4892635290899391 0.4915126757196924 9 
6.9251989919202 0.5025694865079069 0.4852303620258331 0.4875365925547453 0.5065694865079069 0.4892303620258331 0.4915365925547453 9 
6.889220717047 0.5026045602270717 0.485197289213642 0.4875604669994126 0.5066045602270717 0.48919728921364203 0.4915604669994126 9 
6.8536476043573 0.5026396337508523 0.48516429101620107 0.48758438760899536 0.5066396337508523 0.48916429101620107 0.49158438760899537 9 
6.8184701284878 0.5026746581000425 0.4851313756338239 0.4876082591577623 0.5066746581000425 0.4891313756338239 0.4916082591577623 9 
6.7836833043465 0.5027096359202431 0.4850985351744528 0.4876320803159647 0.5067096359202431 0.4890985351744528 0.4916320803159647 9 
6.7492804580935 0.5027444761985823 0.4850657727270049 0.48765567945180277 0.5067444761985823 0.4890657727270049 0.4916556794518028 9 
6.7152528236759 0.5027793247544863 0.48503306037513405 0.4876793196383017 0.5067793247544863 0.48903306037513405 0.4916793196383017 9 
6.6815954030677 0.5028140914234241 0.48500041350015616 0.4877028259957274 0.5068140914234242 0.48900041350015616 0.4917028259957274 9 
6.6483022721564 0.5028488729107622 0.48496782770698976 0.48772637480858533 0.5068488729107622 0.48896782770698977 0.49172637480858533 9 
6.6153655461906 0.5028834332473142 0.4849353385610406 0.4877495628011007 0.5068834332473142 0.4889353385610406 0.4917495628011007 9 
6.58277983259 0.5029181057984048 0.4849028827469005 0.48777296169894147 0.5069181057984048 0.4889028827469005 0.49177296169894147 9 
6.5505400847295 0.502952705252331 0.4848704935811715 0.4877962713868745 0.506952705252331 0.4888704935811715 0.4917962713868745 9 
6.5186394340621 0.5029873413048714 0.48483814810003695 0.48781965104606995 0.5069873413048714 0.48883814810003695 0.49181965104606995 9 
6.4870717002914 0.5030220093758675 0.4848058754265945 0.48784310118757185 0.5070220093758675 0.4888058754265945 0.49184310118757185 9 
6.455832854524 0.5030566595641675 0.4847736892710107 0.48786653766101035 0.5070566595641675 0.4887736892710107 0.49186653766101035 9 
6.4249171923139 0.5030913185105014 0.48474159178811255 0.48789001696330775 0.5070913185105014 0.48874159178811255 0.49189001696330775 9 
6.394317339037 0.5031258347887302 0.4847095926055837 0.48791331741149047 0.5071258347887302 0.4887095926055837 0.49191331741149047 9 
6.3640304364049 0.5031603144754285 0.48467766193310297 0.48793658830095815 0.5071603144754285 0.48867766193310297 0.49193658830095816 9 
6.3340513962328 0.5031947584632277 0.48464580517039885 0.48795983496274814 0.5071947584632277 0.48864580517039885 0.49195983496274814 9 
6.3043733543713 0.5032292158072825 0.48461401313882596 0.48798311666421446 0.5072292158072825 0.48861401313882596 0.49198311666421446 9 
6.2749926621466 0.5032636151039563 0.4845822845455709 0.4880063039918878 0.5072636151039563 0.4885822845455709 0.49200630399188783 9 
6.2459052693099 0.5032979745540217 0.484550605734859 0.4880293996782647 0.5072979745540217 0.488550605734859 0.4920293996782647 9 
6.2171057683393 0.5033324297327095 0.4845189658922349 0.48805259655281424 0.5073324297327095 0.4885189658922349 0.49205259655281425 9 
6.1885885138638 0.5033668955356282 0.4844873690617122 0.48807579096555626 0.5073668955356282 0.4884873690617122 0.49207579096555626 9 
6.1603509286601 0.5034012745959973 0.48445583205148895 0.48809887737048796 0.5074012745959973 0.48845583205148896 0.49209887737048796 9 
6.1323886514927 0.5034357329992274 0.48442435199905437 0.4881220760872516 0.5074357329992274 0.4884243519990544 0.4921220760872516 9 
6.104695379329 0.5034700983287079 0.4843929478718044 0.488145156345776 0.5074700983287079 0.48839294787180443 0.492145156345776 9 
6.0772684074498 0.5035044621469867 0.48436162539936917 0.4881682222318913 0.5075044621469867 0.48836162539936917 0.49216822223189133 9 
6.0501042425386 0.5035388811166304 0.48433036868583834 0.4881913087684769 0.5075388811166304 0.48833036868583835 0.4921913087684769 9 
6.0231983798081 0.5035733114018381 0.4842991732480434 0.4882143677480146 0.5075733114018381 0.4882991732480434 0.4922143677480146 9 
5.9965475703719 0.5036077079681753 0.48426803629334825 0.48823736325404804 0.5076077079681753 0.48826803629334825 0.49223736325404804 9 
5.9701432208965 0.503642245794484 0.48423695995464 0.4882605029093158 0.507642245794484 0.48823695995464 0.4922605029093158 9 
5.9439884934335 0.5036767917416579 0.48420598015208316 0.4882836399868309 0.5076767917416579 0.48820598015208316 0.4922836399868309 9 
5.9180759873356 0.5037113458646794 0.48417503918819094 0.48830675055523026 0.5077113458646794 0.48817503918819094 0.49230675055523027 9 
5.89240226686 0.5037459181488317 0.4841440985284754 0.4883298383864284 0.5077459181488317 0.4881440985284754 0.4923298383864284 9 
5.8669650638089 0.5037804887848322 0.48411318521404206 0.4883529428297409 0.5077804887848322 0.48811318521404207 0.4923529428297409 9 
5.8417609124107 0.5038150979608728 0.4840823873394428 0.4883760778313547 0.5078150979608728 0.4880823873394428 0.49237607783135473 9 
5.8167842956069 0.5038497547941939 0.4840516781958375 0.4883991931671864 0.5078497547941939 0.4880516781958375 0.4923991931671864 9 
5.7920334747095 0.503884408092252 0.48402098725969617 0.4884222687954052 0.507884408092252 0.48802098725969617 0.4924222687954052 9 
5.767505751253 0.5039190135437955 0.48399028975098507 0.48844531623434123 0.5079190135437955 0.4879902897509851 0.49244531623434123 9 
5.7431979262941 0.5039536178318509 0.48395961363169715 0.48846835728658555 0.5079536178318509 0.48795961363169715 0.49246835728658556 9 
5.7191042306574 0.5039882902286175 0.48392903131547793 0.4884913959481317 0.5079882902286175 0.48792903131547793 0.4924913959481317 9 
5.695224191153 0.5040230369430425 0.48389854651442343 0.48851442534947254 0.5080230369430425 0.48789854651442344 0.49251442534947254 9 
5.6715548563947 0.5040578199989084 0.4838680988642821 0.4885374387639013 0.5080578199989084 0.4878680988642821 0.4925374387639013 9 
5.6480930437119 0.5040926140752174 0.4838376235246723 0.4885604646858382 0.5080926140752174 0.4878376235246723 0.4925604646858382 9 
5.6248335895041 0.504127443613242 0.48380711115874053 0.488583529766059 0.508127443613242 0.48780711115874054 0.492583529766059 9 
5.6017761687059 0.5041623425276576 0.4837766442711895 0.48860669070752977 0.5081623425276576 0.4877766442711895 0.49260669070752977 9 
5.5789179892623 0.5041972350856789 0.48374637077885924 0.4886299170883119 0.5081972350856789 0.48774637077885924 0.4926299170883119 9 
5.5562560161217 0.5042321367329566 0.4837161754055435 0.48865305130699893 0.5082321367329566 0.4877161754055435 0.49265305130699893 9 
5.5337854228291 0.5042670805902069 0.48368598935683604 0.48867614416607663 0.5082670805902069 0.48768598935683605 0.49267614416607663 9 
5.5115060388609 0.5043020284616246 0.4836558847015968 0.4886992413421187 0.5083020284616246 0.4876558847015968 0.4926992413421187 9 
5.4894152752971 0.5043370362411254 0.48362575013902426 0.48872229152952984 0.5083370362411254 0.48762575013902426 0.49272229152952984 9 
5.4675104519837 0.5043720584569644 0.48359563823084534 0.48874541524068454 0.5083720584569644 0.48759563823084534 0.49274541524068455 9 
5.4457866023531 0.5044071458223246 0.48356548754501033 0.4887686736370507 0.5084071458223246 0.48756548754501033 0.4927686736370507 9 
5.4242439216841 0.5044421598560686 0.483535467221399 0.4887919052500586 0.5084421598560686 0.487535467221399 0.4927919052500586 9 
5.4028800057157 0.5044772277928751 0.4835055228890234 0.4888150719370565 0.5084772277928751 0.4875055228890234 0.4928150719370565 9 
5.3816924938323 0.5045123147274444 0.4834756085098408 0.488838273365735 0.5085123147274444 0.4874756085098408 0.492838273365735 9 
5.3606765485932 0.5045473648633347 0.48344574339319885 0.4888615175910011 0.5085473648633347 0.48744574339319885 0.4928615175910011 9 
5.3398321903059 0.5045824604878492 0.4834158860428328 0.4888848243860648 0.5085824604878492 0.4874158860428328 0.4928848243860648 9 
5.3191574374925 0.5046175600262924 0.4833861914102047 0.48890820328880014 0.5086175600262924 0.4873861914102047 0.49290820328880014 9 
5.2986500938818 0.5046526690458544 0.4833565929471793 0.48893154454407617 0.5086526690458544 0.4873565929471793 0.4929315445440762 9 
5.2783060983026 0.5046877821464297 0.48332700247889804 0.48895484147747537 0.5086877821464297 0.48732700247889804 0.49295484147747537 9 
5.2581243704102 0.5047228335632664 0.48329740187638526 0.488978125908067 0.5087228335632664 0.48729740187638526 0.492978125908067 9 
5.2381037238371 0.504757862298818 0.4832678889177896 0.4890015280051512 0.508757862298818 0.4872678889177896 0.4930015280051512 9 
5.2182421123361 0.5047928947827178 0.4832384487120509 0.4890249665672522 0.5087928947827178 0.4872384487120509 0.4930249665672522 9 
5.1985364939115 0.5048277069243483 0.48320909085936015 0.4890483829439258 0.5088277069243483 0.48720909085936015 0.4930483829439258 9 
5.1789841577134 0.5048623446007099 0.4831798067971549 0.4890717803824718 0.5088623446007099 0.4871798067971549 0.4930717803824718 9 
5.1595849588013 0.5048969189388903 0.4831505925210828 0.4890951145327437 0.5088969189388903 0.4871505925210828 0.4930951145327437 9 
5.1403369881188 0.5049313980237085 0.4831213890120884 0.4891183400274725 0.5089313980237085 0.4871213890120884 0.4931183400274725 9 
5.1212383691729 0.5049657028324065 0.48309214504165177 0.4891416614138183 0.5089657028324065 0.48709214504165177 0.4931416614138183 9 
5.1022845388415 0.5049999279377506 0.4830629920959555 0.48916499155584814 0.5089999279377506 0.4870629920959555 0.49316499155584814 9 
5.0834763219681 0.5050341569653805 0.4830337925830248 0.48918823471899026 0.5090341569653805 0.4870337925830248 0.49318823471899026 9 
5.0648120457982 0.5050683215980097 0.4830045705749402 0.48921153410261803 0.5090683215980097 0.4870045705749402 0.49321153410261803 9 
5.0462899568069 0.5051022955953651 0.48297531536363786 0.48923487144000577 0.5091022955953651 0.48697531536363786 0.4932348714400058 9 
5.027907003054 0.5051361255687872 0.48294608087401714 0.4892581724021957 0.5091361255687872 0.48694608087401714 0.4932581724021957 9 
5.0096613111284 0.5051698631523421 0.48291684504391186 0.48928136812239537 0.5091698631523421 0.48691684504391186 0.49328136812239537 9 
4.9915537094735 0.5052033392360701 0.4828875883671652 0.4893044741071048 0.5092033392360701 0.4868875883671652 0.4933044741071048 9 
4.9735796746086 0.5052366340849712 0.48285825177962105 0.48932757654989284 0.5092366340849712 0.48685825177962105 0.49332757654989284 9 
4.9557404757496 0.5052697017882622 0.48282885387701735 0.48935068649876606 0.5092697017882623 0.48682885387701735 0.49335068649876607 9 
4.9380310525019 0.5053024446290659 0.48279936359698505 0.48937373216272584 0.5093024446290659 0.48679936359698506 0.49337373216272584 9 
4.9204520263699 0.5053348318618095 0.4827696847280946 0.4893966284187495 0.5093348318618095 0.4867696847280946 0.4933966284187495 9 
4.9030022186814 0.505366789258857 0.48273988049236394 0.48941949838330057 0.509366789258857 0.48673988049236394 0.49341949838330057 9 
4.8856801172535 0.5053983620232357 0.4827099071679028 0.4894424177423103 0.5093983620232357 0.4867099071679028 0.4934424177423103 9 
4.8684836794612 0.5054295336294102 0.48267980105300057 0.48946530607421396 0.5094295336294102 0.48667980105300057 0.49346530607421396 9 
4.8514096704994 0.5054603649212636 0.4826494847929489 0.4894881297264756 0.5094603649212636 0.4866494847929489 0.4934881297264756 9 
4.834459003746 0.5054907648519248 0.4826188573082745 0.48951098486965117 0.5094907648519248 0.4866188573082745 0.49351098486965117 9 
4.8176302606012 0.5055206820750575 0.48258793605889266 0.4895338346260983 0.5095206820750575 0.48658793605889267 0.4935338346260983 9 
4.8009220447965 0.5055502544971762 0.48255675635070333 0.4895566017069197 0.5095502544971762 0.48655675635070333 0.49355660170691973 9 
4.784331787004 0.5055792915732593 0.4825255096937717 0.48957901761624983 0.5095792915732593 0.48652550969377173 0.49357901761624984 9 
4.7678576311648 0.5056078375585256 0.4824941563629031 0.48960086814670795 0.5096078375585256 0.4864941563629031 0.49360086814670795 9 
4.7514999721025 0.5056359827048157 0.4824624736580589 0.4896222324841824 0.5096359827048157 0.4864624736580589 0.4936222324841824 9 
4.7352574981467 0.5056637020214779 0.4824304891885552 0.4896430936144833 0.5096637020214779 0.4864304891885552 0.49364309361448333 9 
4.719128917842 0.5056909488432699 0.48239830741051476 0.4896632534498243 0.5096909488432699 0.48639830741051476 0.4936632534498243 9 
4.7031114062749 0.5057177205493874 0.4823660355857702 0.48968267448631714 0.5097177205493874 0.4863660355857702 0.49368267448631714 9 
4.6872039085764 0.505744036748009 0.48233375873725853 0.4897011508713016 0.509744036748009 0.48633375873725854 0.4937011508713016 9 
4.6714065757758 0.5057702710386685 0.48230151065399596 0.48971889065975566 0.5097702710386685 0.48630151065399596 0.49371889065975566 9 
4.6557181930564 0.5057965960353205 0.48226944238361596 0.489735937016222 0.5097965960353205 0.48626944238361597 0.493735937016222 9 
4.6401375639397 0.5058229923955566 0.48223776294521714 0.4897523991279353 0.5098229923955566 0.48623776294521714 0.4937523991279353 9 
4.6246618908247 0.5058493409522343 0.48220644810201463 0.4897683460166635 0.5098493409522343 0.48620644810201463 0.49376834601666353 9 
4.609290322647 0.5058756095581027 0.48217570685841016 0.48978367242391235 0.5098756095581027 0.48617570685841016 0.49378367242391236 9 
4.5940230530324 0.5059017065010506 0.48214524090182526 0.48979827236985163 0.5099017065010506 0.48614524090182526 0.49379827236985163 9 
4.5788589550727 0.5059277465558278 0.4821151490135324 0.48981243143853287 0.5099277465558278 0.4861151490135324 0.4938124314385329 9 
4.5637969185282 0.5059539579520732 0.482085475115198 0.48982615806741825 0.5099539579520732 0.486085475115198 0.49382615806741825 9 
4.5488344688364 0.5059802823537154 0.48205636845112787 0.4898394564304957 0.5099802823537154 0.4860563684511279 0.4938394564304957 9 
4.5339703389387 0.5060066772803923 0.48202779976755844 0.4898522819711826 0.5100066772803923 0.48602779976755844 0.4938522819711826 9 
4.5192050641501 0.5060332743273193 0.48199974576594745 0.4898647652504847 0.5100332743273193 0.48599974576594746 0.4938647652504847 9 
4.5045375975085 0.5060599104772336 0.48197211415717006 0.48987697458234775 0.5100599104772336 0.48597211415717007 0.49387697458234775 9 
4.4899669072332 0.5060866175137088 0.48194476764868927 0.4898889658241021 0.5100866175137088 0.48594476764868927 0.4938889658241021 9 
4.4754911514238 0.5061135233093667 0.4819180298433694 0.4899008394587641 0.5101135233093667 0.4859180298433694 0.4939008394587641 9 
4.4611080022545 0.5061404932491579 0.4818917650523454 0.48991262298636623 0.5101404932491579 0.4858917650523454 0.49391262298636623 9 
4.4468186496149 0.5061675324307683 0.4818660078776412 0.48992417430819185 0.5101675324307683 0.4858660078776412 0.49392417430819185 9 
4.4326221193866 0.506194934987583 0.4818407187244284 0.4899355508677104 0.510194934987583 0.4858407187244284 0.4939355508677104 9 
4.4185174513027 0.5062226247031235 0.48181594608393874 0.4899469666539547 0.5102226247031235 0.48581594608393874 0.4939469666539547 9 
4.4045036986985 0.5062504854549718 0.4817917779972338 0.4899585448238933 0.5102504854549718 0.48579177799723383 0.4939585448238933 9 
4.3905769868197 0.5062785463475965 0.48176813422164044 0.48997041572917793 0.5102785463475965 0.48576813422164045 0.49397041572917794 9 
4.3767393017845 0.5063068198585818 0.481744934673875 0.4899825704972486 0.5103068198585818 0.48574493467387503 0.4939825704972486 9 
4.3629897980136 0.5063353671149882 0.4817223751342262 0.48999509728881224 0.5103353671149882 0.4857223751342262 0.49399509728881225 9 
4.3493275805421 0.5063640904713912 0.48170051772758493 0.4900082222900342 0.5103640904713912 0.48570051772758494 0.4940082222900342 9 
4.3357517668425 0.50639306568993 0.48167924060626355 0.490021968813717 0.51039306568993 0.48567924060626355 0.494021968813717 9 
4.3222597483625 0.5064223819767998 0.4816585558682835 0.4900364988887797 0.5104223819767998 0.4856585558682835 0.4940364988887797 9 
4.3088511357715 0.5064515595403881 0.4816378965325088 0.4900521002444533 0.5104515595403881 0.48563789653250883 0.4940521002444533 9 
4.2955263781795 0.5064801789801489 0.4816166940096636 0.4900687137296989 0.5104801789801489 0.4856166940096636 0.4940687137296989 9 
4.2822846403544 0.5065084148146972 0.4815950685162738 0.4900861175961383 0.5105084148146972 0.4855950685162738 0.4940861175961383 9 
4.2691250984564 0.5065363232352826 0.48157297944980954 0.4901039480414815 0.5105363232352826 0.48557297944980954 0.4941039480414815 9 
4.256046765488 0.5065639634092227 0.4815502123602228 0.4901220400062604 0.5105639634092227 0.4855502123602228 0.4941220400062604 9 
4.2430461473216 0.5065914939245157 0.4815267936554031 0.4901404073485451 0.5105914939245157 0.4855267936554031 0.4941404073485451 9 
4.230125346118 0.5066188144078902 0.4815027842492055 0.4901589106350585 0.5106188144078903 0.4855027842492055 0.4941589106350585 9 
4.2172835813756 0.5066461128642176 0.4814783299134809 0.4901773226223916 0.5106461128642176 0.4854783299134809 0.4941773226223916 9 
4.2045200830444 0.5066736132257381 0.48145365608633756 0.4901955903660067 0.5106736132257381 0.48545365608633756 0.4941955903660067 9 
4.1918340913492 0.5067010824777783 0.4814287268439396 0.4902136039628886 0.5107010824777783 0.4854287268439396 0.4942136039628886 9 
4.1792235471624 0.506728335845003 0.48140349443491 0.4902313219587503 0.510728335845003 0.48540349443491 0.4942313219587503 9 
4.1666872780132 0.5067553793284126 0.48137784656803806 0.4902488372565636 0.5107553793284126 0.48537784656803806 0.4942488372565636 9 
4.1542263217858 0.5067821769970846 0.4813518494208483 0.49026610619530403 0.5107821769970846 0.4853518494208483 0.49426610619530403 9 
4.1418399578098 0.5068085768680942 0.48132547122343294 0.49028316885256146 0.5108085768680942 0.48532547122343295 0.49428316885256146 9 
4.1295274748596 0.5068345927039715 0.4812988379391262 0.4902998729868124 0.5108345927039715 0.4852988379391262 0.4942998729868124 9 
4.1172881709967 0.5068603056004859 0.48127197645070197 0.4903162231261335 0.5108603056004859 0.48527197645070197 0.4943162231261335 9 
4.1051192542267 0.5068859140336711 0.48124526675058094 0.4903323868247389 0.5108859140336711 0.48524526675058094 0.4943323868247389 9 
4.0930211737232 0.5069113313395217 0.4812191712115362 0.490348932370754 0.5109113313395217 0.4852191712115362 0.494348932370754 9 
4.0809942459588 0.5069365765139732 0.4811931085940877 0.4903658581545269 0.5109365765139732 0.4851931085940877 0.4943658581545269 9 
4.0690378043587 0.5069617834258477 0.48116696841035456 0.49038299526779755 0.5109617834258477 0.48516696841035456 0.49438299526779755 9 
4.0571511909009 0.5069867281785317 0.48114088546147304 0.4904002529699828 0.5109867281785317 0.48514088546147305 0.4944002529699828 9 
4.0453337559766 0.5070115687913047 0.48111473133999555 0.4904175296752522 0.5110115687913047 0.48511473133999555 0.4944175296752522 9 
4.0335823263733 0.5070362487875717 0.48108841545142667 0.4904349147516045 0.5110362487875717 0.48508841545142667 0.4944349147516045 9 
4.021898250315 0.5070608038861714 0.4810619912575545 0.4904523813620584 0.5110608038861714 0.4850619912575545 0.4944523813620584 9 
4.0102814779793 0.5070852139146428 0.48103547524058843 0.49047005795517734 0.5110852139146428 0.48503547524058843 0.49447005795517734 9 
3.9987324166792 0.507109584306843 0.4810089699161617 0.49048794975375737 0.5111095843068431 0.4850089699161617 0.49448794975375737 9 
3.9872473818901 0.5071337908802098 0.48098246372204406 0.49050597330091944 0.5111337908802098 0.48498246372204407 0.49450597330091944 9 
3.975828846378 0.507158108512357 0.48095595713164047 0.49052425645841696 0.511158108512357 0.48495595713164047 0.49452425645841697 9 
3.9644725959655 0.5071823952602375 0.4809294848956355 0.49054270022077784 0.5111823952602375 0.4849294848956355 0.49454270022077784 9 
3.9531801297653 0.507206671118526 0.48090299825624305 0.4905612783476249 0.511206671118526 0.48490299825624306 0.4945612783476249 9 
3.9419514004454 0.507230794693907 0.4808765369900304 0.49057983765531404 0.511230794693907 0.4848765369900304 0.49457983765531405 9 
3.9307858349441 0.507254820846443 0.4808502498271755 0.4905982041038564 0.511254820846443 0.4848502498271755 0.4945982041038564 9 
3.9196828672572 0.5072788625706661 0.4808239736978852 0.4906165963811333 0.5112788625706661 0.4848239736978852 0.4946165963811333 9 
3.9086419383279 0.5073029259446272 0.48079761483935896 0.49063504466519015 0.5113029259446272 0.48479761483935896 0.49463504466519015 9 
3.8976602239897 0.5073270357279174 0.48077122376675757 0.4906536361603488 0.5113270357279174 0.4847712237667576 0.4946536361603488 9 
3.8867385970595 0.5073511184176909 0.4807447284944452 0.4906723434786849 0.5113511184176909 0.4847447284944452 0.4946723434786849 9 
3.8758773965664 0.5073750830555572 0.48071822823522653 0.4906911274636528 0.5113750830555572 0.48471822823522653 0.4946911274636528 9 
3.8650760899298 0.5073989766904857 0.48069177714707484 0.49070993447580585 0.5113989766904857 0.48469177714707484 0.49470993447580586 9 
3.8543341509986 0.5074227995345195 0.4806654111800066 0.4907287897979546 0.5114227995345195 0.4846654111800066 0.4947287897979546 9 
3.8436510599535 0.5074464691237142 0.4806391116876724 0.4907477208181841 0.5114464691237142 0.48463911168767243 0.4947477208181841 9 
3.833024754667 0.507470057588797 0.4806128726515148 0.4907666753973839 0.511470057588797 0.4846128726515148 0.4947666753973839 9 
3.8224546730326 0.5074935483837859 0.4805866447981257 0.49078561632671663 0.5114935483837859 0.4845866447981257 0.49478561632671664 9 
3.8119419408224 0.5075169326516326 0.4805604205977314 0.4908043664133633 0.5115169326516326 0.4845604205977314 0.4948043664133633 9 
3.8014860623499 0.5075403153518601 0.48053432544733743 0.49082295193031905 0.5115403153518601 0.48453432544733743 0.49482295193031905 9 
3.7910865477977 0.5075636831590403 0.48050835867881364 0.4908414108176099 0.5115636831590403 0.48450835867881364 0.4948414108176099 9 
3.7807429131294 0.5075868666764858 0.4804824790616998 0.4908597768415667 0.5115868666764858 0.4844824790616998 0.4948597768415667 9 
3.7704542734784 0.507609975389739 0.48045661657640854 0.4908781469391101 0.511609975389739 0.48445661657640854 0.4948781469391101 9 
3.7602177883086 0.5076330073468506 0.4804308116451378 0.4908965407079633 0.5116330073468506 0.4844308116451378 0.4948965407079633 9 
3.7500357884639 0.5076558900189058 0.48040504734193284 0.4909148924119916 0.5116558900189058 0.48440504734193285 0.4949148924119916 9 
3.7399078119443 0.5076786984896704 0.4803793458899475 0.49093315417589556 0.5116786984896704 0.4843793458899475 0.49493315417589556 9 
3.7298334021165 0.50770152314943 0.4803537678771396 0.4909513349193791 0.51170152314943 0.48435376787713963 0.4949513349193791 9 
3.7198121076345 0.5077244688593652 0.48032816697414676 0.4909694527647005 0.5117244688593652 0.48432816697414677 0.4949694527647005 9 
3.7098434823625 0.5077475144110706 0.4803024683403455 0.49098754394372535 0.5117475144110706 0.4843024683403455 0.49498754394372535 9 
3.6999250456339 0.5077707107100349 0.4802767815438495 0.49100564520485596 0.5117707107100349 0.4842767815438495 0.49500564520485596 9 
3.6900572514729 0.5077940386967942 0.48025105700909354 0.4910237133763382 0.5117940386967942 0.48425105700909354 0.4950237133763382 9 
3.6802408418972 0.5078173929975982 0.48022533464885925 0.49104179293455674 0.5118173929975982 0.48422533464885925 0.49504179293455675 9 
3.6704753906334 0.5078407752880064 0.48019956043129564 0.49105990474338107 0.5118407752880064 0.48419956043129564 0.4950599047433811 9 
3.6607604762527 0.5078641889371831 0.4801738962269263 0.4910779005108149 0.5118641889371831 0.4841738962269263 0.4950779005108149 9 
3.6510956821011 0.5078874837383185 0.4801484272534088 0.49109574892018265 0.5118874837383185 0.4841484272534088 0.49509574892018265 9 
3.6414805597078 0.5079107098068563 0.4801231689314471 0.49111345126722034 0.5119107098068563 0.4841231689314471 0.49511345126722034 9 
3.6319115503565 0.5079339863639021 0.48009812331353924 0.491131086966316 0.5119339863639021 0.48409812331353924 0.495131086966316 9 
3.6223914623408 0.5079573677878054 0.48007316630097774 0.49114867474414753 0.5119573677878054 0.48407316630097774 0.49514867474414753 9 
3.6129198972098 0.5079808549993176 0.48004822997835994 0.49116614281772136 0.5119808549993176 0.48404822997835995 0.49516614281772137 9 
3.6034964609584 0.5080043538591688 0.4800232889803919 0.4911835324593159 0.5120043538591688 0.48402328898039193 0.4951835324593159 9 
3.5941207639651 0.5080277239273007 0.479998270181385 0.49120084015137744 0.5120277239273007 0.483998270181385 0.49520084015137744 9 
3.5847924209296 0.5080510171734829 0.47997317051459004 0.4912179721369976 0.5120510171734829 0.48397317051459005 0.4952179721369976 9 
3.575510232622 0.5080742586636873 0.4799481480175982 0.4912349078137926 0.5120742586636873 0.4839481480175982 0.4952349078137926 9 
3.5662722191411 0.5080974009245262 0.4799231755208083 0.49125164272200905 0.5120974009245262 0.4839231755208083 0.49525164272200906 9 
3.5570804517714 0.5081204808831228 0.4798984487378952 0.4912682912343996 0.5121204808831228 0.4838984487378952 0.4952682912343996 9 
3.5479345616864 0.5081437942819581 0.47987401957910886 0.4912847316798389 0.5121437942819581 0.48387401957910886 0.4952847316798389 9 
3.5388341840899 0.5081672667575625 0.4798497158933945 0.49130118541646534 0.5121672667575625 0.4838497158933945 0.49530118541646534 9 
3.5297789581599 0.5081907863333154 0.4798253716806866 0.4913177143517632 0.5121907863333154 0.4838253716806866 0.4953177143517632 9 
3.5207685269939 0.5082142808747224 0.479801028781273 0.4913343983705364 0.5122142808747224 0.483801028781273 0.4953343983705364 9 
3.5118013802506 0.5082377877961457 0.4797766420372697 0.4913513194954225 0.5122377877961457 0.4837766420372697 0.4953513194954225 9 
3.5028762255762 0.5082612934427404 0.4797523476053735 0.49136840870303455 0.5122612934427404 0.4837523476053735 0.49536840870303456 9 
3.4939951268027 0.5082847836164861 0.479728024804068 0.49138556262497896 0.5122847836164861 0.483728024804068 0.49538556262497896 9 
3.4851568825282 0.508308223937828 0.47970379338309094 0.49140280833232275 0.512308223937828 0.48370379338309094 0.49540280833232275 9 
3.4763620139467 0.5083316242269996 0.47967957461084476 0.4914200450837931 0.5123316242269996 0.48367957461084476 0.4954200450837931 9 
3.467609899811 0.5083550070947955 0.4796553931320868 0.49143725643839603 0.5123550070947955 0.48365539313208683 0.49543725643839603 9 
3.4589002090205 0.5083784332587156 0.47963112963853527 0.49145444761925033 0.5123784332587156 0.4836311296385353 0.49545444761925034 9 
3.4502315763407 0.5084018506642075 0.47960669977843057 0.49147152706243685 0.5124018506642075 0.48360669977843057 0.49547152706243686 9 
3.4416024736124 0.5084252483382015 0.4795821143428094 0.49148843581767776 0.5124252483382015 0.4835821143428094 0.49548843581767776 9 
3.4330148438295 0.5084486695262527 0.4795574058496148 0.49150525005069723 0.5124486695262527 0.4835574058496148 0.49550525005069723 9 
3.4244683694379 0.5084721519963247 0.47953270854091395 0.4915221405130637 0.5124721519963247 0.48353270854091396 0.4955221405130637 9 
3.4159627362152 0.5084955051550527 0.47950803414047233 0.4915390715790067 0.5124955051550527 0.48350803414047233 0.49553907157900673 9 
3.4074976332263 0.5085185821542481 0.47948348420280845 0.49155599894029256 0.5125185821542481 0.48348348420280846 0.49555599894029256 9 
3.3990727527795 0.5085415337444409 0.47945898026083966 0.49157282434585503 0.5125415337444409 0.48345898026083967 0.49557282434585503 9 
3.3906873492335 0.508564390328834 0.4794344970382835 0.49158950670394086 0.512564390328834 0.4834344970382835 0.49558950670394086 9 
3.3823386996526 0.5085872321879797 0.47941015124704384 0.49160615992043444 0.5125872321879797 0.48341015124704384 0.49560615992043444 9 
3.3740293903981 0.5086101928839534 0.47938591367144634 0.4916227586246913 0.5126101928839534 0.48338591367144634 0.4956227586246913 9 
3.3657591261373 0.5086333555605455 0.47936180759536007 0.4916394213580052 0.5126333555605455 0.48336180759536007 0.4956394213580052 9 
3.3575276145752 0.5086566194175304 0.4793377537314125 0.49165614001481134 0.5126566194175304 0.4833377537314125 0.49565614001481134 9 
3.3493345664152 0.5086800640260574 0.4793137333036745 0.49167283684835034 0.5126800640260574 0.4833137333036745 0.49567283684835034 9 
3.34117969532 0.508703577385668 0.4792897810390409 0.4916895069876403 0.512703577385668 0.4832897810390409 0.4956895069876403 9 
3.3330627178729 0.5087271486223598 0.47926591472369307 0.4917060815530942 0.5127271486223598 0.48326591472369307 0.4957060815530942 9 
3.3249806737144 0.5087507137756008 0.4792420791812443 0.49172258663464374 0.5127507137756008 0.4832420791812443 0.49572258663464375 9 
3.3169353347487 0.5087742395156116 0.47921829343729677 0.4917391454827052 0.5127742395156116 0.4832182934372968 0.4957391454827052 9 
3.3089270777267 0.5087976531359376 0.4791944739229965 0.491755831080709 0.5127976531359376 0.4831944739229965 0.49575583108070903 9 
3.3009556303579 0.5088209462912355 0.47917066575646156 0.4917726234313991 0.5128209462912355 0.48317066575646156 0.4957726234313991 9 
3.2930207230915 0.5088442171381965 0.4791467017629255 0.49178943092319805 0.5128442171381965 0.4831467017629255 0.49578943092319805 9 
3.2851220890813 0.508867438573467 0.47912253079380346 0.49180609964430816 0.512867438573467 0.48312253079380346 0.49580609964430816 9 
3.2772594641517 0.5088905944027571 0.4790982357533315 0.4918225760550416 0.5128905944027571 0.4830982357533315 0.4958225760550416 9 
3.2694314870768 0.5089136665027884 0.4790738569389336 0.49183899943071996 0.5129136665027884 0.4830738569389336 0.49583899943071996 9 
3.2616367572483 0.5089367174650958 0.4790494106371228 0.49185539899568115 0.5129367174650958 0.4830494106371228 0.49585539899568115 9 
3.2538772808452 0.5089596616154389 0.4790249381013733 0.49187168892244226 0.5129596616154389 0.4830249381013733 0.49587168892244227 9 
3.2461528038593 0.5089825714666842 0.4790004004995315 0.49188785360108406 0.5129825714666842 0.4830004004995315 0.49588785360108406 9 
3.23846307479 0.5090054663488839 0.47897580421272284 0.4919040436472232 0.5130054663488839 0.48297580421272285 0.4959040436472232 9 
3.2308078446135 0.5090283764550725 0.4789510969987177 0.49192017420526707 0.5130283764550725 0.4829510969987177 0.4959201742052671 9 
3.2231868667511 0.5090512951542527 0.47892638989343633 0.4919361309958994 0.5130512951542527 0.48292638989343634 0.4959361309958994 9 
3.2155998970397 0.509074307575137 0.4789016755585696 0.49195212914501846 0.5130743075751371 0.4829016755585696 0.49595212914501846 9 
3.2080443372893 0.509097426263712 0.478876961101835 0.4919682109175857 0.513097426263712 0.482876961101835 0.4959682109175857 9 
3.2005213069074 0.5091205583738884 0.47885226954840493 0.491984280355154 0.5131205583738884 0.48285226954840493 0.495984280355154 9 
3.1930315872069 0.5091436311474468 0.47882766255387194 0.4920003309193035 0.5131436311474468 0.48282766255387194 0.4960003309193035 9 
3.1855749432158 0.5091666986924928 0.4788030442150829 0.4920163620058171 0.5131666986924928 0.4828030442150829 0.4960163620058171 9 
3.1781511422332 0.50918980202724 0.47877841910479857 0.49203235834122144 0.51318980202724 0.4827784191047986 0.49603235834122145 9 
3.1707599538021 0.5092127771000081 0.47875379164234355 0.49204828681795953 0.5132127771000081 0.48275379164234355 0.49604828681795954 9 
3.1634011496809 0.5092355331686638 0.47872919377431655 0.49206408469367496 0.5132355331686638 0.48272919377431656 0.49606408469367497 9 
3.1560745038175 0.5092581781316419 0.47870467150615165 0.4920797134211754 0.5132581781316419 0.48270467150615165 0.4960797134211754 9 
3.148776689342 0.5092808318929299 0.4786802338485996 0.4920951785186301 0.51328083189293 0.4826802338485996 0.4960951785186301 9 
3.1415103200926 0.5093034411909747 0.47865587746549143 0.49211050998983397 0.5133034411909747 0.48265587746549143 0.49611050998983397 9 
3.1342754643171 0.5093261335268262 0.4786315501245053 0.49212581243608033 0.5133261335268262 0.4826315501245053 0.49612581243608034 9 
3.1270719042894 0.5093488592516249 0.4786073150233041 0.4921410728674881 0.5133488592516249 0.4826073150233041 0.4961410728674881 9 
3.119899424345 0.5093715647807805 0.4785832880902612 0.4921562259389528 0.5133715647807805 0.4825832880902612 0.4961562259389528 9 
3.1127578108557 0.5093942522080159 0.4785593771089954 0.4921712740175887 0.5133942522080159 0.4825593771089954 0.4961712740175887 9 
3.1056468522058 0.5094170313500096 0.4785355019974041 0.49218614232300334 0.5134170313500096 0.4825355019974041 0.49618614232300334 9 
3.0985663387676 0.50944000476305 0.4785116901696788 0.4922009546309322 0.51344000476305 0.4825116901696788 0.4962009546309322 9 
3.0915127408727 0.5094630623366113 0.47848807274139155 0.49221564960277603 0.5134630623366113 0.48248807274139155 0.49621564960277603 9 
3.0844891067424 0.5094860942462737 0.47846463985307497 0.4922303709654558 0.5134860942462737 0.482464639853075 0.4962303709654558 9 
3.0774953208457 0.5095091438198881 0.4784413710418051 0.49224496190905426 0.5135091438198881 0.4824413710418051 0.49624496190905426 9 
3.0705311811127 0.5095320886260342 0.4784182075474203 0.4922594806837309 0.5135320886260342 0.4824182075474203 0.4962594806837309 9 
3.0635964873479 0.5095550228948983 0.4783950566757038 0.4922739244468467 0.5135550228948983 0.4823950566757038 0.4962739244468467 9 
3.0566910412088 0.5095778901733149 0.47837191616374747 0.4922883851324738 0.5135778901733149 0.48237191616374747 0.4962883851324738 9 
3.0498146461836 0.5096006862895671 0.478348754216731 0.49230288211692474 0.5136006862895671 0.482348754216731 0.49630288211692475 9 
3.0429671075699 0.509623425272891 0.4783255561003587 0.4923174132723211 0.513623425272891 0.4823255561003587 0.4963174132723211 9 
3.0361452383258 0.5096461464929286 0.4783023326071776 0.49233201917739305 0.5136461464929286 0.4823023326071776 0.49633201917739306 9 
3.029351422556 0.5096687753075211 0.47827904290505385 0.49234686417796747 0.5136687753075211 0.48227904290505386 0.4963468641779675 9 
3.0225859096847 0.5096914542544868 0.47825581097045794 0.4923620135939971 0.5136914542544868 0.48225581097045794 0.4963620135939971 9 
3.0158485118826 0.5097141531204942 0.47823272117341187 0.49237729969821403 0.5137141531204942 0.48223272117341187 0.49637729969821404 9 
3.0091390430286 0.5097368536460618 0.4782097951969089 0.49239257709611567 0.5137368536460618 0.48220979519690893 0.4963925770961157 9 
3.0024573186901 0.509759471983156 0.4781869862016411 0.4924078651268674 0.513759471983156 0.4821869862016411 0.4964078651268674 9 
2.9958034010342 0.5097820757369038 0.4781641590508763 0.49242311802052685 0.5137820757369038 0.4821641590508763 0.49642311802052685 9 
2.9891763741313 0.5098046697411954 0.47814126389867745 0.49243830534272504 0.5138046697411954 0.48214126389867745 0.49643830534272504 9 
2.9825746953267 0.5098272684269616 0.4781182537215627 0.49245342392210906 0.5138272684269616 0.4821182537215627 0.49645342392210906 9 
2.9759986987166 0.5098498322840477 0.47809517073266755 0.49246850334156395 0.5138498322840477 0.48209517073266756 0.49646850334156395 9 
2.9694495688274 0.5098722835783542 0.47807216646244294 0.49248353630376945 0.5138722835783542 0.48207216646244294 0.49648353630376946 9 
2.9629271308074 0.5098945877961348 0.47804924416035227 0.49249853067418337 0.5138945877961348 0.4820492441603523 0.49649853067418337 9 
2.9564312113643 0.5099168806856125 0.4780263155968156 0.49251353586516844 0.5139168806856125 0.4820263155968156 0.49651353586516844 9 
2.9499616387478 0.5099391812456994 0.47800337225051354 0.49252857138267503 0.5139391812456994 0.48200337225051354 0.49652857138267503 9 
2.9435182427321 0.5099615184311123 0.477980418436358 0.4925435806807663 0.5139615184311123 0.481980418436358 0.4965435806807663 9 
2.9371008545984 0.5099839801039754 0.47795755234365866 0.49255859885092 0.5139839801039754 0.48195755234365867 0.49655859885092 9 
2.9307086966299 0.5100066874269603 0.47793484447229323 0.4925737299762016 0.5140066874269603 0.48193484447229323 0.4965737299762016 9 
2.924339355746 0.5100295248267657 0.4779124413118547 0.4925889479695047 0.5140295248267657 0.4819124413118547 0.4965889479695047 9 
2.9179955449638 0.5100524088468774 0.47789025084209275 0.49260431729420173 0.5140524088468774 0.48189025084209275 0.49660431729420174 9 
2.9116771012797 0.5100752541163509 0.4778681176394868 0.4926198380187967 0.5140752541163509 0.4818681176394868 0.4966198380187967 9 
2.9053838631165 0.5100980645748874 0.4778460177101857 0.4926355402021516 0.5140980645748874 0.4818460177101857 0.4966355402021516 9 
2.8991156703073 0.510120680295987 0.4778239012012019 0.4926513674633937 0.514120680295987 0.4818239012012019 0.4966513674633937 9 
2.8928723640799 0.5101431099176006 0.4778017139888493 0.49266730977729517 0.5141431099176006 0.4818017139888493 0.4966673097772952 9 
2.8866537870417 0.5101652989090152 0.47777925915354913 0.49268342823101363 0.5141652989090152 0.48177925915354913 0.49668342823101364 9 
2.8804597831643 0.5101872104454749 0.47775663457825435 0.4926996930695256 0.5141872104454749 0.48175663457825435 0.4966996930695256 9 
2.8742881909078 0.5102088625527506 0.47773398181967214 0.4927160176572993 0.5142088625527506 0.48173398181967214 0.4967160176572993 9 
2.868139389412 0.5102302633700226 0.4777112979419285 0.49273244411126654 0.5142302633700226 0.4817112979419285 0.49673244411126655 9 
2.8620147201979 0.5102514208801798 0.4776886569592488 0.4927488762655712 0.5142514208801798 0.4816886569592488 0.4967488762655712 9 
2.8559140324042 0.5102724645379866 0.47766608831847457 0.4927653549503495 0.5142724645379866 0.4816660883184746 0.4967653549503495 9 
2.8498371764623 0.5102932401232823 0.4776435694075768 0.4927817119630595 0.5142932401232823 0.4816435694075768 0.4967817119630595 9 
2.8437840040819 0.510313761267596 0.4776210902136254 0.49279804199579386 0.514313761267596 0.4816210902136254 0.49679804199579386 9 
2.8377543682371 0.5103340911229407 0.4775987326041704 0.4928142125974164 0.5143340911229407 0.4815987326041704 0.4968142125974164 9 
2.8317481231532 0.5103542582984327 0.47757637135359315 0.4928303186574247 0.5143542582984327 0.48157637135359316 0.4968303186574247 9 
2.8257651242924 0.5103743919716058 0.4775540030265835 0.4928463250372044 0.5143743919716058 0.4815540030265835 0.4968463250372044 9 
2.8198024174793 0.5103944344294657 0.4775316272344907 0.4928623195707652 0.5143944344294658 0.4815316272344907 0.4968623195707652 9 
2.8138619846925 0.5104143098590131 0.47750919633099914 0.4928783924738142 0.5144143098590132 0.48150919633099915 0.4968783924738142 9 
2.8079443906796 0.5104340156730893 0.4774867328637635 0.4928945223904729 0.5144340156730893 0.4814867328637635 0.4968945223904729 9 
2.8020494955847 0.5104534808052837 0.4774644074813736 0.49291079189219683 0.5144534808052837 0.4814644074813736 0.49691079189219683 9 
2.7961771607254 0.5104728735283862 0.47744208234152163 0.4929271782165906 0.5144728735283862 0.48144208234152164 0.4969271782165906 9 
2.7903272485808 0.5104922202946518 0.47741967968269083 0.4929435441074862 0.5144922202946518 0.48141967968269084 0.4969435441074862 9 
2.7844996227786 0.5105115347788687 0.4773972577601656 0.49295998844385 0.5145115347788687 0.4813972577601656 0.49695998844385 9 
2.7786941480832 0.5105308196117905 0.4773746477803871 0.49297649265081467 0.5145308196117905 0.4813746477803871 0.49697649265081467 9 
2.7729106903838 0.5105499959083437 0.4773519443557579 0.49299294475672806 0.5145499959083437 0.4813519443557579 0.49699294475672806 9 
2.7671461137324 0.510569107035469 0.47732931952630636 0.49300938831833807 0.514569107035469 0.48132931952630637 0.4970093883183381 9 
2.7614027747164 0.5105882691187519 0.4773066042433651 0.49302604025167857 0.5145882691187519 0.4813066042433651 0.49702604025167857 9 
2.755681075595 0.5106075370494985 0.477283846688832 0.49304286777376727 0.5146075370494985 0.481283846688832 0.49704286777376727 9 
2.7499814536001 0.510626683621795 0.4772608758296621 0.49305985332743973 0.514626683621795 0.4812608758296621 0.49705985332743974 9 
2.7443020786027 0.5106457870559291 0.4772376926475715 0.4930770134544174 0.5146457870559291 0.4812376926475715 0.4970770134544174 9 
2.7386445243154 0.5106648980159363 0.4772143165332438 0.4930942761677893 0.5146648980159363 0.4812143165332438 0.4970942761677893 9 
2.7330080967851 0.5106840870855047 0.47719075524166177 0.4931114737964076 0.5146840870855047 0.48119075524166177 0.4971114737964076 9 
2.7273926704128 0.51070328141431 0.47716705641779983 0.4931286526803685 0.51470328141431 0.48116705641779983 0.4971286526803685 9 
2.7217981205674 0.5107224927005138 0.47714336816466685 0.4931458744228934 0.5147224927005138 0.48114336816466685 0.49714587442289343 9 
2.7162217622248 0.5107416271532782 0.47711969674703986 0.4931631389261221 0.5147416271532782 0.48111969674703986 0.49716313892612213 9 
2.710665055125 0.5107606506690517 0.4770960336413909 0.4931804859013441 0.5147606506690517 0.4810960336413909 0.4971804859013441 9 
2.7051288750561 0.5107796350751259 0.47707235596878633 0.4931978538597478 0.5147796350751259 0.48107235596878634 0.4971978538597478 9 
2.699613101252 0.5107986051606861 0.47704873416726157 0.493215261259972 0.5147986051606861 0.48104873416726157 0.497215261259972 9 
2.6941176139201 0.5108175804037761 0.4770250774717123 0.4932328078546937 0.5148175804037761 0.4810250774717123 0.4972328078546937 9 
2.6886422942316 0.5108365653376725 0.47700126346298305 0.4932504884972079 0.5148365653376725 0.48100126346298305 0.4972504884972079 9 
2.6831870243116 0.5108555727027839 0.4769773337281681 0.493268306342548 0.5148555727027839 0.4809773337281681 0.497268306342548 9 
2.6777516872294 0.5108745387469474 0.4769532907145326 0.49328618626392623 0.5148745387469474 0.4809532907145326 0.49728618626392623 9 
2.6723361669889 0.5108934791105633 0.4769291822336935 0.4933040902637876 0.5148934791105633 0.4809291822336935 0.4973040902637876 9 
2.6669388861383 0.5109123551664689 0.4769051730116867 0.4933219627966913 0.5149123551664689 0.4809051730116867 0.49732196279669133 9 
2.6615590885918 0.5109311595177014 0.4768811596385176 0.49333981109315345 0.5149311595177014 0.48088115963851763 0.49733981109315345 9 
2.6561987835508 0.5109500129151708 0.47685695745177115 0.4933576659992154 0.5149500129151708 0.48085695745177115 0.4973576659992154 9 
2.6508578585405 0.5109689902421 0.4768326148137215 0.49337547803774634 0.5149689902421 0.4808326148137215 0.49737547803774634 9 
2.6455362019753 0.5109880917457357 0.47680828167550465 0.49339326979873366 0.5149880917457357 0.48080828167550466 0.49739326979873366 9 
2.6402337031506 0.511007221224224 0.47678391490567046 0.4934110828848187 0.515007221224224 0.48078391490567046 0.4974110828848187 9 
2.6349502522329 0.511026396794509 0.4767594643465704 0.49342875253368873 0.515026396794509 0.4807594643465704 0.49742875253368873 9 
2.6296857402522 0.5110456782660104 0.4767349792987708 0.49344625798364294 0.5150456782660104 0.4807349792987708 0.49744625798364295 9 
2.6244400590924 0.5110651399612188 0.4767103209506811 0.4934637494488065 0.5150651399612188 0.4807103209506811 0.4974637494488065 9 
2.6192131014838 0.5110846668273242 0.4766855129436713 0.49348125298311707 0.5150846668273242 0.4806855129436713 0.4974812529831171 9 
2.6140014850298 0.5111041835047793 0.47666075428746857 0.4934987740718438 0.5151041835047793 0.4806607542874686 0.4974987740718438 9 
2.6088080779502 0.511123690130946 0.47663607392101576 0.49351624037612674 0.515123690130946 0.48063607392101576 0.49751624037612674 9 
2.6036330954259 0.5111432336002115 0.47661143337918377 0.4935336974189978 0.5151432336002115 0.4806114333791838 0.4975336974189978 9 
2.5984764333688 0.5111628808492025 0.4765869361217192 0.4935510150321149 0.5151628808492025 0.4805869361217192 0.4975510150321149 9 
2.5933379884962 0.5111825367009245 0.4765625068557942 0.49356828015043236 0.5151825367009245 0.4805625068557942 0.49756828015043236 9 
2.5882176583238 0.5112022030959805 0.47653808167279665 0.4935855761519725 0.5152022030959805 0.48053808167279666 0.4975855761519725 9 
2.5831153411572 0.5112219124968762 0.476513619992314 0.4936029593564969 0.5152219124968762 0.480513619992314 0.4976029593564969 9 
2.5780309360845 0.5112416116173607 0.47648913005182036 0.4936204748481902 0.5152416116173607 0.48048913005182037 0.4976204748481902 9 
2.5729643429684 0.5112612817196213 0.476464728617652 0.4936380526188765 0.5152612817196213 0.480464728617652 0.4976380526188765 9 
2.5679146480014 0.5112809628360201 0.4764403309288373 0.49365570178027 0.5152809628360201 0.4804403309288373 0.49765570178027 9 
2.5628797707525 0.511300663548917 0.47641595382842883 0.49367342268033776 0.515300663548917 0.48041595382842883 0.49767342268033776 9 
2.5578624272738 0.5113203504010235 0.47639161961089704 0.49369120933764715 0.5153203504010235 0.48039161961089705 0.49769120933764716 9 
2.5528625203371 0.5113401197316678 0.4763673215124597 0.49370904668545373 0.5153401197316678 0.4803673215124597 0.49770904668545374 9 
2.5478799534532 0.5113598965402213 0.47634301722168626 0.4937270803959276 0.5153598965402213 0.48034301722168626 0.4977270803959276 9 
2.5429146308645 0.5113796903186313 0.4763187246489951 0.493745205452542 0.5153796903186313 0.4803187246489951 0.497745205452542 9 
2.5379664575381 0.5113994308033186 0.476294457756928 0.4937633341337414 0.5153994308033186 0.48029445775692803 0.4977633341337414 9 
2.5330353391588 0.511419005044777 0.47627026147928136 0.493781473528778 0.515419005044777 0.48027026147928137 0.497781473528778 9 
2.5281211821226 0.5114384478059302 0.47624611930641764 0.4937996260927483 0.5154384478059302 0.48024611930641764 0.4977996260927483 9 
2.5232238935291 0.5114578099815104 0.47622200402621684 0.4938178213476034 0.5154578099815104 0.48022200402621684 0.4978178213476034 9 
2.5183421205572 0.5114771246844582 0.476197844169788 0.4938360366821312 0.5154771246844582 0.480197844169788 0.4978360366821312 9 
2.5134746641511 0.5114964152791904 0.4761736468905026 0.49385423446429966 0.5154964152791904 0.4801736468905026 0.49785423446429966 9 
2.5086238190324 0.5115156926113286 0.47614940783000104 0.49387236215252317 0.5155156926113286 0.48014940783000104 0.4978723621525232 9 
2.5037894949392 0.5115350070686547 0.47612508594009056 0.4938904300370246 0.5155350070686547 0.48012508594009057 0.4978904300370246 9 
2.498971980488 0.5115543029764583 0.4761006810480348 0.4939084025857393 0.5155543029764583 0.4801006810480348 0.4979084025857393 9 
2.4941700520989 0.5115735463603924 0.476076218194337 0.4939262341223229 0.5155735463603924 0.480076218194337 0.4979262341223229 9 
2.4893847562387 0.5115927808365234 0.4760517647221865 0.49394407086019887 0.5155927808365234 0.4800517647221865 0.4979440708601989 9 
2.4846156269772 0.511612023366871 0.47602733807835435 0.49396189158292086 0.515612023366871 0.48002733807835435 0.49796189158292087 9 
2.4798625773882 0.5116312583078305 0.4760029287132467 0.4939796983810996 0.5156312583078305 0.4800029287132467 0.4979796983810996 9 
2.4751255211488 0.5116504620734382 0.47597859952601235 0.4939974671474916 0.5156504620734382 0.47997859952601235 0.4979974671474916 9 
2.4704033768435 0.5116695645754371 0.47595433005932825 0.49401517996570166 0.5156695645754371 0.47995433005932825 0.49801517996570166 9 
2.4656944006766 0.5116886330836763 0.47593009139929926 0.49403288714819793 0.5156886330836763 0.47993009139929926 0.49803288714819793 9 
2.4610011798267 0.5117076914239184 0.47590579385641435 0.4940506860345573 0.5157076914239184 0.47990579385641435 0.4980506860345573 9 
2.4563236303683 0.5117267374169016 0.475881501598472 0.4940685438505494 0.5157267374169016 0.479881501598472 0.4980685438505494 9 
2.4516616689885 0.5117458766346892 0.47585729744491306 0.49408630225937733 0.5157458766346892 0.47985729744491307 0.49808630225937733 9 
2.4470152129813 0.5117651074845838 0.4758330911036236 0.49410399396350874 0.5157651074845838 0.4798330911036236 0.49810399396350874 9 
2.4423841802423 0.5117843522341085 0.47580888060951443 0.4941216093922567 0.5157843522341085 0.47980888060951443 0.4981216093922567 9 
2.4377684892625 0.5118035633606807 0.4757846585104953 0.49413919502058196 0.5158035633606807 0.4797846585104953 0.49813919502058196 9 
2.4331680591237 0.5118228459504606 0.4757603908959527 0.4941568434072127 0.5158228459504606 0.4797603908959527 0.4981568434072127 9 
2.4285828094924 0.5118422613798838 0.475736079489137 0.4941745332836877 0.5158422613798838 0.479736079489137 0.4981745332836877 9 
2.4240126606144 0.5118617034832715 0.4757118629073171 0.494192235670122 0.5158617034832715 0.4797118629073171 0.498192235670122 9 
2.4194538637356 0.5118810495062446 0.4756876642040378 0.4942099123814459 0.5158810495062446 0.4796876642040378 0.4982099123814459 9 
2.4149100214878 0.5119003246543827 0.475663417183599 0.494227654614277 0.5159003246543827 0.479663417183599 0.498227654614277 9 
2.410381060985 0.5119195491921328 0.47563911986668556 0.49424547274689784 0.5159195491921328 0.47963911986668556 0.49824547274689784 9 
2.4058669046354 0.5119386718226008 0.47561476417960785 0.49426320880928226 0.5159386718226008 0.47961476417960786 0.49826320880928227 9 
2.4013674754014 0.5119576880143317 0.47559039950299165 0.49428081498028725 0.5159576880143317 0.47959039950299165 0.49828081498028726 9 
2.396882696795 0.5119766522733414 0.4755660804080316 0.49429827988699604 0.5159766522733414 0.4795660804080316 0.49829827988699604 9 
2.3924124928724 0.5119955435715697 0.4755418041728207 0.4943156578015361 0.5159955435715697 0.4795418041728207 0.4983156578015361 9 
2.3879567882293 0.5120142824265641 0.4755175159672371 0.4943329013772961 0.5160142824265641 0.47951751596723713 0.4983329013772961 9 
2.3835155079961 0.5120329108531461 0.47549323084801715 0.4943499338367256 0.5160329108531461 0.47949323084801715 0.4983499338367256 9 
2.3790885778331 0.512051390430623 0.4754688680181644 0.4943668752710077 0.516051390430623 0.4794688680181644 0.4983668752710077 9 
2.3746739909273 0.5120696962775734 0.47544448749141444 0.49438373693272397 0.5160696962775734 0.47944448749141444 0.498383736932724 9 
2.3702718540797 0.5120877847746698 0.4754201193990389 0.4944006084729361 0.5160877847746698 0.4794201193990389 0.4984006084729361 9 
2.365883864053 0.5121057089557668 0.4753956707672188 0.49441746084288896 0.5161057089557668 0.4793956707672188 0.49841746084288896 9 
2.361509948479 0.5121234904009914 0.4753711096919224 0.4944343110054183 0.5161234904009914 0.4793711096919224 0.4984343110054183 9 
2.357150035497 0.5121410926405667 0.4753464503816654 0.49445113132456664 0.5161410926405667 0.4793464503816654 0.49845113132456664 9 
2.3528040537491 0.5121585659049972 0.47532169631409016 0.4944677849846504 0.5161585659049972 0.47932169631409016 0.4984677849846504 9 
2.3484719323754 0.5121758513067055 0.475296776232291 0.4944843169312436 0.5161758513067055 0.479296776232291 0.4984843169312436 9 
2.3441536010102 0.5121926885923381 0.4752726061706162 0.49450208395100465 0.5161926885923381 0.4792726061706162 0.49850208395100465 9 
2.3398489897773 0.5122095456044304 0.4752470645740513 0.494518404478337 0.5162095456044304 0.4792470645740513 0.498518404478337 9 
2.3355580292858 0.5122261643054452 0.47522125270742066 0.49453461881984717 0.5162261643054452 0.47922125270742066 0.4985346188198472 9 
2.3312806506255 0.5122425285711517 0.4751951957286704 0.4945507035338841 0.5162425285711517 0.4791951957286704 0.4985507035338841 9 
2.3270136617715 0.5122586116696399 0.4751689170814806 0.49456669058134506 0.5162586116696399 0.4791689170814806 0.49856669058134506 9 
2.3227595414562 0.5122743583758333 0.47514244631654273 0.49458258499068836 0.5162743583758334 0.47914244631654274 0.49858258499068836 9 
2.3185188154561 0.5122897656669737 0.47511589317014075 0.49459833269657455 0.5162897656669737 0.47911589317014075 0.49859833269657455 9 
2.3142914166462 0.5123047626454607 0.47508929555445767 0.49461390183184045 0.5163047626454607 0.4790892955544577 0.49861390183184046 9 
2.3100772783626 0.5123192998218217 0.4750625974298615 0.49462921994421793 0.5163192998218217 0.4790625974298615 0.49862921994421794 9 
2.3058763343982 0.5123333144239475 0.47503588000536245 0.49464425687398433 0.5163333144239475 0.47903588000536246 0.49864425687398434 9 
2.3016885189989 0.5123468573075287 0.4750092294130395 0.4946590052545852 0.5163468573075287 0.47900922941303953 0.49865900525458523 9 
2.2975137668596 0.5123600591044979 0.4749826390624418 0.4946734178615128 0.5163600591044979 0.4789826390624418 0.4986734178615128 9 
2.2933520131206 0.5123730085978028 0.47495619538533873 0.4946874873084062 0.5163730085978028 0.47895619538533873 0.49868748730840623 9 
2.2892031933632 0.5123856881272331 0.4749300033382725 0.4947012102263128 0.5163856881272331 0.4789300033382725 0.4987012102263128 9 
2.2850672436064 0.5123980476377638 0.47490413470767606 0.49471447594645496 0.5163980476377638 0.47890413470767607 0.49871447594645496 9 
2.2809405558184 0.5124101610932632 0.4748785303717986 0.4947273073541825 0.5164101610932632 0.4788785303717986 0.4987273073541825 9 
2.2768264373691 0.5124221785507522 0.4748531254088754 0.4947397502292228 0.5164221785507522 0.4788531254088754 0.4987397502292228 9 
2.2727250156917 0.5124341369910659 0.4748280174007861 0.49475166053332664 0.5164341369910659 0.4788280174007861 0.49875166053332665 9 
2.2686362284241 0.5124460685447972 0.4748033789475148 0.4947630793004409 0.5164460685447972 0.4788033789475148 0.4987630793004409 9 
2.2645600136242 0.5124580258359486 0.47477932315642735 0.49477400018193146 0.5164580258359486 0.47877932315642735 0.49877400018193147 9 
2.2604963097658 0.5124700514575377 0.4747558384918247 0.4947843217466448 0.5164700514575377 0.4787558384918247 0.4987843217466448 9 
2.2564450557355 0.5124821556502442 0.47473287268987424 0.49479406459702063 0.5164821556502442 0.47873287268987424 0.49879406459702064 9 
2.2524061908289 0.5124943437047037 0.4747103579130451 0.49480323505034324 0.5164943437047037 0.4787103579130451 0.49880323505034324 9 
2.2483798948754 0.5125066789330059 0.4746882205667774 0.49481188239109275 0.516506678933006 0.4786882205667774 0.49881188239109275 9 
2.2443653875696 0.5125192210485087 0.47466646331542367 0.4948200075120711 0.5165192210485087 0.4786664633154237 0.4988200075120711 9 
2.2403633298703 0.5125319324625349 0.47464504608373326 0.49482776534655776 0.5165319324625349 0.47864504608373326 0.49882776534655776 9 
2.2363702512927 0.512544965355911 0.47462397154410374 0.4948352216805825 0.516544965355911 0.47862397154410374 0.49883522168058253 9 
2.2323886957508 0.512558326974222 0.47460318608764285 0.49484240097744353 0.516558326974222 0.47860318608764285 0.49884240097744353 9 
2.228419189411 0.512572045090356 0.4745826995069958 0.49484934066795216 0.516572045090356 0.4785826995069958 0.49884934066795217 9 
2.2244616742465 0.5125860934951975 0.4745624640923484 0.4948562281564157 0.5165860934951975 0.4785624640923484 0.4988562281564157 9 
2.2205160926137 0.5126004329539043 0.4745425574391911 0.4948631534807954 0.5166004329539043 0.4785425574391911 0.4988631534807954 9 
2.2165823872486 0.512615126196613 0.47452286118224773 0.494870195384015 0.516615126196613 0.47852286118224774 0.498870195384015 9 
2.2126605012635 0.5126302060514348 0.47450338370606193 0.49487735610168604 0.5166302060514348 0.47850338370606194 0.49887735610168604 9 
2.2087503781445 0.5126457102602319 0.47448414207200923 0.49488465689129085 0.5166457102602319 0.47848414207200923 0.49888465689129086 9 
2.2048519617476 0.5126615733455979 0.47446512778755306 0.49489210763173996 0.5166615733455979 0.47846512778755307 0.49889210763173997 9 
2.2009651962963 0.5126778147912909 0.4744463860836852 0.49489974980664225 0.5166778147912909 0.4784463860836852 0.49889974980664226 9 
2.197090026378 0.5126944628164276 0.47442802208049584 0.49490760948155416 0.5166944628164276 0.47842802208049584 0.49890760948155416 9 
2.1932244201332 0.5127114789210461 0.47440998607483653 0.4949155096948512 0.5167114789210461 0.47840998607483654 0.4989155096948512 9 
2.1893685122466 0.512728879636811 0.47439233464050773 0.4949235486002526 0.516728879636811 0.47839233464050773 0.4989235486002526 9 
2.1855240515174 0.5127467109705764 0.47437500799481186 0.4949318377572978 0.5167467109705765 0.47837500799481186 0.4989318377572978 9 
2.1816909838723 0.5127650429178525 0.47435795995889285 0.4949403934195467 0.5167650429178525 0.47835795995889285 0.4989403934195467 9 
2.1778692555878 0.5127837757783984 0.47434127514246993 0.49494915947919566 0.5167837757783984 0.47834127514246993 0.49894915947919566 9 
2.1740588132877 0.5128028448448266 0.47432494286148275 0.4949581158694347 0.5168028448448266 0.47832494286148275 0.4989581158694347 9 
2.1702596039401 0.5128222189681081 0.4743089106679012 0.4949672164090804 0.5168222189681081 0.4783089106679012 0.4989672164090804 9 
2.1664715748545 0.5128418754680962 0.47429317504416973 0.4949764007541611 0.5168418754680962 0.47829317504416974 0.4989764007541611 9 
2.162694673679 0.51286176993232 0.4742777953823074 0.49498575204545053 0.51686176993232 0.4782777953823074 0.49898575204545054 9 
2.1589288483977 0.5128820008771618 0.4742627221157249 0.4949953324827096 0.5168820008771619 0.4782627221157249 0.4989953324827096 9 
2.1551740473277 0.512902681154427 0.4742477992086989 0.4950051312459342 0.5169026811544271 0.4782477992086989 0.4990051312459342 9 
2.1514302191168 0.5129239025914117 0.4742330089791746 0.49501507103540704 0.5169239025914117 0.4782330089791746 0.49901507103540704 9 
2.1476935887478 0.5129456180212129 0.4742184685806972 0.4950251484978567 0.5169456180212129 0.4782184685806972 0.49902514849785673 9 
2.1439677772138 0.5129677848118552 0.47420419349040566 0.4950353869212934 0.5169677848118552 0.47820419349040566 0.4990353869212934 9 
2.1402528018799 0.5129903653164258 0.47419021637231784 0.49504592248054213 0.5169903653164258 0.47819021637231784 0.49904592248054214 9 
2.1365486126047 0.5130133071062976 0.4741762686798933 0.49505675348113365 0.5170133071062976 0.4781762686798933 0.49905675348113365 9 
2.1328551595646 0.513036619041366 0.47416225047401567 0.4950678133546477 0.517036619041366 0.47816225047401567 0.4990678133546477 9 
2.1291723932513 0.5130602336084928 0.47414823885923113 0.49507913860986114 0.5170602336084928 0.47814823885923113 0.49907913860986114 9 
2.1255002644696 0.5130839734642674 0.4741342517477227 0.4950906196576178 0.5170839734642674 0.4781342517477227 0.4990906196576178 9 
2.1218387243342 0.5131075244406801 0.4741203278666249 0.4951020771128197 0.5171075244406801 0.4781203278666249 0.49910207711281973 9 
2.118187724268 0.5131307031889489 0.47410639239563473 0.49511375437824845 0.5171307031889489 0.47810639239563474 0.49911375437824845 9 
2.1145472159991 0.5131535094713658 0.47409212228491815 0.4951255987822054 0.5171535094713658 0.47809212228491815 0.4991255987822054 9 
2.1109171515583 0.5131760818776703 0.47407763085710514 0.4951375861458853 0.5171760818776703 0.47807763085710514 0.4991375861458853 9 
2.1072966550091 0.5131982867878133 0.4740631162076892 0.4951499354151726 0.5171982867878133 0.4780631162076892 0.4991499354151726 9 
2.1036835284525 0.5132203712115146 0.47404844980863803 0.4951623798907318 0.5172203712115147 0.47804844980863803 0.4991623798907318 9 
2.1000807188935 0.5132423940976371 0.47403367342115815 0.4951750434589843 0.5172423940976371 0.47803367342115816 0.4991750434589843 9 
2.0964881794689 0.5132644823560196 0.47401881507371096 0.4951878433008978 0.5172644823560196 0.47801881507371097 0.4991878433008978 9 
2.0929058636071 0.5132866250878199 0.4740039456104426 0.49520061703111884 0.5172866250878199 0.4780039456104426 0.49920061703111884 9 
2.0893337250261 0.5133088406425024 0.47398906838139737 0.4952134458393321 0.5173088406425024 0.4779890683813974 0.4992134458393321 9 
2.0857717177306 0.5133312553497299 0.4739741149579484 0.495226260161631 0.5173312553497299 0.4779741149579484 0.499226260161631 9 
2.0822197960104 0.513353704958445 0.47395904363659047 0.4952390555732686 0.517353704958445 0.4779590436365905 0.4992390555732686 9 
2.0786779144378 0.5133762932123289 0.4739439779915778 0.4952518284689018 0.5173762932123289 0.4779439779915778 0.4992518284689018 9 
2.0751460278654 0.5133991240897524 0.473928848397023 0.4952646833952287 0.5173991240897524 0.477928848397023 0.4992646833952287 9 
2.0716240914239 0.5134222757088525 0.4739136213526354 0.4952775688165871 0.5174222757088525 0.4779136213526354 0.4992775688165871 9 
2.0681120605201 0.5134457323268152 0.47389815998651413 0.49529054288859425 0.5174457323268152 0.47789815998651414 0.49929054288859426 9 
2.0646090298741 0.5134696169859084 0.4738825287726722 0.4953035620682764 0.5174696169859084 0.4778825287726722 0.4993035620682764 9 
2.0611128517163 0.5134939433297003 0.4738667429108879 0.4953166399394795 0.5174939433297003 0.4778667429108879 0.4993166399394795 9 
2.0576264620118 0.5135185945679854 0.473850825927836 0.49532977669497846 0.5175185945679854 0.477850825927836 0.49932977669497847 9 
2.0541498171705 0.513543612199556 0.473834972294882 0.4953430322055233 0.517543612199556 0.477834972294882 0.4993430322055233 9 
2.0506828738688 0.513568898054398 0.47381909489022733 0.49535641866648034 0.517568898054398 0.47781909489022734 0.49935641866648034 9 
2.0472255890465 0.5135943677221417 0.4738028898801477 0.49536991438241 0.5175943677221417 0.4778028898801477 0.49936991438241 9 
2.0437779199054 0.5136199618961657 0.4737862942662058 0.4953834838478021 0.5176199618961657 0.4777862942662058 0.4993834838478021 9 
2.0403398239073 0.5136455433858863 0.4737692796355708 0.4953970459426495 0.5176455433858863 0.4777692796355708 0.4993970459426495 9 
2.0369112587715 0.5136709003771155 0.4737516621814523 0.49541054165014603 0.5176709003771155 0.4777516621814523 0.49941054165014603 9 
2.0334921824735 0.5136958235771432 0.47373361862023466 0.4954239543059932 0.5176958235771432 0.47773361862023467 0.4994239543059932 9 
2.0300825532424 0.5137201401448155 0.47371535814847404 0.49543721482229186 0.5177201401448155 0.47771535814847405 0.49943721482229186 9 
2.0266823295594 0.5137439705244948 0.4736969105608915 0.4954503011044826 0.5177439705244948 0.47769691056089153 0.49945030110448263 9 
2.0232914664964 0.5137672367530296 0.47367836838059146 0.4954631410636087 0.5177672367530296 0.47767836838059147 0.49946314106360873 9 
2.0199060829107 0.513790096931738 0.47365968445277107 0.4954757060138412 0.517790096931738 0.47765968445277107 0.4994757060138412 9 
2.0165299966681 0.513812655609544 0.47364080932008307 0.49548827663535183 0.517812655609544 0.47764080932008307 0.49948827663535184 9 
2.0131631671614 0.5138349088572828 0.4736218998980663 0.49550098819311406 0.5178349088572828 0.4776218998980663 0.49950098819311406 9 
2.009805554027 0.5138567267285985 0.47360299942887146 0.49551371998162186 0.5178567267285985 0.47760299942887147 0.49951371998162186 9 
2.0064571171418 0.5138781208644662 0.47358403317901726 0.49552643019074194 0.5178781208644662 0.47758403317901726 0.49952643019074194 9 
2.0031178166226 0.5138992352399939 0.47356504260519766 0.4955392095561377 0.5178992352399939 0.47756504260519766 0.49953920955613773 9 
