8.1330643194892 0.5020625233048852 0.4866928189902276 0.4873441812108917 0.5050625233048851 0.4896928189902276 0.4903441812108917 9
8.0818843214791 0.5020994381413931 0.48665716855455704 0.48736975069575644 0.505099438141393 0.48965716855455704 0.49036975069575645 9
8.0314148869044 0.5021362723401257 0.48662161996788456 0.4873952518608256 0.5051362723401256 0.48962161996788456 0.4903952518608256 9
7.9816419161148 0.5021730248664933 0.4865861743455448 0.4874206841948463 0.5051730248664932 0.4895861743455448 0.4904206841948463 9
7.9325417101846 0.5022097040366681 0.4865508237851255 0.48744605378947653 0.505209704036668 0.4895508237851255 0.49044605378947653 9
7.8841093256458 0.5022463041800865 0.4865155740230376 0.4874713560845699 0.5052463041800864 0.4895155740230376 0.4904713560845699 9
7.8363256870345 0.5022828287259838 0.4864804221023577 0.4874965930588772 0.5052828287259837 0.4894804221023577 0.4904965930588772 9
7.7891789670368 0.5023192792815199 0.4864453672342619 0.4875217654368247 0.5053192792815198 0.4894453672342619 0.4905217654368247 9
7.7426543516668 0.5023556571537708 0.48641040828933757 0.4875468743300196 0.5053556571537707 0.4894104082893376 0.4905468743300196 9
7.6967390981526 0.5023919636735044 0.48637554412134076 0.4875719206621967 0.5053919636735043 0.48937554412134077 0.4905719206621967 9
7.6514215382762 0.5024281995656118 0.4863407740492032 0.4875969050511624 0.5054281995656117 0.4893407740492032 0.4905969050511624 9
7.6066870985632 0.5024643661275905 0.48630609717313356 0.487621828254713 0.5054643661275904 0.48930609717313356 0.490621828254713 9
7.56252588351 0.5025004643366708 0.4862715130059843 0.4876466905176477 0.5055004643366707 0.4892715130059843 0.4906466905176477 9
7.5189257900861 0.502536495343009 0.4862370212215884 0.48767149233232676 0.5055364953430089 0.4892370212215884 0.49067149233232676 9
7.4758742805379 0.50257245972173 0.48620262110650075 0.48769623459023487 0.5055724597217299 0.48920262110650076 0.49069623459023487 9
7.4333621571324 0.5026083588114538 0.4861683119793911 0.48772091799695794 0.5056083588114537 0.4891683119793911 0.49072091799695794 9
7.3913774665521 0.502644193676125 0.48613409351311415 0.4877455432478919 0.5056441936761249 0.48913409351311415 0.4907455432478919 9
7.349909823956 0.5026799656036236 0.4860999650549808 0.48777011113057805 0.5056799656036235 0.4890999650549808 0.49077011113057806 9
7.3089502830204 0.5027156752389293 0.48606592651222724 0.48779462225736236 0.5057156752389292 0.48906592651222724 0.49079462225736237 9
7.2684872391571 0.5027513235064384 0.48603197813812526 0.48781907721255907 0.5057513235064383 0.48903197813812527 0.4908190772125591 9
7.2285121024239 0.5027869106715509 0.4859981199969379 0.48784347716699794 0.5057869106715508 0.48899811999693793 0.49084347716699794 9
7.1890162272408 0.5028224368378175 0.4859643516049354 0.48786782391908456 0.5058224368378174 0.4889643516049354 0.49086782391908457 9
7.1499884119886 0.5028579028134068 0.48593067214042457 0.48789211858158416 0.5058579028134067 0.48893067214042457 0.49089211858158416 9
7.1114215058699 0.5028933098578159 0.48589707896059975 0.4879163627747168 0.5058933098578158 0.48889707896059975 0.4909163627747168 9
7.0733072276286 0.502928661102704 0.4858635694334302 0.48794055784006113 0.5059286611027038 0.4888635694334302 0.49094055784006113 9
7.0356348473542 0.5029639652344529 0.48583013573372874 0.4879647059349017 0.5059639652344528 0.48883013573372874 0.4909647059349017 9
6.9984018395066 0.5029991802537989 0.4857967926954243 0.4879887105236477 0.5059991802537988 0.4887967926954243 0.4909887105236477 9
6.9615897368687 0.503034357153458 0.4857635290899391 0.4880126757196924 0.5060343571534579 0.4887635290899391 0.4910126757196924 9
6.9251989919202 0.503069486507907 0.4857303620258331 0.4880365925547453 0.5060694865079068 0.4887303620258331 0.4910365925547453 9
6.889220717047 0.5031045602270717 0.485697289213642 0.4880604669994126 0.5061045602270716 0.488697289213642 0.4910604669994126 9
6.8536476043573 0.5031396337508524 0.48566429101620107 0.48808438760899536 0.5061396337508522 0.48866429101620107 0.49108438760899537 9
6.8184701284878 0.5031746581000426 0.4856313756338239 0.4881082591577623 0.5061746581000425 0.4886313756338239 0.4911082591577623 9
6.7836833043465 0.5032096359202431 0.4855985351744528 0.4881320803159647 0.506209635920243 0.4885985351744528 0.4911320803159647 9
6.7492804580935 0.5032444761985824 0.4855657727270049 0.48815567945180277 0.5062444761985823 0.4885657727270049 0.4911556794518028 9
6.7152528236759 0.5032793247544863 0.48553306037513405 0.4881793196383017 0.5062793247544862 0.48853306037513405 0.4911793196383017 9
6.6815954030677 0.5033140914234242 0.48550041350015616 0.4882028259957274 0.5063140914234241 0.48850041350015616 0.4912028259957274 9
6.6483022721564 0.5033488729107622 0.48546782770698976 0.48822637480858533 0.5063488729107621 0.48846782770698977 0.49122637480858533 9
6.6153655461906 0.5033834332473143 0.4854353385610406 0.4882495628011007 0.5063834332473142 0.4884353385610406 0.4912495628011007 9
6.58277983259 0.5034181057984048 0.4854028827469005 0.48827296169894147 0.5064181057984047 0.4884028827469005 0.49127296169894147 9
6.5505400847295 0.5034527052523311 0.4853704935811715 0.4882962713868745 0.506452705252331 0.4883704935811715 0.4912962713868745 9
6.5186394340621 0.5034873413048715 0.48533814810003695 0.48831965104606995 0.5064873413048714 0.48833814810003695 0.49131965104606995 9
6.4870717002914 0.5035220093758676 0.4853058754265945 0.48834310118757185 0.5065220093758674 0.4883058754265945 0.49134310118757185 9
6.455832854524 0.5035566595641675 0.4852736892710107 0.48836653766101035 0.5065566595641674 0.4882736892710107 0.49136653766101035 9
6.4249171923139 0.5035913185105014 0.48524159178811255 0.48839001696330775 0.5065913185105013 0.48824159178811255 0.49139001696330775 9
6.394317339037 0.5036258347887302 0.4852095926055837 0.48841331741149047 0.5066258347887301 0.4882095926055837 0.49141331741149047 9
6.3640304364049 0.5036603144754286 0.48517766193310297 0.48843658830095815 0.5066603144754285 0.48817766193310297 0.49143658830095815 9
6.3340513962328 0.5036947584632278 0.48514580517039885 0.48845983496274814 0.5066947584632276 0.48814580517039885 0.49145983496274814 9
6.3043733543713 0.5037292158072826 0.48511401313882596 0.48848311666421446 0.5067292158072825 0.48811401313882596 0.49148311666421446 9
6.2749926621466 0.5037636151039564 0.4850822845455709 0.4885063039918878 0.5067636151039563 0.4880822845455709 0.4915063039918878 9
6.2459052693099 0.5037979745540218 0.485050605734859 0.4885293996782647 0.5067979745540216 0.488050605734859 0.4915293996782647 9
6.2171057683393 0.5038324297327096 0.4850189658922349 0.48855259655281424 0.5068324297327095 0.4880189658922349 0.49155259655281425 9
6.1885885138638 0.5038668955356282 0.4849873690617122 0.48857579096555626 0.5068668955356281 0.4879873690617122 0.49157579096555626 9
6.1603509286601 0.5039012745959973 0.48495583205148896 0.48859887737048796 0.5069012745959972 0.48795583205148896 0.49159887737048796 9
6.1323886514927 0.5039357329992274 0.48492435199905437 0.4886220760872516 0.5069357329992273 0.4879243519990544 0.4916220760872516 9
6.104695379329 0.503970098328708 0.4848929478718044 0.488645156345776 0.5069700983287079 0.4878929478718044 0.491645156345776 9
6.0772684074498 0.5040044621469868 0.48486162539936917 0.4886682222318913 0.5070044621469867 0.48786162539936917 0.4916682222318913 9
6.0501042425386 0.5040388811166304 0.48483036868583834 0.4886913087684769 0.5070388811166303 0.48783036868583834 0.4916913087684769 9
6.0231983798081 0.5040733114018382 0.4847991732480434 0.4887143677480146 0.5070733114018381 0.4877991732480434 0.4917143677480146 9
5.9965475703719 0.5041077079681754 0.48476803629334825 0.48873736325404804 0.5071077079681753 0.48776803629334825 0.49173736325404804 9
5.9701432208965 0.5041422457944841 0.48473695995464 0.4887605029093158 0.507142245794484 0.48773695995464 0.4917605029093158 9
5.9439884934335 0.504176791741658 0.48470598015208316 0.4887836399868309 0.5071767917416579 0.48770598015208316 0.4917836399868309 9
5.9180759873356 0.5042113458646794 0.48467503918819094 0.48880675055523026 0.5072113458646793 0.48767503918819094 0.49180675055523027 9
5.89240226686 0.5042459181488318 0.4846440985284754 0.4888298383864284 0.5072459181488317 0.4876440985284754 0.4918298383864284 9
5.8669650638089 0.5042804887848322 0.48461318521404206 0.4888529428297409 0.5072804887848321 0.48761318521404207 0.4918529428297409 9
5.8417609124107 0.5043150979608728 0.4845823873394428 0.4888760778313547 0.5073150979608727 0.4875823873394428 0.49187607783135473 9
5.8167842956069 0.504349754794194 0.4845516781958375 0.4888991931671864 0.5073497547941939 0.4875516781958375 0.4918991931671864 9
5.7920334747095 0.504384408092252 0.48452098725969617 0.4889222687954052 0.5073844080922519 0.48752098725969617 0.4919222687954052 9
5.767505751253 0.5044190135437956 0.48449028975098507 0.48894531623434123 0.5074190135437955 0.4874902897509851 0.49194531623434123 9
5.7431979262941 0.5044536178318509 0.48445961363169715 0.48896835728658555 0.5074536178318508 0.48745961363169715 0.49196835728658556 9
5.7191042306574 0.5044882902286175 0.48442903131547793 0.4889913959481317 0.5074882902286174 0.48742903131547793 0.4919913959481317 9
5.695224191153 0.5045230369430426 0.48439854651442343 0.48901442534947254 0.5075230369430425 0.48739854651442344 0.49201442534947254 9
5.6715548563947 0.5045578199989085 0.4843680988642821 0.4890374387639013 0.5075578199989084 0.4873680988642821 0.4920374387639013 9
5.6480930437119 0.5045926140752175 0.4843376235246723 0.4890604646858382 0.5075926140752174 0.4873376235246723 0.4920604646858382 9
5.6248335895041 0.5046274436132421 0.48430711115874053 0.489083529766059 0.507627443613242 0.48730711115874054 0.492083529766059 9
5.6017761687059 0.5046623425276576 0.4842766442711895 0.48910669070752977 0.5076623425276575 0.4872766442711895 0.49210669070752977 9
5.5789179892623 0.504697235085679 0.48424637077885924 0.4891299170883119 0.5076972350856789 0.48724637077885924 0.4921299170883119 9
5.5562560161217 0.5047321367329567 0.4842161754055435 0.48915305130699893 0.5077321367329566 0.4872161754055435 0.49215305130699893 9
5.5337854228291 0.5047670805902069 0.48418598935683604 0.48917614416607663 0.5077670805902068 0.48718598935683605 0.49217614416607663 9
5.5115060388609 0.5048020284616247 0.4841558847015968 0.4891992413421187 0.5078020284616246 0.4871558847015968 0.4921992413421187 9
5.4894152752971 0.5048370362411254 0.48412575013902426 0.48922229152952984 0.5078370362411253 0.48712575013902426 0.49222229152952984 9
5.4675104519837 0.5048720584569645 0.48409563823084534 0.48924541524068454 0.5078720584569644 0.48709563823084534 0.49224541524068455 9
5.4457866023531 0.5049071458223247 0.48406548754501033 0.4892686736370507 0.5079071458223245 0.48706548754501033 0.4922686736370507 9
5.4242439216841 0.5049421598560686 0.484035467221399 0.4892919052500586 0.5079421598560685 0.487035467221399 0.4922919052500586 9
5.4028800057157 0.5049772277928751 0.4840055228890234 0.4893150719370565 0.507977227792875 0.4870055228890234 0.4923150719370565 9
5.3816924938323 0.5050123147274445 0.4839756085098408 0.489338273365735 0.5080123147274443 0.4869756085098408 0.492338273365735 9
5.3606765485932 0.5050473648633348 0.48394574339319885 0.4893615175910011 0.5080473648633347 0.48694574339319885 0.4923615175910011 9
5.3398321903059 0.5050824604878492 0.4839158860428328 0.4893848243860648 0.5080824604878491 0.4869158860428328 0.4923848243860648 9
5.3191574374925 0.5051175600262925 0.4838861914102047 0.48940820328880014 0.5081175600262924 0.4868861914102047 0.49240820328880014 9
5.2986500938818 0.5051526690458544 0.4838565929471793 0.48943154454407617 0.5081526690458543 0.4868565929471793 0.49243154454407617 9
5.2783060983026 0.5051877821464298 0.48382700247889804 0.48945484147747537 0.5081877821464297 0.48682700247889804 0.49245484147747537 9
5.2581243704102 0.5052228335632665 0.48379740187638526 0.489478125908067 0.5082228335632664 0.48679740187638526 0.492478125908067 9
5.2381037238371 0.5052578622988181 0.4837678889177896 0.4895015280051512 0.508257862298818 0.4867678889177896 0.4925015280051512 9
5.2182421123361 0.5052928947827179 0.4837384487120509 0.4895249665672522 0.5082928947827178 0.4867384487120509 0.4925249665672522 9
5.1985364939115 0.5053277069243484 0.48370909085936015 0.4895483829439258 0.5083277069243483 0.48670909085936015 0.4925483829439258 9
5.1789841577134 0.50536234460071 0.4836798067971549 0.4895717803824718 0.5083623446007098 0.4866798067971549 0.4925717803824718 9
5.1595849588013 0.5053969189388904 0.4836505925210828 0.4895951145327437 0.5083969189388903 0.4866505925210828 0.4925951145327437 9
5.1403369881188 0.5054313980237085 0.4836213890120884 0.4896183400274725 0.5084313980237084 0.4866213890120884 0.4926183400274725 9
5.1212383691729 0.5054657028324065 0.48359214504165177 0.4896416614138183 0.5084657028324064 0.48659214504165177 0.4926416614138183 9
5.1022845388415 0.5054999279377507 0.4835629920959555 0.48966499155584814 0.5084999279377506 0.4865629920959555 0.49266499155584814 9
5.0834763219681 0.5055341569653805 0.4835337925830248 0.48968823471899026 0.5085341569653804 0.4865337925830248 0.49268823471899026 9
5.0648120457982 0.5055683215980098 0.4835045705749402 0.48971153410261803 0.5085683215980097 0.4865045705749402 0.49271153410261803 9
5.0462899568069 0.5056022955953652 0.48347531536363786 0.48973487144000577 0.5086022955953651 0.48647531536363786 0.4927348714400058 9
5.027907003054 0.5056361255687872 0.48344608087401714 0.4897581724021957 0.5086361255687871 0.48644608087401714 0.4927581724021957 9
5.0096613111284 0.5056698631523422 0.48341684504391186 0.48978136812239537 0.5086698631523421 0.48641684504391186 0.49278136812239537 9
4.9915537094735 0.5057033392360701 0.4833875883671652 0.4898044741071048 0.50870333923607 0.4863875883671652 0.4928044741071048 9
4.9735796746086 0.5057366340849713 0.48335825177962105 0.48982757654989284 0.5087366340849712 0.48635825177962105 0.49282757654989284 9
4.9557404757496 0.5057697017882623 0.48332885387701735 0.48985068649876606 0.5087697017882622 0.48632885387701735 0.49285068649876607 9
4.9380310525019 0.505802444629066 0.48329936359698505 0.48987373216272584 0.5088024446290659 0.48629936359698506 0.49287373216272584 9
4.9204520263699 0.5058348318618096 0.4832696847280946 0.4898966284187495 0.5088348318618094 0.4862696847280946 0.4928966284187495 9
4.9030022186814 0.5058667892588571 0.48323988049236394 0.48991949838330057 0.508866789258857 0.48623988049236394 0.49291949838330057 9
4.8856801172535 0.5058983620232358 0.4832099071679028 0.4899424177423103 0.5088983620232357 0.4862099071679028 0.4929424177423103 9
4.8684836794612 0.5059295336294103 0.48317980105300057 0.48996530607421396 0.5089295336294102 0.48617980105300057 0.49296530607421396 9
4.8514096704994 0.5059603649212636 0.4831494847929489 0.4899881297264756 0.5089603649212635 0.4861494847929489 0.4929881297264756 9
4.834459003746 0.5059907648519248 0.4831188573082745 0.49001098486965117 0.5089907648519247 0.4861188573082745 0.49301098486965117 9
4.8176302606012 0.5060206820750576 0.48308793605889266 0.4900338346260983 0.5090206820750575 0.48608793605889267 0.4930338346260983 9
4.8009220447965 0.5060502544971762 0.48305675635070333 0.4900566017069197 0.5090502544971761 0.48605675635070333 0.49305660170691973 9
4.784331787004 0.5060792915732594 0.4830255096937717 0.49007901761624983 0.5090792915732593 0.48602550969377173 0.49307901761624984 9
4.7678576311648 0.5061078375585256 0.4829941563629031 0.49010086814670795 0.5091078375585255 0.4859941563629031 0.49310086814670795 9
4.7514999721025 0.5061359827048157 0.4829624736580589 0.4901222324841824 0.5091359827048156 0.4859624736580589 0.4931222324841824 9
4.7352574981467 0.506163702021478 0.4829304891885552 0.4901430936144833 0.5091637020214779 0.4859304891885552 0.49314309361448333 9
4.719128917842 0.50619094884327 0.48289830741051476 0.4901632534498243 0.5091909488432699 0.48589830741051476 0.4931632534498243 9
4.7031114062749 0.5062177205493874 0.4828660355857702 0.49018267448631714 0.5092177205493873 0.4858660355857702 0.49318267448631714 9
4.6872039085764 0.5062440367480091 0.48283375873725853 0.4902011508713016 0.509244036748009 0.48583375873725854 0.4932011508713016 9
4.6714065757758 0.5062702710386685 0.48280151065399596 0.49021889065975566 0.5092702710386684 0.48580151065399596 0.49321889065975566 9
4.6557181930564 0.5062965960353205 0.48276944238361597 0.490235937016222 0.5092965960353204 0.48576944238361597 0.493235937016222 9
4.6401375639397 0.5063229923955567 0.48273776294521714 0.4902523991279353 0.5093229923955566 0.48573776294521714 0.4932523991279353 9
4.6246618908247 0.5063493409522344 0.48270644810201463 0.4902683460166635 0.5093493409522343 0.48570644810201463 0.49326834601666353 9
4.609290322647 0.5063756095581028 0.48267570685841016 0.49028367242391235 0.5093756095581027 0.48567570685841016 0.49328367242391236 9
4.5940230530324 0.5064017065010507 0.48264524090182526 0.49029827236985163 0.5094017065010505 0.48564524090182526 0.49329827236985163 9
4.5788589550727 0.5064277465558279 0.4826151490135324 0.49031243143853287 0.5094277465558278 0.4856151490135324 0.4933124314385329 9
4.5637969185282 0.5064539579520733 0.482585475115198 0.49032615806741825 0.5094539579520732 0.485585475115198 0.49332615806741825 9
4.5488344688364 0.5064802823537154 0.48255636845112787 0.4903394564304957 0.5094802823537153 0.4855563684511279 0.4933394564304957 9
4.5339703389387 0.5065066772803923 0.48252779976755844 0.4903522819711826 0.5095066772803922 0.48552779976755844 0.4933522819711826 9
4.5192050641501 0.5065332743273193 0.48249974576594745 0.4903647652504847 0.5095332743273192 0.48549974576594745 0.4933647652504847 9
4.5045375975085 0.5065599104772337 0.48247211415717006 0.49037697458234775 0.5095599104772336 0.48547211415717006 0.49337697458234775 9
4.4899669072332 0.5065866175137088 0.48244476764868927 0.4903889658241021 0.5095866175137087 0.48544476764868927 0.4933889658241021 9
4.4754911514238 0.5066135233093667 0.4824180298433694 0.4904008394587641 0.5096135233093666 0.4854180298433694 0.4934008394587641 9
4.4611080022545 0.5066404932491579 0.4823917650523454 0.49041262298636623 0.5096404932491578 0.4853917650523454 0.49341262298636623 9
4.4468186496149 0.5066675324307683 0.4823660078776412 0.49042417430819185 0.5096675324307682 0.4853660078776412 0.49342417430819185 9
4.4326221193866 0.506694934987583 0.4823407187244284 0.4904355508677104 0.5096949349875829 0.4853407187244284 0.4934355508677104 9
4.4185174513027 0.5067226247031236 0.48231594608393874 0.4904469666539547 0.5097226247031235 0.48531594608393874 0.4934469666539547 9
4.4045036986985 0.5067504854549718 0.48229177799723383 0.4904585448238933 0.5097504854549717 0.48529177799723383 0.4934585448238933 9
4.3905769868197 0.5067785463475966 0.48226813422164044 0.49047041572917793 0.5097785463475965 0.48526813422164045 0.49347041572917794 9
4.3767393017845 0.5068068198585819 0.482244934673875 0.4904825704972486 0.5098068198585818 0.48524493467387503 0.4934825704972486 9
4.3629897980136 0.5068353671149882 0.4822223751342262 0.49049509728881224 0.5098353671149881 0.4852223751342262 0.49349509728881225 9
4.3493275805421 0.5068640904713912 0.48220051772758493 0.4905082222900342 0.5098640904713911 0.48520051772758493 0.4935082222900342 9
4.3357517668425 0.5068930656899301 0.48217924060626355 0.490521968813717 0.50989306568993 0.48517924060626355 0.493521968813717 9
4.3222597483625 0.5069223819767998 0.4821585558682835 0.4905364988887797 0.5099223819767997 0.4851585558682835 0.4935364988887797 9
4.3088511357715 0.5069515595403882 0.4821378965325088 0.4905521002444533 0.5099515595403881 0.4851378965325088 0.4935521002444533 9
4.2955263781795 0.5069801789801489 0.4821166940096636 0.4905687137296989 0.5099801789801488 0.4851166940096636 0.4935687137296989 9
4.2822846403544 0.5070084148146973 0.4820950685162738 0.4905861175961383 0.5100084148146972 0.4850950685162738 0.4935861175961383 9
4.2691250984564 0.5070363232352827 0.48207297944980954 0.4906039480414815 0.5100363232352826 0.48507297944980954 0.4936039480414815 9
4.256046765488 0.5070639634092228 0.4820502123602228 0.4906220400062604 0.5100639634092227 0.4850502123602228 0.4936220400062604 9
4.2430461473216 0.5070914939245158 0.4820267936554031 0.4906404073485451 0.5100914939245157 0.4850267936554031 0.4936404073485451 9
4.230125346118 0.5071188144078903 0.4820027842492055 0.4906589106350585 0.5101188144078902 0.4850027842492055 0.4936589106350585 9
4.2172835813756 0.5071461128642176 0.4819783299134809 0.4906773226223916 0.5101461128642175 0.4849783299134809 0.4936773226223916 9
4.2045200830444 0.5071736132257382 0.48195365608633756 0.4906955903660067 0.5101736132257381 0.48495365608633756 0.4936955903660067 9
4.1918340913492 0.5072010824777784 0.4819287268439396 0.4907136039628886 0.5102010824777783 0.4849287268439396 0.4937136039628886 9
4.1792235471624 0.507228335845003 0.48190349443491 0.4907313219587503 0.5102283358450029 0.48490349443491 0.4937313219587503 9
4.1666872780132 0.5072553793284127 0.48187784656803806 0.4907488372565636 0.5102553793284126 0.48487784656803806 0.4937488372565636 9
4.1542263217858 0.5072821769970847 0.4818518494208483 0.49076610619530403 0.5102821769970846 0.4848518494208483 0.49376610619530403 9
4.1418399578098 0.5073085768680943 0.48182547122343294 0.49078316885256146 0.5103085768680942 0.48482547122343295 0.49378316885256146 9
4.1295274748596 0.5073345927039715 0.4817988379391262 0.4907998729868124 0.5103345927039714 0.4847988379391262 0.4937998729868124 9
4.1172881709967 0.507360305600486 0.48177197645070197 0.4908162231261335 0.5103603056004858 0.48477197645070197 0.4938162231261335 9
4.1051192542267 0.5073859140336712 0.48174526675058094 0.4908323868247389 0.5103859140336711 0.48474526675058094 0.4938323868247389 9
4.0930211737232 0.5074113313395218 0.4817191712115362 0.490848932370754 0.5104113313395217 0.4847191712115362 0.493848932370754 9
4.0809942459588 0.5074365765139732 0.4816931085940877 0.4908658581545269 0.5104365765139731 0.4846931085940877 0.4938658581545269 9
4.0690378043587 0.5074617834258478 0.48166696841035456 0.49088299526779755 0.5104617834258477 0.48466696841035456 0.49388299526779755 9
4.0571511909009 0.5074867281785318 0.48164088546147305 0.4909002529699828 0.5104867281785317 0.48464088546147305 0.4939002529699828 9
4.0453337559766 0.5075115687913048 0.48161473133999555 0.4909175296752522 0.5105115687913047 0.48461473133999555 0.4939175296752522 9
4.0335823263733 0.5075362487875718 0.48158841545142667 0.4909349147516045 0.5105362487875716 0.48458841545142667 0.4939349147516045 9
4.021898250315 0.5075608038861714 0.4815619912575545 0.4909523813620584 0.5105608038861713 0.4845619912575545 0.4939523813620584 9
4.0102814779793 0.5075852139146428 0.48153547524058843 0.49097005795517734 0.5105852139146427 0.48453547524058843 0.49397005795517734 9
3.9987324166792 0.5076095843068431 0.4815089699161617 0.49098794975375737 0.510609584306843 0.4845089699161617 0.49398794975375737 9
3.9872473818901 0.5076337908802099 0.48148246372204406 0.49100597330091944 0.5106337908802098 0.48448246372204407 0.49400597330091944 9
3.975828846378 0.507658108512357 0.48145595713164047 0.49102425645841696 0.5106581085123569 0.48445595713164047 0.49402425645841697 9
3.9644725959655 0.5076823952602375 0.4814294848956355 0.49104270022077784 0.5106823952602374 0.4844294848956355 0.49404270022077784 9
3.9531801297653 0.5077066711185261 0.48140299825624305 0.4910612783476249 0.510706671118526 0.48440299825624306 0.4940612783476249 9
3.9419514004454 0.507730794693907 0.4813765369900304 0.49107983765531404 0.5107307946939069 0.4843765369900304 0.49407983765531405 9
3.9307858349441 0.5077548208464431 0.4813502498271755 0.4910982041038564 0.510754820846443 0.4843502498271755 0.4940982041038564 9
3.9196828672572 0.5077788625706662 0.4813239736978852 0.4911165963811333 0.5107788625706661 0.4843239736978852 0.4941165963811333 9
3.9086419383279 0.5078029259446273 0.48129761483935896 0.49113504466519015 0.5108029259446272 0.48429761483935896 0.49413504466519015 9
3.8976602239897 0.5078270357279174 0.48127122376675757 0.4911536361603488 0.5108270357279173 0.4842712237667576 0.4941536361603488 9
3.8867385970595 0.5078511184176909 0.4812447284944452 0.4911723434786849 0.5108511184176908 0.4842447284944452 0.4941723434786849 9
3.8758773965664 0.5078750830555573 0.48121822823522653 0.4911911274636528 0.5108750830555572 0.48421822823522653 0.4941911274636528 9
3.8650760899298 0.5078989766904858 0.48119177714707484 0.49120993447580585 0.5108989766904857 0.48419177714707484 0.49420993447580586 9
3.8543341509986 0.5079227995345196 0.4811654111800066 0.4912287897979546 0.5109227995345195 0.4841654111800066 0.4942287897979546 9
3.8436510599535 0.5079464691237142 0.4811391116876724 0.4912477208181841 0.5109464691237141 0.48413911168767243 0.4942477208181841 9
3.833024754667 0.5079700575887971 0.4811128726515148 0.4912666753973839 0.510970057588797 0.4841128726515148 0.4942666753973839 9
3.8224546730326 0.507993548383786 0.4810866447981257 0.49128561632671663 0.5109935483837859 0.4840866447981257 0.49428561632671664 9
3.8119419408224 0.5080169326516326 0.4810604205977314 0.4913043664133633 0.5110169326516325 0.4840604205977314 0.4943043664133633 9
3.8014860623499 0.5080403153518601 0.48103432544733743 0.49132295193031905 0.51104031535186 0.48403432544733743 0.49432295193031905 9
3.7910865477977 0.5080636831590404 0.48100835867881364 0.4913414108176099 0.5110636831590403 0.48400835867881364 0.4943414108176099 9
3.7807429131294 0.5080868666764858 0.4809824790616998 0.4913597768415667 0.5110868666764857 0.4839824790616998 0.4943597768415667 9
3.7704542734784 0.508109975389739 0.48095661657640854 0.4913781469391101 0.5111099753897389 0.48395661657640854 0.4943781469391101 9
3.7602177883086 0.5081330073468506 0.4809308116451378 0.4913965407079633 0.5111330073468505 0.4839308116451378 0.4943965407079633 9
3.7500357884639 0.5081558900189058 0.48090504734193285 0.4914148924119916 0.5111558900189057 0.48390504734193285 0.4944148924119916 9
3.7399078119443 0.5081786984896705 0.4808793458899475 0.49143315417589556 0.5111786984896703 0.4838793458899475 0.49443315417589556 9
3.7298334021165 0.50820152314943 0.4808537678771396 0.4914513349193791 0.5112015231494299 0.48385376787713963 0.4944513349193791 9
3.7198121076345 0.5082244688593652 0.48082816697414676 0.4914694527647005 0.5112244688593651 0.48382816697414677 0.4944694527647005 9
3.7098434823625 0.5082475144110706 0.4808024683403455 0.49148754394372535 0.5112475144110705 0.4838024683403455 0.49448754394372535 9
3.6999250456339 0.5082707107100349 0.4807767815438495 0.49150564520485596 0.5112707107100348 0.4837767815438495 0.49450564520485596 9
3.6900572514729 0.5082940386967942 0.48075105700909354 0.4915237133763382 0.5112940386967941 0.48375105700909354 0.4945237133763382 9
3.6802408418972 0.5083173929975983 0.48072533464885925 0.49154179293455674 0.5113173929975982 0.48372533464885925 0.49454179293455675 9
3.6704753906334 0.5083407752880065 0.48069956043129564 0.49155990474338107 0.5113407752880064 0.48369956043129564 0.4945599047433811 9
3.6607604762527 0.5083641889371832 0.4806738962269263 0.4915779005108149 0.511364188937183 0.4836738962269263 0.4945779005108149 9
3.6510956821011 0.5083874837383185 0.4806484272534088 0.49159574892018265 0.5113874837383184 0.4836484272534088 0.49459574892018265 9
3.6414805597078 0.5084107098068563 0.4806231689314471 0.49161345126722034 0.5114107098068562 0.4836231689314471 0.49461345126722034 9
3.6319115503565 0.5084339863639021 0.48059812331353924 0.491631086966316 0.511433986363902 0.48359812331353924 0.494631086966316 9
3.6223914623408 0.5084573677878055 0.48057316630097774 0.49164867474414753 0.5114573677878054 0.48357316630097774 0.49464867474414753 9
3.6129198972098 0.5084808549993176 0.48054822997835994 0.49166614281772136 0.5114808549993175 0.48354822997835994 0.49466614281772137 9
3.6034964609584 0.5085043538591688 0.4805232889803919 0.4916835324593159 0.5115043538591687 0.48352328898039193 0.4946835324593159 9
3.5941207639651 0.5085277239273007 0.480498270181385 0.49170084015137744 0.5115277239273006 0.483498270181385 0.49470084015137744 9
3.5847924209296 0.5085510171734829 0.48047317051459004 0.4917179721369976 0.5115510171734828 0.48347317051459004 0.4947179721369976 9
3.575510232622 0.5085742586636873 0.4804481480175982 0.4917349078137926 0.5115742586636872 0.4834481480175982 0.4947349078137926 9
3.5662722191411 0.5085974009245262 0.4804231755208083 0.49175164272200905 0.5115974009245261 0.4834231755208083 0.49475164272200906 9
3.5570804517714 0.5086204808831228 0.4803984487378952 0.4917682912343996 0.5116204808831227 0.4833984487378952 0.4947682912343996 9
3.5479345616864 0.5086437942819582 0.48037401957910886 0.4917847316798389 0.511643794281958 0.48337401957910886 0.4947847316798389 9
3.5388341840899 0.5086672667575626 0.4803497158933945 0.49180118541646534 0.5116672667575625 0.4833497158933945 0.49480118541646534 9
3.5297789581599 0.5086907863333154 0.4803253716806866 0.4918177143517632 0.5116907863333153 0.4833253716806866 0.4948177143517632 9
3.5207685269939 0.5087142808747225 0.480301028781273 0.4918343983705364 0.5117142808747224 0.483301028781273 0.4948343983705364 9
3.5118013802506 0.5087377877961458 0.4802766420372697 0.4918513194954225 0.5117377877961456 0.4832766420372697 0.4948513194954225 9
3.5028762255762 0.5087612934427405 0.4802523476053735 0.49186840870303455 0.5117612934427404 0.4832523476053735 0.49486840870303456 9
3.4939951268027 0.5087847836164862 0.480228024804068 0.49188556262497896 0.511784783616486 0.483228024804068 0.49488556262497896 9
3.4851568825282 0.5088082239378281 0.48020379338309094 0.49190280833232275 0.511808223937828 0.48320379338309094 0.49490280833232275 9
3.4763620139467 0.5088316242269997 0.48017957461084476 0.4919200450837931 0.5118316242269996 0.48317957461084476 0.4949200450837931 9
3.467609899811 0.5088550070947956 0.4801553931320868 0.49193725643839603 0.5118550070947955 0.48315539313208683 0.49493725643839603 9
3.4589002090205 0.5088784332587156 0.48013112963853527 0.49195444761925033 0.5118784332587155 0.4831311296385353 0.49495444761925034 9
3.4502315763407 0.5089018506642076 0.48010669977843057 0.49197152706243685 0.5119018506642075 0.48310669977843057 0.49497152706243686 9
3.4416024736124 0.5089252483382015 0.4800821143428094 0.49198843581767776 0.5119252483382014 0.4830821143428094 0.49498843581767776 9
3.4330148438295 0.5089486695262527 0.4800574058496148 0.49200525005069723 0.5119486695262526 0.4830574058496148 0.49500525005069723 9
3.4244683694379 0.5089721519963247 0.48003270854091395 0.4920221405130637 0.5119721519963246 0.48303270854091396 0.4950221405130637 9
3.4159627362152 0.5089955051550528 0.48000803414047233 0.4920390715790067 0.5119955051550527 0.48300803414047233 0.49503907157900673 9
3.4074976332263 0.5090185821542481 0.47998348420280845 0.49205599894029256 0.512018582154248 0.48298348420280846 0.49505599894029256 9
3.3990727527795 0.5090415337444409 0.47995898026083966 0.49207282434585503 0.5120415337444408 0.48295898026083967 0.49507282434585503 9
3.3906873492335 0.5090643903288341 0.4799344970382835 0.49208950670394086 0.512064390328834 0.4829344970382835 0.49508950670394086 9
3.3823386996526 0.5090872321879798 0.47991015124704384 0.49210615992043444 0.5120872321879797 0.48291015124704384 0.49510615992043444 9
3.3740293903981 0.5091101928839534 0.47988591367144634 0.4921227586246913 0.5121101928839533 0.48288591367144634 0.4951227586246913 9
3.3657591261373 0.5091333555605455 0.47986180759536007 0.4921394213580052 0.5121333555605454 0.48286180759536007 0.4951394213580052 9
3.3575276145752 0.5091566194175304 0.4798377537314125 0.49215614001481134 0.5121566194175303 0.4828377537314125 0.49515614001481134 9
3.3493345664152 0.5091800640260574 0.4798137333036745 0.49217283684835034 0.5121800640260573 0.4828137333036745 0.49517283684835034 9
3.34117969532 0.509203577385668 0.4797897810390409 0.4921895069876403 0.5122035773856679 0.4827897810390409 0.4951895069876403 9
3.3330627178729 0.5092271486223598 0.47976591472369307 0.4922060815530942 0.5122271486223597 0.48276591472369307 0.4952060815530942 9
3.3249806737144 0.5092507137756008 0.4797420791812443 0.49222258663464374 0.5122507137756007 0.4827420791812443 0.49522258663464375 9
3.3169353347487 0.5092742395156117 0.47971829343729677 0.4922391454827052 0.5122742395156116 0.4827182934372968 0.4952391454827052 9
3.3089270777267 0.5092976531359377 0.4796944739229965 0.492255831080709 0.5122976531359376 0.4826944739229965 0.49525583108070903 9
3.3009556303579 0.5093209462912356 0.47967066575646156 0.4922726234313991 0.5123209462912355 0.48267066575646156 0.4952726234313991 9
3.2930207230915 0.5093442171381966 0.4796467017629255 0.49228943092319805 0.5123442171381964 0.4826467017629255 0.49528943092319805 9
3.2851220890813 0.509367438573467 0.47962253079380346 0.49230609964430816 0.5123674385734669 0.48262253079380346 0.49530609964430816 9
3.2772594641517 0.5093905944027571 0.4795982357533315 0.4923225760550416 0.512390594402757 0.4825982357533315 0.4953225760550416 9
3.2694314870768 0.5094136665027884 0.4795738569389336 0.49233899943071996 0.5124136665027883 0.4825738569389336 0.49533899943071996 9
3.2616367572483 0.5094367174650959 0.4795494106371228 0.49235539899568115 0.5124367174650958 0.4825494106371228 0.49535539899568115 9
3.2538772808452 0.509459661615439 0.4795249381013733 0.49237168892244226 0.5124596616154389 0.4825249381013733 0.49537168892244227 9
3.2461528038593 0.5094825714666843 0.4795004004995315 0.49238785360108406 0.5124825714666842 0.4825004004995315 0.49538785360108406 9
3.23846307479 0.5095054663488839 0.47947580421272284 0.4924040436472232 0.5125054663488838 0.48247580421272285 0.4954040436472232 9
3.2308078446135 0.5095283764550725 0.4794510969987177 0.49242017420526707 0.5125283764550724 0.4824510969987177 0.49542017420526707 9
3.2231868667511 0.5095512951542528 0.47942638989343633 0.4924361309958994 0.5125512951542527 0.48242638989343634 0.4954361309958994 9
3.2155998970397 0.5095743075751371 0.4794016755585696 0.49245212914501846 0.512574307575137 0.4824016755585696 0.49545212914501846 9
3.2080443372893 0.5095974262637121 0.479376961101835 0.4924682109175857 0.512597426263712 0.482376961101835 0.4954682109175857 9
3.2005213069074 0.5096205583738884 0.47935226954840493 0.492484280355154 0.5126205583738883 0.48235226954840493 0.495484280355154 9
3.1930315872069 0.5096436311474468 0.47932766255387194 0.4925003309193035 0.5126436311474467 0.48232766255387194 0.4955003309193035 9
3.1855749432158 0.5096666986924928 0.4793030442150829 0.4925163620058171 0.5126666986924927 0.4823030442150829 0.4955163620058171 9
3.1781511422332 0.50968980202724 0.47927841910479857 0.49253235834122144 0.5126898020272399 0.4822784191047986 0.49553235834122145 9
3.1707599538021 0.5097127771000082 0.47925379164234355 0.49254828681795954 0.5127127771000081 0.48225379164234355 0.49554828681795954 9
3.1634011496809 0.5097355331686638 0.47922919377431655 0.49256408469367496 0.5127355331686637 0.48222919377431656 0.49556408469367497 9
3.1560745038175 0.5097581781316419 0.47920467150615165 0.4925797134211754 0.5127581781316418 0.48220467150615165 0.4955797134211754 9
3.148776689342 0.50978083189293 0.4791802338485996 0.4925951785186301 0.5127808318929299 0.4821802338485996 0.4955951785186301 9
3.1415103200926 0.5098034411909748 0.47915587746549143 0.49261050998983397 0.5128034411909747 0.48215587746549143 0.49561050998983397 9
3.1342754643171 0.5098261335268263 0.4791315501245053 0.49262581243608033 0.5128261335268262 0.4821315501245053 0.49562581243608034 9
3.1270719042894 0.5098488592516249 0.4791073150233041 0.4926410728674881 0.5128488592516248 0.4821073150233041 0.4956410728674881 9
3.119899424345 0.5098715647807806 0.4790832880902612 0.4926562259389528 0.5128715647807804 0.4820832880902612 0.4956562259389528 9
3.1127578108557 0.509894252208016 0.4790593771089954 0.4926712740175887 0.5128942522080159 0.4820593771089954 0.4956712740175887 9
3.1056468522058 0.5099170313500097 0.4790355019974041 0.49268614232300334 0.5129170313500095 0.4820355019974041 0.49568614232300334 9
3.0985663387676 0.50994000476305 0.4790116901696788 0.4927009546309322 0.5129400047630499 0.4820116901696788 0.4957009546309322 9
3.0915127408727 0.5099630623366114 0.47898807274139155 0.49271564960277603 0.5129630623366113 0.48198807274139155 0.49571564960277603 9
3.0844891067424 0.5099860942462737 0.47896463985307497 0.4927303709654558 0.5129860942462736 0.48196463985307497 0.4957303709654558 9
3.0774953208457 0.5100091438198882 0.4789413710418051 0.49274496190905426 0.513009143819888 0.4819413710418051 0.49574496190905426 9
3.0705311811127 0.5100320886260342 0.4789182075474203 0.4927594806837309 0.5130320886260341 0.4819182075474203 0.4957594806837309 9
3.0635964873479 0.5100550228948983 0.4788950566757038 0.4927739244468467 0.5130550228948982 0.4818950566757038 0.4957739244468467 9
3.0566910412088 0.510077890173315 0.47887191616374747 0.4927883851324738 0.5130778901733148 0.48187191616374747 0.4957883851324738 9
3.0498146461836 0.5101006862895672 0.478848754216731 0.49280288211692475 0.5131006862895671 0.481848754216731 0.49580288211692475 9
3.0429671075699 0.510123425272891 0.4788255561003587 0.4928174132723211 0.5131234252728909 0.4818255561003587 0.4958174132723211 9
3.0361452383258 0.5101461464929287 0.4788023326071776 0.49283201917739305 0.5131461464929286 0.4818023326071776 0.49583201917739306 9
3.029351422556 0.5101687753075211 0.47877904290505385 0.49284686417796747 0.513168775307521 0.48177904290505386 0.4958468641779675 9
3.0225859096847 0.5101914542544869 0.47875581097045794 0.4928620135939971 0.5131914542544868 0.48175581097045794 0.4958620135939971 9
3.0158485118826 0.5102141531204942 0.47873272117341187 0.49287729969821403 0.5132141531204941 0.48173272117341187 0.49587729969821404 9
3.0091390430286 0.5102368536460619 0.4787097951969089 0.49289257709611567 0.5132368536460618 0.48170979519690893 0.49589257709611567 9
3.0024573186901 0.510259471983156 0.4786869862016411 0.4929078651268674 0.5132594719831559 0.4816869862016411 0.4959078651268674 9
2.9958034010342 0.5102820757369039 0.4786641590508763 0.49292311802052685 0.5132820757369038 0.4816641590508763 0.49592311802052685 9
2.9891763741313 0.5103046697411955 0.47864126389867745 0.49293830534272504 0.5133046697411954 0.48164126389867745 0.49593830534272504 9
2.9825746953267 0.5103272684269616 0.4786182537215627 0.49295342392210906 0.5133272684269615 0.4816182537215627 0.49595342392210906 9
2.9759986987166 0.5103498322840477 0.47859517073266755 0.49296850334156395 0.5133498322840476 0.48159517073266755 0.49596850334156395 9
2.9694495688274 0.5103722835783543 0.47857216646244294 0.49298353630376945 0.5133722835783542 0.48157216646244294 0.49598353630376946 9
2.9629271308074 0.5103945877961349 0.47854924416035227 0.49299853067418337 0.5133945877961348 0.4815492441603523 0.49599853067418337 9
2.9564312113643 0.5104168806856125 0.4785263155968156 0.49301353586516844 0.5134168806856124 0.4815263155968156 0.49601353586516844 9
2.9499616387478 0.5104391812456994 0.47850337225051354 0.49302857138267503 0.5134391812456993 0.48150337225051354 0.49602857138267503 9
2.9435182427321 0.5104615184311123 0.478480418436358 0.4930435806807663 0.5134615184311122 0.481480418436358 0.4960435806807663 9
2.9371008545984 0.5104839801039754 0.47845755234365867 0.49305859885092 0.5134839801039753 0.48145755234365867 0.49605859885092 9
2.9307086966299 0.5105066874269604 0.47843484447229323 0.4930737299762016 0.5135066874269603 0.48143484447229323 0.4960737299762016 9
2.924339355746 0.5105295248267657 0.4784124413118547 0.4930889479695047 0.5135295248267656 0.4814124413118547 0.4960889479695047 9
2.9179955449638 0.5105524088468775 0.47839025084209275 0.49310431729420173 0.5135524088468774 0.48139025084209275 0.49610431729420174 9
2.9116771012797 0.510575254116351 0.4783681176394868 0.4931198380187967 0.5135752541163509 0.4813681176394868 0.4961198380187967 9
2.9053838631165 0.5105980645748874 0.4783460177101857 0.4931355402021516 0.5135980645748873 0.4813460177101857 0.4961355402021516 9
2.8991156703073 0.5106206802959871 0.4783239012012019 0.4931513674633937 0.513620680295987 0.4813239012012019 0.4961513674633937 9
2.8928723640799 0.5106431099176006 0.4783017139888493 0.49316730977729517 0.5136431099176005 0.4813017139888493 0.4961673097772952 9
2.8866537870417 0.5106652989090152 0.47827925915354913 0.49318342823101363 0.5136652989090151 0.48127925915354913 0.49618342823101363 9
2.8804597831643 0.5106872104454749 0.47825663457825435 0.4931996930695256 0.5136872104454748 0.48125663457825435 0.4961996930695256 9
2.8742881909078 0.5107088625527506 0.47823398181967214 0.4932160176572993 0.5137088625527505 0.48123398181967214 0.4962160176572993 9
2.868139389412 0.5107302633700227 0.4782112979419285 0.49323244411126654 0.5137302633700226 0.4812112979419285 0.49623244411126655 9
2.8620147201979 0.5107514208801799 0.4781886569592488 0.4932488762655712 0.5137514208801798 0.4811886569592488 0.4962488762655712 9
2.8559140324042 0.5107724645379866 0.47816608831847457 0.4932653549503495 0.5137724645379865 0.48116608831847457 0.4962653549503495 9
2.8498371764623 0.5107932401232823 0.4781435694075768 0.4932817119630595 0.5137932401232822 0.4811435694075768 0.4962817119630595 9
2.8437840040819 0.510813761267596 0.4781210902136254 0.49329804199579386 0.5138137612675959 0.4811210902136254 0.49629804199579386 9
2.8377543682371 0.5108340911229408 0.4780987326041704 0.4933142125974164 0.5138340911229407 0.4810987326041704 0.4963142125974164 9
2.8317481231532 0.5108542582984328 0.47807637135359315 0.4933303186574247 0.5138542582984327 0.48107637135359316 0.4963303186574247 9
2.8257651242924 0.5108743919716059 0.4780540030265835 0.4933463250372044 0.5138743919716058 0.4810540030265835 0.4963463250372044 9
2.8198024174793 0.5108944344294658 0.4780316272344907 0.4933623195707652 0.5138944344294657 0.4810316272344907 0.4963623195707652 9
2.8138619846925 0.5109143098590132 0.47800919633099914 0.4933783924738142 0.5139143098590131 0.48100919633099914 0.4963783924738142 9
2.8079443906796 0.5109340156730894 0.4779867328637635 0.4933945223904729 0.5139340156730893 0.4809867328637635 0.4963945223904729 9
2.8020494955847 0.5109534808052838 0.4779644074813736 0.49341079189219683 0.5139534808052837 0.4809644074813736 0.49641079189219683 9
2.7961771607254 0.5109728735283863 0.47794208234152163 0.4934271782165906 0.5139728735283862 0.48094208234152164 0.4964271782165906 9
2.7903272485808 0.5109922202946519 0.47791967968269083 0.4934435441074862 0.5139922202946517 0.48091967968269084 0.4964435441074862 9
2.7844996227786 0.5110115347788687 0.4778972577601656 0.49345998844385 0.5140115347788686 0.4808972577601656 0.49645998844385 9
2.7786941480832 0.5110308196117905 0.4778746477803871 0.49347649265081467 0.5140308196117904 0.4808746477803871 0.49647649265081467 9
2.7729106903838 0.5110499959083438 0.4778519443557579 0.49349294475672806 0.5140499959083437 0.4808519443557579 0.49649294475672806 9
2.7671461137324 0.511069107035469 0.47782931952630636 0.49350938831833807 0.5140691070354689 0.48082931952630636 0.4965093883183381 9
2.7614027747164 0.5110882691187519 0.4778066042433651 0.49352604025167857 0.5140882691187518 0.4808066042433651 0.49652604025167857 9
2.755681075595 0.5111075370494985 0.477783846688832 0.49354286777376727 0.5141075370494984 0.480783846688832 0.49654286777376727 9
2.7499814536001 0.511126683621795 0.4777608758296621 0.49355985332743973 0.5141266836217949 0.4807608758296621 0.49655985332743974 9
2.7443020786027 0.5111457870559292 0.4777376926475715 0.4935770134544174 0.5141457870559291 0.4807376926475715 0.4965770134544174 9
2.7386445243154 0.5111648980159363 0.4777143165332438 0.4935942761677893 0.5141648980159362 0.4807143165332438 0.4965942761677893 9
2.7330080967851 0.5111840870855048 0.47769075524166177 0.4936114737964076 0.5141840870855047 0.48069075524166177 0.4966114737964076 9
2.7273926704128 0.51120328141431 0.47766705641779983 0.4936286526803685 0.5142032814143099 0.48066705641779983 0.4966286526803685 9
2.7217981205674 0.5112224927005139 0.47764336816466685 0.4936458744228934 0.5142224927005138 0.48064336816466685 0.49664587442289343 9
2.7162217622248 0.5112416271532783 0.47761969674703986 0.4936631389261221 0.5142416271532781 0.48061969674703986 0.4966631389261221 9
2.710665055125 0.5112606506690518 0.4775960336413909 0.4936804859013441 0.5142606506690517 0.4805960336413909 0.4966804859013441 9
2.7051288750561 0.511279635075126 0.47757235596878633 0.4936978538597478 0.5142796350751259 0.48057235596878634 0.4966978538597478 9
2.699613101252 0.5112986051606861 0.47754873416726157 0.493715261259972 0.514298605160686 0.48054873416726157 0.496715261259972 9
2.6941176139201 0.5113175804037762 0.4775250774717123 0.4937328078546937 0.5143175804037761 0.4805250774717123 0.4967328078546937 9
2.6886422942316 0.5113365653376726 0.47750126346298305 0.4937504884972079 0.5143365653376725 0.48050126346298305 0.4967504884972079 9
2.6831870243116 0.511355572702784 0.4774773337281681 0.493768306342548 0.5143555727027839 0.4804773337281681 0.496768306342548 9
2.6777516872294 0.5113745387469475 0.4774532907145326 0.49378618626392623 0.5143745387469474 0.4804532907145326 0.49678618626392623 9
2.6723361669889 0.5113934791105633 0.4774291822336935 0.4938040902637876 0.5143934791105632 0.4804291822336935 0.4968040902637876 9
2.6669388861383 0.511412355166469 0.4774051730116867 0.4938219627966913 0.5144123551664689 0.4804051730116867 0.49682196279669133 9
2.6615590885918 0.5114311595177015 0.4773811596385176 0.49383981109315345 0.5144311595177014 0.48038115963851763 0.49683981109315345 9
2.6561987835508 0.5114500129151709 0.47735695745177115 0.4938576659992154 0.5144500129151708 0.48035695745177115 0.4968576659992154 9
2.6508578585405 0.5114689902421 0.4773326148137215 0.49387547803774634 0.5144689902420999 0.4803326148137215 0.49687547803774634 9
2.6455362019753 0.5114880917457357 0.47730828167550465 0.49389326979873366 0.5144880917457356 0.48030828167550466 0.49689326979873366 9
2.6402337031506 0.5115072212242241 0.47728391490567046 0.4939110828848187 0.514507221224224 0.48028391490567046 0.4969110828848187 9
2.6349502522329 0.5115263967945091 0.4772594643465704 0.49392875253368873 0.514526396794509 0.4802594643465704 0.49692875253368873 9
2.6296857402522 0.5115456782660105 0.4772349792987708 0.49394625798364294 0.5145456782660104 0.4802349792987708 0.49694625798364295 9
2.6244400590924 0.5115651399612189 0.4772103209506811 0.4939637494488065 0.5145651399612188 0.4802103209506811 0.4969637494488065 9
2.6192131014838 0.5115846668273243 0.4771855129436713 0.49398125298311707 0.5145846668273242 0.4801855129436713 0.49698125298311707 9
2.6140014850298 0.5116041835047793 0.47716075428746857 0.4939987740718438 0.5146041835047792 0.48016075428746857 0.4969987740718438 9
2.6088080779502 0.5116236901309461 0.47713607392101576 0.49401624037612674 0.514623690130946 0.48013607392101576 0.49701624037612674 9
2.6036330954259 0.5116432336002116 0.47711143337918377 0.4940336974189978 0.5146432336002115 0.48011143337918377 0.4970336974189978 9
2.5984764333688 0.5116628808492025 0.4770869361217192 0.4940510150321149 0.5146628808492024 0.4800869361217192 0.4970510150321149 9
2.5933379884962 0.5116825367009246 0.4770625068557942 0.49406828015043236 0.5146825367009245 0.4800625068557942 0.49706828015043236 9
2.5882176583238 0.5117022030959806 0.47703808167279665 0.4940855761519725 0.5147022030959805 0.48003808167279666 0.4970855761519725 9
2.5831153411572 0.5117219124968763 0.477013619992314 0.4941029593564969 0.5147219124968762 0.480013619992314 0.4971029593564969 9
2.5780309360845 0.5117416116173608 0.47698913005182036 0.4941204748481902 0.5147416116173607 0.47998913005182037 0.4971204748481902 9
2.5729643429684 0.5117612817196213 0.476964728617652 0.4941380526188765 0.5147612817196212 0.479964728617652 0.4971380526188765 9
2.5679146480014 0.5117809628360201 0.4769403309288373 0.49415570178027 0.51478096283602 0.4799403309288373 0.49715570178027 9
2.5628797707525 0.5118006635489171 0.47691595382842883 0.49417342268033776 0.514800663548917 0.47991595382842883 0.49717342268033776 9
2.5578624272738 0.5118203504010236 0.47689161961089704 0.49419120933764715 0.5148203504010235 0.47989161961089705 0.49719120933764716 9
2.5528625203371 0.5118401197316679 0.4768673215124597 0.49420904668545373 0.5148401197316678 0.4798673215124597 0.49720904668545374 9
2.5478799534532 0.5118598965402213 0.47684301722168626 0.4942270803959276 0.5148598965402212 0.47984301722168626 0.4972270803959276 9
2.5429146308645 0.5118796903186313 0.4768187246489951 0.494245205452542 0.5148796903186312 0.4798187246489951 0.497245205452542 9
2.5379664575381 0.5118994308033187 0.476794457756928 0.4942633341337414 0.5148994308033186 0.47979445775692803 0.4972633341337414 9
2.5330353391588 0.511919005044777 0.47677026147928137 0.494281473528778 0.514919005044777 0.47977026147928137 0.497281473528778 9
2.5281211821226 0.5119384478059302 0.47674611930641764 0.4942996260927483 0.5149384478059301 0.47974611930641764 0.4972996260927483 9
2.5232238935291 0.5119578099815104 0.47672200402621684 0.4943178213476034 0.5149578099815103 0.47972200402621684 0.4973178213476034 9
2.5183421205572 0.5119771246844582 0.476697844169788 0.4943360366821312 0.5149771246844581 0.479697844169788 0.4973360366821312 9
2.5134746641511 0.5119964152791905 0.4766736468905026 0.49435423446429966 0.5149964152791904 0.4796736468905026 0.49735423446429966 9
2.5086238190324 0.5120156926113286 0.47664940783000104 0.49437236215252317 0.5150156926113285 0.47964940783000104 0.4973723621525232 9
2.5037894949392 0.5120350070686548 0.47662508594009056 0.4943904300370246 0.5150350070686547 0.47962508594009057 0.4973904300370246 9
2.498971980488 0.5120543029764584 0.4766006810480348 0.4944084025857393 0.5150543029764583 0.4796006810480348 0.4974084025857393 9
2.4941700520989 0.5120735463603925 0.476576218194337 0.4944262341223229 0.5150735463603924 0.479576218194337 0.4974262341223229 9
2.4893847562387 0.5120927808365234 0.4765517647221865 0.49444407086019887 0.5150927808365233 0.4795517647221865 0.4974440708601989 9
2.4846156269772 0.512112023366871 0.47652733807835435 0.49446189158292086 0.5151120233668709 0.47952733807835435 0.49746189158292087 9
2.4798625773882 0.5121312583078306 0.4765029287132467 0.4944796983810996 0.5151312583078305 0.4795029287132467 0.4974796983810996 9
2.4751255211488 0.5121504620734383 0.47647859952601235 0.4944974671474916 0.5151504620734382 0.47947859952601235 0.4974974671474916 9
2.4704033768435 0.5121695645754372 0.47645433005932825 0.49451517996570166 0.5151695645754371 0.47945433005932825 0.49751517996570166 9
2.4656944006766 0.5121886330836763 0.47643009139929926 0.49453288714819793 0.5151886330836762 0.47943009139929926 0.49753288714819793 9
2.4610011798267 0.5122076914239184 0.47640579385641435 0.4945506860345573 0.5152076914239183 0.47940579385641435 0.4975506860345573 9
2.4563236303683 0.5122267374169016 0.476381501598472 0.4945685438505494 0.5152267374169015 0.479381501598472 0.4975685438505494 9
2.4516616689885 0.5122458766346892 0.47635729744491306 0.49458630225937733 0.5152458766346891 0.47935729744491307 0.49758630225937733 9
2.4470152129813 0.5122651074845839 0.4763330911036236 0.49460399396350874 0.5152651074845838 0.4793330911036236 0.49760399396350874 9
2.4423841802423 0.5122843522341085 0.47630888060951443 0.4946216093922567 0.5152843522341084 0.47930888060951443 0.4976216093922567 9
2.4377684892625 0.5123035633606807 0.4762846585104953 0.49463919502058196 0.5153035633606806 0.4792846585104953 0.49763919502058196 9
2.4331680591237 0.5123228459504606 0.4762603908959527 0.4946568434072127 0.5153228459504605 0.4792603908959527 0.4976568434072127 9
2.4285828094924 0.5123422613798838 0.476236079489137 0.4946745332836877 0.5153422613798837 0.479236079489137 0.4976745332836877 9
2.4240126606144 0.5123617034832716 0.4762118629073171 0.494692235670122 0.5153617034832715 0.4792118629073171 0.497692235670122 9
2.4194538637356 0.5123810495062446 0.4761876642040378 0.4947099123814459 0.5153810495062445 0.4791876642040378 0.4977099123814459 9
2.4149100214878 0.5124003246543828 0.476163417183599 0.494727654614277 0.5154003246543827 0.479163417183599 0.497727654614277 9
2.410381060985 0.5124195491921328 0.47613911986668556 0.49474547274689784 0.5154195491921327 0.47913911986668556 0.49774547274689784 9
2.4058669046354 0.5124386718226008 0.47611476417960785 0.49476320880928226 0.5154386718226007 0.47911476417960785 0.49776320880928226 9
2.4013674754014 0.5124576880143318 0.47609039950299165 0.49478081498028725 0.5154576880143317 0.47909039950299165 0.49778081498028726 9
2.396882696795 0.5124766522733415 0.4760660804080316 0.49479827988699604 0.5154766522733414 0.4790660804080316 0.49779827988699604 9
2.3924124928724 0.5124955435715698 0.4760418041728207 0.4948156578015361 0.5154955435715697 0.4790418041728207 0.4978156578015361 9
2.3879567882293 0.5125142824265642 0.4760175159672371 0.4948329013772961 0.515514282426564 0.47901751596723713 0.4978329013772961 9
2.3835155079961 0.5125329108531461 0.47599323084801715 0.4948499338367256 0.515532910853146 0.47899323084801715 0.4978499338367256 9
2.3790885778331 0.512551390430623 0.4759688680181644 0.4948668752710077 0.5155513904306229 0.4789688680181644 0.4978668752710077 9
2.3746739909273 0.5125696962775734 0.47594448749141444 0.49488373693272397 0.5155696962775733 0.47894448749141444 0.497883736932724 9
2.3702718540797 0.5125877847746698 0.4759201193990389 0.4949006084729361 0.5155877847746697 0.4789201193990389 0.4979006084729361 9
2.365883864053 0.5126057089557668 0.4758956707672188 0.49491746084288896 0.5156057089557667 0.4788956707672188 0.49791746084288896 9
2.361509948479 0.5126234904009914 0.4758711096919224 0.4949343110054183 0.5156234904009913 0.4788711096919224 0.4979343110054183 9
2.357150035497 0.5126410926405668 0.4758464503816654 0.49495113132456664 0.5156410926405667 0.4788464503816654 0.49795113132456664 9
2.3528040537491 0.5126585659049973 0.47582169631409016 0.4949677849846504 0.5156585659049971 0.47882169631409016 0.4979677849846504 9
2.3484719323754 0.5126758513067056 0.475796776232291 0.4949843169312436 0.5156758513067055 0.478796776232291 0.4979843169312436 9
2.3441536010102 0.5126926885923382 0.4757726061706162 0.49500208395100465 0.5156926885923381 0.4787726061706162 0.49800208395100465 9
2.3398489897773 0.5127095456044305 0.4757470645740513 0.495018404478337 0.5157095456044304 0.4787470645740513 0.498018404478337 9
2.3355580292858 0.5127261643054453 0.47572125270742066 0.49503461881984717 0.5157261643054452 0.47872125270742066 0.4980346188198472 9
2.3312806506255 0.5127425285711518 0.4756951957286704 0.4950507035338841 0.5157425285711517 0.4786951957286704 0.4980507035338841 9
2.3270136617715 0.51275861166964 0.4756689170814806 0.49506669058134506 0.5157586116696399 0.4786689170814806 0.49806669058134506 9
2.3227595414562 0.5127743583758334 0.47564244631654273 0.49508258499068836 0.5157743583758333 0.47864244631654274 0.49808258499068836 9
2.3185188154561 0.5127897656669738 0.47561589317014075 0.49509833269657455 0.5157897656669737 0.47861589317014075 0.49809833269657455 9
2.3142914166462 0.5128047626454607 0.47558929555445767 0.49511390183184045 0.5158047626454606 0.47858929555445767 0.49811390183184046 9
2.3100772783626 0.5128192998218217 0.4755625974298615 0.49512921994421794 0.5158192998218216 0.4785625974298615 0.49812921994421794 9
2.3058763343982 0.5128333144239475 0.47553588000536245 0.49514425687398433 0.5158333144239474 0.47853588000536246 0.49814425687398434 9
2.3016885189989 0.5128468573075288 0.4755092294130395 0.4951590052545852 0.5158468573075287 0.4785092294130395 0.49815900525458523 9
2.2975137668596 0.512860059104498 0.4754826390624418 0.4951734178615128 0.5158600591044978 0.4784826390624418 0.4981734178615128 9
2.2933520131206 0.5128730085978028 0.47545619538533873 0.4951874873084062 0.5158730085978027 0.47845619538533873 0.49818748730840623 9
2.2892031933632 0.5128856881272331 0.4754300033382725 0.4952012102263128 0.515885688127233 0.4784300033382725 0.4982012102263128 9
2.2850672436064 0.5128980476377638 0.47540413470767606 0.49521447594645496 0.5158980476377637 0.47840413470767607 0.49821447594645496 9
2.2809405558184 0.5129101610932633 0.4753785303717986 0.4952273073541825 0.5159101610932632 0.4783785303717986 0.4982273073541825 9
2.2768264373691 0.5129221785507523 0.4753531254088754 0.4952397502292228 0.5159221785507522 0.4783531254088754 0.4982397502292228 9
2.2727250156917 0.5129341369910659 0.4753280174007861 0.49525166053332664 0.5159341369910658 0.4783280174007861 0.49825166053332665 9
2.2686362284241 0.5129460685447973 0.4753033789475148 0.4952630793004409 0.5159460685447972 0.4783033789475148 0.4982630793004409 9
2.2645600136242 0.5129580258359486 0.47527932315642735 0.49527400018193146 0.5159580258359485 0.47827932315642735 0.49827400018193146 9
2.2604963097658 0.5129700514575377 0.4752558384918247 0.4952843217466448 0.5159700514575376 0.4782558384918247 0.4982843217466448 9
2.2564450557355 0.5129821556502443 0.47523287268987424 0.49529406459702063 0.5159821556502442 0.47823287268987424 0.49829406459702064 9
2.2524061908289 0.5129943437047038 0.4752103579130451 0.49530323505034324 0.5159943437047037 0.4782103579130451 0.49830323505034324 9
2.2483798948754 0.513006678933006 0.4751882205667774 0.49531188239109275 0.5160066789330059 0.4781882205667774 0.49831188239109275 9
2.2443653875696 0.5130192210485087 0.47516646331542367 0.4953200075120711 0.5160192210485086 0.4781664633154237 0.4983200075120711 9
2.2403633298703 0.513031932462535 0.47514504608373326 0.49532776534655776 0.5160319324625349 0.47814504608373326 0.49832776534655776 9
2.2363702512927 0.513044965355911 0.47512397154410374 0.4953352216805825 0.5160449653559109 0.47812397154410374 0.49833522168058253 9
2.2323886957508 0.513058326974222 0.47510318608764285 0.49534240097744353 0.5160583269742219 0.47810318608764285 0.49834240097744353 9
2.228419189411 0.5130720450903561 0.4750826995069958 0.49534934066795216 0.516072045090356 0.4780826995069958 0.49834934066795217 9
2.2244616742465 0.5130860934951975 0.4750624640923484 0.4953562281564157 0.5160860934951974 0.4780624640923484 0.4983562281564157 9
2.2205160926137 0.5131004329539044 0.4750425574391911 0.4953631534807954 0.5161004329539043 0.4780425574391911 0.4983631534807954 9
2.2165823872486 0.513115126196613 0.47502286118224774 0.495370195384015 0.5161151261966129 0.47802286118224774 0.498370195384015 9
2.2126605012635 0.5131302060514349 0.47500338370606193 0.49537735610168604 0.5161302060514348 0.47800338370606194 0.49837735610168604 9
2.2087503781445 0.5131457102602319 0.47498414207200923 0.49538465689129085 0.5161457102602318 0.47798414207200923 0.49838465689129086 9
2.2048519617476 0.513161573345598 0.47496512778755307 0.49539210763173996 0.5161615733455979 0.47796512778755307 0.49839210763173997 9
2.2009651962963 0.513177814791291 0.4749463860836852 0.49539974980664225 0.5161778147912909 0.4779463860836852 0.49839974980664226 9
2.197090026378 0.5131944628164277 0.47492802208049584 0.49540760948155416 0.5161944628164276 0.47792802208049584 0.49840760948155416 9
2.1932244201332 0.5132114789210461 0.47490998607483653 0.4954155096948512 0.516211478921046 0.47790998607483653 0.4984155096948512 9
2.1893685122466 0.5132288796368111 0.47489233464050773 0.4954235486002526 0.516228879636811 0.47789233464050773 0.4984235486002526 9
2.1855240515174 0.5132467109705765 0.47487500799481186 0.4954318377572978 0.5162467109705764 0.47787500799481186 0.4984318377572978 9
2.1816909838723 0.5132650429178526 0.47485795995889285 0.4954403934195467 0.5162650429178525 0.47785795995889285 0.4984403934195467 9
2.1778692555878 0.5132837757783985 0.47484127514246993 0.49544915947919566 0.5162837757783983 0.47784127514246993 0.49844915947919566 9
2.1740588132877 0.5133028448448267 0.47482494286148275 0.4954581158694347 0.5163028448448266 0.47782494286148275 0.4984581158694347 9
2.1702596039401 0.5133222189681081 0.4748089106679012 0.4954672164090804 0.516322218968108 0.4778089106679012 0.4984672164090804 9
2.1664715748545 0.5133418754680963 0.47479317504416974 0.4954764007541611 0.5163418754680962 0.47779317504416974 0.4984764007541611 9
2.162694673679 0.5133617699323201 0.4747777953823074 0.49548575204545053 0.51636176993232 0.4777777953823074 0.49848575204545054 9
2.1589288483977 0.5133820008771619 0.4747627221157249 0.4954953324827096 0.5163820008771618 0.4777627221157249 0.4984953324827096 9
2.1551740473277 0.5134026811544271 0.4747477992086989 0.4955051312459342 0.516402681154427 0.4777477992086989 0.4985051312459342 9
2.1514302191168 0.5134239025914118 0.4747330089791746 0.49551507103540704 0.5164239025914117 0.4777330089791746 0.49851507103540704 9
2.1476935887478 0.5134456180212129 0.4747184685806972 0.4955251484978567 0.5164456180212128 0.4777184685806972 0.49852514849785673 9
2.1439677772138 0.5134677848118553 0.47470419349040566 0.4955353869212934 0.5164677848118552 0.47770419349040566 0.4985353869212934 9
2.1402528018799 0.5134903653164259 0.47469021637231784 0.49554592248054213 0.5164903653164258 0.47769021637231784 0.49854592248054214 9
2.1365486126047 0.5135133071062976 0.4746762686798933 0.49555675348113365 0.5165133071062975 0.4776762686798933 0.49855675348113365 9
2.1328551595646 0.513536619041366 0.47466225047401567 0.4955678133546477 0.5165366190413659 0.47766225047401567 0.4985678133546477 9
2.1291723932513 0.5135602336084929 0.47464823885923113 0.49557913860986114 0.5165602336084928 0.47764823885923113 0.49857913860986114 9
2.1255002644696 0.5135839734642674 0.4746342517477227 0.4955906196576178 0.5165839734642673 0.4776342517477227 0.4985906196576178 9
2.1218387243342 0.5136075244406801 0.4746203278666249 0.4956020771128197 0.51660752444068 0.4776203278666249 0.49860207711281973 9
2.118187724268 0.513630703188949 0.47460639239563474 0.49561375437824845 0.5166307031889489 0.47760639239563474 0.49861375437824845 9
2.1145472159991 0.5136535094713659 0.47459212228491815 0.4956255987822054 0.5166535094713658 0.47759212228491815 0.4986255987822054 9
2.1109171515583 0.5136760818776703 0.47457763085710514 0.4956375861458853 0.5166760818776702 0.47757763085710514 0.4986375861458853 9
2.1072966550091 0.5136982867878134 0.4745631162076892 0.4956499354151726 0.5166982867878133 0.4775631162076892 0.4986499354151726 9
2.1036835284525 0.5137203712115147 0.47454844980863803 0.4956623798907318 0.5167203712115146 0.47754844980863803 0.4986623798907318 9
2.1000807188935 0.5137423940976371 0.47453367342115815 0.4956750434589843 0.516742394097637 0.47753367342115816 0.4986750434589843 9
2.0964881794689 0.5137644823560197 0.47451881507371096 0.4956878433008978 0.5167644823560196 0.47751881507371097 0.4986878433008978 9
2.0929058636071 0.5137866250878199 0.4745039456104426 0.49570061703111884 0.5167866250878198 0.4775039456104426 0.49870061703111884 9
2.0893337250261 0.5138088406425024 0.47448906838139737 0.4957134458393321 0.5168088406425023 0.4774890683813974 0.4987134458393321 9
2.0857717177306 0.51383125534973 0.4744741149579484 0.495726260161631 0.5168312553497298 0.4774741149579484 0.498726260161631 9
2.0822197960104 0.5138537049584451 0.47445904363659047 0.4957390555732686 0.516853704958445 0.4774590436365905 0.4987390555732686 9
2.0786779144378 0.513876293212329 0.4744439779915778 0.4957518284689018 0.5168762932123289 0.4774439779915778 0.4987518284689018 9
2.0751460278654 0.5138991240897525 0.474428848397023 0.4957646833952287 0.5168991240897524 0.477428848397023 0.4987646833952287 9
2.0716240914239 0.5139222757088525 0.4744136213526354 0.4957775688165871 0.5169222757088524 0.4774136213526354 0.4987775688165871 9
2.0681120605201 0.5139457323268153 0.47439815998651413 0.49579054288859425 0.5169457323268152 0.47739815998651414 0.49879054288859426 9
2.0646090298741 0.5139696169859085 0.4743825287726722 0.4958035620682764 0.5169696169859084 0.4773825287726722 0.4988035620682764 9
2.0611128517163 0.5139939433297004 0.4743667429108879 0.4958166399394795 0.5169939433297003 0.4773667429108879 0.4988166399394795 9
2.0576264620118 0.5140185945679855 0.474350825927836 0.49582977669497846 0.5170185945679854 0.477350825927836 0.49882977669497847 9
2.0541498171705 0.5140436121995561 0.474334972294882 0.4958430322055233 0.517043612199556 0.477334972294882 0.4988430322055233 9
2.0506828738688 0.514068898054398 0.47431909489022733 0.49585641866648034 0.5170688980543979 0.47731909489022734 0.49885641866648034 9
2.0472255890465 0.5140943677221418 0.4743028898801477 0.49586991438241 0.5170943677221417 0.4773028898801477 0.49886991438241 9
2.0437779199054 0.5141199618961657 0.4742862942662058 0.4958834838478021 0.5171199618961656 0.4772862942662058 0.4988834838478021 9
2.0403398239073 0.5141455433858864 0.4742692796355708 0.4958970459426495 0.5171455433858863 0.4772692796355708 0.4988970459426495 9
2.0369112587715 0.5141709003771155 0.4742516621814523 0.49591054165014603 0.5171709003771154 0.4772516621814523 0.49891054165014603 9
2.0334921824735 0.5141958235771432 0.47423361862023466 0.4959239543059932 0.5171958235771431 0.47723361862023467 0.4989239543059932 9
2.0300825532424 0.5142201401448155 0.47421535814847404 0.49593721482229186 0.5172201401448154 0.47721535814847404 0.49893721482229186 9
2.0266823295594 0.5142439705244949 0.4741969105608915 0.4959503011044826 0.5172439705244948 0.47719691056089153 0.49895030110448263 9
2.0232914664964 0.5142672367530297 0.47417836838059146 0.4959631410636087 0.5172672367530295 0.47717836838059147 0.49896314106360873 9
2.0199060829107 0.5142900969317381 0.47415968445277107 0.4959757060138412 0.517290096931738 0.47715968445277107 0.4989757060138412 9
2.0165299966681 0.5143126556095441 0.47414080932008307 0.49598827663535183 0.517312655609544 0.47714080932008307 0.49898827663535184 9
2.0131631671614 0.5143349088572828 0.4741218998980663 0.49600098819311406 0.5173349088572827 0.4771218998980663 0.49900098819311406 9
2.009805554027 0.5143567267285986 0.47410299942887146 0.49601371998162186 0.5173567267285984 0.47710299942887147 0.49901371998162186 9
2.0064571171418 0.5143781208644662 0.47408403317901726 0.49602643019074194 0.5173781208644661 0.47708403317901726 0.49902643019074194 9
2.0031178166226 0.514399235239994 0.47406504260519766 0.49603920955613773 0.5173992352399939 0.47706504260519766 0.49903920955613773 9
