8.1330643194892 0.5052394655118325 0.49280411883892483 0.4834337895520672 0.5092394655118325 0.49680411883892484 0.4874337895520672 9
8.0818843214791 0.5052703270728127 0.4927651320794132 0.4834634414562161 0.5092703270728127 0.4967651320794132 0.4874634414562161 9
8.0314148869044 0.505301242961251 0.4927260609081624 0.4834931768993094 0.509301242961251 0.4967260609081624 0.4874931768993094 9
7.9816419161148 0.5053322080682787 0.4926870575918712 0.48352296558966745 0.5093322080682787 0.4966870575918712 0.48752296558966746 9
7.9325417101846 0.5053632236119332 0.49264795319988924 0.48355274851542857 0.5093632236119332 0.49664795319988925 0.48755274851542857 9
7.8841093256458 0.5053942473319101 0.4926086878456594 0.48358241398150376 0.5093942473319101 0.4966086878456594 0.48758241398150376 9
7.8363256870345 0.5054252172482318 0.49256954040809486 0.4836120986440159 0.5094252172482318 0.49656954040809487 0.4876120986440159 9
7.7891789670368 0.5054559798943088 0.49253079288952467 0.4836417515584374 0.5094559798943088 0.4965307928895247 0.4876417515584374 9
7.7426543516668 0.5054866663191772 0.49249245726737645 0.48367125033825725 0.5094866663191772 0.49649245726737645 0.48767125033825726 9
7.6967390981526 0.5055172210819362 0.49245424715837594 0.48370043479804153 0.5095172210819362 0.49645424715837594 0.48770043479804154 9
7.6514215382762 0.5055475644893365 0.4924159654335194 0.4837295363580001 0.5095475644893365 0.4964159654335194 0.4877295363580001 9
7.6066870985632 0.5055777686952294 0.49237780186126323 0.4837587095157968 0.5095777686952294 0.49637780186126323 0.4877587095157968 9
7.56252588351 0.5056079862317272 0.4923397293462268 0.4837876036740729 0.5096079862317272 0.4963397293462268 0.4877876036740729 9
7.5189257900861 0.5056379242053877 0.4923015955074899 0.483816323734355 0.5096379242053877 0.4963015955074899 0.487816323734355 9
7.4758742805379 0.5056678316402128 0.492263701252869 0.4838451090448001 0.5096678316402128 0.496263701252869 0.4878451090448001 9
7.4333621571324 0.5056979292249316 0.4922258027809629 0.48387392475533586 0.5096979292249316 0.4962258027809629 0.48787392475533586 9
7.3913774665521 0.5057280523942478 0.49218806760986133 0.4839026300341958 0.5097280523942478 0.49618806760986134 0.4879026300341958 9
7.349909823956 0.5057580424473147 0.4921505309518889 0.4839310973538202 0.5097580424473147 0.4961505309518889 0.48793109735382023 9
7.3089502830204 0.5057879839084485 0.4921131849718384 0.48395931982497004 0.5097879839084485 0.49611318497183843 0.48795931982497004 9
7.2684872391571 0.505817829569285 0.4920757973193304 0.4839873945819916 0.509817829569285 0.4960757973193304 0.4879873945819916 9
7.2285121024239 0.5058474946612221 0.49203846799030576 0.4840154049027812 0.5098474946612221 0.49603846799030576 0.4880154049027812 9
7.1890162272408 0.5058769280476371 0.4920012160990226 0.4840433875096626 0.5098769280476371 0.4960012160990226 0.4880433875096626 9
7.1499884119886 0.5059061936021733 0.4919640620151094 0.4840714128321203 0.5099061936021733 0.4959640620151094 0.4880714128321203 9
7.1114215058699 0.5059356338374993 0.4919271141754964 0.4840993242431918 0.5099356338374993 0.4959271141754964 0.4880993242431918 9
7.0733072276286 0.5059652021986075 0.4918904921374176 0.4841269966416189 0.5099652021986075 0.4958904921374176 0.4881269966416189 9
7.0356348473542 0.5059946071420716 0.49185396348196214 0.4841544454426556 0.5099946071420716 0.49585396348196215 0.4881544454426556 9
6.9984018395066 0.5060238742279864 0.4918174948297463 0.4841816727173746 0.5100238742279865 0.4958174948297463 0.4881816727173746 9
6.9615897368687 0.5060530360578515 0.4917811430745764 0.48420864562875965 0.5100530360578515 0.4957811430745764 0.48820864562875965 9
6.9251989919202 0.506082011705766 0.4917449642428811 0.48423552800400593 0.5100820117057661 0.4957449642428811 0.48823552800400594 9
6.889220717047 0.5061108049244234 0.49170895739058035 0.4842623970764349 0.5101108049244234 0.49570895739058035 0.48826239707643493 9
6.8536476043573 0.5061396095195478 0.49167310342724496 0.48428919767894746 0.5101396095195478 0.49567310342724497 0.48828919767894746 9
6.8184701284878 0.5061684623528602 0.49163731530334676 0.48431587940056975 0.5101684623528602 0.49563731530334676 0.48831587940056975 9
6.7836833043465 0.5061972978574814 0.4916014926773868 0.48434253591377324 0.5101972978574814 0.4956014926773868 0.48834253591377325 9
6.7492804580935 0.5062261205990388 0.49156586547729864 0.48436910584856957 0.5102261205990388 0.49556586547729864 0.4883691058485696 9
6.7152528236759 0.5062547917300573 0.49153021861648544 0.48439573910479267 0.5102547917300573 0.49553021861648544 0.48839573910479267 9
6.6815954030677 0.5062833109837397 0.4914947449321698 0.48442246386225085 0.5102833109837397 0.49549474493216983 0.48842246386225086 9
6.6483022721564 0.506311701361203 0.4914594050722288 0.4844492050872298 0.510311701361203 0.4954594050722288 0.4884492050872298 9
6.6153655461906 0.5063400991386444 0.49142407610653266 0.4844760395507601 0.5103400991386444 0.49542407610653266 0.4884760395507601 9
6.58277983259 0.5063685961312356 0.49138874593019566 0.48450290695061876 0.5103685961312356 0.49538874593019566 0.48850290695061876 9
6.5505400847295 0.5063970821113347 0.4913535312226201 0.4845297730582612 0.5103970821113347 0.4953535312226201 0.48852977305826123 9
6.5186394340621 0.5064256038124365 0.491318318401091 0.48455651801756 0.5104256038124365 0.49531831840109103 0.48855651801756 9
6.4870717002914 0.5064541577278151 0.491283068319757 0.48458322122231534 0.5104541577278151 0.495283068319757 0.48858322122231534 9
6.455832854524 0.5064826445203925 0.4912478093038568 0.48460990618632427 0.5104826445203925 0.4952478093038568 0.48860990618632427 9
6.4249171923139 0.5065110069738201 0.49121252549011296 0.4846366242802158 0.5105110069738201 0.49521252549011296 0.4886366242802158 9
6.394317339037 0.5065393235692347 0.49117714836634063 0.48466344745707884 0.5105393235692347 0.49517714836634064 0.48866344745707885 9
6.3640304364049 0.5065676698599724 0.49114174083087725 0.48469020452245803 0.5105676698599724 0.49514174083087725 0.48869020452245804 9
6.3340513962328 0.5065960815917052 0.49110642693170525 0.4847168179807863 0.5105960815917052 0.49510642693170526 0.4887168179807863 9
6.3043733543713 0.5066245092389313 0.491071042457676 0.4847432940851828 0.5106245092389313 0.495071042457676 0.4887432940851828 9
6.2749926621466 0.5066529731373579 0.4910356941800353 0.4847694924129734 0.5106529731373579 0.4950356941800353 0.4887694924129734 9
6.2459052693099 0.5066814346097693 0.49100040800227257 0.4847955925928987 0.5106814346097693 0.4950004080022726 0.48879559259289873 9
6.2171057683393 0.5067098614665648 0.4909651385136593 0.48482162623812075 0.5107098614665648 0.4949651385136593 0.48882162623812075 9
6.1885885138638 0.5067382028277344 0.49092987802067384 0.48484754438337063 0.5107382028277344 0.49492987802067384 0.48884754438337064 9
6.1603509286601 0.5067664558963294 0.49089458937140235 0.4848733777719046 0.5107664558963294 0.49489458937140235 0.4888733777719046 9
6.1323886514927 0.5067945781279639 0.4908593297887067 0.4848990840781183 0.5107945781279639 0.4948593297887067 0.48889908407811833 9
6.104695379329 0.5068225160104987 0.4908240207800165 0.4849247774324305 0.5108225160104987 0.4948240207800165 0.4889247774324305 9
6.0772684074498 0.5068503765239598 0.4907887987888701 0.4849504906344158 0.5108503765239598 0.4947887987888701 0.4889504906344158 9
6.0501042425386 0.5068781557467688 0.4907537505723459 0.484976147821413 0.5108781557467688 0.4947537505723459 0.488976147821413 9
6.0231983798081 0.5069058460163695 0.49071884175596514 0.485001761825184 0.5109058460163695 0.49471884175596514 0.489001761825184 9
5.9965475703719 0.5069334047145089 0.4906839560219913 0.4850273549586 0.5109334047145089 0.4946839560219913 0.4890273549586 9
5.9701432208965 0.5069608822440829 0.4906491178230805 0.48505303905356395 0.5109608822440829 0.4946491178230805 0.48905303905356395 9
5.9439884934335 0.5069884146009207 0.49061437637486716 0.4850787875673456 0.5109884146009207 0.49461437637486716 0.48907878756734563 9
5.9180759873356 0.5070160356068436 0.4905797191173243 0.48510454662401026 0.5110160356068436 0.4945797191173243 0.48910454662401026 9
5.89240226686 0.5070437353031471 0.4905450796150916 0.48513032221484836 0.5110437353031471 0.4945450796150916 0.48913032221484837 9
5.8669650638089 0.5070716257127406 0.490510461247441 0.48515606565025615 0.5110716257127406 0.494510461247441 0.48915606565025616 9
5.8417609124107 0.5070997450976266 0.49047587140544213 0.4851816237219617 0.5110997450976266 0.49447587140544214 0.4891816237219617 9
5.8167842956069 0.507127978547592 0.49044125109045567 0.4852070052172483 0.511127978547592 0.49444125109045567 0.4892070052172483 9
5.7920334747095 0.5071562403734332 0.4904065493907094 0.48523220175412207 0.5111562403734332 0.4944065493907094 0.4892322017541221 9
5.767505751253 0.5071844312756921 0.49037182423089076 0.4852571159435438 0.5111844312756921 0.49437182423089077 0.4892571159435438 9
5.7431979262941 0.5072124590686885 0.4903371403980324 0.48528178085096263 0.5112124590686885 0.4943371403980324 0.48928178085096263 9
5.7191042306574 0.5072402373920698 0.4903025322807304 0.48530625047046844 0.5112402373920698 0.4943025322807304 0.48930625047046844 9
5.695224191153 0.5072677105642519 0.4902680397888307 0.48533055711204703 0.5112677105642519 0.4942680397888307 0.48933055711204704 9
5.6715548563947 0.5072948180357733 0.4902336280166162 0.4853548888819427 0.5112948180357733 0.4942336280166162 0.48935488888194273 9
5.6480930437119 0.5073216793433445 0.49019934489089945 0.48537920857660816 0.5113216793433445 0.49419934489089945 0.48937920857660816 9
5.6248335895041 0.5073483380823034 0.49016519082201676 0.4854035168653464 0.5113483380823034 0.49416519082201676 0.4894035168653464 9
5.6017761687059 0.5073748480174267 0.49013123546489423 0.48542784297726316 0.5113748480174267 0.49413123546489424 0.48942784297726316 9
5.5789179892623 0.5074012434370108 0.49009745598430027 0.48545215641363054 0.5114012434370108 0.49409745598430027 0.48945215641363055 9
5.5562560161217 0.5074275551167666 0.49006370138748956 0.48547652617795717 0.5114275551167666 0.49406370138748956 0.48947652617795717 9
5.5337854228291 0.5074536951978609 0.4900299819659077 0.485500960470928 0.5114536951978609 0.4940299819659077 0.489500960470928 9
5.5115060388609 0.5074798210195988 0.4899962983763683 0.4855254428394318 0.5114798210195988 0.4939962983763683 0.4895254428394318 9
5.4894152752971 0.5075060599130549 0.48996262952852354 0.4855499515348569 0.5115060599130549 0.49396262952852354 0.4895499515348569 9
5.4675104519837 0.507532376181908 0.4899290232483861 0.485574388939833 0.511532376181908 0.4939290232483861 0.489574388939833 9
5.4457866023531 0.5075587157252794 0.48989561965601636 0.4855986754557105 0.5115587157252794 0.49389561965601636 0.4895986754557105 9
5.4242439216841 0.5075850553197148 0.489862290081662 0.4856228444660789 0.5115850553197148 0.493862290081662 0.4896228444660789 9
5.4028800057157 0.5076114140895757 0.48982901374239296 0.48564686157334075 0.5116114140895757 0.49382901374239296 0.48964686157334075 9
5.3816924938323 0.5076378428441504 0.4897957005215794 0.4856707523011906 0.5116378428441504 0.4937957005215794 0.4896707523011906 9
5.3606765485932 0.507664225347082 0.48976231673291476 0.48569448998756065 0.511664225347082 0.49376231673291476 0.48969448998756065 9
5.3398321903059 0.5076904618974069 0.4897291257655133 0.48571804970076377 0.5116904618974069 0.4937291257655133 0.48971804970076377 9
5.3191574374925 0.5077164847215889 0.4896960523603769 0.48574159820357826 0.5117164847215889 0.4936960523603769 0.48974159820357827 9
5.2986500938818 0.5077423827041341 0.48966299214851433 0.4857652950776105 0.5117423827041341 0.49366299214851433 0.4897652950776105 9
5.2783060983026 0.5077681037103217 0.4896299973675895 0.4857890687813165 0.5117681037103217 0.4936299973675895 0.4897890687813165 9
5.2581243704102 0.5077937309349343 0.48959713397247684 0.48581276393003686 0.5117937309349343 0.49359713397247684 0.48981276393003687 9
5.2381037238371 0.5078192211940994 0.48956421585949705 0.4858364184155106 0.5118192211940994 0.49356421585949706 0.4898364184155106 9
5.2182421123361 0.5078445833779426 0.48953129409347523 0.48585998955880877 0.5118445833779426 0.49353129409347524 0.4898599895588088 9
5.1985364939115 0.5078697996860528 0.4894985456174766 0.48588350255250573 0.5118697996860528 0.4934985456174766 0.48988350255250573 9
5.1789841577134 0.5078948987398941 0.48946588394168145 0.48590705710232407 0.5118948987398941 0.49346588394168145 0.4899070571023241 9
5.1595849588013 0.5079199839268167 0.48943333311275006 0.48593059209595213 0.5119199839268167 0.49343333311275006 0.48993059209595213 9
5.1403369881188 0.5079451378561647 0.48940101112084705 0.4859541245522281 0.5119451378561647 0.49340101112084706 0.4899541245522281 9
5.1212383691729 0.5079702984289438 0.4893688567130566 0.48597765012820754 0.5119702984289438 0.4933688567130566 0.48997765012820754 9
5.1022845388415 0.5079954829346355 0.4893368279294397 0.48600116735367854 0.5119954829346355 0.4933368279294397 0.49000116735367855 9
5.0834763219681 0.508020673566425 0.4893047216820892 0.48602471016480336 0.512020673566425 0.4933047216820892 0.49002471016480337 9
5.0648120457982 0.5080457991284976 0.4892725020854926 0.48604820985969044 0.5120457991284976 0.4932725020854926 0.49004820985969044 9
5.0462899568069 0.5080707827860694 0.48924015536533627 0.4860716612469877 0.5120707827860694 0.4932401553653363 0.4900716612469877 9
5.027907003054 0.5080955962905024 0.48920782347564595 0.4860950045606934 0.5120955962905024 0.49320782347564596 0.4900950045606934 9
5.0096613111284 0.5081203018627717 0.4891756542454361 0.4861181427804474 0.5121203018627717 0.4931756542454361 0.4901181427804474 9
4.9915537094735 0.5081449983423996 0.4891436437640701 0.4861411291391724 0.5121449983423996 0.4931436437640701 0.4901411291391724 9
4.9735796746086 0.5081697144649565 0.4891116687751924 0.4861640543445814 0.5121697144649565 0.4931116687751924 0.4901640543445814 9
4.9557404757496 0.5081944341772431 0.4890797551936867 0.48618700616558846 0.5121944341772431 0.4930797551936867 0.49018700616558847 9
4.9380310525019 0.5082190917156316 0.4890478894296057 0.48621001423313653 0.5122190917156316 0.4930478894296057 0.49021001423313654 9
4.9204520263699 0.5082436581618525 0.48901594435008433 0.4862330835409002 0.5122436581618525 0.49301594435008433 0.4902330835409002 9
4.9030022186814 0.5082680991539276 0.4889839334673433 0.4862561856609456 0.5122680991539276 0.4929839334673433 0.4902561856609456 9
4.8856801172535 0.5082924881109955 0.48895196467579594 0.48627928362679457 0.5122924881109955 0.49295196467579594 0.49027928362679457 9
4.8684836794612 0.5083168647766767 0.4889201380947988 0.4863022816562774 0.5123168647766767 0.4929201380947988 0.49030228165627743 9
4.8514096704994 0.5083412747561531 0.4888884524663265 0.48632527160806466 0.5123412747561531 0.4928884524663265 0.49032527160806466 9
4.834459003746 0.5083656743577291 0.48885676899626646 0.48634825938665127 0.5123656743577291 0.49285676899626646 0.4903482593866513 9
4.8176302606012 0.5083899763829806 0.4888250391074751 0.48637122598201565 0.5123899763829806 0.4928250391074751 0.49037122598201566 9
4.8009220447965 0.5084142321453913 0.48879315823031033 0.486394131135218 0.5124142321453913 0.49279315823031034 0.490394131135218 9
4.784331787004 0.5084384882400029 0.4887611357701714 0.48641691862647973 0.5124384882400029 0.4927611357701714 0.49041691862647974 9
4.7678576311648 0.5084627198060565 0.4887290097928734 0.4864395422541516 0.5124627198060565 0.49272900979287343 0.4904395422541516 9
4.7514999721025 0.5084869075936855 0.4886968522182208 0.4864619901625817 0.5124869075936855 0.4926968522182208 0.4904619901625817 9
4.7352574981467 0.5085110670888784 0.4886647476216982 0.4864844484922636 0.5125110670888784 0.4926647476216982 0.4904844484922636 9
4.719128917842 0.5085352213395362 0.48863278015453193 0.48650700736829344 0.5125352213395362 0.49263278015453194 0.49050700736829345 9
4.7031114062749 0.5085593018545199 0.4886009825073817 0.48652965307146817 0.5125593018545199 0.4926009825073817 0.4905296530714682 9
4.6872039085764 0.5085832023635835 0.48856920202407195 0.4865523350146893 0.5125832023635835 0.49256920202407195 0.4905523350146893 9
4.6714065757758 0.5086069884622298 0.4885375600554575 0.48657506602199496 0.5126069884622299 0.4925375600554575 0.49057506602199497 9
4.6557181930564 0.5086307534180001 0.48850593229130285 0.4865978510874254 0.5126307534180001 0.49250593229130285 0.49059785108742543 9
4.6401375639397 0.508654573960248 0.4884743364420235 0.486620671500718 0.512654573960248 0.4924743364420235 0.49062067150071803 9
4.6246618908247 0.5086784454757283 0.48844275564035494 0.4866435400554178 0.5126784454757283 0.49244275564035495 0.4906435400554178 9
4.609290322647 0.508702251117885 0.48841106305119203 0.4866665028436568 0.512702251117885 0.49241106305119203 0.4906665028436568 9
4.5940230530324 0.5087261336642718 0.48837928127302804 0.4866894555706768 0.5127261336642718 0.49237928127302805 0.4906894555706768 9
4.5788589550727 0.5087501718446618 0.4883474528700899 0.48671233673498365 0.5127501718446618 0.4923474528700899 0.49071233673498366 9
4.5637969185282 0.5087742457248247 0.488315573986999 0.48673506999601346 0.5127742457248247 0.492315573986999 0.49073506999601346 9
4.5488344688364 0.508798315145019 0.4882835879319687 0.48675771751955693 0.5127983151450191 0.4922835879319687 0.49075771751955694 9
4.5339703389387 0.5088224032586401 0.4882516188370994 0.4867803516259635 0.5128224032586401 0.4922516188370994 0.4907803516259635 9
4.5192050641501 0.5088464778978258 0.488219658171016 0.4868029801223725 0.5128464778978258 0.492219658171016 0.4908029801223725 9
4.5045375975085 0.5088704266134076 0.4881875577826169 0.4868256954156316 0.5128704266134076 0.4921875577826169 0.4908256954156316 9
4.4899669072332 0.508894311230912 0.48815538853345875 0.48684855082333406 0.512894311230912 0.49215538853345875 0.49084855082333406 9
4.4754911514238 0.5089181228911182 0.48812323876426805 0.48687147834945105 0.5129181228911182 0.49212323876426806 0.49087147834945105 9
4.4611080022545 0.5089419444552613 0.4880910964824915 0.4868943589488606 0.5129419444552613 0.4920910964824915 0.4908943589488606 9
4.4468186496149 0.5089658976106614 0.488058985999495 0.48691720545392214 0.5129658976106614 0.492058985999495 0.49091720545392215 9
4.4326221193866 0.5089899433243996 0.48802689290807577 0.48693997278746504 0.5129899433243996 0.4920268929080758 0.49093997278746504 9
4.4185174513027 0.5090140803082618 0.4879948660599152 0.4869625772481785 0.5130140803082618 0.4919948660599152 0.4909625772481785 9
4.4045036986985 0.5090382706390227 0.48796286569242664 0.48698501233343944 0.5130382706390227 0.49196286569242664 0.49098501233343944 9
4.3905769868197 0.5090624362741806 0.48793078799000666 0.48700735657660493 0.5130624362741806 0.49193078799000667 0.49100735657660494 9
4.3767393017845 0.5090865008372861 0.48789862040377097 0.48702956953897797 0.5130865008372861 0.49189862040377097 0.491029569538978 9
4.3629897980136 0.5091104398888245 0.4878663669677708 0.4870516656249589 0.5131104398888245 0.4918663669677708 0.4910516656249589 9
4.3493275805421 0.5091342184948021 0.48783397381925925 0.48707363227069506 0.5131342184948021 0.49183397381925925 0.49107363227069506 9
4.3357517668425 0.5091577794907663 0.4878015238785931 0.4870955008722887 0.5131577794907664 0.4918015238785931 0.4910955008722887 9
4.3222597483625 0.509181085031364 0.4877692112208119 0.48711726922030923 0.513181085031364 0.4917692112208119 0.49111726922030924 9
4.3088511357715 0.5092041850018052 0.4877371360795578 0.4871390129394439 0.5132041850018052 0.4917371360795578 0.4911390129394439 9
4.2955263781795 0.5092272213579715 0.487705238888394 0.4871607892985697 0.5132272213579715 0.491705238888394 0.4911607892985697 9
4.2822846403544 0.5092502735742435 0.4876734326966522 0.4871826798854234 0.5132502735742435 0.4916734326966522 0.4911826798854234 9
4.2691250984564 0.5092732639647457 0.48764165652688124 0.48720455372649496 0.5132732639647457 0.49164165652688124 0.49120455372649496 9
4.256046765488 0.5092961140278205 0.4876096888536387 0.4872264141481641 0.5132961140278205 0.4916096888536387 0.4912264141481641 9
4.2430461473216 0.5093188540703468 0.48757757029205195 0.487248373228265 0.5133188540703468 0.49157757029205196 0.491248373228265 9
4.230125346118 0.5093414635319035 0.4875454316162024 0.48727039830500424 0.5133414635319035 0.4915454316162024 0.49127039830500424 9
4.2172835813756 0.5093639872218853 0.487513382478622 0.48729242182028937 0.5133639872218853 0.49151338247862203 0.49129242182028937 9
4.2045200830444 0.509386455011168 0.48748145492188694 0.4873144264924603 0.513386455011168 0.49148145492188694 0.4913144264924603 9
4.1918340913492 0.5094088838613365 0.4874495581633217 0.48733638982606886 0.5134088838613365 0.4914495581633217 0.49133638982606886 9
4.1792235471624 0.5094312371872256 0.4874176306961323 0.4873582745481192 0.5134312371872256 0.4914176306961323 0.4913582745481192 9
4.1666872780132 0.5094534705227899 0.48738580208048143 0.48738010754500927 0.5134534705227899 0.49138580208048144 0.49138010754500927 9
4.1542263217858 0.5094754841454499 0.48735408115651085 0.487401930929213 0.5134754841454499 0.49135408115651086 0.491401930929213 9
4.1418399578098 0.5094973430056637 0.4873225729881835 0.4874236658634315 0.5134973430056637 0.4913225729881835 0.4914236658634315 9
4.1295274748596 0.5095191703717606 0.48729129456493203 0.48744535979354353 0.5135191703717606 0.49129129456493204 0.49144535979354353 9
4.1172881709967 0.5095409642070426 0.48726011373373035 0.48746705043126737 0.5135409642070426 0.49126011373373035 0.49146705043126737 9
4.1051192542267 0.5095627019710441 0.4872289580525089 0.4874886568481523 0.5135627019710441 0.4912289580525089 0.4914886568481523 9
4.0930211737232 0.509584363922549 0.48719790276614033 0.4875101675856504 0.513584363922549 0.49119790276614034 0.4915101675856504 9
4.0809942459588 0.5096059689915956 0.48716695613392147 0.4875315603507589 0.5136059689915956 0.4911669561339215 0.4915315603507589 9
4.0690378043587 0.5096274172542711 0.4871361406190578 0.4875527848676633 0.5136274172542711 0.4911361406190578 0.4915527848676633 9
4.0571511909009 0.5096486168931597 0.4871053416848006 0.4875739770096464 0.5136486168931597 0.4911053416848006 0.4915739770096464 9
4.0453337559766 0.509669576264145 0.48707469896479405 0.48759529006646485 0.513669576264145 0.49107469896479405 0.49159529006646485 9
4.0335823263733 0.50969029292906 0.4870442917895753 0.48761675202289034 0.51369029292906 0.4910442917895753 0.49161675202289035 9
4.021898250315 0.5097108141595617 0.48701407773656125 0.48763835174750597 0.5137108141595617 0.49101407773656125 0.491638351747506 9
4.0102814779793 0.5097311917978657 0.48698396268860517 0.4876600889223606 0.5137311917978657 0.49098396268860517 0.4916600889223606 9
