8.1330643194892 0.5052400099352391 0.4928035410004737 0.48343360454786427 0.5092400099352391 0.4968035410004737 0.4874336045478643 9
8.0818843214791 0.5052710281564208 0.4927641729226036 0.48346332157680266 0.5092710281564208 0.4967641729226036 0.48746332157680267 9
8.0314148869044 0.5053019916360222 0.4927249839054507 0.48349317848537376 0.5093019916360222 0.4967249839054507 0.48749317848537377 9
7.9816419161148 0.5053328025303904 0.4926860003823752 0.4835228247550941 0.5093328025303904 0.4966860003823752 0.4875228247550941 9
7.9325417101846 0.5053638743766388 0.4926468492744071 0.4835526506273726 0.5093638743766388 0.4966468492744071 0.48755265062737263 9
7.8841093256458 0.5053949450900785 0.4926075596454542 0.48358256407054084 0.5093949450900785 0.4966075596454542 0.48758256407054085 9
7.8363256870345 0.5054258668539369 0.49256850666876617 0.4836121663410987 0.5094258668539369 0.4965685066687662 0.4876121663410987 9
7.7891789670368 0.5054565738966555 0.49252995903918567 0.4836413890850469 0.5094565738966556 0.4965299590391857 0.4876413890850469 9
7.7426543516668 0.5054870434397039 0.4924914475025947 0.4836706814813803 0.5094870434397039 0.4964914475025947 0.4876706814813803 9
7.6967390981526 0.505517614760082 0.4924527991370353 0.4836998912929368 0.509517614760082 0.4964527991370353 0.4876998912929368 9
7.6514215382762 0.5055480316492001 0.49241404501888336 0.483729085779661 0.5095480316492002 0.49641404501888337 0.487729085779661 9
7.6066870985632 0.5055782246830648 0.49237551925837936 0.48375811067499647 0.5095782246830648 0.49637551925837936 0.48775811067499647 9
7.56252588351 0.5056083310088318 0.4923372886429484 0.4837870039385144 0.5096083310088318 0.4963372886429484 0.48778700393851443 9
7.5189257900861 0.5056385180041489 0.4922992206043795 0.4838156589145091 0.5096385180041489 0.4962992206043795 0.4878156589145091 9
7.4758742805379 0.5056683338907046 0.49226110845011656 0.4838443692218253 0.5096683338907047 0.49626110845011656 0.4878443692218253 9
7.4333621571324 0.5056981939033138 0.49222344209379415 0.4838731336121521 0.5096981939033138 0.49622344209379415 0.4878731336121521 9
7.3913774665521 0.5057281871807031 0.492185852401885 0.4839015203738969 0.5097281871807031 0.496185852401885 0.4879015203738969 9
7.349909823956 0.505757988059913 0.49214814082318364 0.4839297532595314 0.509757988059913 0.49614814082318365 0.4879297532595314 9
7.3089502830204 0.5057876079048055 0.49211024548073934 0.4839578661465811 0.5097876079048055 0.49611024548073934 0.4879578661465811 9
7.2684872391571 0.5058169338077042 0.49207256249266756 0.48398592101642207 0.5098169338077042 0.49607256249266757 0.4879859210164221 9
7.2285121024239 0.5058461370728968 0.49203509851253113 0.484013950734189 0.5098461370728968 0.49603509851253114 0.488013950734189 9
7.1890162272408 0.505875524930096 0.49199780227079365 0.48404178701692413 0.509875524930096 0.49599780227079365 0.48804178701692413 9
7.1499884119886 0.505904854035944 0.4919605568675044 0.484069421291205 0.509904854035944 0.4959605568675044 0.488069421291205 9
7.1114215058699 0.5059339986441833 0.4919234488364339 0.484096916108408 0.5099339986441833 0.4959234488364339 0.488096916108408 9
7.0733072276286 0.5059632552812304 0.4918866341797286 0.48412419502387266 0.5099632552812304 0.4958866341797286 0.48812419502387266 9
7.0356348473542 0.5059922434979808 0.4918499318885155 0.4841510948961833 0.5099922434979808 0.4958499318885155 0.4881510948961833 9
6.9984018395066 0.5060212133170555 0.49181330911409465 0.484177882695913 0.5100212133170555 0.49581330911409466 0.488177882695913 9
6.9615897368687 0.5060499874088129 0.49177666394996966 0.484204682843279 0.5100499874088129 0.49577666394996966 0.488204682843279 9
6.9251989919202 0.5060787209323859 0.49174027759242117 0.4842313860599994 0.5100787209323859 0.4957402775924212 0.4882313860599994 9
6.889220717047 0.5061070967632989 0.49170404714368265 0.4842580195613332 0.5101070967632989 0.49570404714368266 0.4882580195613332 9
6.8536476043573 0.506135362639361 0.49166815055872964 0.4842846714674731 0.510135362639361 0.49566815055872965 0.4882846714674731 9
6.8184701284878 0.5061637906781586 0.4916323606805522 0.484311145831517 0.5101637906781586 0.4956323606805522 0.488311145831517 9
6.7836833043465 0.5061921828305179 0.49159666186207845 0.484337547701943 0.5101921828305179 0.49559666186207846 0.488337547701943 9
6.7492804580935 0.5062205587726153 0.4915610369069755 0.48436385052844266 0.5102205587726153 0.4955610369069755 0.48836385052844267 9
6.7152528236759 0.5062487888201355 0.49152559654899286 0.4843899625306329 0.5102487888201355 0.49552559654899286 0.4883899625306329 9
6.6815954030677 0.5062768204562575 0.4914900932990781 0.4844159562053404 0.5102768204562576 0.4954900932990781 0.4884159562053404 9
6.6483022721564 0.5063049141645075 0.49145447409878246 0.4844420514385827 0.5103049141645075 0.49545447409878246 0.4884420514385827 9
6.6153655461906 0.5063329924617055 0.49141902519404723 0.4844682023507564 0.5103329924617055 0.49541902519404724 0.4884682023507564 9
6.58277983259 0.5063609350507675 0.4913835781393899 0.48449426014151886 0.5103609350507675 0.4953835781393899 0.48849426014151887 9
6.5505400847295 0.5063887784333213 0.49134818514199885 0.4845203686389093 0.5103887784333213 0.49534818514199885 0.4885203686389093 9
6.5186394340621 0.5064166543088499 0.4913130273090581 0.48454635456485207 0.5104166543088499 0.49531302730905813 0.48854635456485207 9
6.4870717002914 0.5064444545800983 0.49127797467403 0.4845722592710475 0.5104444545800984 0.49527797467403 0.4885722592710475 9
6.455832854524 0.5064720924957921 0.49124299107451036 0.4845981838354366 0.5104720924957921 0.49524299107451036 0.48859818383543663 9
6.4249171923139 0.5064998732007201 0.4912081773023828 0.4846239624884655 0.5104998732007201 0.4952081773023828 0.4886239624884655 9
6.394317339037 0.506527709203911 0.49117327229175095 0.4846497781936632 0.510527709203911 0.49517327229175095 0.48864977819366323 9
6.3640304364049 0.5065554816845882 0.49113830493006566 0.48467553969704125 0.5105554816845882 0.49513830493006566 0.48867553969704125 9
6.3340513962328 0.5065831994963564 0.4911035436985997 0.484701104319159 0.5105831994963564 0.4951035436985997 0.48870110431915903 9
6.3043733543713 0.5066108387505588 0.49106876937107075 0.48472633571557844 0.5106108387505588 0.49506876937107075 0.48872633571557844 9
6.2749926621466 0.5066382379216161 0.49103385749723694 0.48475148588449035 0.5106382379216161 0.49503385749723694 0.48875148588449036 9
6.2459052693099 0.506665555300958 0.49099900780117806 0.4847767706138715 0.510665555300958 0.49499900780117806 0.4887767706138715 9
6.2171057683393 0.5066928818432314 0.4909643274312346 0.4848020708559924 0.5106928818432314 0.4949643274312346 0.4888020708559924 9
6.1885885138638 0.5067202524097703 0.4909297515417524 0.4848273777135227 0.5107202524097703 0.4949297515417524 0.4888273777135227 9
6.1603509286601 0.5067478035703249 0.4908951829175503 0.4848525876995774 0.5107478035703249 0.4948951829175503 0.4888525876995774 9
6.1323886514927 0.5067753237238549 0.4908606141794727 0.4848776672611311 0.5107753237238549 0.4948606141794727 0.4888776672611311 9
6.104695379329 0.5068028476591737 0.4908261192265464 0.4849026525113671 0.5108028476591737 0.4948261192265464 0.4889026525113671 9
6.0772684074498 0.506830310377235 0.49079158892208063 0.48492754718101194 0.510830310377235 0.49479158892208064 0.48892754718101195 9
6.0501042425386 0.506857523445144 0.49075703295875245 0.48495222810907934 0.510857523445144 0.49475703295875245 0.48895222810907935 9
6.0231983798081 0.506884565974682 0.49072270844378285 0.48497670878994503 0.510884565974682 0.49472270844378285 0.48897670878994504 9
5.9965475703719 0.5069114647354315 0.4906884561769275 0.4850010356513845 0.5109114647354315 0.4946884561769275 0.48900103565138453 9
5.9701432208965 0.5069382786815033 0.4906544432734437 0.485025274239761 0.5109382786815033 0.4946544432734437 0.489025274239761 9
5.9439884934335 0.5069651799823921 0.4906204918781782 0.48504946587804537 0.5109651799823921 0.4946204918781782 0.4890494658780454 9
5.9180759873356 0.5069919404762209 0.4905865756204626 0.48507381110480857 0.5109919404762209 0.4945865756204626 0.4890738111048086 9
5.89240226686 0.5070186291190404 0.49055276437976075 0.4850983188262897 0.5110186291190404 0.49455276437976076 0.4890983188262897 9
5.8669650638089 0.5070454524123253 0.4905191820522059 0.48512272678201246 0.5110454524123254 0.4945191820522059 0.48912272678201246 9
5.8417609124107 0.5070723841001802 0.4904855727500039 0.48514709629519026 0.5110723841001802 0.4944855727500039 0.48914709629519026 9
5.8167842956069 0.5070993692075753 0.49045180999398236 0.4851713838149237 0.5110993692075753 0.49445180999398236 0.4891713838149237 9
5.7920334747095 0.5071262545473745 0.49041797315399455 0.48519561521615967 0.5111262545473745 0.49441797315399455 0.4891956152161597 9
5.767505751253 0.5071531826762573 0.49038424043320744 0.48521966652592907 0.5111531826762573 0.49438424043320744 0.4892196665259291 9
5.7431979262941 0.5071800063261195 0.4903505320254532 0.4852436049827601 0.5111800063261195 0.4943505320254532 0.4892436049827601 9
5.7191042306574 0.5072066093664416 0.49031684007955717 0.4852673273978943 0.5112066093664416 0.4943168400795572 0.4892673273978943 9
5.695224191153 0.5072330188063672 0.49028313761544934 0.48529098354231937 0.5112330188063672 0.49428313761544934 0.48929098354231937 9
5.6715548563947 0.5072592855053382 0.490249669169728 0.4853144105463641 0.5112592855053382 0.494249669169728 0.4893144105463641 9
5.6480930437119 0.5072852909087735 0.4902163980327886 0.48533777081403207 0.5112852909087735 0.4942163980327886 0.48933777081403207 9
5.6248335895041 0.5073110915842965 0.49018323627503263 0.48536096691782293 0.5113110915842966 0.49418323627503263 0.48936096691782294 9
5.6017761687059 0.5073366756312055 0.4901501758970482 0.4853841280243809 0.5113366756312056 0.4941501758970482 0.4893841280243809 9
5.5789179892623 0.5073621881947218 0.49011719987926494 0.48540734037064837 0.5113621881947218 0.49411719987926495 0.48940734037064837 9
5.5562560161217 0.5073875860689451 0.49008418983985125 0.48543053839203926 0.5113875860689451 0.49408418983985125 0.48943053839203926 9
5.5337854228291 0.5074127446403142 0.49005119425628973 0.4854537201400893 0.5114127446403142 0.49405119425628974 0.4894537201400893 9
5.5115060388609 0.5074377692693982 0.49001838402089604 0.48547666364949593 0.5114377692693982 0.49401838402089604 0.48947666364949594 9
5.4894152752971 0.5074625459750619 0.48998589936328946 0.48549944934033956 0.5114625459750619 0.49398589936328946 0.48949944934033957 9
5.4675104519837 0.5074873787644154 0.48995372037043716 0.48552217187465446 0.5114873787644154 0.49395372037043717 0.48952217187465447 9
5.4457866023531 0.5075122682610572 0.48992134879556914 0.4855448920636431 0.5115122682610572 0.49392134879556915 0.4895448920636431 9
5.4242439216841 0.5075370517208828 0.48988886570330786 0.4855675184026596 0.5115370517208828 0.49388886570330787 0.4895675184026596 9
5.4028800057157 0.507561680910461 0.48985644478541723 0.4855898472703139 0.5115616809104611 0.49385644478541724 0.4895898472703139 9
5.3816924938323 0.5075860966806593 0.48982399283022143 0.4856119830487034 0.5115860966806594 0.49382399283022144 0.4896119830487034 9
5.3606765485932 0.5076103615270897 0.48979162884129984 0.4856341081891206 0.5116103615270897 0.49379162884129985 0.4896341081891206 9
5.3398321903059 0.5076344933081243 0.48975945554817346 0.48565618854842674 0.5116344933081243 0.49375945554817346 0.48965618854842674 9
5.3191574374925 0.507658501214887 0.48972758029328745 0.4856782596237319 0.511658501214887 0.49372758029328745 0.4896782596237319 9
5.2986500938818 0.5076825660346076 0.4896958575384955 0.4857004583709291 0.5116825660346076 0.4936958575384955 0.4897004583709291 9
5.2783060983026 0.5077067715642126 0.4896643867524196 0.48572267414030273 0.5117067715642126 0.4936643867524196 0.48972267414030274 9
5.2581243704102 0.507731204001627 0.4896331073676189 0.48574471925092 0.511731204001627 0.4936331073676189 0.48974471925092 9
5.2381037238371 0.5077557650597126 0.48960169776078666 0.48576681912950453 0.5117557650597127 0.49360169776078666 0.48976681912950454 9
5.2182421123361 0.507780462011129 0.4895702559930242 0.48578894165131853 0.511780462011129 0.4935702559930242 0.48978894165131853 9
5.1985364939115 0.5078052259645712 0.48953874134470593 0.4858111109487745 0.5118052259645712 0.49353874134470593 0.4898111109487745 9
5.1789841577134 0.5078298490783338 0.48950705994898863 0.4858332209248825 0.5118298490783338 0.49350705994898864 0.4898332209248825 9
5.1595849588013 0.5078543047410701 0.4894753599747801 0.4858553088616268 0.5118543047410701 0.4934753599747801 0.4898553088616268 9
5.1403369881188 0.5078784877025736 0.4894436571447287 0.48587746292239 0.5118784877025736 0.4934436571447287 0.48987746292239 9
5.1212383691729 0.5079024798039448 0.4894119457140376 0.4858998118733954 0.5119024798039448 0.4934119457140376 0.48989981187339543 9
5.1022845388415 0.5079263217017135 0.4893804062020188 0.4859222271851328 0.5119263217017135 0.4933804062020188 0.4899222271851328 9
5.0834763219681 0.507949967409713 0.4893491041753634 0.4859447551677849 0.511949967409713 0.49334910417536343 0.4899447551677849 9
5.0648120457982 0.5079734513111533 0.4893179389365518 0.4859674223069673 0.5119734513111533 0.4933179389365518 0.4899674223069673 9
5.0462899568069 0.5079967379446092 0.4892869406140543 0.48598998879770655 0.5119967379446092 0.4932869406140543 0.48998998879770655 9
5.027907003054 0.5080199474828637 0.489256022171894 0.48601242001319006 0.5120199474828637 0.493256022171894 0.49001242001319006 9
5.0096613111284 0.50804325349765 0.4892253133568612 0.4860348053223958 0.51204325349765 0.4932253133568612 0.4900348053223958 9
4.9915537094735 0.508066740742791 0.4891947839794445 0.4860573939297649 0.512066740742791 0.4931947839794445 0.4900573939297649 9
4.9735796746086 0.5080903768267436 0.48916438576365806 0.4860800526016928 0.5120903768267436 0.49316438576365806 0.4900800526016928 9
4.9557404757496 0.5081141372219328 0.4891339286876984 0.4861027434613797 0.5121141372219328 0.4931339286876984 0.4901027434613797 9
4.9380310525019 0.5081380019923623 0.48910329975092953 0.48612544736271235 0.5121380019923623 0.49310329975092954 0.49012544736271235 9
4.9204520263699 0.5081618462476708 0.489072428789807 0.4861482725184233 0.5121618462476708 0.493072428789807 0.4901482725184233 9
4.9030022186814 0.5081856055724298 0.4890414843376808 0.48617122635741805 0.5121856055724298 0.4930414843376808 0.49017122635741806 9
4.8856801172535 0.5082093364340756 0.4890105693899825 0.4861943442862579 0.5122093364340756 0.4930105693899825 0.4901943442862579 9
4.8684836794612 0.5082330972385042 0.4889796802667001 0.48621751171106453 0.5122330972385042 0.4929796802667001 0.49021751171106454 9
4.8514096704994 0.508256821071846 0.4889488169880332 0.48624061088089365 0.512256821071846 0.4929488169880332 0.49024061088089366 9
4.834459003746 0.5082805192484978 0.4889179695748103 0.486263633140979 0.5122805192484978 0.4929179695748103 0.490263633140979 9
4.8176302606012 0.5083041518928653 0.4888870347448219 0.486286613820244 0.5123041518928653 0.49288703474482193 0.490286613820244 9
4.8009220447965 0.5083277154993965 0.4888561022817752 0.48630950065876316 0.5123277154993965 0.4928561022817752 0.49030950065876316 9
4.784331787004 0.5083512132139932 0.48882518445075795 0.48633234268043724 0.5123512132139932 0.49282518445075796 0.49033234268043724 9
4.7678576311648 0.5083746167968497 0.48879429197338625 0.4863551395602969 0.5123746167968497 0.49279429197338626 0.4903551395602969 9
4.7514999721025 0.5083979789253661 0.48876335285926725 0.48637794284205743 0.5123979789253661 0.49276335285926726 0.49037794284205743 9
4.7352574981467 0.5084213625248994 0.4887324332763442 0.48640071065413587 0.5124213625248994 0.4927324332763442 0.4904007106541359 9
4.719128917842 0.5084447908205924 0.4887015638240858 0.4864234603381704 0.5124447908205924 0.4927015638240858 0.4904234603381704 9
4.7031114062749 0.5084682390922232 0.4886706677154655 0.48644612582660823 0.5124682390922232 0.4926706677154655 0.49044612582660824 9
4.6872039085764 0.5084916865709379 0.4886396777175046 0.4864688055671916 0.5124916865709379 0.4926396777175046 0.4904688055671916 9
4.6714065757758 0.508515107499812 0.48860858041640587 0.48649148599408404 0.512515107499812 0.4926085804164059 0.49049148599408404 9
4.6557181930564 0.5085385179913695 0.48857741806589977 0.4865141584831207 0.5125385179913695 0.4925774180658998 0.4905141584831207 9
4.6401375639397 0.5085619039159701 0.4885461998696865 0.4865367935799884 0.5125619039159701 0.4925461998696865 0.4905367935799884 9
4.6246618908247 0.5085852679714795 0.4885148304707444 0.48655945467647044 0.5125852679714795 0.4925148304707444 0.49055945467647044 9
4.609290322647 0.5086085816193953 0.4884833355847988 0.4865820973843765 0.5126085816193953 0.4924833355847988 0.4905820973843765 9
4.5940230530324 0.5086317532110722 0.48845179343907275 0.48660457242393396 0.5126317532110722 0.49245179343907275 0.49060457242393396 9
4.5788589550727 0.5086549270215229 0.4884203263430549 0.48662671447239964 0.5126549270215229 0.4924203263430549 0.49062671447239964 9
4.5637969185282 0.5086781878169354 0.48838896923171704 0.48664863876280984 0.5126781878169354 0.49238896923171704 0.49064863876280984 9
4.5488344688364 0.5087014889491737 0.4883576515014372 0.4866703851407005 0.5127014889491737 0.4923576515014372 0.4906703851407005 9
4.5339703389387 0.508724869012348 0.4883263575348121 0.48669199675604236 0.512724869012348 0.49232635753481213 0.49069199675604236 9
4.5192050641501 0.5087482239139887 0.48829502992830076 0.4867136727105599 0.5127482239139887 0.49229502992830076 0.4907136727105599 9
4.5045375975085 0.5087714915540443 0.48826369789851953 0.4867353719719589 0.5127714915540443 0.49226369789851954 0.4907353719719589 9
4.4899669072332 0.5087946982168479 0.48823243270259864 0.4867569693407827 0.5127946982168479 0.49223243270259864 0.4907569693407827 9
4.4754911514238 0.5088179160789411 0.48820121657724047 0.4867785765075777 0.5128179160789411 0.4922012165772405 0.4907785765075777 9
4.4611080022545 0.5088411224639463 0.48817004689933985 0.4868001145775684 0.5128411224639463 0.49217004689933985 0.4908001145775684 9
4.4468186496149 0.5088643514987188 0.4881390172852215 0.48682160057881885 0.5128643514987188 0.4921390172852215 0.49082160057881885 9
4.4326221193866 0.508887506477951 0.4881080614802211 0.4868432138147921 0.512887506477951 0.4921080614802211 0.4908432138147921 9
4.4185174513027 0.5089106001800853 0.48807712063063896 0.4868649346351309 0.5129106001800853 0.49207712063063896 0.4908649346351309 9
4.4045036986985 0.5089336826010977 0.48804616170629544 0.4868867396955052 0.5129336826010977 0.49204616170629545 0.4908867396955052 9
4.3905769868197 0.5089567764768702 0.48801522587319995 0.48690858930153225 0.5129567764768702 0.49201522587319996 0.49090858930153225 9
4.3767393017845 0.5089798884557744 0.48798431079044957 0.4869304418501439 0.5129798884557744 0.4919843107904496 0.4909304418501439 9
4.3629897980136 0.5090030086163139 0.48795341577697454 0.4869522959281473 0.5130030086163139 0.49195341577697455 0.4909522959281473 9
4.3493275805421 0.5090261480904 0.4879224997207986 0.4869741313593785 0.5130261480904 0.4919224997207986 0.4909741313593785 9
4.3357517668425 0.5090493906109498 0.48789162382781576 0.48699597698842845 0.5130493906109498 0.49189162382781576 0.49099597698842845 9
4.3222597483625 0.5090727751150108 0.4878606981352126 0.48701764520799473 0.5130727751150108 0.4918606981352126 0.49101764520799474 9
4.3088511357715 0.5090962111009498 0.487829620951694 0.4870392217720343 0.5130962111009498 0.491829620951694 0.4910392217720343 9
4.2955263781795 0.5091196520554735 0.48779845240335634 0.4870607630768888 0.5131196520554735 0.49179845240335635 0.4910607630768888 9
4.2822846403544 0.5091429844395078 0.48776713552485923 0.4870823408449439 0.5131429844395078 0.49176713552485923 0.4910823408449439 9
4.2691250984564 0.5091662424207859 0.4877357250968759 0.48710394924818984 0.5131662424207859 0.4917357250968759 0.49110394924818984 9
4.256046765488 0.5091893947721171 0.4877042764414796 0.4871255805369891 0.5131893947721171 0.4917042764414796 0.4911255805369891 9
4.2430461473216 0.5092124451023936 0.4876728255579952 0.48714722397443166 0.5132124451023936 0.4916728255579952 0.49114722397443167 9
4.230125346118 0.5092354251262279 0.4876414144888778 0.4871688766129054 0.5132354251262279 0.4916414144888778 0.4911688766129054 9
4.2172835813756 0.5092582925601996 0.4876100071132481 0.4871905454588286 0.5132582925601996 0.4916100071132481 0.4911905454588286 9
4.2045200830444 0.5092810358220742 0.4875785886820894 0.48721225813946245 0.5132810358220742 0.4915785886820894 0.49121225813946245 9
4.1918340913492 0.5093036768573019 0.48754722507054976 0.487233990584131 0.5133036768573019 0.49154722507054976 0.49123399058413103 9
4.1792235471624 0.5093262328709591 0.48751587141633385 0.4872557418034094 0.5133262328709591 0.49151587141633385 0.4912557418034094 9
4.1666872780132 0.5093485891181081 0.4874845659732043 0.48727757051425213 0.5133485891181081 0.4914845659732043 0.49127757051425214 9
4.1542263217858 0.509370680424814 0.48745335581237986 0.4872994267492717 0.513370680424814 0.49145335581237987 0.4912994267492717 9
4.1418399578098 0.5093925654023321 0.4874222931469041 0.48732124481461897 0.5133925654023321 0.4914222931469041 0.491321244814619 9
4.1295274748596 0.509414268250878 0.4873912771144993 0.48734312014633363 0.513414268250878 0.4913912771144993 0.49134312014633363 9
4.1172881709967 0.5094358938302712 0.48736027805407833 0.4873650932806101 0.5134358938302712 0.49136027805407834 0.4913650932806101 9
4.1051192542267 0.5094574528019391 0.4873293158762609 0.4873871690532559 0.5134574528019391 0.4913293158762609 0.4913871690532559 9
4.0930211737232 0.5094789595854996 0.487298430130987 0.4874093058113156 0.5134789595854996 0.491298430130987 0.4914093058113156 9
4.0809942459588 0.5095003807608611 0.48726753816506413 0.4874314822684031 0.5135003807608611 0.49126753816506413 0.4914314822684031 9
4.0690378043587 0.5095217555256064 0.4872366557811086 0.48745371841108304 0.5135217555256064 0.4912366557811086 0.49145371841108304 9
4.0571511909009 0.5095430576242757 0.48720580630413673 0.4874760293810272 0.5135430576242757 0.49120580630413674 0.4914760293810272 9
4.0453337559766 0.5095642759208562 0.48717500710095657 0.4874983904708622 0.5135642759208562 0.4911750071009566 0.4914983904708622 9
4.0335823263733 0.5095854117000852 0.48714418959932304 0.4875208704062859 0.5135854117000852 0.49114418959932304 0.4915208704062859 9
4.021898250315 0.5096064415363237 0.4871132989103766 0.4875434389217 0.5136064415363237 0.4911132989103766 0.4915434389217 9
4.0102814779793 0.5096274397972752 0.4870823760391371 0.4875660543197262 0.5136274397972752 0.4910823760391371 0.4915660543197262 9
3.9987324166792 0.509648404453508 0.4870514119218558 0.4875887715189156 0.513648404453508 0.4910514119218558 0.4915887715189156 9
