6.05010507006 0.491929 0.487221 0.495232 0.493929 0.489221 0.497232 9
6.02319862032 0.491909 0.4872 0.49519 0.493909 0.4892 0.49719 9
5.99654864503 0.491888 0.487179 0.495148 0.493888 0.489179 0.497148 9
5.97014439277 0.491866 0.48716 0.49511 0.493866 0.48916 0.49711 9
5.9439890382 0.491845 0.487139 0.495074 0.493845 0.489139 0.497074 9
5.91807660047 0.491824 0.487114 0.495041 0.493824 0.489114 0.497041 9
5.89240348214 0.491806 0.48709 0.495005 0.493806 0.48909 0.497005 9
5.86696615838 0.491785 0.487067 0.494971 0.493785 0.489067 0.496971 9
5.84176117534 0.491764 0.48704 0.494936 0.493764 0.48904 0.496936 9
5.81678514836 0.491747 0.487009 0.494902 0.493747 0.489009 0.496902 9
5.79203476016 0.49173 0.486981 0.494864 0.49373 0.488981 0.496864 9
5.76750675919 0.491711 0.486956 0.494826 0.493711 0.488956 0.496826 9
5.74319795799 0.491694 0.486929 0.49479 0.493694 0.488929 0.49679 9
5.71910523154 0.491673 0.486906 0.494751 0.493673 0.488906 0.496751 9
5.69522551575 0.49165 0.486885 0.494715 0.49365 0.488885 0.496715 9
5.67155580594 0.491623 0.486863 0.494681 0.493623 0.488863 0.496681 9
5.64809315541 0.491597 0.48684 0.494648 0.493597 0.48884 0.496648 9
5.62483467398 0.491572 0.486809 0.494616 0.493572 0.488809 0.496616 9
5.60177752664 0.491545 0.486786 0.494584 0.493545 0.488786 0.496584 9
5.57891893223 0.491522 0.486761 0.494553 0.493522 0.488761 0.496553 9
5.55625616212 0.491501 0.486741 0.494522 0.493501 0.488741 0.496522 9
5.53378653897 0.491478 0.486716 0.494492 0.493478 0.488716 0.496492 9
5.5115074355 0.491459 0.486691 0.494456 0.493459 0.488691 0.496456 9
5.48941627331 0.491435 0.48667 0.494421 0.493435 0.48867 0.496421 9
5.46751052172 0.491412 0.486647 0.494387 0.493412 0.488647 0.496387 9
5.44578769668 0.491389 0.486624 0.494353 0.493389 0.488624 0.496353 9
5.42424535963 0.491368 0.486599 0.49432 0.493368 0.488599 0.49632 9
5.40288111651 0.491345 0.486576 0.494284 0.493345 0.488576 0.496284 9
5.38169261666 0.491322 0.486554 0.49425 0.493322 0.488554 0.49625 9
5.36067755189 0.491297 0.486531 0.494215 0.493297 0.488531 0.496215 9
5.33983365548 0.49127 0.486508 0.494183 0.49327 0.488508 0.496183 9
5.3191587012 0.491246 0.486485 0.494152 0.493246 0.488485 0.496152 9
5.29865050248 0.491219 0.486462 0.494122 0.493219 0.488462 0.496122 9
5.27830691142 0.491196 0.486441 0.494091 0.493196 0.488441 0.496091 9
5.25812581801 0.491175 0.48642 0.494059 0.493175 0.48842 0.496059 9
5.2381051492 0.491152 0.486403 0.494028 0.493152 0.488403 0.496028 9
5.21824286815 0.491129 0.486382 0.493998 0.493129 0.488382 0.495998 9
5.19853697339 0.491108 0.486363 0.493967 0.493108 0.488363 0.495967 9
5.17898549807 0.491085 0.486342 0.493937 0.493085 0.488342 0.495937 9
5.15958650916 0.491064 0.486323 0.493906 0.493064 0.488323 0.495906 9
5.14033810674 0.491043 0.4863 0.493874 0.493043 0.4883 0.495874 9
5.1212384233 0.491023 0.486279 0.493842 0.493023 0.488279 0.495842 9
5.102285623 0.491 0.486258 0.493809 0.493 0.488258 0.495809 9
5.08347790102 0.490977 0.486235 0.493777 0.492977 0.488235 0.495777 9
5.06481348287 0.490954 0.48621 0.493744 0.492954 0.48821 0.495744 9
5.04629062378 0.490931 0.486187 0.493712 0.492931 0.488187 0.495712 9
5.02790760803 0.490904 0.486163 0.493679 0.492904 0.488163 0.495679 9
5.00966274837 0.490878 0.486136 0.493647 0.492878 0.488136 0.495647 9
4.99155534646 0.490851 0.486105 0.493613 0.492851 0.488105 0.495613 9
4.97358088686 0.490824 0.486073 0.493575 0.492824 0.488073 0.495575 9
4.95574064767 0.490797 0.486041 0.493531 0.492797 0.488041 0.495531 9
4.93803208824 0.490773 0.486014 0.493483 0.492773 0.488014 0.495483 9
4.92045365504 0.490752 0.485989 0.493437 0.492752 0.487989 0.495437 9
4.90300381948 0.490733 0.485966 0.49339 0.492733 0.487966 0.49539 9
4.88568107758 0.490712 0.485947 0.493342 0.492712 0.487947 0.495342 9
4.86848394941 0.490693 0.48593 0.4933 0.492693 0.48793 0.4953 9
4.85141097864 0.490675 0.485913 0.493256 0.492675 0.487913 0.495256 9
4.83446073204 0.490658 0.485897 0.493212 0.492658 0.487897 0.495212 9
4.81763179903 0.490643 0.485882 0.493172 0.492643 0.487882 0.495172 9
4.80092279121 0.490626 0.485867 0.493128 0.492626 0.487867 0.495128 9
4.78433234194 0.490611 0.485852 0.493084 0.492611 0.487852 0.495084 9
4.76785910589 0.490593 0.48584 0.493042 0.492593 0.48784 0.495042 9
4.75150175863 0.490576 0.485831 0.493004 0.492576 0.487831 0.495004 9
4.7352589962 0.490555 0.485815 0.492972 0.492555 0.487815 0.494972 9
4.71912953474 0.490532 0.485787 0.492934 0.492532 0.487787 0.494934 9
4.70311211006 0.490509 0.485754 0.492878 0.492509 0.487754 0.494878 9
4.68720547731 0.490487 0.48573 0.492821 0.492487 0.48773 0.494821 9
4.67140841054 0.490471 0.485712 0.492802 0.492471 0.487712 0.494802 9
4.65571970238 0.490454 0.485688 0.492775 0.492454 0.487688 0.494775 9
4.64013816369 0.490437 0.485667 0.492749 0.492437 0.487667 0.494749 9
4.62466262316 0.49042 0.485642 0.492722 0.49242 0.487642 0.494722 9
4.60929192703 0.490401 0.485621 0.492695 0.492401 0.487621 0.494695 9
4.59402493874 0.490384 0.485598 0.492667 0.492384 0.487598 0.494667 9
4.57886053856 0.490366 0.485575 0.49264 0.492366 0.487575 0.49464 9
4.56379762334 0.490349 0.485552 0.492613 0.492349 0.487552 0.494613 9
4.54883510616 0.490332 0.485531 0.492585 0.492332 0.487531 0.494585 9
4.53397191604 0.490315 0.48551 0.492558 0.492315 0.48751 0.494558 9
4.51920699764 0.490296 0.485489 0.492531 0.492296 0.487489 0.494531 9
4.50453931097 0.490279 0.485466 0.492503 0.492279 0.487466 0.494503 9
4.4899678311 0.490263 0.485445 0.492474 0.492263 0.487445 0.494474 9
4.47549154791 0.490244 0.485426 0.492447 0.492244 0.487426 0.494447 9
4.46110946578 0.490229 0.485405 0.492419 0.492229 0.487405 0.494419 9
4.44682060335 0.490212 0.485384 0.49239 0.492212 0.487384 0.49439 9
4.43262399328 0.490195 0.485365 0.492361 0.492195 0.487365 0.494361 9
4.41851868194 0.490178 0.485344 0.492333 0.492178 0.487344 0.494333 9
4.40450372922 0.490162 0.485323 0.492302 0.492162 0.487323 0.494302 9
4.39057820826 0.490145 0.485302 0.492274 0.492145 0.487302 0.494274 9
4.37674120521 0.49013 0.485283 0.492243 0.49213 0.487283 0.494243 9
4.36299181901 0.490113 0.485262 0.492215 0.492113 0.487262 0.494215 9
4.34932916116 0.490097 0.485241 0.492186 0.492097 0.487241 0.494186 9
4.3357523555 0.49008 0.48522 0.492155 0.49208 0.48722 0.494155 9
4.32226053798 0.490065 0.485199 0.492127 0.492065 0.487199 0.494127 9
4.30885285647 0.49005 0.48518 0.492096 0.49205 0.48718 0.494096 9
4.29552847053 0.490035 0.485159 0.492068 0.492035 0.487159 0.494068 9
4.28228655122 0.490017 0.485136 0.492037 0.492017 0.487136 0.494037 9
4.26912628089 0.490002 0.485115 0.492005 0.492002 0.487115 0.494005 9
4.256046853 0.489985 0.485093 0.491974 0.491985 0.487093 0.493974 9
4.24304747191 0.489968 0.48507 0.491944 0.491968 0.48707 0.493944 9
4.23012735271 0.489951 0.485047 0.491911 0.491951 0.487047 0.493911 9
4.21728572103 0.489932 0.485026 0.491879 0.491932 0.487026 0.493879 9
4.20452181286 0.489914 0.485003 0.491848 0.491914 0.487003 0.493848 9
4.19183487436 0.489897 0.484982 0.491816 0.491897 0.486982 0.493816 9
4.17922416173 0.48988 0.484961 0.491784 0.49188 0.486961 0.493784 9
4.16668894099 0.489863 0.48494 0.491753 0.491863 0.48694 0.493753 9
4.15422848784 0.489846 0.484917 0.491721 0.491846 0.486917 0.493721 9
4.14184208752 0.489829 0.484896 0.49169 0.491829 0.486896 0.49369 9
4.12952903459 0.489811 0.484873 0.491658 0.491811 0.486873 0.493658 9
4.11728863285 0.489794 0.484852 0.491625 0.491794 0.486852 0.493625 9
4.10512019513 0.489779 0.484831 0.491593 0.491779 0.486831 0.493593 9
4.09302304316 0.489764 0.48481 0.491562 0.491764 0.48681 0.493562 9
4.08099650744 0.489746 0.484789 0.49153 0.491746 0.486789 0.49353 9
4.06903992706 0.489731 0.484768 0.491497 0.491731 0.486768 0.493497 9
4.05715264959 0.489716 0.484747 0.491465 0.491716 0.486747 0.493465 9
4.04533403096 0.489701 0.484726 0.491433 0.491701 0.486726 0.493433 9
4.03358343525 0.489685 0.484705 0.491402 0.491685 0.486705 0.493402 9
4.02190023464 0.48967 0.484684 0.491368 0.49167 0.486684 0.493368 9
4.01028380925 0.489657 0.484663 0.491335 0.491657 0.486663 0.493335 9
3.99873457221 0.489642 0.484644 0.491301 0.491642 0.486644 0.493301 9
3.98724884333 0.489626 0.484623 0.491269 0.491626 0.486623 0.493269 9
3.97582910177 0.489611 0.484602 0.491234 0.491611 0.486602 0.493234 9
3.96447373261 0.489596 0.484581 0.4912 0.491596 0.486581 0.4932 9
3.95318215387 0.489581 0.484559 0.491166 0.491581 0.486559 0.493166 9
3.9419537907 0.489567 0.484538 0.491131 0.491567 0.486538 0.493131 9
3.93078807532 0.489554 0.484517 0.491097 0.491554 0.486517 0.493097 9
3.91968444696 0.489541 0.484494 0.491061 0.491541 0.486494 0.493061 9
3.90864235171 0.489529 0.484469 0.491026 0.491529 0.486469 0.493026 9
3.89766124244 0.489516 0.484442 0.49099 0.491516 0.486442 0.49299 9
3.88674057866 0.489504 0.484412 0.490954 0.491504 0.486412 0.492954 9
3.87587982647 0.489491 0.484375 0.490925 0.491491 0.486375 0.492925 9
3.86507845842 0.489474 0.484343 0.490899 0.491474 0.486343 0.492899 9
3.85433595341 0.489455 0.484314 0.490874 0.491455 0.486314 0.492874 9
3.84365179662 0.489438 0.484286 0.490849 0.491438 0.486286 0.492849 9
3.83302547938 0.489418 0.484259 0.490824 0.491418 0.486259 0.492824 9
3.82245649911 0.489401 0.484232 0.490799 0.491401 0.486232 0.492799 9
3.81194435921 0.489382 0.484208 0.490775 0.491382 0.486208 0.492775 9
3.80148856895 0.489363 0.484183 0.49075 0.491363 0.486183 0.49275 9
3.79108864344 0.489344 0.484158 0.490725 0.491344 0.486158 0.492725 9
3.78074410348 0.489325 0.484135 0.4907 0.491325 0.486135 0.4927 9
3.7704544755 0.489306 0.484112 0.490677 0.491306 0.486112 0.492677 9
3.7602192915 0.489287 0.484089 0.490652 0.491287 0.486089 0.492652 9
3.75003808891 0.489268 0.484068 0.490628 0.491268 0.486068 0.492628 9
3.73991041058 0.489249 0.484047 0.490603 0.491249 0.486047 0.492603 9
3.72983580463 0.48923 0.484026 0.49058 0.49123 0.486026 0.49258 9
3.71981382444 0.489211 0.484005 0.490555 0.491211 0.486005 0.492555 9
3.7098440285 0.489191 0.483984 0.49053 0.491191 0.485984 0.49253 9
3.6999259804 0.489174 0.483967 0.490506 0.491174 0.485967 0.492506 9
3.69005924874 0.489155 0.483948 0.490479 0.491155 0.485948 0.492479 9
3.68024340701 0.48914 0.483933 0.490452 0.49114 0.485933 0.492452 9
3.67047803359 0.489129 0.48391 0.49042 0.491129 0.48591 0.49242 9
3.66076271163 0.489113 0.483883 0.490389 0.491113 0.485883 0.492389 9
3.651097029 0.489094 0.483857 0.490363 0.491094 0.485857 0.492363 9
3.64148057822 0.489075 0.483832 0.490336 0.491075 0.485832 0.492336 9
3.63191295639 0.489056 0.483807 0.490311 0.491056 0.485807 0.492311 9
3.62239376513 0.489035 0.483782 0.490286 0.491035 0.485782 0.492286 9
3.61292261051 0.489014 0.483759 0.490263 0.491014 0.485759 0.492263 9
3.60349910299 0.488997 0.483742 0.490241 0.490997 0.485742 0.492241 9
3.59412285736 0.488982 0.483717 0.490212 0.490982 0.485717 0.492212 9
3.58479349268 0.488963 0.483693 0.490185 0.490963 0.485693 0.492185 9
3.57551063221 0.488942 0.48367 0.490162 0.490942 0.48567 0.492162 9
3.56627390335 0.488926 0.483647 0.490136 0.490926 0.485647 0.492136 9
3.55708293761 0.488907 0.483624 0.490109 0.490907 0.485624 0.492109 9
3.54793737052 0.488888 0.483599 0.490082 0.490888 0.485599 0.492082 9
3.53883684159 0.488871 0.483576 0.490057 0.490871 0.485576 0.492057 9
3.52978099426 0.488852 0.483551 0.490031 0.490852 0.485551 0.492031 9
3.52076947581 0.488833 0.483527 0.490004 0.490833 0.485527 0.492004 9
3.51180193737 0.488814 0.483504 0.489979 0.490814 0.485504 0.491979 9
3.50287803381 0.488795 0.483481 0.489954 0.490795 0.485481 0.491954 9
3.49399771037 0.488776 0.483456 0.489928 0.490776 0.485456 0.491928 9
3.4851597693 0.488757 0.483433 0.489903 0.490757 0.485433 0.491903 9
3.47636473651 0.488739 0.483408 0.489878 0.490739 0.485408 0.491878 9
3.46761199469 0.48872 0.483385 0.489853 0.49072 0.485385 0.491853 9
3.45890121678 0.488701 0.483363 0.489829 0.490701 0.485363 0.491829 9
3.45023207918 0.488682 0.483338 0.489802 0.490682 0.485338 0.491802 9
3.44160426172 0.488663 0.483313 0.489777 0.490663 0.485313 0.491777 9
3.43301744757 0.488644 0.48329 0.489752 0.490644 0.48529 0.491752 9
3.42447132326 0.488625 0.483267 0.489727 0.490625 0.485267 0.491727 9
3.41596557859 0.488606 0.483242 0.489705 0.490606 0.485242 0.491705 9
3.4074999066 0.488587 0.48322 0.489678 0.490587 0.48522 0.491678 9
3.39907400353 0.488568 0.483197 0.489655 0.490568 0.485197 0.491655 9
3.39068756876 0.488551 0.483174 0.48963 0.490551 0.485174 0.49163 9
3.38234030482 0.488532 0.483151 0.489605 0.490532 0.485151 0.491605 9
3.37403191728 0.488512 0.483126 0.489581 0.490512 0.485126 0.491581 9
3.36576211474 0.488495 0.483103 0.489556 0.490495 0.485103 0.491556 9
3.35753060882 0.488476 0.48308 0.489533 0.490476 0.48508 0.491533 9
3.34933711407 0.488457 0.483057 0.489508 0.490457 0.485057 0.491508 9
3.34118134796 0.488438 0.483035 0.489485 0.490438 0.485035 0.491485 9
3.33306303085 0.488421 0.483012 0.48946 0.490421 0.485012 0.49146 9
3.32498188593 0.488404 0.482989 0.489436 0.490404 0.484989 0.491436 9
3.31693763918 0.488385 0.482966 0.489411 0.490385 0.484966 0.491411 9
3.30893001938 0.488366 0.482943 0.489386 0.490366 0.484943 0.491386 9
3.30095875801 0.488348 0.48292 0.489361 0.490348 0.48492 0.491361 9
3.29302358927 0.488329 0.482899 0.489338 0.490329 0.484899 0.491338 9
3.28512425001 0.48831 0.482876 0.489314 0.49031 0.484876 0.491314 9
3.27726047972 0.488293 0.482853 0.489289 0.490293 0.484853 0.491289 9
3.26943202047 0.488274 0.48283 0.489264 0.490274 0.48483 0.491264 9
3.2616386169 0.488257 0.482808 0.489239 0.490257 0.484808 0.491239 9
3.25388001619 0.48824 0.482785 0.489212 0.49024 0.484785 0.491212 9
3.246155968 0.488221 0.482762 0.489188 0.490221 0.484762 0.491188 9
3.23846622448 0.488203 0.482739 0.489163 0.490203 0.484739 0.491163 9
3.2308105402 0.488184 0.482716 0.489138 0.490184 0.484716 0.491138 9
3.22318867213 0.488167 0.482691 0.489113 0.490167 0.484691 0.491113 9
3.21560037965 0.488148 0.482668 0.489088 0.490148 0.484668 0.491088 9
3.20804542444 0.488131 0.482644 0.489064 0.490131 0.484644 0.491064 9
3.20052357053 0.488112 0.482621 0.489039 0.490112 0.484621 0.491039 9
3.19303458422 0.488095 0.482598 0.489014 0.490095 0.484598 0.491014 9
3.1855782341 0.488076 0.482575 0.488991 0.490076 0.484575 0.490991 9
3.17815429096 0.488058 0.482552 0.488966 0.490058 0.484552 0.490966 9
3.17076252782 0.488039 0.482529 0.488942 0.490039 0.484529 0.490942 9
3.16340271985 0.48802 0.482506 0.488917 0.49002 0.484506 0.490917 9
3.1560746444 0.488003 0.482483 0.488892 0.490003 0.484483 0.490892 9
3.14877808094 0.487984 0.48246 0.488867 0.489984 0.48446 0.490867 9
3.14151281104 0.487967 0.482438 0.488842 0.489967 0.484438 0.490842 9
3.13427861833 0.487948 0.482415 0.488818 0.489948 0.484415 0.490818 9
3.1270752885 0.487931 0.482392 0.488793 0.489931 0.484392 0.490793 9
3.11990260928 0.487914 0.482369 0.488766 0.489914 0.484369 0.490766 9
3.11276037039 0.487894 0.482346 0.488741 0.489894 0.484346 0.490741 9
3.1056483635 0.487875 0.482323 0.488717 0.489875 0.484323 0.490717 9
3.09856638229 0.487856 0.482298 0.488692 0.489856 0.484298 0.490692 9
3.09151422231 0.487839 0.482275 0.488667 0.489839 0.484275 0.490667 9
3.08449168106 0.48782 0.482251 0.488642 0.48982 0.484251 0.490642 9
3.07749855791 0.487801 0.482228 0.488617 0.489801 0.484228 0.490617 9
3.07053465409 0.487782 0.482205 0.488593 0.489782 0.484205 0.490593 9
3.06359977268 0.487763 0.482182 0.488568 0.489763 0.484182 0.490568 9
3.05669371856 0.487744 0.482157 0.488543 0.489744 0.484157 0.490543 9
3.04981629843 0.487725 0.482134 0.488518 0.489725 0.484134 0.490518 9
3.04296732074 0.487704 0.482111 0.488493 0.489704 0.484111 0.490493 9
3.03614659574 0.487685 0.482088 0.488469 0.489685 0.484088 0.490469 9
3.02935393536 0.487666 0.482066 0.488444 0.489666 0.484066 0.490444 9
3.02258915329 0.487645 0.482041 0.488419 0.489645 0.484041 0.490419 9
3.01585206488 0.487624 0.482018 0.488394 0.489624 0.484018 0.490394 9
3.0091424872 0.487603 0.481993 0.488369 0.489603 0.483993 0.490369 9
3.00246023892 0.487582 0.48197 0.488345 0.489582 0.48397 0.490345 9
2.99580538563 0.487559 0.481944 0.48832 0.489559 0.483944 0.49032 9
2.98917701356 0.487536 0.481919 0.488295 0.489536 0.483919 0.490295 9
2.98257568203 0.487511 0.481892 0.488272 0.489511 0.483892 0.490272 9
2.97600097088 0.487486 0.481863 0.488251 0.489486 0.483863 0.490251 9
2.96945270684 0.487461 0.481835 0.488232 0.489461 0.483835 0.490232 9
2.96293071814 0.487437 0.481808 0.488215 0.489437 0.483808 0.490215 9
2.95643483458 0.487414 0.481781 0.4882 0.489414 0.483781 0.4902 9
2.94996488743 0.487391 0.481755 0.488184 0.489391 0.483755 0.490184 9
2.94352070948 0.487368 0.481728 0.488169 0.489368 0.483728 0.490169 9
2.93710213499 0.487347 0.481703 0.488154 0.489347 0.483703 0.490154 9
2.93070899968 0.487326 0.48168 0.488141 0.489326 0.48368 0.490141 9
2.92434114071 0.487307 0.481657 0.488125 0.489307 0.483657 0.490125 9
2.91799839668 0.487288 0.481635 0.48811 0.489288 0.483635 0.49011 9
2.9116806076 0.487269 0.481612 0.488095 0.489269 0.483612 0.490095 9
2.90538761486 0.487252 0.481589 0.488079 0.489252 0.483589 0.490079 9
2.89911926126 0.487235 0.481568 0.488062 0.489235 0.483568 0.490062 9
2.89287539095 0.487219 0.481547 0.488047 0.489219 0.483547 0.490047 9
2.88665584942 0.487202 0.481526 0.48803 0.489202 0.483526 0.49003 9
2.88046048351 0.487185 0.481503 0.488013 0.489185 0.483503 0.490013 9
2.87428914139 0.48717 0.481484 0.487996 0.48917 0.483484 0.489996 9
2.86814167251 0.487154 0.481463 0.487976 0.489154 0.483463 0.489976 9
2.86201792765 0.487139 0.481442 0.487959 0.489139 0.483442 0.489959 9
2.85591775883 0.487124 0.481423 0.487942 0.489124 0.483423 0.489942 9
2.84984101937 0.487111 0.481402 0.487923 0.489111 0.483402 0.489923 9
2.84378756381 0.487095 0.481381 0.487902 0.489095 0.483381 0.489902 9
2.83775724794 0.487082 0.48136 0.487883 0.489082 0.48336 0.489883 9
2.83174992879 0.487065 0.481339 0.487866 0.489065 0.483339 0.489866 9
2.82576546457 0.48705 0.481318 0.487847 0.48905 0.483318 0.489847 9
2.81980371471 0.487036 0.481299 0.487828 0.489036 0.483299 0.489828 9
2.81386453982 0.487021 0.481278 0.487809 0.489021 0.483278 0.489809 9
2.80794780169 0.487006 0.481259 0.48779 0.489006 0.483259 0.48979 9
2.80205336325 0.486992 0.481242 0.48777 0.488992 0.483242 0.48977 9
2.79618108859 0.486979 0.481223 0.487751 0.488979 0.483223 0.489751 9
2.79033084294 0.486966 0.481203 0.48773 0.488966 0.483203 0.48973 9
2.78450249264 0.486952 0.481184 0.487711 0.488952 0.483184 0.489711 9
2.77869590516 0.486941 0.481165 0.48769 0.488941 0.483165 0.48969 9
2.77291094905 0.486927 0.481146 0.487671 0.488927 0.483146 0.489671 9
2.76714749396 0.486916 0.481129 0.48765 0.488916 0.483129 0.48965 9
2.76140541061 0.486905 0.48111 0.487629 0.488905 0.48311 0.489629 9
2.75568457079 0.486893 0.481091 0.487608 0.488893 0.483091 0.489608 9
2.74998541481 0.486884 0.481074 0.487585 0.488884 0.483074 0.489585 9
2.7443061141 0.486872 0.481057 0.487564 0.488872 0.483057 0.489564 9
2.73864824615 0.486863 0.481039 0.48754 0.488863 0.483039 0.48954 9
2.73301111927 0.486855 0.481024 0.487513 0.488855 0.483024 0.489513 9
2.72739461045 0.486828 0.480994 0.487502 0.488828 0.482994 0.489502 9
2.72179859765 0.486815 0.480994 0.487492 0.488815 0.482994 0.489492 9
2.71622295981 0.486807 0.480984 0.487469 0.488807 0.482984 0.489469 9
2.71066757686 0.486802 0.480967 0.487441 0.488802 0.482967 0.489441 9
2.70513232968 0.486775 0.480904 0.487402 0.488775 0.482904 0.489402 9
2.69961710014 0.486765 0.480896 0.487385 0.488765 0.482896 0.489385 9
2.69412177102 0.486746 0.480881 0.48737 0.488746 0.482881 0.48937 9
2.68864622607 0.486742 0.480854 0.487334 0.488742 0.482854 0.489334 9
2.68319034997 0.486727 0.480837 0.487317 0.488727 0.482837 0.489317 9
2.6777540283 0.486714 0.480816 0.487294 0.488714 0.482816 0.489294 9
2.67233714759 0.4867 0.480797 0.487271 0.4887 0.482797 0.489271 9
2.66693959523 0.486687 0.480776 0.487246 0.488687 0.482776 0.489246 9
2.66156125953 0.486674 0.480757 0.487223 0.488674 0.482757 0.489223 9
2.65620202968 0.48666 0.480736 0.4872 0.48866 0.482736 0.4892 9
2.65086179573 0.486645 0.480715 0.487177 0.488645 0.482715 0.489177 9
2.64554044864 0.486632 0.480694 0.487154 0.488632 0.482694 0.489154 9
2.64023788017 0.486617 0.480675 0.487132 0.488617 0.482675 0.489132 9
2.63495398297 0.486603 0.480654 0.487109 0.488603 0.482654 0.489109 9
2.62968865053 0.48659 0.480635 0.487086 0.48859 0.482635 0.489086 9
2.62444177715 0.486576 0.480614 0.487063 0.488576 0.482614 0.489063 9
2.61921325797 0.486561 0.480595 0.487038 0.488561 0.482595 0.489038 9
2.61400298894 0.486548 0.480574 0.487015 0.488548 0.482574 0.489015 9
2.60881086684 0.486535 0.480555 0.486992 0.488535 0.482555 0.488992 9
2.60363678922 0.486521 0.480536 0.486969 0.488521 0.482536 0.488969 9
2.59848065444 0.486508 0.480515 0.486945 0.488508 0.482515 0.488945 9
2.59334236164 0.486494 0.480496 0.48692 0.488494 0.482496 0.48892 9
2.58822181074 0.486479 0.480475 0.486895 0.488479 0.482475 0.488895 9
2.58311890242 0.486466 0.480454 0.486872 0.488466 0.482454 0.488872 9
2.57803353814 0.486451 0.480433 0.486847 0.488451 0.482433 0.488847 9
2.57296562009 0.486435 0.480412 0.486824 0.488435 0.482412 0.488824 9
2.56791505123 0.48642 0.480391 0.4868 0.48842 0.482391 0.4888 9
2.56288173525 0.486405 0.48037 0.486777 0.488405 0.48237 0.488777 9
2.55786557658 0.486391 0.480351 0.486754 0.488391 0.482351 0.488754 9
2.55286648036 0.486376 0.48033 0.486731 0.488376 0.48233 0.488731 9
2.54788435246 0.486363 0.480311 0.486706 0.488363 0.482311 0.488706 9
2.54291909946 0.48635 0.480292 0.486683 0.48835 0.482292 0.488683 9
2.53797062865 0.486334 0.480273 0.486659 0.488334 0.482273 0.488659 9
2.53303884801 0.486321 0.480252 0.486632 0.488321 0.482252 0.488632 9
2.52812366621 0.486308 0.480231 0.486607 0.488308 0.482231 0.488607 9
2.52322499262 0.486292 0.48021 0.486582 0.488292 0.48221 0.488582 9
2.51834273727 0.486277 0.480189 0.486557 0.488277 0.482189 0.488557 9
2.51347681088 0.486262 0.480168 0.486533 0.488262 0.482168 0.488533 9
2.50862712481 0.486248 0.480149 0.486508 0.488248 0.482149 0.488508 9
2.5037935911 0.486233 0.48013 0.486485 0.488233 0.48213 0.488485 9
2.49897650109 0.48622 0.480109 0.48646 0.48822 0.482109 0.48846 9
2.49417463215 0.486205 0.48009 0.486433 0.488205 0.48209 0.488433 9
2.48938903429 0.486191 0.480067 0.486409 0.488191 0.482067 0.488409 9
2.48461924336 0.486176 0.480046 0.486384 0.488176 0.482046 0.488384 9
2.47986517465 0.486159 0.480027 0.486359 0.488159 0.482027 0.488359 9
2.47512674401 0.486145 0.480008 0.486336 0.488145 0.482008 0.488336 9
2.47040386793 0.486132 0.479989 0.486309 0.488132 0.481989 0.488309 9
2.4656964635 0.486117 0.479968 0.486283 0.488117 0.481968 0.488283 9
2.46100444841 0.486103 0.479947 0.486258 0.488103 0.481947 0.488258 9
2.45632774096 0.486088 0.479927 0.486233 0.488088 0.481927 0.488233 9
2.45166626005 0.486077 0.479906 0.486206 0.488077 0.481906 0.488206 9
2.44701992515 0.486062 0.479886 0.48618 0.488062 0.481886 0.48818 9
2.44238865633 0.486048 0.479866 0.486155 0.488048 0.481866 0.488155 9
2.43777237423 0.486035 0.479845 0.486128 0.488035 0.481845 0.488128 9
2.43317100006 0.486021 0.479824 0.486102 0.488021 0.481824 0.488102 9
2.42858445562 0.486008 0.479803 0.486075 0.488008 0.481803 0.488075 9
2.42401266324 0.485993 0.479783 0.486048 0.487993 0.481783 0.488048 9
2.41945554583 0.485979 0.479762 0.48602 0.487979 0.481762 0.48802 9
2.41491302684 0.485968 0.479741 0.485993 0.487968 0.481741 0.487993 9
2.41038503029 0.485955 0.479718 0.485964 0.487955 0.481718 0.487964 9
2.4058714807 0.485941 0.479697 0.485938 0.487941 0.481697 0.487938 9
2.40137230317 0.48593 0.479676 0.485909 0.48793 0.481676 0.487909 9
2.39688742332 0.485917 0.479655 0.48588 0.487917 0.481655 0.48788 9
2.39241676727 0.485905 0.479632 0.485852 0.487905 0.481632 0.487852 9
2.3879602617 0.485892 0.479611 0.485823 0.487892 0.481611 0.487823 9
2.3835178338 0.48588 0.479588 0.485794 0.48788 0.481588 0.487794 9
2.37908941125 0.485867 0.479565 0.485766 0.487867 0.481565 0.487766 9
2.37467492227 0.485854 0.479544 0.485735 0.487854 0.481544 0.487735 9
2.37027429557 0.48584 0.479521 0.485707 0.48784 0.481521 0.487707 9
2.36588746036 0.485825 0.4795 0.485678 0.487825 0.4815 0.487678 9
2.36151434634 0.485812 0.479477 0.485648 0.487812 0.481477 0.487648 9
2.35715488372 0.485796 0.479456 0.485617 0.487796 0.481456 0.487617 9
2.35280900318 0.485779 0.479435 0.485585 0.487779 0.481435 0.487585 9
2.34847663588 0.485762 0.479412 0.485554 0.487762 0.481412 0.487554 9
2.34415771346 0.485743 0.479392 0.485522 0.487743 0.481392 0.487522 9
2.33985216806 0.485722 0.479371 0.485487 0.487722 0.481371 0.487487 9
2.33555993226 0.485695 0.479348 0.485453 0.487695 0.481348 0.487453 9
2.3312809391 0.485661 0.479327 0.485424 0.487661 0.481327 0.487424 9
2.32701512212 0.485627 0.479308 0.485405 0.487627 0.481308 0.487405 9
2.32276241527 0.485596 0.479289 0.485392 0.487596 0.481289 0.487392 9
2.318522753 0.485567 0.479269 0.485379 0.487567 0.481269 0.487379 9
2.31429607016 0.485543 0.479252 0.485367 0.487543 0.481252 0.487367 9
2.3100823021 0.48552 0.479233 0.485356 0.48752 0.481233 0.487356 9
2.30588138457 0.485501 0.479216 0.485344 0.487501 0.481216 0.487344 9
2.30169325377 0.485482 0.479199 0.485333 0.487482 0.481199 0.487333 9
2.29751784634 0.485465 0.47918 0.485321 0.487465 0.48118 0.487321 9
2.29335509935 0.485451 0.479163 0.48531 0.487451 0.481163 0.48731 9
2.28920495029 0.485436 0.479144 0.485299 0.487436 0.481144 0.487299 9
2.28506733707 0.485423 0.479124 0.485287 0.487423 0.481124 0.487287 9
2.28094219804 0.485411 0.479107 0.485276 0.487411 0.481107 0.487276 9
2.27682947194 0.4854 0.479088 0.485264 0.4874 0.481088 0.487264 9
2.27272909793 0.48539 0.479069 0.485253 0.48739 0.481069 0.487253 9
2.2686410156 0.485382 0.47905 0.485239 0.487382 0.48105 0.487239 9
2.26456516492 0.485373 0.479031 0.485228 0.487373 0.481031 0.487228 9
2.26050148626 0.485367 0.47901 0.485217 0.487367 0.48101 0.487217 9
2.25644992041 0.48536 0.478991 0.485205 0.48736 0.480991 0.487205 9
2.25241040853 0.485356 0.478972 0.485194 0.487356 0.480972 0.487194 9
2.24838313276 0.48535 0.478951 0.485182 0.48735 0.480951 0.487182 9
2.24436731334 0.485346 0.478932 0.485171 0.487346 0.480932 0.487171 9
2.24036361436 0.485342 0.478913 0.485159 0.487342 0.480913 0.487159 9
2.23637173791 0.485342 0.478894 0.485148 0.487342 0.480894 0.487148 9
2.23239162711 0.485342 0.478873 0.485136 0.487342 0.480873 0.487136 9
2.22842322544 0.485344 0.478852 0.485127 0.487344 0.480852 0.487127 9
2.22446647674 0.48535 0.478831 0.485115 0.48735 0.480831 0.487115 9
2.22052132522 0.485396 0.478796 0.485106 0.487396 0.480796 0.487106 9
2.21658771548 0.48536 0.478791 0.485096 0.48736 0.480791 0.487096 9
2.21266559244 0.485354 0.478764 0.485077 0.487354 0.480764 0.487077 9
2.20875490142 0.485346 0.478749 0.485064 0.487346 0.480749 0.487064 9
2.20485558808 0.485333 0.47873 0.485049 0.487333 0.48073 0.487049 9
2.20096759842 0.485321 0.478711 0.485033 0.487321 0.480711 0.487033 9
2.19709087883 0.48531 0.478692 0.485016 0.48731 0.480692 0.487016 9
2.19322537601 0.485297 0.478672 0.485001 0.487297 0.480672 0.487001 9
2.18937103703 0.485283 0.478653 0.484984 0.487283 0.480653 0.486984 9
2.18552780928 0.48527 0.478636 0.484969 0.48727 0.480636 0.486969 9
2.18169564051 0.485257 0.478617 0.484951 0.487257 0.480617 0.486951 9
2.1778744788 0.485243 0.4786 0.484934 0.487243 0.4806 0.486934 9
2.17406427256 0.48523 0.478583 0.484919 0.48723 0.480583 0.486919 9
2.17026497053 0.485218 0.478566 0.484902 0.487218 0.480566 0.486902 9
2.1664765218 0.485205 0.478548 0.484885 0.487205 0.480548 0.486885 9
2.16269887575 0.485192 0.478533 0.484869 0.487192 0.480533 0.486869 9
2.15893198211 0.48518 0.478518 0.484852 0.48718 0.480518 0.486852 9
2.15517579093 0.485167 0.478501 0.484835 0.487167 0.480501 0.486835 9
2.15143025257 0.485156 0.478486 0.484818 0.487156 0.480486 0.486818 9
2.1476953177 0.485144 0.478468 0.484801 0.487144 0.480468 0.486801 9
2.14397093731 0.485133 0.478453 0.484785 0.487133 0.480453 0.486785 9
2.14025706271 0.485121 0.478436 0.48477 0.487121 0.480436 0.48677 9
2.13655364551 0.48511 0.478421 0.484753 0.48711 0.480421 0.486753 9
2.13286063762 0.485098 0.478403 0.484738 0.487098 0.480403 0.486738 9
2.12917799125 0.485087 0.478388 0.484723 0.487087 0.480388 0.486723 9
2.12550565893 0.485075 0.478373 0.484707 0.487075 0.480373 0.486707 9
2.12184359347 0.485064 0.478356 0.484692 0.487064 0.480356 0.486692 9
2.11819174799 0.485053 0.478339 0.484675 0.487053 0.480339 0.486675 9
2.11455007588 0.485041 0.478321 0.48466 0.487041 0.480321 0.48666 9
2.11091853086 0.48503 0.478304 0.484644 0.48703 0.480304 0.486644 9
2.1072970669 0.485018 0.478287 0.484629 0.487018 0.480287 0.486629 9
2.10368563827 0.485007 0.47827 0.484614 0.487007 0.48027 0.486614 9
2.10008419955 0.484995 0.478253 0.484599 0.486995 0.480253 0.486599 9
2.09649270555 0.484984 0.478236 0.484585 0.486984 0.480236 0.486585 9
2.09291111141 0.484972 0.478218 0.48457 0.486972 0.480218 0.48657 9
2.08933937252 0.484961 0.478199 0.484555 0.486961 0.480199 0.486555 9
2.08577744454 0.48495 0.478182 0.484539 0.48695 0.480182 0.486539 9
2.08222528344 0.484938 0.478163 0.484524 0.486938 0.480163 0.486524 9
2.07868284542 0.484927 0.478146 0.484511 0.486927 0.480146 0.486511 9
2.07515008697 0.484915 0.478127 0.484496 0.486915 0.480127 0.486496 9
2.07162696484 0.484904 0.478108 0.48448 0.486904 0.480108 0.48648 9
2.06811343605 0.484892 0.478091 0.484465 0.486892 0.480091 0.486465 9
2.06460945788 0.484879 0.478072 0.484452 0.486879 0.480072 0.486452 9
2.06111498788 0.484868 0.478054 0.484436 0.486868 0.480054 0.486436 9
2.05762998383 0.484856 0.478035 0.484423 0.486856 0.480035 0.486423 9
2.05415440381 0.484843 0.478016 0.484408 0.486843 0.480016 0.486408 9
2.05068820611 0.484831 0.477999 0.484394 0.486831 0.479999 0.486394 9
2.04723134931 0.48482 0.47798 0.484379 0.48682 0.47998 0.486379 9
2.04378379222 0.484808 0.477963 0.484366 0.486808 0.479963 0.486366 9
2.04034549391 0.484797 0.477944 0.484351 0.486797 0.479944 0.486351 9
2.03691641368 0.484784 0.477925 0.484337 0.486784 0.479925 0.486337 9
2.03349651109 0.484772 0.477908 0.484324 0.486772 0.479908 0.486324 9
2.03008574594 0.484761 0.477889 0.484309 0.486761 0.479889 0.486309 9
2.02668407827 0.484749 0.477869 0.484293 0.486749 0.479869 0.486293 9
2.02329146837 0.484738 0.47785 0.48428 0.486738 0.47985 0.48628 9
2.01990787675 0.484726 0.477831 0.484267 0.486726 0.479831 0.486267 9
2.01653326416 0.484713 0.477812 0.484251 0.486713 0.479812 0.486251 9
2.0131675916 0.484702 0.477795 0.484238 0.486702 0.479795 0.486238 9
2.00981082028 0.48469 0.477776 0.484225 0.48669 0.479776 0.486225 9
2.00646291165 0.484679 0.477757 0.484211 0.486679 0.479757 0.486211 9
2.0031238274 0.484667 0.477738 0.484198 0.486667 0.479738 0.486198 9
1.99979384142 0.484656 0.477719 0.484185 0.486656 0.479719 0.486185 9
1.99647197986 0.484644 0.4777 0.484171 0.486644 0.4797 0.486171 9
