6.05010507006 0.491293 0.501931 0.502003 0.493293 0.503931 0.504003 9
6.02319862032 0.491269 0.501925 0.501994 0.493269 0.503925 0.503994 9
5.99654864503 0.491249 0.501917 0.501988 0.493249 0.503917 0.503988 9
5.97014439277 0.49123 0.50191 0.501986 0.49323 0.50391 0.503986 9
5.9439890382 0.491215 0.501902 0.50199 0.493215 0.503902 0.50399 9
5.91807660047 0.491194 0.501896 0.502001 0.493194 0.503896 0.504001 9
5.89240348214 0.491169 0.501892 0.501994 0.493169 0.503892 0.503994 9
5.86696615838 0.491152 0.501883 0.501995 0.493152 0.503883 0.503995 9
5.84176117534 0.491131 0.501877 0.501995 0.493131 0.503877 0.503995 9
5.81678514836 0.491112 0.501872 0.501994 0.493112 0.503872 0.503994 9
5.79203476016 0.491091 0.501868 0.501992 0.493091 0.503868 0.503992 9
5.76750675919 0.491074 0.501862 0.501992 0.493074 0.503862 0.503992 9
5.74319795799 0.491055 0.501858 0.50199 0.493055 0.503858 0.50399 9
5.71910523154 0.491036 0.501852 0.501992 0.493036 0.503852 0.503992 9
5.69522551575 0.491017 0.501849 0.501992 0.493017 0.503849 0.503992 9
5.67155580594 0.491 0.501843 0.50199 0.493 0.503843 0.50399 9
5.64809315541 0.490982 0.501839 0.50199 0.492982 0.503839 0.50399 9
5.62483467398 0.490965 0.501833 0.501992 0.492965 0.503833 0.503992 9
5.60177752664 0.490948 0.50183 0.501992 0.492948 0.50383 0.503992 9
5.57891893223 0.490929 0.501826 0.501992 0.492929 0.503826 0.503992 9
5.55625616212 0.490914 0.50182 0.501992 0.492914 0.50382 0.503992 9
5.53378653897 0.490897 0.501814 0.501992 0.492897 0.503814 0.503992 9
5.5115074355 0.490881 0.50181 0.501992 0.492881 0.50381 0.503992 9
5.48941627331 0.490866 0.501807 0.501994 0.492866 0.503807 0.503994 9
5.46751052172 0.490853 0.501803 0.501995 0.492853 0.503803 0.503995 9
5.44578769668 0.490838 0.501799 0.501997 0.492838 0.503799 0.503997 9
5.42424535963 0.490822 0.501797 0.501995 0.492822 0.503797 0.503995 9
5.40288111651 0.490807 0.501793 0.501995 0.492807 0.503793 0.503995 9
5.38169261666 0.49079 0.501791 0.501994 0.49279 0.503791 0.503994 9
5.36067755189 0.490775 0.501788 0.501992 0.492775 0.503788 0.503992 9
5.33983365548 0.490755 0.501786 0.501992 0.492755 0.503786 0.503992 9
5.3191587012 0.490738 0.501782 0.50199 0.492738 0.503782 0.50399 9
5.29865050248 0.490721 0.50178 0.501986 0.492721 0.50378 0.503986 9
5.27830691142 0.490704 0.50178 0.501984 0.492704 0.50378 0.503984 9
5.25812581801 0.490685 0.501778 0.501982 0.492685 0.503778 0.503982 9
5.2381051492 0.490666 0.501778 0.50198 0.492666 0.503778 0.50398 9
5.21824286815 0.490647 0.501778 0.501976 0.492647 0.503778 0.503976 9
5.19853697339 0.490626 0.501778 0.501973 0.492626 0.503778 0.503973 9
5.17898549807 0.490603 0.501778 0.501969 0.492603 0.503778 0.503969 9
5.15958650916 0.490582 0.501778 0.501965 0.492582 0.503778 0.503965 9
5.14033810674 0.490561 0.501776 0.501963 0.492561 0.503776 0.503963 9
5.1212384233 0.490538 0.501776 0.501959 0.492538 0.503776 0.503959 9
5.102285623 0.490517 0.501774 0.501957 0.492517 0.503774 0.503957 9
5.08347790102 0.490494 0.501774 0.501954 0.492494 0.503774 0.503954 9
5.06481348287 0.490469 0.501774 0.501954 0.492469 0.503774 0.503954 9
5.04629062378 0.490446 0.501772 0.501952 0.492446 0.503772 0.503952 9
5.02790760803 0.490422 0.501772 0.50195 0.492422 0.503772 0.50395 9
5.00966274837 0.490397 0.50177 0.501948 0.492397 0.50377 0.503948 9
4.99155534646 0.490372 0.501769 0.501948 0.492372 0.503769 0.503948 9
4.97358088686 0.490347 0.501767 0.501948 0.492347 0.503767 0.503948 9
4.95574064767 0.490323 0.501765 0.501948 0.492323 0.503765 0.503948 9
4.93803208824 0.490298 0.501761 0.501948 0.492298 0.503761 0.503948 9
4.92045365504 0.490273 0.501757 0.50195 0.492273 0.503757 0.50395 9
4.90300381948 0.49025 0.501753 0.50195 0.49225 0.503753 0.50395 9
4.88568107758 0.490227 0.501748 0.501952 0.492227 0.503748 0.503952 9
4.86848394941 0.490206 0.501744 0.501954 0.492206 0.503744 0.503954 9
4.85141097864 0.490185 0.501738 0.501957 0.492185 0.503738 0.503957 9
4.83446073204 0.490164 0.501734 0.501959 0.492164 0.503734 0.503959 9
4.81763179903 0.490143 0.50173 0.501961 0.492143 0.50373 0.503961 9
4.80092279121 0.490122 0.501725 0.501963 0.492122 0.503725 0.503963 9
4.78433234194 0.490103 0.501719 0.501963 0.492103 0.503719 0.503963 9
4.76785910589 0.490082 0.501713 0.501967 0.492082 0.503713 0.503967 9
4.75150175863 0.490063 0.501709 0.501969 0.492063 0.503709 0.503969 9
4.7352589962 0.490044 0.501704 0.501971 0.492044 0.503704 0.503971 9
4.71912953474 0.490025 0.5017 0.501973 0.492025 0.5037 0.503973 9
4.70311211006 0.490004 0.501694 0.501975 0.492004 0.503694 0.503975 9
4.68720547731 0.489985 0.501688 0.501978 0.491985 0.503688 0.503978 9
4.67140841054 0.489968 0.501683 0.501982 0.491968 0.503683 0.503982 9
4.65571970238 0.489949 0.501677 0.501986 0.491949 0.503677 0.503986 9
4.64013816369 0.489933 0.501671 0.501988 0.491933 0.503671 0.503988 9
4.62466262316 0.489916 0.501666 0.501992 0.491916 0.503666 0.503992 9
4.60929192703 0.489903 0.501662 0.501992 0.491903 0.503662 0.503992 9
4.59402493874 0.489891 0.50166 0.501994 0.491891 0.50366 0.503994 9
4.57886053856 0.489878 0.501658 0.501995 0.491878 0.503658 0.503995 9
4.56379762334 0.489865 0.501658 0.501997 0.491865 0.503658 0.503997 9
4.54883510616 0.489851 0.501658 0.501999 0.491851 0.503658 0.503999 9
4.53397191604 0.489838 0.501658 0.502003 0.491838 0.503658 0.504003 9
4.51920699764 0.489823 0.501656 0.502005 0.491823 0.503656 0.504005 9
4.50453931097 0.489809 0.501656 0.502009 0.491809 0.503656 0.504009 9
4.4899678311 0.489794 0.501654 0.502011 0.491794 0.503654 0.504011 9
4.47549154791 0.489779 0.501654 0.502013 0.491779 0.503654 0.504013 9
4.46110946578 0.489766 0.501652 0.502015 0.491766 0.503652 0.504015 9
4.44682060335 0.48975 0.50165 0.502016 0.49175 0.50365 0.504016 9
4.43262399328 0.489733 0.50165 0.502016 0.491733 0.50365 0.504016 9
4.41851868194 0.489716 0.50165 0.502018 0.491716 0.50365 0.504018 9
4.40450372922 0.489699 0.501648 0.502022 0.491699 0.503648 0.504022 9
4.39057820826 0.489682 0.501646 0.502024 0.491682 0.503646 0.504024 9
4.37674120521 0.489664 0.501645 0.502026 0.491664 0.503645 0.504026 9
4.36299181901 0.489645 0.501645 0.502028 0.491645 0.503645 0.504028 9
4.34932916116 0.489624 0.501643 0.502032 0.491624 0.503643 0.504032 9
4.3357523555 0.489602 0.501641 0.502036 0.491602 0.503641 0.504036 9
4.32226053798 0.489579 0.501639 0.502041 0.491579 0.503639 0.504041 9
4.30885285647 0.489556 0.501637 0.502047 0.491556 0.503637 0.504047 9
4.29552847053 0.489533 0.501635 0.502053 0.491533 0.503635 0.504053 9
4.28228655122 0.489512 0.501633 0.502058 0.491512 0.503633 0.504058 9
4.26912628089 0.489489 0.501629 0.502066 0.491489 0.503629 0.504066 9
4.256046853 0.489468 0.501624 0.502074 0.491468 0.503624 0.504074 9
4.24304747191 0.489453 0.501616 0.502079 0.491453 0.503616 0.504079 9
4.23012735271 0.489438 0.501612 0.502081 0.491438 0.503612 0.504081 9
4.21728572103 0.48942 0.50161 0.502083 0.49142 0.50361 0.504083 9
4.20452181286 0.489399 0.501608 0.502085 0.491399 0.503608 0.504085 9
4.19183487436 0.489382 0.501606 0.502089 0.491382 0.503606 0.504089 9
4.17922416173 0.489361 0.501606 0.502091 0.491361 0.503606 0.504091 9
4.16668894099 0.489342 0.501604 0.502093 0.491342 0.503604 0.504093 9
4.15422848784 0.489321 0.501603 0.502095 0.491321 0.503603 0.504095 9
4.14184208752 0.4893 0.501604 0.502097 0.4913 0.503604 0.504097 9
4.12952903459 0.489277 0.501603 0.5021 0.491277 0.503603 0.5041 9
4.11728863285 0.489256 0.501601 0.50211 0.491256 0.503601 0.50411 9
4.10512019513 0.489239 0.501597 0.502116 0.491239 0.503597 0.504116 9
4.09302304316 0.489222 0.501595 0.502119 0.491222 0.503595 0.504119 9
4.08099650744 0.489205 0.501591 0.502123 0.491205 0.503591 0.504123 9
4.06903992706 0.489188 0.501589 0.502125 0.491188 0.503589 0.504125 9
4.05715264959 0.48917 0.501587 0.502131 0.49117 0.503587 0.504131 9
4.04533403096 0.489153 0.501585 0.502137 0.491153 0.503585 0.504137 9
4.03358343525 0.48914 0.501582 0.50214 0.49114 0.503582 0.50414 9
4.02190023464 0.489127 0.50158 0.50214 0.491127 0.50358 0.50414 9
4.01028380925 0.489111 0.501578 0.502146 0.491111 0.503578 0.504146 9
3.99873457221 0.489098 0.501574 0.50215 0.491098 0.503574 0.50415 9
3.98724884333 0.489085 0.501572 0.502152 0.491085 0.503572 0.504152 9
3.97582910177 0.489073 0.501572 0.502152 0.491073 0.503572 0.504152 9
3.96447373261 0.489056 0.501572 0.502154 0.491056 0.503572 0.504154 9
3.95318215387 0.489041 0.501572 0.502154 0.491041 0.503572 0.504154 9
3.9419537907 0.489022 0.501574 0.502158 0.491022 0.503574 0.504158 9
3.93078807532 0.489003 0.501574 0.502158 0.491003 0.503574 0.504158 9
3.91968444696 0.488984 0.501574 0.50216 0.490984 0.503574 0.50416 9
3.90864235171 0.488963 0.501574 0.502163 0.490963 0.503574 0.504163 9
3.89766124244 0.488942 0.50157 0.502169 0.490942 0.50357 0.504169 9
3.88674057866 0.488921 0.501568 0.502175 0.490921 0.503568 0.504175 9
3.87587982647 0.488898 0.501566 0.502182 0.490898 0.503566 0.504182 9
3.86507845842 0.488881 0.501563 0.50219 0.490881 0.503563 0.50419 9
3.85433595341 0.488863 0.501559 0.502196 0.490863 0.503559 0.504196 9
3.84365179662 0.488846 0.501555 0.502201 0.490846 0.503555 0.504201 9
3.83302547938 0.488827 0.501553 0.502203 0.490827 0.503553 0.504203 9
3.82245649911 0.488804 0.501553 0.502207 0.490804 0.503553 0.504207 9
3.81194435921 0.488779 0.501555 0.502215 0.490779 0.503555 0.504215 9
3.80148856895 0.488757 0.501557 0.502224 0.490757 0.503557 0.504224 9
3.79108864344 0.488739 0.501555 0.502236 0.490739 0.503555 0.504236 9
3.78074410348 0.488722 0.501557 0.502238 0.490722 0.503557 0.504238 9
3.7704544755 0.488705 0.501559 0.502242 0.490705 0.503559 0.504242 9
3.7602192915 0.488678 0.501564 0.502253 0.490678 0.503564 0.504253 9
3.75003808891 0.488657 0.501566 0.502263 0.490657 0.503566 0.504263 9
3.73991041058 0.488638 0.501568 0.50227 0.490638 0.503568 0.50427 9
3.72983580463 0.488619 0.501572 0.502278 0.490619 0.503572 0.504278 9
3.71981382444 0.4886 0.501574 0.502285 0.4906 0.503574 0.504285 9
3.7098440285 0.488583 0.501576 0.502293 0.490583 0.503576 0.504293 9
3.6999259804 0.488564 0.501578 0.502301 0.490564 0.503578 0.504301 9
3.69005924874 0.488545 0.50158 0.502308 0.490545 0.50358 0.504308 9
3.68024340701 0.488528 0.501582 0.502314 0.490528 0.503582 0.504314 9
3.67047803359 0.488509 0.501584 0.502322 0.490509 0.503584 0.504322 9
3.66076271163 0.488488 0.501587 0.502329 0.490488 0.503587 0.504329 9
3.651097029 0.488469 0.501589 0.502341 0.490469 0.503589 0.504341 9
3.64148057822 0.48845 0.501591 0.502352 0.49045 0.503591 0.504352 9
3.63191295639 0.488434 0.501591 0.50236 0.490434 0.503591 0.50436 9
3.62239376513 0.488417 0.501593 0.502369 0.490417 0.503593 0.504369 9
3.61292261051 0.4884 0.501595 0.502379 0.4904 0.503595 0.504379 9
3.60349910299 0.488385 0.501597 0.502386 0.490385 0.503597 0.504386 9
3.59412285736 0.488369 0.501599 0.502394 0.490369 0.503599 0.504394 9
3.58479349268 0.488354 0.501601 0.502404 0.490354 0.503601 0.504404 9
3.57551063221 0.488339 0.501601 0.502413 0.490339 0.503601 0.504413 9
3.56627390335 0.488326 0.501601 0.502421 0.490326 0.503601 0.504421 9
3.55708293761 0.488312 0.501601 0.502427 0.490312 0.503601 0.504427 9
3.54793737052 0.488297 0.501603 0.502432 0.490297 0.503603 0.504432 9
3.53883684159 0.48828 0.501606 0.50244 0.49028 0.503606 0.50444 9
3.52978099426 0.488264 0.501608 0.502449 0.490264 0.503608 0.504449 9
3.52076947581 0.488251 0.50161 0.502457 0.490251 0.50361 0.504457 9
3.51180193737 0.488238 0.501612 0.502465 0.490238 0.503612 0.504465 9
3.50287803381 0.488224 0.501616 0.502472 0.490224 0.503616 0.504472 9
3.49399771037 0.488213 0.501618 0.50248 0.490213 0.503618 0.50448 9
3.4851597693 0.4882 0.501622 0.502488 0.4902 0.503622 0.504488 9
3.47636473651 0.488188 0.501624 0.502495 0.490188 0.503624 0.504495 9
3.46761199469 0.488179 0.501627 0.502501 0.490179 0.503627 0.504501 9
3.45890121678 0.488167 0.501633 0.502507 0.490167 0.503633 0.504507 9
3.45023207918 0.488158 0.501639 0.502512 0.490158 0.503639 0.504512 9
3.44160426172 0.48815 0.501645 0.50252 0.49015 0.503645 0.50452 9
3.43301744757 0.488142 0.501652 0.502528 0.490142 0.503652 0.504528 9
3.42447132326 0.488137 0.50166 0.502535 0.490137 0.50366 0.504535 9
3.41596557859 0.488127 0.501666 0.502541 0.490127 0.503666 0.504541 9
3.4074999066 0.488121 0.501664 0.502541 0.490121 0.503664 0.504541 9
3.39907400353 0.48811 0.501664 0.502541 0.49011 0.503664 0.504541 9
3.39068756876 0.4881 0.501664 0.502547 0.4901 0.503664 0.504547 9
3.38234030482 0.488038 0.501604 0.502451 0.490038 0.503604 0.504451 9
3.37403191728 0.488001 0.501616 0.502444 0.490001 0.503616 0.504444 9
3.36576211474 0.487969 0.501627 0.502436 0.489969 0.503627 0.504436 9
3.35753060882 0.487938 0.501639 0.502432 0.489938 0.503639 0.504432 9
3.34933711407 0.487912 0.501648 0.502427 0.489912 0.503648 0.504427 9
3.34118134796 0.487887 0.50166 0.502425 0.489887 0.50366 0.504425 9
3.33306303085 0.487866 0.501669 0.502423 0.489866 0.503669 0.504423 9
3.32498188593 0.487847 0.501681 0.502419 0.489847 0.503681 0.504419 9
3.31693763918 0.48783 0.501688 0.502413 0.48983 0.503688 0.504413 9
3.30893001938 0.487812 0.501694 0.502409 0.489812 0.503694 0.504409 9
3.30095875801 0.487795 0.501696 0.502406 0.489795 0.503696 0.504406 9
3.29302358927 0.48778 0.501698 0.502404 0.48978 0.503698 0.504404 9
3.28512425001 0.487767 0.5017 0.502404 0.489767 0.5037 0.504404 9
3.27726047972 0.487753 0.5017 0.502404 0.489753 0.5037 0.504404 9
3.26943202047 0.487742 0.501698 0.502406 0.489742 0.503698 0.504406 9
3.2616386169 0.487732 0.501696 0.502409 0.489732 0.503696 0.504409 9
3.25388001619 0.487723 0.501692 0.502413 0.489723 0.503692 0.504413 9
3.246155968 0.487715 0.501688 0.502417 0.489715 0.503688 0.504417 9
3.23846622448 0.487709 0.501685 0.502423 0.489709 0.503685 0.504423 9
3.2308105402 0.487805 0.501635 0.502476 0.489805 0.503635 0.504476 9
3.22318867213 0.487782 0.501635 0.502472 0.489782 0.503635 0.504472 9
3.21560037965 0.487757 0.501637 0.502467 0.489757 0.503637 0.504467 9
3.20804542444 0.487721 0.501646 0.502461 0.489721 0.503646 0.504461 9
3.20052357053 0.487715 0.501637 0.502453 0.489715 0.503637 0.504453 9
3.19303458422 0.487698 0.501637 0.502457 0.489698 0.503637 0.504457 9
3.1855782341 0.487681 0.501637 0.502453 0.489681 0.503637 0.504453 9
3.17815429096 0.487664 0.501635 0.502451 0.489664 0.503635 0.504451 9
3.17076252782 0.487648 0.501635 0.502451 0.489648 0.503635 0.504451 9
3.16340271985 0.487631 0.501635 0.502451 0.489631 0.503635 0.504451 9
3.1560746444 0.487616 0.501635 0.502453 0.489616 0.503635 0.504453 9
3.14877808094 0.487601 0.501637 0.502453 0.489601 0.503637 0.504453 9
3.14151281104 0.487585 0.501639 0.502455 0.489585 0.503639 0.504455 9
3.13427861833 0.487568 0.501639 0.502453 0.489568 0.503639 0.504453 9
3.1270752885 0.487551 0.501639 0.502455 0.489551 0.503639 0.504455 9
3.11990260928 0.487534 0.501639 0.502455 0.489534 0.503639 0.504455 9
3.11276037039 0.487517 0.501639 0.502455 0.489517 0.503639 0.504455 9
3.1056483635 0.487498 0.501639 0.502457 0.489498 0.503639 0.504457 9
3.09856638229 0.487481 0.501637 0.502459 0.489481 0.503637 0.504459 9
3.09151422231 0.487461 0.501637 0.502461 0.489461 0.503637 0.504461 9
3.08449168106 0.487444 0.501635 0.502465 0.489444 0.503635 0.504465 9
3.07749855791 0.487425 0.501635 0.502467 0.489425 0.503635 0.504467 9
3.07053465409 0.48741 0.501633 0.50247 0.48941 0.503633 0.50447 9
3.06359977268 0.487393 0.501631 0.502474 0.489393 0.503631 0.504474 9
3.05669371856 0.487378 0.501631 0.50248 0.489378 0.503631 0.50448 9
3.04981629843 0.487364 0.501629 0.502486 0.489364 0.503629 0.504486 9
3.04296732074 0.487351 0.501627 0.502488 0.489351 0.503627 0.504488 9
3.03614659574 0.487338 0.501627 0.502491 0.489338 0.503627 0.504491 9
3.02935393536 0.487328 0.501625 0.502495 0.489328 0.503625 0.504495 9
3.02258915329 0.487315 0.501624 0.502497 0.489315 0.503624 0.504497 9
3.01585206488 0.487303 0.501622 0.502499 0.489303 0.503622 0.504499 9
3.0091424872 0.48729 0.501618 0.502501 0.48929 0.503618 0.504501 9
3.00246023892 0.487278 0.501616 0.502505 0.489278 0.503616 0.504505 9
2.99580538563 0.487265 0.501616 0.502507 0.489265 0.503616 0.504507 9
2.98917701356 0.487252 0.501614 0.502507 0.489252 0.503614 0.504507 9
2.98257568203 0.487238 0.501612 0.502507 0.489238 0.503612 0.504507 9
2.97600097088 0.487225 0.501608 0.502505 0.489225 0.503608 0.504505 9
2.96945270684 0.48721 0.501608 0.502505 0.48921 0.503608 0.504505 9
2.96293071814 0.487193 0.501606 0.502503 0.489193 0.503606 0.504503 9
2.95643483458 0.487175 0.501604 0.502503 0.489175 0.503604 0.504503 9
2.94996488743 0.487158 0.501603 0.502503 0.489158 0.503603 0.504503 9
2.94352070948 0.487139 0.501603 0.502503 0.489139 0.503603 0.504503 9
2.93710213499 0.487122 0.501603 0.502507 0.489122 0.503603 0.504507 9
2.93070899968 0.487105 0.501601 0.502509 0.489105 0.503601 0.504509 9
2.92434114071 0.487088 0.501599 0.502512 0.489088 0.503599 0.504512 9
2.91799839668 0.487074 0.501597 0.502518 0.489074 0.503597 0.504518 9
2.9116806076 0.487063 0.501595 0.50252 0.489063 0.503595 0.50452 9
2.90538761486 0.487051 0.501591 0.502522 0.489051 0.503591 0.504522 9
2.89911926126 0.48704 0.501589 0.502524 0.48904 0.503589 0.504524 9
2.89287539095 0.487029 0.501585 0.502522 0.489029 0.503585 0.504522 9
2.88665584942 0.487015 0.501582 0.502518 0.489015 0.503582 0.504518 9
2.88046048351 0.486998 0.50158 0.50251 0.488998 0.50358 0.50451 9
2.87428914139 0.486979 0.50158 0.502507 0.488979 0.50358 0.504507 9
2.86814167251 0.48696 0.501578 0.502507 0.48896 0.503578 0.504507 9
2.86201792765 0.486943 0.501578 0.502509 0.488943 0.503578 0.504509 9
2.85591775883 0.486927 0.501576 0.502512 0.488927 0.503576 0.504512 9
2.84984101937 0.486916 0.501572 0.502514 0.488916 0.503572 0.504514 9
2.84378756381 0.486906 0.501566 0.50251 0.488906 0.503566 0.50451 9
2.83775724794 0.486885 0.501564 0.502505 0.488885 0.503564 0.504505 9
2.83174992879 0.486874 0.501564 0.50251 0.488874 0.503564 0.50451 9
2.82576546457 0.486859 0.501563 0.502509 0.488859 0.503563 0.504509 9
2.81980371471 0.486844 0.501563 0.502507 0.488844 0.503563 0.504507 9
2.81386453982 0.486828 0.501563 0.502507 0.488828 0.503563 0.504507 9
2.80794780169 0.486813 0.501563 0.502507 0.488813 0.503563 0.504507 9
2.80205336325 0.4868 0.501563 0.502509 0.4888 0.503563 0.504509 9
2.79618108859 0.486786 0.501561 0.502509 0.488786 0.503561 0.504509 9
2.79033084294 0.486773 0.501561 0.502509 0.488773 0.503561 0.504509 9
2.78450249264 0.48676 0.501561 0.502507 0.48876 0.503561 0.504507 9
2.77869590516 0.486746 0.501561 0.502507 0.488746 0.503561 0.504507 9
2.77291094905 0.486733 0.501561 0.502505 0.488733 0.503561 0.504505 9
2.76714749396 0.48672 0.501561 0.502503 0.48872 0.503561 0.504503 9
2.76140541061 0.486704 0.501561 0.502503 0.488704 0.503561 0.504503 9
2.75568457079 0.486691 0.501561 0.502501 0.488691 0.503561 0.504501 9
2.74998541481 0.486676 0.501561 0.502499 0.488676 0.503561 0.504499 9
2.7443061141 0.486659 0.501563 0.502499 0.488659 0.503563 0.504499 9
2.73864824615 0.486643 0.501563 0.502497 0.488643 0.503563 0.504497 9
2.73301111927 0.486626 0.501563 0.502495 0.488626 0.503563 0.504495 9
2.72739461045 0.486609 0.501564 0.502495 0.488609 0.503564 0.504495 9
2.72179859765 0.48659 0.501564 0.502493 0.48859 0.503564 0.504493 9
2.71622295981 0.486575 0.501564 0.502493 0.488575 0.503564 0.504493 9
2.71066757686 0.486556 0.501566 0.502493 0.488556 0.503566 0.504493 9
2.70513232968 0.486538 0.501566 0.502495 0.488538 0.503566 0.504495 9
2.69961710014 0.486521 0.501566 0.502495 0.488521 0.503566 0.504495 9
2.69412177102 0.486504 0.501566 0.502497 0.488504 0.503566 0.504497 9
2.68864622607 0.486487 0.501568 0.502499 0.488487 0.503568 0.504499 9
2.68319034997 0.48647 0.501568 0.502499 0.48847 0.503568 0.504499 9
2.6777540283 0.486453 0.501568 0.502499 0.488453 0.503568 0.504499 9
2.67233714759 0.486437 0.50157 0.502503 0.488437 0.50357 0.504503 9
2.66693959523 0.48642 0.50157 0.502505 0.48842 0.50357 0.504505 9
2.66156125953 0.486403 0.50157 0.502509 0.488403 0.50357 0.504509 9
2.65620202968 0.48639 0.50157 0.502512 0.48839 0.50357 0.504512 9
2.65086179573 0.486374 0.50157 0.502514 0.488374 0.50357 0.504514 9
2.64554044864 0.486363 0.50157 0.502518 0.488363 0.50357 0.504518 9
2.64023788017 0.486351 0.50157 0.50252 0.488351 0.50357 0.50452 9
2.63495398297 0.486338 0.501566 0.502518 0.488338 0.503566 0.504518 9
2.62968865053 0.486323 0.501566 0.502518 0.488323 0.503566 0.504518 9
2.62444177715 0.486308 0.501564 0.50252 0.488308 0.503564 0.50452 9
2.61921325797 0.486296 0.501564 0.50252 0.488296 0.503564 0.50452 9
2.61400298894 0.486281 0.501563 0.502518 0.488281 0.503563 0.504518 9
2.60881086684 0.486266 0.501564 0.502518 0.488266 0.503564 0.504518 9
2.60363678922 0.48625 0.501564 0.502518 0.48825 0.503564 0.504518 9
2.59848065444 0.486235 0.501566 0.50252 0.488235 0.503566 0.50452 9
2.59334236164 0.48622 0.501566 0.502522 0.48822 0.503566 0.504522 9
2.58822181074 0.486205 0.501566 0.502522 0.488205 0.503566 0.504522 9
2.58311890242 0.486189 0.501566 0.502524 0.488189 0.503566 0.504524 9
2.57803353814 0.486174 0.501568 0.502526 0.488174 0.503568 0.504526 9
2.57296562009 0.486159 0.501566 0.502526 0.488159 0.503566 0.504526 9
2.56791505123 0.486144 0.501566 0.502526 0.488144 0.503566 0.504526 9
2.56288173525 0.486128 0.501566 0.502526 0.488128 0.503566 0.504526 9
2.55786557658 0.486111 0.501566 0.502524 0.488111 0.503566 0.504524 9
2.55286648036 0.486092 0.501566 0.502524 0.488092 0.503566 0.504524 9
2.54788435246 0.486069 0.501566 0.502524 0.488069 0.503566 0.504524 9
2.54291909946 0.486048 0.501566 0.502528 0.488048 0.503566 0.504528 9
2.53797062865 0.486027 0.501566 0.502533 0.488027 0.503566 0.504533 9
2.53303884801 0.48601 0.501566 0.502535 0.48801 0.503566 0.504535 9
2.52812366621 0.485993 0.501564 0.502535 0.487993 0.503564 0.504535 9
2.52322499262 0.485972 0.501563 0.502535 0.487972 0.503563 0.504535 9
2.51834273727 0.485951 0.501564 0.502541 0.487951 0.503564 0.504541 9
2.51347681088 0.485938 0.501563 0.502543 0.487938 0.503563 0.504543 9
2.50862712481 0.485917 0.501563 0.502545 0.487917 0.503563 0.504545 9
2.5037935911 0.485903 0.501561 0.502547 0.487903 0.503561 0.504547 9
2.49897650109 0.485888 0.501561 0.502549 0.487888 0.503561 0.504549 9
2.49417463215 0.485873 0.501561 0.502551 0.487873 0.503561 0.504551 9
2.48938903429 0.485857 0.501559 0.502549 0.487857 0.503559 0.504549 9
2.48461924336 0.485842 0.501557 0.502547 0.487842 0.503557 0.504547 9
2.47986517465 0.485825 0.501555 0.502547 0.487825 0.503555 0.504547 9
2.47512674401 0.485806 0.501553 0.502547 0.487806 0.503553 0.504547 9
2.47040386793 0.485787 0.501553 0.502547 0.487787 0.503553 0.504547 9
2.4656964635 0.485768 0.501551 0.502549 0.487768 0.503551 0.504549 9
2.46100444841 0.485751 0.501551 0.502551 0.487751 0.503551 0.504551 9
2.45632774096 0.485735 0.501549 0.502551 0.487735 0.503549 0.504551 9
2.45166626005 0.485716 0.501547 0.502551 0.487716 0.503547 0.504551 9
2.44701992515 0.485697 0.501547 0.502551 0.487697 0.503547 0.504551 9
2.44238865633 0.485682 0.501547 0.502551 0.487682 0.503547 0.504551 9
2.43777237423 0.485663 0.501545 0.502549 0.487663 0.503545 0.504549 9
2.43317100006 0.485644 0.501545 0.502547 0.487644 0.503545 0.504547 9
2.42858445562 0.485625 0.501545 0.502549 0.487625 0.503545 0.504549 9
2.42401266324 0.485608 0.501545 0.502549 0.487608 0.503545 0.504549 9
2.41945554583 0.485588 0.501545 0.502547 0.487588 0.503545 0.504547 9
2.41491302684 0.485569 0.501547 0.502547 0.487569 0.503547 0.504547 9
2.41038503029 0.48555 0.501547 0.502547 0.48755 0.503547 0.504547 9
2.4058714807 0.485533 0.501549 0.502547 0.487533 0.503549 0.504547 9
2.40137230317 0.485516 0.501549 0.502547 0.487516 0.503549 0.504547 9
2.39688742332 0.485501 0.501551 0.502547 0.487501 0.503551 0.504547 9
2.39241676727 0.485484 0.501551 0.502545 0.487484 0.503551 0.504545 9
2.3879602617 0.485468 0.501551 0.502541 0.487468 0.503551 0.504541 9
2.3835178338 0.485447 0.501549 0.502537 0.487447 0.503549 0.504537 9
2.37908941125 0.485426 0.501549 0.502535 0.487426 0.503549 0.504535 9
2.37467492227 0.485405 0.501549 0.502533 0.487405 0.503549 0.504533 9
2.37027429557 0.485386 0.501551 0.502537 0.487386 0.503551 0.504537 9
2.36588746036 0.485369 0.501551 0.502535 0.487369 0.503551 0.504535 9
2.36151434634 0.485352 0.501553 0.502539 0.487352 0.503553 0.504539 9
2.35715488372 0.485335 0.501553 0.502541 0.487335 0.503553 0.504541 9
2.35280900318 0.48532 0.501553 0.502541 0.48732 0.503553 0.504541 9
2.34847663588 0.485306 0.501553 0.502541 0.487306 0.503553 0.504541 9
2.34415771346 0.485295 0.501553 0.502537 0.487295 0.503553 0.504537 9
2.33985216806 0.485281 0.501551 0.502533 0.487281 0.503551 0.504533 9
2.33555993226 0.485266 0.501549 0.502528 0.487266 0.503549 0.504528 9
2.3312809391 0.485247 0.501547 0.502522 0.487247 0.503547 0.504522 9
2.32701512212 0.485226 0.501545 0.502518 0.487226 0.503545 0.504518 9
2.32276241527 0.485203 0.501543 0.502516 0.487203 0.503543 0.504516 9
2.318522753 0.485184 0.501543 0.50252 0.487184 0.503543 0.50452 9
2.31429607016 0.485169 0.501543 0.502522 0.487169 0.503543 0.504522 9
2.3100823021 0.485156 0.501543 0.50252 0.487156 0.503543 0.50452 9
2.30588138457 0.48514 0.501543 0.502514 0.48714 0.503543 0.504514 9
2.30169325377 0.485117 0.501542 0.502512 0.487117 0.503542 0.504512 9
2.29751784634 0.4851 0.501543 0.502518 0.4871 0.503543 0.504518 9
2.29335509935 0.485091 0.501543 0.502514 0.487091 0.503543 0.504514 9
2.28920495029 0.48507 0.501542 0.502512 0.48707 0.503542 0.504512 9
2.28506733707 0.485056 0.501543 0.502512 0.487056 0.503543 0.504512 9
2.28094219804 0.485041 0.501543 0.50251 0.487041 0.503543 0.50451 9
2.27682947194 0.485026 0.501543 0.502509 0.487026 0.503543 0.504509 9
2.27272909793 0.485009 0.501543 0.502507 0.487009 0.503543 0.504507 9
2.2686410156 0.484993 0.501543 0.502507 0.486993 0.503543 0.504507 9
2.26456516492 0.484976 0.501543 0.502505 0.486976 0.503543 0.504505 9
2.26050148626 0.484961 0.501543 0.502503 0.486961 0.503543 0.504503 9
2.25644992041 0.484944 0.501543 0.502501 0.486944 0.503543 0.504501 9
2.25241040853 0.484927 0.501543 0.502501 0.486927 0.503543 0.504501 9
2.24838313276 0.484909 0.501543 0.502501 0.486909 0.503543 0.504501 9
2.24436731334 0.484894 0.501543 0.502501 0.486894 0.503543 0.504501 9
2.24036361436 0.484879 0.501545 0.502503 0.486879 0.503545 0.504503 9
2.23637173791 0.484866 0.501545 0.502501 0.486866 0.503545 0.504501 9
2.23239162711 0.48485 0.501543 0.502499 0.48685 0.503543 0.504499 9
2.22842322544 0.484837 0.501543 0.502497 0.486837 0.503543 0.504497 9
2.22446647674 0.484822 0.501543 0.502497 0.486822 0.503543 0.504497 9
2.22052132522 0.484806 0.501543 0.502497 0.486806 0.503543 0.504497 9
2.21658771548 0.484793 0.501543 0.502497 0.486793 0.503543 0.504497 9
2.21266559244 0.48478 0.501542 0.502493 0.48678 0.503542 0.504493 9
2.20875490142 0.484765 0.501542 0.502491 0.486765 0.503542 0.504491 9
2.20485558808 0.484749 0.501542 0.502491 0.486749 0.503542 0.504491 9
2.20096759842 0.484736 0.501542 0.502489 0.486736 0.503542 0.504489 9
2.19709087883 0.484724 0.501542 0.502488 0.486724 0.503542 0.504488 9
2.19322537601 0.484709 0.50154 0.502486 0.486709 0.50354 0.504486 9
2.18937103703 0.484698 0.501542 0.502484 0.486698 0.503542 0.504484 9
2.18552780928 0.484684 0.50154 0.50248 0.486684 0.50354 0.50448 9
2.18169564051 0.484671 0.50154 0.502478 0.486671 0.50354 0.504478 9
2.1778744788 0.484656 0.50154 0.502476 0.486656 0.50354 0.504476 9
2.17406427256 0.484642 0.50154 0.502476 0.486642 0.50354 0.504476 9
2.17026497053 0.484629 0.50154 0.502476 0.486629 0.50354 0.504476 9
2.1664765218 0.484614 0.501538 0.502474 0.486614 0.503538 0.504474 9
2.16269887575 0.484602 0.501538 0.502474 0.486602 0.503538 0.504474 9
2.15893198211 0.484589 0.501538 0.502472 0.486589 0.503538 0.504472 9
2.15517579093 0.484576 0.501538 0.502472 0.486576 0.503538 0.504472 9
2.15143025257 0.484564 0.501538 0.50247 0.486564 0.503538 0.50447 9
2.1476953177 0.484551 0.501536 0.502469 0.486551 0.503536 0.504469 9
2.14397093731 0.484538 0.501536 0.502469 0.486538 0.503536 0.504469 9
2.14025706271 0.484524 0.501536 0.502467 0.486524 0.503536 0.504467 9
2.13655364551 0.484513 0.501536 0.502467 0.486513 0.503536 0.504467 9
2.13286063762 0.484499 0.501536 0.502465 0.486499 0.503536 0.504465 9
2.12917799125 0.484488 0.501534 0.502463 0.486488 0.503534 0.504463 9
2.12550565893 0.484476 0.501534 0.502463 0.486476 0.503534 0.504463 9
2.12184359347 0.484463 0.501534 0.502463 0.486463 0.503534 0.504463 9
2.11819174799 0.484452 0.501536 0.502463 0.486452 0.503536 0.504463 9
2.11455007588 0.484438 0.501536 0.502463 0.486438 0.503536 0.504463 9
2.11091853086 0.484427 0.501536 0.502461 0.486427 0.503536 0.504461 9
2.1072970669 0.484414 0.501536 0.502459 0.486414 0.503536 0.504459 9
2.10368563827 0.4844 0.501536 0.502459 0.4864 0.503536 0.504459 9
2.10008419955 0.484387 0.501536 0.502457 0.486387 0.503536 0.504457 9
2.09649270555 0.484373 0.501534 0.502457 0.486373 0.503534 0.504457 9
2.09291111141 0.48436 0.501534 0.502455 0.48636 0.503534 0.504455 9
2.08933937252 0.484347 0.501534 0.502455 0.486347 0.503534 0.504455 9
2.08577744454 0.484333 0.501534 0.502455 0.486333 0.503534 0.504455 9
2.08222528344 0.48432 0.501532 0.502453 0.48632 0.503532 0.504453 9
2.07868284542 0.484307 0.501532 0.502453 0.486307 0.503532 0.504453 9
2.07515008697 0.484293 0.50153 0.502451 0.486293 0.50353 0.504451 9
2.07162696484 0.48428 0.50153 0.502453 0.48628 0.50353 0.504453 9
2.06811343605 0.484267 0.501528 0.502451 0.486267 0.503528 0.504451 9
2.06460945788 0.484253 0.501528 0.502451 0.486253 0.503528 0.504451 9
2.06111498788 0.48424 0.501526 0.502451 0.48624 0.503526 0.504451 9
2.05762998383 0.484229 0.501526 0.502449 0.486229 0.503526 0.504449 9
2.05415440381 0.484215 0.501526 0.502449 0.486215 0.503526 0.504449 9
2.05068820611 0.484202 0.501524 0.502449 0.486202 0.503524 0.504449 9
2.04723134931 0.484188 0.501524 0.502449 0.486188 0.503524 0.504449 9
2.04378379222 0.484175 0.501522 0.502448 0.486175 0.503522 0.504448 9
2.04034549391 0.484162 0.501521 0.502446 0.486162 0.503521 0.504446 9
2.03691641368 0.484148 0.501519 0.502444 0.486148 0.503519 0.504444 9
2.03349651109 0.484135 0.501519 0.502444 0.486135 0.503519 0.504444 9
2.03008574594 0.484122 0.501517 0.502444 0.486122 0.503517 0.504444 9
2.02668407827 0.484108 0.501517 0.502444 0.486108 0.503517 0.504444 9
2.02329146837 0.484095 0.501515 0.502444 0.486095 0.503515 0.504444 9
2.01990787675 0.484082 0.501513 0.502444 0.486082 0.503513 0.504444 9
2.01653326416 0.484068 0.501511 0.502444 0.486068 0.503511 0.504444 9
2.0131675916 0.484057 0.501509 0.502442 0.486057 0.503509 0.504442 9
2.00981082028 0.484045 0.501509 0.502442 0.486045 0.503509 0.504442 9
2.00646291165 0.484032 0.501505 0.50244 0.486032 0.503505 0.50444 9
2.0031238274036 0.484019 0.501505 0.50244 0.486019 0.503505 0.50444 9
1.9997938414155 0.484005 0.501503 0.50244 0.486005 0.503503 0.50444 9
1.9964719798568 0.483992 0.501501 0.502438 0.485992 0.503501 0.504438 9
1.99315914111 0.483981 0.501501 0.502438 0.485981 0.503501 0.504438 9
1.9898549756827 0.483967 0.5015 0.502438 0.485967 0.5035 0.504438 9
1.9865594464051 0.483954 0.5015 0.502436 0.485954 0.5035 0.504436 9
1.9832725162947 0.483941 0.501498 0.502436 0.485941 0.503498 0.504436 9
1.9799941485863 0.483927 0.501498 0.502436 0.485927 0.503498 0.504436 9
1.9767243067301 0.483914 0.501496 0.502434 0.485914 0.503496 0.504434 9
1.9734629543904 0.4839 0.501494 0.502434 0.4859 0.503494 0.504434 9
1.9702100554436 0.483887 0.501492 0.502432 0.485887 0.503492 0.504432 9
1.9669655739768 0.483874 0.501492 0.502432 0.485874 0.503492 0.504432 9
1.9637294742863 0.48386 0.50149 0.50243 0.48586 0.50349 0.50443 9
1.9605017208762 0.483847 0.501488 0.502428 0.485847 0.503488 0.504428 9
1.9572822784565 0.483834 0.501486 0.502428 0.485834 0.503486 0.504428 9
1.9540711119418 0.483822 0.501486 0.502428 0.485822 0.503486 0.504428 9
1.9508681864496 0.483809 0.501484 0.502427 0.485809 0.503484 0.504427 9
1.9476734672993 0.483796 0.501482 0.502427 0.485796 0.503482 0.504427 9
1.9444869200102 0.483782 0.501482 0.502427 0.485782 0.503482 0.504427 9
1.9413085103001 0.483769 0.501481 0.502425 0.485769 0.503481 0.504425 9
1.9381382040842 0.483754 0.501479 0.502425 0.485754 0.503479 0.504425 9
1.9349759674732 0.483738 0.501477 0.502425 0.485738 0.503477 0.504425 9
1.9318217667724 0.483725 0.501475 0.502425 0.485725 0.503475 0.504425 9
1.9286755684797 0.483712 0.501475 0.502425 0.485712 0.503475 0.504425 9
1.9255373392847 0.483696 0.501473 0.502427 0.485696 0.503473 0.504427 9
1.9224070460668 0.483681 0.501471 0.502427 0.485681 0.503471 0.504427 9
1.9192846558944 0.483668 0.501471 0.502427 0.485668 0.503471 0.504427 9
1.9161701360231 0.483654 0.501469 0.502427 0.485654 0.503469 0.504427 9
1.9130634538947 0.483641 0.501469 0.502428 0.485641 0.503469 0.504428 9
1.9099645771353 0.483628 0.501469 0.502428 0.485628 0.503469 0.504428 9
1.9068734735547 0.483612 0.501467 0.502427 0.485612 0.503467 0.504427 9
1.9037901111445 0.483599 0.501467 0.502427 0.485599 0.503467 0.504427 9
1.9007144580769 0.483584 0.501465 0.502427 0.485584 0.503465 0.504427 9
1.8976464827038 0.483571 0.501465 0.502427 0.485571 0.503465 0.504427 9
1.8945861535551 0.483555 0.501463 0.502427 0.485555 0.503463 0.504427 9
1.8915334393373 0.483542 0.501461 0.502425 0.485542 0.503461 0.504425 9
1.8884883089329 0.483527 0.501461 0.502425 0.485527 0.503461 0.504425 9
1.8854507313984 0.483513 0.50146 0.502425 0.485513 0.50346 0.504425 9
1.8824206759636 0.4835 0.501458 0.502425 0.4855 0.503458 0.504425 9
1.87939811203 0.483487 0.501458 0.502423 0.485487 0.503458 0.504423 9
1.87638300917 0.483471 0.501456 0.502423 0.485471 0.503456 0.504423 9
1.8733753371252 0.483458 0.501454 0.502423 0.485458 0.503454 0.504423 9
1.8703750658055 0.483445 0.501454 0.502423 0.485445 0.503454 0.504423 9
1.8673821652878 0.483429 0.501452 0.502423 0.485429 0.503452 0.504423 9
1.8643966058151 0.483416 0.501452 0.502421 0.485416 0.503452 0.504421 9
1.8614183577949 0.483401 0.50145 0.502421 0.485401 0.50345 0.504421 9
1.8584473917982 0.483385 0.501448 0.502419 0.485385 0.503448 0.504419 9
1.8554836785585 0.483372 0.501448 0.502419 0.485372 0.503448 0.504419 9
1.8525271889707 0.483357 0.501446 0.502419 0.485357 0.503446 0.504419 9
1.8495778940896 0.483344 0.501444 0.502417 0.485344 0.503444 0.504417 9
1.8466357651292 0.483328 0.501444 0.502417 0.485328 0.503444 0.504417 9
1.8437007734611 0.483315 0.501442 0.502417 0.485315 0.503442 0.504417 9
1.8407728906142 0.483302 0.501442 0.502415 0.485302 0.503442 0.504415 9
1.8378520882727 0.483286 0.50144 0.502415 0.485286 0.50344 0.504415 9
1.8349383382755 0.483273 0.50144 0.502413 0.485273 0.50344 0.504413 9
1.8320316126153 0.483258 0.501439 0.502411 0.485258 0.503439 0.504411 9
1.8291318834371 0.483242 0.501439 0.502411 0.485242 0.503439 0.504411 9
1.8262391230373 0.483229 0.501437 0.502409 0.485229 0.503437 0.504409 9
1.8233533038628 0.483214 0.501437 0.502409 0.485214 0.503437 0.504409 9
1.8204743985099 0.4832 0.501437 0.502407 0.4852 0.503437 0.504407 9
1.8176023797232 0.483187 0.501435 0.502406 0.485187 0.503435 0.504406 9
1.8147372203944 0.483172 0.501435 0.502406 0.485172 0.503435 0.504406 9
1.811878893562 0.483157 0.501433 0.502404 0.485157 0.503433 0.504404 9
1.8090273724092 0.483143 0.501433 0.502402 0.485143 0.503433 0.504402 9
1.8061826302639 0.48313 0.501433 0.5024 0.48513 0.503433 0.5044 9
1.8033446405974 0.483115 0.501431 0.502398 0.485115 0.503431 0.504398 9
1.8005133770229 0.483099 0.501431 0.502398 0.485099 0.503431 0.504398 9
1.7976888132953 0.483086 0.501429 0.502396 0.485086 0.503429 0.504396 9
1.79487092331 0.483073 0.501429 0.502394 0.485073 0.503429 0.504394 9
1.7920596811016 0.483057 0.501427 0.502392 0.485057 0.503427 0.504392 9
1.7892550608433 0.483044 0.501427 0.502392 0.485044 0.503427 0.504392 9
1.7864570368459 0.483029 0.501425 0.50239 0.485029 0.503425 0.50439 9
1.7836655835568 0.483015 0.501425 0.502388 0.485015 0.503425 0.504388 9
1.7808806755592 0.483 0.501423 0.502388 0.485 0.503423 0.504388 9
1.7781022875711 0.482987 0.501423 0.502386 0.484987 0.503423 0.504386 9
1.7753303944442 0.482972 0.501423 0.502385 0.484972 0.503423 0.504385 9
1.7725649711635 0.482958 0.501421 0.502383 0.484958 0.503421 0.504383 9
1.7698059928459 0.482943 0.501421 0.502381 0.484943 0.503421 0.504381 9
1.7670534347396 0.482928 0.501419 0.502379 0.484928 0.503419 0.504379 9
1.7643072722229 0.482914 0.501419 0.502377 0.484914 0.503419 0.504377 9
1.7615674808041 0.482899 0.501418 0.502375 0.484899 0.503418 0.504375 9
1.7588340361195 0.482886 0.501418 0.502373 0.484886 0.503418 0.504373 9
1.7561069139335 0.482871 0.501416 0.502371 0.484871 0.503416 0.504371 9
1.7533860901374 0.482857 0.501416 0.502369 0.484857 0.503416 0.504369 9
1.7506715407484 0.482842 0.501414 0.502367 0.484842 0.503414 0.504367 9
1.7479633089343 0.482829 0.501414 0.502366 0.484829 0.503414 0.504366 9
1.7452611698792 0.482813 0.501412 0.502364 0.484813 0.503412 0.504364 9
1.7425653010697 0.4828 0.501412 0.502362 0.4848 0.503412 0.504362 9
1.7398756119735 0.482785 0.50141 0.50236 0.484785 0.50341 0.50436 9
1.7371920792325 0.482771 0.501408 0.502358 0.484771 0.503408 0.504358 9
1.7345146796027 0.482758 0.501408 0.502356 0.484758 0.503408 0.504356 9
1.7318433899609 0.482743 0.501406 0.502356 0.484743 0.503406 0.504356 9
1.7291781873031 0.482729 0.501406 0.502354 0.484729 0.503406 0.504354 9
1.7265190487441 0.482714 0.501404 0.502352 0.484714 0.503404 0.504352 9
1.7238659515168 0.482699 0.501402 0.50235 0.484699 0.503402 0.50435 9
1.7212188729713 0.482685 0.5014 0.502348 0.484685 0.5034 0.504348 9
1.7185777905739 0.482672 0.5014 0.502346 0.484672 0.5034 0.504346 9
1.7159426819069 0.482659 0.501398 0.502345 0.484659 0.503398 0.504345 9
1.7133135246674 0.482644 0.501397 0.502343 0.484644 0.503397 0.504343 9
1.7106902966666 0.48263 0.501395 0.502341 0.48463 0.503395 0.504341 9
1.7080729758291 0.482615 0.501395 0.502339 0.484615 0.503395 0.504339 9
1.7054615401925 0.482602 0.501393 0.502337 0.484602 0.503393 0.504337 9
1.7028559679061 0.482586 0.501391 0.502337 0.484586 0.503391 0.504337 9
1.7002562372304 0.482573 0.501391 0.502335 0.484573 0.503391 0.504335 9
1.6976623265366 0.48256 0.501389 0.502331 0.48456 0.503389 0.504331 9
1.6950742143057 0.482544 0.501387 0.502331 0.484544 0.503387 0.504331 9
1.6924918791277 0.482531 0.501387 0.502329 0.484531 0.503387 0.504329 9
1.6899152997011 0.482518 0.501385 0.502327 0.484518 0.503385 0.504327 9
1.6873444548319 0.482504 0.501385 0.502325 0.484504 0.503385 0.504325 9
1.6847793234334 0.482491 0.501383 0.502325 0.484491 0.503383 0.504325 9
1.6796661172319 0.482462 0.501379 0.502322 0.484462 0.503379 0.504322 9
1.6771180007842 0.482449 0.501379 0.50232 0.484449 0.503379 0.50432 9
1.6745755145163 0.482434 0.501378 0.50232 0.484434 0.503378 0.50432 9
1.6720386378662 0.48242 0.501378 0.502318 0.48442 0.503378 0.504318 9
1.669507350375 0.482407 0.501376 0.502316 0.484407 0.503376 0.504316 9
1.6669816316859 0.482392 0.501376 0.502316 0.484392 0.503376 0.504316 9
1.6644614615441 0.482378 0.501374 0.502314 0.484378 0.503374 0.504314 9
1.6619468197954 0.482365 0.501374 0.502312 0.484365 0.503374 0.504312 9
1.6594376863864 0.48235 0.501372 0.502312 0.48435 0.503372 0.504312 9
1.6569340413632 0.482335 0.50137 0.50231 0.484335 0.50337 0.50431 9
1.654435864871 0.482321 0.50137 0.502308 0.484321 0.50337 0.504308 9
1.6519431371538 0.482308 0.50137 0.50231 0.484308 0.50337 0.50431 9
1.6494558385531 0.482293 0.501368 0.502308 0.484293 0.503368 0.504308 9
1.6469739495078 0.482279 0.501368 0.502306 0.484279 0.503368 0.504306 9
1.6444974505536 0.482266 0.501366 0.502304 0.484266 0.503366 0.504304 9
1.642026322322 0.482251 0.501364 0.502304 0.484251 0.503364 0.504304 9
1.6395605455401 0.482237 0.501364 0.502303 0.484237 0.503364 0.504303 9
1.6371001010298 0.482222 0.501364 0.502303 0.484222 0.503364 0.504303 9
1.6346449697072 0.482209 0.501362 0.502301 0.484209 0.503362 0.504301 9
1.6321951325822 0.482195 0.501362 0.502299 0.484195 0.503362 0.504299 9
1.6297505707576 0.48218 0.501362 0.502299 0.48418 0.503362 0.504299 9
1.6273112654289 0.482167 0.501362 0.502297 0.484167 0.503362 0.504297 9
1.6248771978833 0.482153 0.50136 0.502295 0.484153 0.50336 0.504295 9
1.6224483494995 0.48214 0.50136 0.502293 0.48414 0.50336 0.504293 9
1.6200247017471 0.482125 0.501358 0.502291 0.484125 0.503358 0.504291 9
1.6176062361855 0.482111 0.501358 0.502291 0.484111 0.503358 0.504291 9
1.6151929344643 0.482098 0.501358 0.502289 0.484098 0.503358 0.504289 9
1.612784778322 0.482083 0.501357 0.502287 0.484083 0.503357 0.504287 9
1.6103817495854 0.482069 0.501357 0.502285 0.484069 0.503357 0.504285 9
1.6079838301697 0.482054 0.501357 0.502285 0.484054 0.503357 0.504285 9
1.6055910020775 0.482041 0.501355 0.502282 0.484041 0.503355 0.504282 9
1.6032032473981 0.482027 0.501355 0.502282 0.484027 0.503355 0.504282 9
1.6008205483076 0.482012 0.501353 0.50228 0.484012 0.503353 0.50428 9
1.5984428870676 0.481999 0.501353 0.502278 0.483999 0.503353 0.504278 9
1.5960702460252 0.481984 0.501353 0.502278 0.483984 0.503353 0.504278 9
1.5937026076125 0.48197 0.501351 0.502276 0.48397 0.503351 0.504276 9
1.5913399543457 0.481957 0.501351 0.502274 0.483957 0.503351 0.504274 9
1.5889822688249 0.481942 0.501349 0.502274 0.483942 0.503349 0.504274 9
1.5866295337334 0.48193 0.501349 0.502272 0.48393 0.503349 0.504272 9
1.5842817318373 0.481915 0.501347 0.50227 0.483915 0.503347 0.50427 9
1.5819388459852 0.481902 0.501345 0.50227 0.483902 0.503345 0.50427 9
1.5796008591072 0.481888 0.501345 0.50227 0.483888 0.503345 0.50427 9
1.5772677542148 0.481873 0.501343 0.502268 0.483873 0.503343 0.504268 9
1.5749395144003 0.48186 0.501343 0.502268 0.48386 0.503343 0.504268 9
1.5726161228363 0.481846 0.501341 0.502266 0.483846 0.503341 0.504266 9
1.5702975627753 0.481833 0.501341 0.502266 0.483833 0.503341 0.504266 9
1.567983817549 0.481818 0.501339 0.502264 0.483818 0.503339 0.504264 9
1.5656748705681 0.481806 0.501339 0.502264 0.483806 0.503339 0.504264 9
1.5633707053216 0.481791 0.501337 0.502264 0.483791 0.503337 0.504264 9
1.5610713053765 0.481778 0.501337 0.502264 0.483778 0.503337 0.504264 9
1.5587766543771 0.481764 0.501336 0.502263 0.483764 0.503336 0.504263 9
1.556486736045 0.481751 0.501336 0.502263 0.483751 0.503336 0.504263 9
1.554201534178 0.481738 0.501336 0.502263 0.483738 0.503336 0.504263 9
1.5519210326502 0.481724 0.501334 0.502261 0.483724 0.503334 0.504261 9
1.5496452154112 0.481713 0.501334 0.502261 0.483713 0.503334 0.504261 9
1.5473740664858 0.481699 0.501334 0.502261 0.483699 0.503334 0.504261 9
1.5451075699736 0.481686 0.501332 0.502259 0.483686 0.503332 0.504259 9
1.5428457100484 0.481671 0.50133 0.502259 0.483671 0.50333 0.504259 9
1.5405884709578 0.481659 0.50133 0.502259 0.483659 0.50333 0.504259 9
1.5383358370229 0.481646 0.501328 0.502257 0.483646 0.503328 0.504257 9
1.5360877926378 0.481633 0.501328 0.502257 0.483633 0.503328 0.504257 9
1.5338443222689 0.481619 0.501326 0.502257 0.483619 0.503326 0.504257 9
1.5316054104551 0.481608 0.501326 0.502255 0.483608 0.503326 0.504255 9
1.5293710418066 0.481594 0.501324 0.502255 0.483594 0.503324 0.504255 9
1.5271412010051 0.481581 0.501322 0.502253 0.483581 0.503322 0.504253 9
1.5249158728031 0.481568 0.501322 0.502253 0.483568 0.503322 0.504253 9
1.5226950420235 0.481554 0.50132 0.502253 0.483554 0.50332 0.504253 9
1.5204786935592 0.481541 0.50132 0.502251 0.483541 0.50332 0.504251 9
1.5182668123726 0.48153 0.501318 0.502251 0.48353 0.503318 0.504251 9
1.5160593834956 0.481516 0.501318 0.502249 0.483516 0.503318 0.504249 9
1.5138563920287 0.481503 0.501318 0.502249 0.483503 0.503318 0.504249 9
1.5116578231407 0.48149 0.501316 0.502247 0.48349 0.503316 0.504247 9
1.5094636620686 0.481478 0.501316 0.502247 0.483478 0.503316 0.504247 9
1.5072738941169 0.481465 0.501315 0.502245 0.483465 0.503315 0.504245 9
1.5050885046572 0.481451 0.501313 0.502243 0.483451 0.503313 0.504243 9
1.5029074791281 0.48144 0.501313 0.502243 0.48344 0.503313 0.504243 9
1.5007308030346 0.481427 0.501311 0.502243 0.483427 0.503311 0.504243 9
1.4985585349142 0.481413 0.501309 0.502242 0.483413 0.503309 0.504242 9
1.4963904414965 0.481402 0.501309 0.502242 0.483402 0.503309 0.504242 9
1.4942267274051 0.481388 0.501307 0.50224 0.483388 0.503307 0.50424 9
1.4920673054184 0.481375 0.501305 0.50224 0.483375 0.503305 0.50424 9
1.4899121613751 0.481362 0.501303 0.502238 0.483362 0.503303 0.504238 9
1.4877612811706 0.481348 0.501303 0.502238 0.483348 0.503303 0.504238 9
1.4856146507643 0.481335 0.501301 0.502238 0.483335 0.503301 0.504238 9
1.4834722561789 0.481322 0.501299 0.502238 0.483322 0.503299 0.504238 9
1.4813340835004 0.481308 0.501299 0.502236 0.483308 0.503299 0.504236 9
1.479200118877 0.481295 0.501297 0.502234 0.483295 0.503297 0.504234 9
1.4770703485198 0.481282 0.501297 0.502234 0.483282 0.503297 0.504234 9
1.4749447587016 0.481268 0.501295 0.502232 0.483268 0.503295 0.504232 9
1.4728233357567 0.481255 0.501295 0.502232 0.483255 0.503295 0.504232 9
1.4707060660811 0.48124 0.501294 0.502232 0.48324 0.503294 0.504232 9
1.4685929361312 0.481228 0.501294 0.50223 0.483228 0.503294 0.50423 9
1.4664839324245 0.481215 0.501294 0.502228 0.483215 0.503294 0.504228 9
1.4643790415384 0.481202 0.501292 0.502228 0.483202 0.503292 0.504228 9
1.4622782501103 0.481188 0.501292 0.502226 0.483188 0.503292 0.504226 9
1.4601815448371 0.481175 0.50129 0.502224 0.483175 0.50329 0.504224 9
1.4580889124751 0.481162 0.501288 0.502224 0.483162 0.503288 0.504224 9
1.4560003398394 0.481148 0.501288 0.502222 0.483148 0.503288 0.504222 9
1.4539158138035 0.481135 0.501286 0.502222 0.483135 0.503286 0.504222 9
1.4518353212993 0.481121 0.501284 0.502221 0.483121 0.503284 0.504221 9
1.4497588493167 0.481108 0.501282 0.502221 0.483108 0.503282 0.504221 9
1.4476863849028 0.481095 0.501282 0.502219 0.483095 0.503282 0.504219 9
1.4456179151622 0.481081 0.50128 0.502219 0.483081 0.50328 0.504219 9
1.4435534272566 0.481068 0.501278 0.502217 0.483068 0.503278 0.504217 9
1.4414929084039 0.481055 0.501278 0.502217 0.483055 0.503278 0.504217 9
1.4394363458787 0.481039 0.501276 0.502215 0.483039 0.503276 0.504215 9
1.4373837270112 0.481026 0.501275 0.502215 0.483026 0.503275 0.504215 9
1.4353272686041 0.481015 0.501275 0.502213 0.483015 0.503275 0.504213 9
1.4332831879998 0.481001 0.501273 0.502213 0.483001 0.503273 0.504213 9
1.4312432599335 0.480988 0.501273 0.502211 0.482988 0.503273 0.504211 9
1.4292074710307 0.480975 0.501271 0.502211 0.482975 0.503271 0.504211 9
1.4271758079758 0.480961 0.501269 0.502209 0.482961 0.503269 0.504209 9
1.425148257512 0.48095 0.501267 0.502207 0.48295 0.503267 0.504207 9
1.4231247090219 0.480936 0.501267 0.502207 0.482936 0.503267 0.504207 9
1.4211012465037 0.480923 0.501263 0.502205 0.482923 0.503263 0.504205 9
1.4190818688353 0.48091 0.501263 0.502205 0.48291 0.503263 0.504205 9
1.4170665629466 0.480894 0.501261 0.502205 0.482894 0.503261 0.504205 9
1.4150553158249 0.480881 0.501259 0.502203 0.482881 0.503259 0.504203 9
1.4130481145143 0.48087 0.501259 0.502203 0.48287 0.503259 0.504203 9
1.4110449461156 0.480856 0.501257 0.502201 0.482856 0.503257 0.504201 9
1.4090457977858 0.480843 0.501255 0.502201 0.482843 0.503255 0.504201 9
1.4070506567378 0.48083 0.501254 0.5022 0.48283 0.503254 0.5042 9
1.4050595102402 0.480818 0.501252 0.5022 0.482818 0.503252 0.5042 9
1.403072345617 0.480805 0.50125 0.502198 0.482805 0.50325 0.504198 9
1.4010891502472 0.480791 0.501246 0.502198 0.482791 0.503246 0.504198 9
1.3991100203328 0.480778 0.501244 0.502196 0.482778 0.503244 0.504196 9
1.397134617046 0.480765 0.501242 0.502196 0.482765 0.503242 0.504196 9
1.3951632542669 0.480751 0.50124 0.502194 0.482751 0.50324 0.504194 9
1.3931958107906 0.480738 0.501238 0.502196 0.482738 0.503238 0.504196 9
1.3912322742775 0.480727 0.501236 0.502194 0.482727 0.503236 0.504194 9
1.3892713301326 0.480713 0.501234 0.502194 0.482713 0.503234 0.504194 9
1.3873114644538 0.4807 0.501233 0.502194 0.4827 0.503233 0.504194 9
1.3853554804948 0.480687 0.501231 0.502192 0.482687 0.503231 0.504192 9
1.3834033660737 0.480675 0.501229 0.50219 0.482675 0.503229 0.50419 9
1.3814551090611 0.48066 0.501225 0.50219 0.48266 0.503225 0.50419 9
1.3795106973795 0.480647 0.501223 0.50219 0.482647 0.503223 0.50419 9
1.3775701190031 0.480635 0.501223 0.50219 0.482635 0.503223 0.50419 9
1.3756333619578 0.480622 0.501221 0.50219 0.482622 0.503221 0.50419 9
1.3737004143204 0.480608 0.501219 0.502188 0.482608 0.503219 0.504188 9
1.3717712642187 0.480595 0.501217 0.502188 0.482595 0.503217 0.504188 9
1.3698458998311 0.480582 0.501215 0.502186 0.482582 0.503215 0.504186 9
1.3679243093863 0.480568 0.501213 0.502186 0.482568 0.503213 0.504186 9
1.3660064811632 0.480555 0.501213 0.502186 0.482555 0.503213 0.504186 9
1.3640924034903 0.480542 0.501212 0.502186 0.482542 0.503212 0.504186 9
1.3621820647459 0.48053 0.501212 0.502184 0.48253 0.503212 0.504184 9
1.3602754533574 0.480517 0.50121 0.502184 0.482517 0.50321 0.504184 9
1.3583725578012 0.480503 0.501208 0.502184 0.482503 0.503208 0.504184 9
1.3564720710885 0.480492 0.501208 0.502182 0.482492 0.503208 0.504182 9
1.3545724551229 0.480479 0.501206 0.502182 0.482479 0.503206 0.504182 9
1.3526765320226 0.480465 0.501204 0.502182 0.482465 0.503204 0.504182 9
1.3507842904159 0.480454 0.501202 0.502181 0.482454 0.503202 0.504181 9
1.3488957189795 0.480441 0.5012 0.502181 0.482441 0.5032 0.504181 9
1.3470108064374 0.480427 0.501198 0.502181 0.482427 0.503198 0.504181 9
1.3451295415611 0.480414 0.501196 0.502181 0.482414 0.503196 0.504181 9
1.3432519131693 0.480402 0.501194 0.502181 0.482402 0.503194 0.504181 9
1.3413779101274 0.480389 0.501194 0.502181 0.482389 0.503194 0.504181 9
1.3395075213476 0.480378 0.501192 0.502181 0.482378 0.503192 0.504181 9
1.3376407357884 0.480364 0.501191 0.502181 0.482364 0.503191 0.504181 9
1.3357775424546 0.480353 0.501189 0.502181 0.482353 0.503189 0.504181 9
1.3339179303966 0.480339 0.501187 0.502181 0.482339 0.503187 0.504181 9
1.3320618887107 0.480328 0.501185 0.502181 0.482328 0.503185 0.504181 9
1.3302094065385 0.480315 0.501183 0.502181 0.482315 0.503183 0.504181 9
1.3283604730669 0.480303 0.501181 0.502181 0.482303 0.503181 0.504181 9
1.3265150775276 0.48029 0.501179 0.502181 0.48229 0.503179 0.504181 9
1.3246731555682 0.480277 0.501177 0.502181 0.482277 0.503177 0.504181 9
1.322830671881 0.480263 0.501175 0.502181 0.482263 0.503175 0.504181 9
1.3209917052377 0.48025 0.501173 0.502181 0.48225 0.503173 0.504181 9
1.3191562450075 0.480236 0.501173 0.502182 0.482236 0.503173 0.504182 9
1.3173242806037 0.480225 0.501172 0.502182 0.482225 0.503172 0.504182 9
1.315495801483 0.480212 0.50117 0.502182 0.482212 0.50317 0.504182 9
1.3136707971458 0.4802 0.50117 0.502182 0.4822 0.50317 0.504182 9
1.3118492571358 0.480189 0.501168 0.502182 0.482189 0.503168 0.504182 9
1.3100311710395 0.480175 0.501168 0.502184 0.482175 0.503168 0.504184 9
1.3082165284865 0.480164 0.501166 0.502184 0.482164 0.503166 0.504184 9
1.3064053191487 0.480151 0.501164 0.502184 0.482151 0.503164 0.504184 9
1.3045975327407 0.480139 0.501162 0.502184 0.482139 0.503162 0.504184 9
1.3027931590189 0.480128 0.50116 0.502184 0.482128 0.50316 0.504184 9
1.3009921877818 0.480114 0.501158 0.502186 0.482114 0.503158 0.504186 9
1.299194707963 0.480103 0.501156 0.502186 0.482103 0.503156 0.504186 9
1.2974004121541 0.48009 0.501154 0.502186 0.48209 0.503154 0.504186 9
1.2956095875879 0.480076 0.501152 0.502188 0.482076 0.503152 0.504188 9
1.2938221251054 0.480063 0.501151 0.502188 0.482063 0.503151 0.504188 9
1.2920363145865 0.480051 0.501151 0.502188 0.482051 0.503151 0.504188 9
1.2902514086595 0.480038 0.501149 0.50219 0.482038 0.503149 0.50419 9
1.2884698459229 0.480025 0.501149 0.502192 0.482025 0.503149 0.504192 9
1.2866916164643 0.480013 0.501149 0.502192 0.482013 0.503149 0.504192 9
1.2849167104117 0.480002 0.501149 0.502192 0.482002 0.503149 0.504192 9
1.2831451179328 0.47999 0.501149 0.502194 0.48199 0.503149 0.504194 9
1.2813768292352 0.479981 0.501147 0.502192 0.481981 0.503147 0.504192 9
1.2796118345661 0.479968 0.501145 0.502192 0.481968 0.503145 0.504192 9
1.2778501242122 0.479956 0.501143 0.502194 0.481956 0.503143 0.504194 9
1.276091688499 0.479945 0.501141 0.502194 0.481945 0.503141 0.504194 9
1.2743365177914 0.479931 0.501141 0.502196 0.481931 0.503141 0.504196 9
1.2725846024928 0.479922 0.501139 0.502196 0.481922 0.503139 0.504196 9
1.2708359330452 0.479908 0.501139 0.502196 0.481908 0.503139 0.504196 9
1.269090499929 0.479897 0.501137 0.502196 0.481897 0.503137 0.504196 9
1.2673482936628 0.479886 0.501133 0.502198 0.481886 0.503133 0.504198 9
1.2656093048032 0.479872 0.501133 0.5022 0.481872 0.503133 0.5042 9
1.2638735239446 0.479861 0.501133 0.5022 0.481861 0.503133 0.5042 9
1.2621409417188 0.479849 0.501131 0.5022 0.481849 0.503131 0.5042 9
1.2604094614521 0.479838 0.501131 0.502201 0.481838 0.503131 0.504201 9
1.2586791022481 0.479826 0.501131 0.502201 0.481826 0.503131 0.504201 9
1.2569519245826 0.479817 0.50113 0.502201 0.481817 0.50313 0.504201 9
1.2552279191991 0.479805 0.501128 0.502201 0.481805 0.503128 0.504201 9
1.2535070768777 0.479794 0.501126 0.502203 0.481794 0.503126 0.504203 9
1.2517893884352 0.479783 0.501126 0.502203 0.481783 0.503126 0.504203 9
1.2500748447246 0.479771 0.501124 0.502205 0.481771 0.503124 0.504205 9
1.2483634366356 0.479762 0.501122 0.502205 0.481762 0.503122 0.504205 9
1.2466551550936 0.47975 0.501122 0.502207 0.48175 0.503122 0.504207 9
1.2449499910602 0.479741 0.50112 0.502207 0.481741 0.50312 0.504207 9
1.2432479355326 0.479729 0.501118 0.502207 0.481729 0.503118 0.504207 9
1.2415489795434 0.47972 0.501116 0.502207 0.48172 0.503116 0.504207 9
1.2398531141609 0.479708 0.501114 0.502207 0.481708 0.503114 0.504207 9
1.2381603304882 0.479697 0.501112 0.502209 0.481697 0.503112 0.504209 9
1.2364706196638 0.479687 0.50111 0.502209 0.481687 0.50311 0.504209 9
1.2347839728608 0.479676 0.501109 0.502209 0.481676 0.503109 0.504209 9
1.2331003812871 0.479664 0.501109 0.502211 0.481664 0.503109 0.504211 9
1.2314198361849 0.479655 0.501107 0.502213 0.481655 0.503107 0.504213 9
1.229741134059 0.479645 0.501107 0.502213 0.481645 0.503107 0.504213 9
1.2280624982211 0.479636 0.501105 0.502213 0.481636 0.503105 0.504213 9
1.226386893412 0.479626 0.501103 0.502213 0.481626 0.503103 0.504213 9
1.2247143109743 0.479618 0.501103 0.502213 0.481618 0.503103 0.504213 9
1.2230447422846 0.479609 0.501101 0.502215 0.481609 0.503101 0.504215 9
1.2213781787528 0.479601 0.501099 0.502213 0.481601 0.503099 0.504213 9
1.2197146118225 0.479592 0.501095 0.502213 0.481592 0.503095 0.504213 9
1.2180540329707 0.479582 0.501093 0.502213 0.481582 0.503093 0.504213 9
1.2163964337072 0.479573 0.50109 0.502213 0.481573 0.50309 0.504213 9
1.214741805575 0.479563 0.501088 0.502213 0.481563 0.503088 0.504213 9
1.21309014015 0.479556 0.501086 0.502213 0.481556 0.503086 0.504213 9
1.2114414290405 0.479546 0.501084 0.502213 0.481546 0.503084 0.504213 9
1.2097956638876 0.479536 0.501084 0.502213 0.481536 0.503084 0.504213 9
1.2081528363644 0.479527 0.501084 0.502213 0.481527 0.503084 0.504213 9
1.2065129381764 0.479517 0.501082 0.502211 0.481517 0.503082 0.504211 9
1.2048759610611 0.47951 0.50108 0.502209 0.48151 0.50308 0.504209 9
1.2032418967877 0.4795 0.50108 0.502209 0.4815 0.50308 0.504209 9
1.2016107371574 0.479491 0.50108 0.502207 0.481491 0.50308 0.504207 9
1.1999826349479 0.479483 0.50108 0.502205 0.481483 0.50308 0.504205 9
1.1983539275047 0.479474 0.501078 0.502203 0.481474 0.503078 0.504203 9
1.19672727211 0.479466 0.501078 0.502201 0.481466 0.503078 0.504201 9
1.1951034993016 0.479456 0.501078 0.5022 0.481456 0.503078 0.5042 9
1.1934826010181 0.479449 0.501076 0.502198 0.481449 0.503076 0.504198 9
1.191864569213 0.479439 0.501076 0.502196 0.481439 0.503076 0.504196 9
1.1902493958705 0.479432 0.501076 0.502194 0.481432 0.503076 0.504194 9
1.1886370730057 0.479422 0.501076 0.502192 0.481422 0.503076 0.504192 9
1.1870275926638 0.479412 0.501076 0.50219 0.481412 0.503076 0.50419 9
1.1854209469207 0.479405 0.501076 0.502186 0.481405 0.503076 0.504186 9
1.1838171278823 0.479395 0.501076 0.502184 0.481395 0.503076 0.504184 9
1.1822161276845 0.479386 0.501074 0.502182 0.481386 0.503074 0.504182 9
1.1806179384934 0.479376 0.501074 0.502181 0.481376 0.503074 0.504181 9
1.1790225525045 0.479367 0.501074 0.502179 0.481367 0.503074 0.504179 9
1.1774299619431 0.479357 0.501074 0.502177 0.481357 0.503074 0.504177 9
1.175840159064 0.479348 0.501074 0.502173 0.481348 0.503074 0.504173 9
1.1742531361512 0.479336 0.501072 0.502171 0.481336 0.503072 0.504171 9
1.1726688855181 0.479327 0.501074 0.502169 0.481327 0.503074 0.504169 9
1.1710873995068 0.479317 0.501072 0.502167 0.481317 0.503072 0.504167 9
1.1695086704887 0.479306 0.501074 0.502165 0.481306 0.503074 0.504165 9
1.1679288455783 0.479296 0.501072 0.502163 0.481296 0.503072 0.504163 9
1.1663514409694 0.479287 0.501074 0.50216 0.481287 0.503074 0.50416 9
1.1647767809105 0.479277 0.501074 0.502156 0.481277 0.503074 0.504156 9
1.1632048578537 0.479268 0.501074 0.502152 0.481268 0.503074 0.504152 9
1.1616356642794 0.479258 0.501072 0.502148 0.481258 0.503072 0.504148 9
1.1600691926961 0.479247 0.50107 0.502146 0.481247 0.50307 0.504146 9
1.1585054356406 0.479235 0.501069 0.502144 0.481235 0.503069 0.504144 9
1.1569443856777 0.479224 0.501069 0.502142 0.481224 0.503069 0.504142 9
1.1553860353997 0.479212 0.50107 0.502139 0.481212 0.50307 0.504139 9
1.1538303774269 0.479203 0.50107 0.502135 0.481203 0.50307 0.504135 9
1.152277404407 0.479191 0.501069 0.502131 0.481191 0.503069 0.504131 9
1.1507271090154 0.479178 0.501069 0.502131 0.481178 0.503069 0.504131 9
1.1491794839545 0.479168 0.50107 0.502127 0.481168 0.50307 0.504127 9
1.1476345219541 0.479155 0.50107 0.502125 0.481155 0.50307 0.504125 9
1.1460922157708 0.479145 0.50107 0.502121 0.481145 0.50307 0.504121 9
1.1445525581884 0.479134 0.50107 0.502119 0.481134 0.50307 0.504119 9
1.1430155420174 0.479123 0.50107 0.502116 0.481123 0.50307 0.504116 9
1.1414811600948 0.479111 0.50107 0.502114 0.481111 0.50307 0.504114 9
1.1399494052845 0.479102 0.50107 0.50211 0.481102 0.50307 0.50411 9
1.1384170721205 0.47909 0.501069 0.502108 0.48109 0.503069 0.504108 9
1.1368863749184 0.479077 0.501069 0.502106 0.481077 0.503069 0.504106 9
1.1353582936909 0.479065 0.501069 0.502104 0.481065 0.503069 0.504104 9
1.1338328213744 0.479054 0.501069 0.502102 0.481054 0.503069 0.504102 9
1.1323099509312 0.479044 0.501069 0.502098 0.481044 0.503069 0.504098 9
1.1307896753495 0.479031 0.501067 0.502097 0.481031 0.503067 0.504097 9
1.1292719876434 0.47902 0.501067 0.502095 0.48102 0.503067 0.504095 9
1.1277568808527 0.479008 0.501067 0.502091 0.481008 0.503067 0.504091 9
1.1262443480426 0.478997 0.501067 0.502089 0.480997 0.503067 0.504089 9
1.1247343823041 0.478983 0.501067 0.502087 0.480983 0.503067 0.504087 9
1.1232269767532 0.478972 0.501067 0.502085 0.480972 0.503067 0.504085 9
1.1217221245313 0.47896 0.501065 0.502081 0.48096 0.503065 0.504081 9
1.120219818805 0.478949 0.501065 0.502079 0.480949 0.503065 0.504079 9
1.1187200527656 0.478938 0.501065 0.502078 0.480938 0.503065 0.504078 9
1.1172228196295 0.478926 0.501063 0.502074 0.480926 0.503063 0.504074 9
1.1157281126378 0.478913 0.501063 0.502072 0.480913 0.503063 0.504072 9
1.1142359250562 0.478901 0.501063 0.50207 0.480901 0.503063 0.50407 9
1.1127462501751 0.478888 0.501063 0.502068 0.480888 0.503063 0.504068 9
1.111259081309 0.478877 0.501063 0.502066 0.480877 0.503063 0.504066 9
1.1097731995471 0.478865 0.501061 0.502062 0.480865 0.503061 0.504062 9
1.108286836547 0.478852 0.501061 0.50206 0.480852 0.503061 0.50406 9
1.1068029696185 0.47884 0.501061 0.502058 0.48084 0.503061 0.504058 9
1.1053215921416 0.478827 0.501061 0.502057 0.480827 0.503061 0.504057 9
1.1038426975202 0.478814 0.501061 0.502055 0.480814 0.503061 0.504055 9
1.102366279182 0.478804 0.501059 0.502051 0.480804 0.503059 0.504051 9
1.1008923305784 0.478791 0.501059 0.502049 0.480791 0.503059 0.504049 9
1.0994209343228 0.478779 0.501059 0.502047 0.480779 0.503059 0.504047 9
1.0979518164907 0.478766 0.501059 0.502045 0.480766 0.503059 0.504045 9
1.0964852380451 0.478754 0.501059 0.502043 0.480754 0.503059 0.504043 9
1.0950211033669 0.478741 0.501059 0.502041 0.480741 0.503059 0.504041 9
1.0935594060336 0.478732 0.501059 0.502037 0.480732 0.503059 0.504037 9
1.092100139637 0.478718 0.501059 0.502036 0.480718 0.503059 0.504036 9
1.090643297792 0.478707 0.501059 0.502034 0.480707 0.503059 0.504034 9
1.0891888741365 0.478695 0.501057 0.50203 0.480695 0.503057 0.50403 9
1.0877368623308 0.478684 0.501059 0.502028 0.480684 0.503059 0.504028 9
1.0862872560584 0.478671 0.501059 0.502026 0.480671 0.503059 0.504026 9
1.0848400490251 0.478659 0.501059 0.502024 0.480659 0.503059 0.504024 9
1.0833952349593 0.478648 0.501057 0.50202 0.480648 0.503057 0.50402 9
1.0819528076117 0.478636 0.501057 0.502018 0.480636 0.503057 0.504018 9
1.0805106941479 0.478623 0.501055 0.502015 0.480623 0.503055 0.504015 9
1.0790688320624 0.478611 0.501055 0.502013 0.480611 0.503055 0.504013 9
1.077629347882 0.478598 0.501055 0.502009 0.480598 0.503055 0.504009 9
1.0761922354159 0.478587 0.501055 0.502007 0.480587 0.503055 0.504007 9
1.074757488495 0.478573 0.501055 0.502003 0.480573 0.503055 0.504003 9
1.0733251009724 0.478562 0.501055 0.502001 0.480562 0.503055 0.504001 9
1.0718950667229 0.478548 0.501055 0.501999 0.480548 0.503055 0.503999 9
1.0704673796431 0.478537 0.501055 0.501997 0.480537 0.503055 0.503997 9
1.0690420336511 0.478524 0.501057 0.501995 0.480524 0.503057 0.503995 9
1.0676190226866 0.478512 0.501055 0.501992 0.480512 0.503055 0.503992 9
1.0661983407107 0.478501 0.501055 0.50199 0.480501 0.503055 0.50399 9
1.064779981706 0.478489 0.501055 0.501988 0.480489 0.503055 0.503988 9
1.0633639396759 0.478476 0.501055 0.501984 0.480476 0.503055 0.503984 9
1.0619502086455 0.478465 0.501055 0.501982 0.480465 0.503055 0.503982 9
1.0605387826605 0.478451 0.501055 0.50198 0.480451 0.503055 0.50398 9
1.0591296557879 0.47844 0.501055 0.501978 0.48044 0.503055 0.503978 9
1.0577228221152 0.478426 0.501053 0.501975 0.480426 0.503053 0.503975 9
1.0563182757509 0.478415 0.501053 0.501973 0.480415 0.503053 0.503973 9
1.0549160108242 0.478402 0.501053 0.501971 0.480402 0.503053 0.503971 9
1.0535160214848 0.47839 0.501053 0.501969 0.48039 0.503053 0.503969 9
1.0521167395202 0.478379 0.501055 0.501967 0.480379 0.503055 0.503967 9
1.0507170886572 0.478365 0.501055 0.501965 0.480365 0.503055 0.503965 9
1.0493197056002 0.478354 0.501055 0.501963 0.480354 0.503055 0.503963 9
1.0479245845508 0.478342 0.501055 0.501961 0.480342 0.503055 0.503961 9
1.0465317197313 0.478331 0.501053 0.501957 0.480331 0.503053 0.503957 9
1.0451411053838 0.47832 0.501053 0.501955 0.48032 0.503053 0.503955 9
1.0437527357707 0.478306 0.501053 0.501954 0.480306 0.503053 0.503954 9
1.0423666051743 0.478295 0.501053 0.501952 0.480295 0.503053 0.503952 9
1.0409827078968 0.478283 0.501053 0.50195 0.480283 0.503053 0.50395 9
1.0396010382601 0.47827 0.501053 0.501948 0.48027 0.503053 0.503948 9
1.038221590606 0.478259 0.501051 0.501944 0.480259 0.503051 0.503944 9
1.0368443592958 0.478247 0.501051 0.501944 0.480247 0.503051 0.503944 9
1.0354693387104 0.478234 0.501049 0.50194 0.480234 0.503049 0.50394 9
1.03409652325 0.478222 0.501049 0.501938 0.480222 0.503049 0.503938 9
1.0327259073344 0.478211 0.501049 0.501936 0.480211 0.503049 0.503936 9
1.0313574854026 0.478199 0.501049 0.501934 0.480199 0.503049 0.503934 9
1.0299912519127 0.478188 0.501049 0.501933 0.480188 0.503049 0.503933 9
1.0286272013419 0.478175 0.501049 0.501931 0.480175 0.503049 0.503931 9
1.0272653281868 0.478165 0.501049 0.501931 0.480165 0.503049 0.503931 9
1.0259056269624 0.478154 0.501049 0.501929 0.480154 0.503049 0.503929 9
1.024548092203 0.478142 0.501048 0.501925 0.480142 0.503048 0.503925 9
1.0231888303845 0.478131 0.501048 0.501923 0.480131 0.503048 0.503923 9
1.0218314185409 0.478119 0.501046 0.501921 0.480119 0.503046 0.503921 9
1.0204761663521 0.478108 0.501048 0.501921 0.480108 0.503048 0.503921 9
1.0191230683987 0.478096 0.501046 0.501919 0.480096 0.503046 0.503919 9
1.0177721192797 0.478085 0.501046 0.501917 0.480085 0.503046 0.503917 9
1.0164233136128 0.478072 0.501046 0.501915 0.480072 0.503046 0.503915 9
1.0150766460341 0.47806 0.501044 0.501913 0.48006 0.503044 0.503913 9
1.0137321111979 0.478049 0.501044 0.501912 0.480049 0.503044 0.503912 9
1.0123897037767 0.478037 0.501044 0.50191 0.480037 0.503044 0.50391 9
1.0110494184614 0.478026 0.501044 0.501908 0.480026 0.503044 0.503908 9
1.0097112499608 0.478014 0.501042 0.501906 0.480014 0.503042 0.503906 9
1.0083751930018 0.478003 0.501042 0.501904 0.480003 0.503042 0.503904 9
1.0070412423292 0.477992 0.501042 0.501904 0.479992 0.503042 0.503904 9
1.0057093927056 0.47798 0.50104 0.5019 0.47998 0.50304 0.5039 9
1.0043796389116 0.477969 0.50104 0.5019 0.479969 0.50304 0.5039 9
1.0030519757451 0.477957 0.50104 0.501898 0.479957 0.50304 0.503898 9
1.0017263980221 0.477946 0.501038 0.501896 0.479946 0.503038 0.503896 9
1.0004029005759 0.477932 0.501038 0.501894 0.479932 0.503038 0.503894 9
0.99908151849774 0.477921 0.501038 0.501892 0.479921 0.503038 0.503892 9
0.9977621259302 0.477909 0.501036 0.501891 0.479909 0.503036 0.503891 9
0.9964442066201 0.477898 0.501036 0.501891 0.479898 0.503036 0.503891 9
0.99512477505904 0.477887 0.501036 0.501889 0.479887 0.503036 0.503889 9
0.99380740754435 0.477875 0.501036 0.501889 0.479875 0.503036 0.503889 9
0.99249209898576 0.477864 0.501034 0.501887 0.479864 0.503034 0.503887 9
0.99117884431012 0.477852 0.501032 0.501885 0.479852 0.503032 0.503885 9
0.98986763846134 0.477841 0.501032 0.501883 0.479841 0.503032 0.503883 9
0.98855847640033 0.477829 0.501032 0.501883 0.479829 0.503032 0.503883 9
0.9872513531049 0.477818 0.50103 0.501881 0.479818 0.50303 0.503881 9
0.98594626356973 0.477806 0.501028 0.501879 0.479806 0.503028 0.503879 9
0.98464320280626 0.477795 0.501028 0.501877 0.479795 0.503028 0.503877 9
0.98334216584263 0.477784 0.501028 0.501877 0.479784 0.503028 0.503877 9
0.98204314772362 0.477772 0.501027 0.501875 0.479772 0.503027 0.503875 9
0.98074614351057 0.477759 0.501027 0.501873 0.479759 0.503027 0.503873 9
0.9794511482813 0.477747 0.501025 0.501873 0.479747 0.503025 0.503873 9
0.97815815713007 0.477736 0.501023 0.501872 0.479736 0.503023 0.503872 9
0.97686716516747 0.477724 0.501023 0.501872 0.479724 0.503023 0.503872 9
0.97557816752041 0.477713 0.501023 0.50187 0.479713 0.503023 0.50387 9
0.97429115933197 0.477702 0.501021 0.50187 0.479702 0.503021 0.50387 9
0.9730061357614 0.47769 0.501019 0.501868 0.47969 0.503019 0.503868 9
0.97172309198403 0.477679 0.501019 0.501868 0.479679 0.503019 0.503868 9
0.9704420231912 0.477667 0.501017 0.501866 0.479667 0.503017 0.503866 9
0.96916273567839 0.477656 0.501017 0.501866 0.479656 0.503017 0.503866 9
0.96788139562448 0.477646 0.501015 0.501866 0.479646 0.503015 0.503866 9
0.96660202541673 0.477635 0.501013 0.501866 0.479635 0.503013 0.503866 9
0.96532462028342 0.477623 0.501013 0.501866 0.479623 0.503013 0.503866 9
0.96404917546858 0.477612 0.501011 0.501864 0.479612 0.503011 0.503864 9
0.96277568623195 0.477602 0.501009 0.501864 0.479602 0.503009 0.503864 9
0.96150414784893 0.477591 0.501007 0.501862 0.479591 0.503007 0.503862 9
0.96023455561049 0.477581 0.501007 0.501862 0.479581 0.503007 0.503862 9
0.95896690482309 0.47757 0.501007 0.501862 0.47957 0.503007 0.503862 9
0.95770119080867 0.477559 0.501006 0.50186 0.479559 0.503006 0.50386 9
0.95643740890455 0.477549 0.501006 0.50186 0.479549 0.503006 0.50386 9
0.95517555446334 0.477539 0.501006 0.50186 0.479539 0.503006 0.50386 9
0.95391562285293 0.47753 0.501004 0.501858 0.47953 0.503004 0.503858 9
0.95265760945641 0.477518 0.501004 0.501856 0.479518 0.503004 0.503856 9
0.95140150967197 0.477509 0.501002 0.501854 0.479509 0.503002 0.503854 9
0.9501473189129 0.477498 0.501002 0.501854 0.479498 0.503002 0.503854 9
0.94889503260746 0.477488 0.501002 0.501852 0.479488 0.503002 0.503852 9
0.94764464619888 0.477478 0.501002 0.501852 0.479478 0.503002 0.503852 9
0.94639615514525 0.477467 0.501 0.501851 0.479467 0.503 0.503851 9
0.94514955491949 0.477456 0.501 0.501849 0.479456 0.503 0.503849 9
0.94390484100927 0.477446 0.501 0.501849 0.479446 0.503 0.503849 9
0.94266200891696 0.477435 0.501 0.501847 0.479435 0.503 0.503847 9
0.94141849658816 0.477425 0.500998 0.501845 0.479425 0.502998 0.503845 9
0.94017521181351 0.477414 0.500998 0.501843 0.479414 0.502998 0.503843 9
0.93893380447803 0.477402 0.500998 0.501843 0.479402 0.502998 0.503843 9
0.93769427011677 0.477391 0.500998 0.501841 0.479391 0.502998 0.503841 9
0.93645660427928 0.477381 0.500998 0.501839 0.479381 0.502998 0.503839 9
0.9352208025295 0.47737 0.500998 0.501839 0.47937 0.502998 0.503839 9
0.93398686044578 0.47736 0.500996 0.501837 0.47936 0.502996 0.503837 9
0.93275477362076 0.477349 0.500996 0.501835 0.479349 0.502996 0.503835 9
0.93152453766132 0.477337 0.500996 0.501833 0.479337 0.502996 0.503833 9
0.93029614818856 0.477328 0.500994 0.501831 0.479328 0.502994 0.503831 9
0.92906960083771 0.477316 0.500994 0.50183 0.479316 0.502994 0.50383 9
0.92784489125805 0.477305 0.500994 0.50183 0.479305 0.502994 0.50383 9
0.92662201511292 0.477293 0.500992 0.501828 0.479293 0.502992 0.503828 9
0.92540096807959 0.477282 0.500992 0.501826 0.479282 0.502992 0.503826 9
0.92418174584926 0.477271 0.500992 0.501824 0.479271 0.502992 0.503824 9
0.92296434412696 0.477259 0.500992 0.501822 0.479259 0.502992 0.503822 9
0.92174875863152 0.47725 0.50099 0.50182 0.47925 0.50299 0.50382 9
0.92053498509551 0.477238 0.50099 0.50182 0.479238 0.50299 0.50382 9
0.91932301926518 0.477227 0.50099 0.501818 0.479227 0.50299 0.503818 9
0.91811285690041 0.477217 0.50099 0.501816 0.479217 0.50299 0.503816 9
0.91690449377463 0.477206 0.50099 0.501814 0.479206 0.50299 0.503814 9
0.9156979256748 0.477194 0.500988 0.50181 0.479194 0.502988 0.50381 9
0.9144896282413 0.477185 0.500988 0.50181 0.479185 0.502988 0.50381 9
0.91328243646098 0.477173 0.500988 0.501809 0.479173 0.502988 0.503809 9
0.91207703601992 0.47716 0.500988 0.501805 0.47916 0.502988 0.503805 9
0.91087342273397 0.477148 0.500988 0.501803 0.479148 0.502988 0.503803 9
0.9096715924323 0.477139 0.500987 0.501801 0.479139 0.502987 0.503801 9
0.90847154095737 0.477127 0.500987 0.501799 0.479127 0.502987 0.503799 9
0.90727326416487 0.477116 0.500987 0.501797 0.479116 0.502987 0.503797 9
0.90607675792363 0.477105 0.500987 0.501795 0.479105 0.502987 0.503795 9
0.90488201811565 0.477093 0.500985 0.501791 0.479093 0.502985 0.503791 9
0.90368904063594 0.477082 0.500985 0.501789 0.479082 0.502985 0.503789 9
0.90249782139256 0.47707 0.500985 0.501788 0.47907 0.502985 0.503788 9
0.90130835630651 0.477057 0.500987 0.501786 0.479057 0.502987 0.503786 9
0.90012064131172 0.477045 0.500987 0.501784 0.479045 0.502987 0.503784 9
0.89893468440346 0.477034 0.500987 0.501782 0.479034 0.502987 0.503782 9
0.89775044539458 0.477024 0.500985 0.50178 0.479024 0.502985 0.50378 9
0.89656795640655 0.477013 0.500985 0.501778 0.479013 0.502985 0.503778 9
0.89538720137229 0.477002 0.500985 0.501776 0.479002 0.502985 0.503776 9
0.8942081762907 0.476988 0.500985 0.501772 0.478988 0.502985 0.503772 9
0.89303087717205 0.476977 0.500985 0.50177 0.478977 0.502985 0.50377 9
0.89185530003919 0.476965 0.500985 0.501769 0.478965 0.502985 0.503769 9
0.89068144092746 0.476954 0.500985 0.501767 0.478954 0.502985 0.503767 9
0.88950929588466 0.476942 0.500985 0.501765 0.478942 0.502985 0.503765 9
0.88833578955581 0.476931 0.500985 0.501763 0.478931 0.502985 0.503763 9
0.88716285934814 0.476918 0.500985 0.501759 0.478918 0.502985 0.503759 9
0.88599164015424 0.476906 0.500985 0.501757 0.478906 0.502985 0.503757 9
0.88482212804739 0.476895 0.500985 0.501755 0.478895 0.502985 0.503755 9
0.8836543191132 0.476881 0.500985 0.501753 0.478881 0.502985 0.503753 9
0.88248820944948 0.47687 0.500985 0.501751 0.47887 0.502985 0.503751 9
0.88132379516627 0.476859 0.500985 0.501749 0.478859 0.502985 0.503749 9
0.88016107238572 0.476847 0.500985 0.501748 0.478847 0.502985 0.503748 9
0.87900003724211 0.476836 0.500985 0.501746 0.478836 0.502985 0.503746 9
0.87784068588174 0.476822 0.500985 0.501744 0.478822 0.502985 0.503744 9
0.87668301446293 0.476811 0.500985 0.501742 0.478811 0.502985 0.503742 9
0.87552701915594 0.476799 0.500985 0.50174 0.478799 0.502985 0.50374 9
0.87437269614295 0.476788 0.500985 0.501738 0.478788 0.502985 0.503738 9
0.87322004161799 0.476775 0.500987 0.501736 0.478775 0.502987 0.503736 9
0.8720690517869 0.476761 0.500987 0.501732 0.478761 0.502987 0.503732 9
0.87091972286729 0.47675 0.500987 0.50173 0.47875 0.502987 0.50373 9
0.8697720510885 0.476738 0.500987 0.501728 0.478738 0.502987 0.503728 9
0.86862603269153 0.476727 0.500987 0.501727 0.478727 0.502987 0.503727 9
0.86748166392902 0.476714 0.500987 0.501725 0.478714 0.502987 0.503725 9
0.86633894106518 0.476702 0.500987 0.501723 0.478702 0.502987 0.503723 9
0.86519786037577 0.476689 0.500988 0.501721 0.478689 0.502988 0.503721 9
0.86405841814804 0.476677 0.500988 0.501719 0.478677 0.502988 0.503719 9
0.86291940513262 0.476666 0.500988 0.501717 0.478666 0.502988 0.503717 9
0.86177902495785 0.476653 0.500988 0.501715 0.478653 0.502988 0.503715 9
0.86064028076686 0.476639 0.500988 0.501711 0.478639 0.502988 0.503711 9
0.85950316886936 0.476626 0.500988 0.501709 0.478626 0.502988 0.503709 9
0.85836768558644 0.476614 0.500988 0.501709 0.478614 0.502988 0.503709 9
0.85723382725048 0.476601 0.500988 0.501707 0.478601 0.502988 0.503707 9
0.85610159020512 0.476588 0.500988 0.501707 0.478588 0.502988 0.503707 9
0.85497097080521 0.476574 0.500988 0.501706 0.478574 0.502988 0.503706 9
0.8538419654168 0.476563 0.500987 0.501704 0.478563 0.502987 0.503704 9
0.85271457041704 0.47655 0.500987 0.501704 0.47855 0.502987 0.503704 9
0.85158878219418 0.476538 0.500987 0.501704 0.478538 0.502987 0.503704 9
0.85046459714752 0.476525 0.500987 0.501702 0.478525 0.502987 0.503702 9
0.84934201168735 0.476513 0.500987 0.501702 0.478513 0.502987 0.503702 9
0.84822102223493 0.476502 0.500985 0.5017 0.478502 0.502985 0.5037 9
0.84710162522243 0.47649 0.500987 0.5017 0.47849 0.502987 0.5037 9
0.84598381709289 0.476479 0.500987 0.5017 0.478479 0.502987 0.5037 9
0.8448675943002 0.476468 0.500985 0.501698 0.478468 0.502985 0.503698 9
0.84375295330902 0.476456 0.500987 0.501698 0.478456 0.502987 0.503698 9
0.84263989059476 0.476445 0.500987 0.501696 0.478445 0.502987 0.503696 9
0.84152840264356 0.476433 0.500987 0.501696 0.478433 0.502987 0.503696 9
0.84041848595221 0.476422 0.500987 0.501696 0.478422 0.502987 0.503696 9
0.83931013702812 0.47641 0.500987 0.501694 0.47841 0.502987 0.503694 9
0.83820335238929 0.476399 0.500988 0.501694 0.478399 0.502988 0.503694 9
0.83709600416889 0.476387 0.500988 0.501692 0.478387 0.502988 0.503692 9
0.83598813831031 0.476376 0.500988 0.501692 0.478376 0.502988 0.503692 9
0.83488183479676 0.476365 0.50099 0.501692 0.478365 0.50299 0.503692 9
0.83377709016593 0.476353 0.50099 0.50169 0.478353 0.50299 0.50369 9
0.83267390096595 0.476344 0.50099 0.50169 0.478344 0.50299 0.50369 9
0.83157226375539 0.476332 0.50099 0.501688 0.478332 0.50299 0.503688 9
0.83047217510318 0.476323 0.50099 0.501688 0.478323 0.50299 0.503688 9
0.8293736315886 0.476311 0.500992 0.501688 0.478311 0.502992 0.503688 9
0.82827662980123 0.4763 0.500992 0.501687 0.4783 0.502992 0.503687 9
0.8271811663409 0.47629 0.500994 0.501687 0.47829 0.502994 0.503687 9
0.82608723781768 0.476279 0.500994 0.501685 0.478279 0.502994 0.503685 9
0.8249948408518 0.476269 0.500996 0.501685 0.478269 0.502996 0.503685 9
0.82390397207365 0.476258 0.500996 0.501683 0.478258 0.502996 0.503683 9
0.82281462812372 0.476246 0.500996 0.501681 0.478246 0.502996 0.503681 9
0.82172680565256 0.476237 0.500998 0.501681 0.478237 0.502998 0.503681 9
0.82064050132076 0.476225 0.500998 0.501679 0.478225 0.502998 0.503679 9
0.8195557117989 0.476216 0.500998 0.501679 0.478216 0.502998 0.503679 9
0.8184724337675 0.476204 0.501 0.501677 0.478204 0.503 0.503677 9
0.81739066391701 0.476195 0.501 0.501677 0.478195 0.503 0.503677 9
0.81631039894775 0.476183 0.501 0.501675 0.478183 0.503 0.503675 9
0.81523163556988 0.476174 0.501 0.501673 0.478174 0.503 0.503673 9
0.81415437050337 0.476162 0.501002 0.501673 0.478162 0.503002 0.503673 9
0.81307860047795 0.476153 0.501002 0.501671 0.478153 0.503002 0.503671 9
0.81200270496933 0.476143 0.501002 0.501671 0.478143 0.503002 0.503671 9
0.81092571834222 0.476132 0.501002 0.501669 0.478132 0.503002 0.503669 9
0.80985022530637 0.476122 0.501002 0.501667 0.478122 0.503002 0.503667 9
0.80877622260871 0.476113 0.501002 0.501667 0.478113 0.503002 0.503667 9
0.80770370700579 0.476101 0.501004 0.501666 0.478101 0.503004 0.503666 9
0.80663267526382 0.476092 0.501004 0.501666 0.478092 0.503004 0.503666 9
0.80556312415854 0.476082 0.501004 0.501664 0.478082 0.503004 0.503664 9
0.80449505047529 0.476073 0.501004 0.501662 0.478073 0.503004 0.503662 9
0.80342845100889 0.476061 0.501004 0.501658 0.478061 0.503004 0.503658 9
0.80236332256364 0.476052 0.501004 0.501656 0.478052 0.503004 0.503656 9
0.80129966195328 0.47604 0.501004 0.501652 0.47804 0.503004 0.503652 9
0.80023746600097 0.476031 0.501004 0.50165 0.478031 0.503004 0.50365 9
0.79917675525918 0.476019 0.501004 0.501646 0.478019 0.503004 0.503646 9
0.7981174554075 0.476008 0.501004 0.501645 0.478008 0.503004 0.503645 9
0.79705963446408 0.475996 0.501004 0.501643 0.477996 0.503004 0.503643 9
0.79600326556227 0.475985 0.501004 0.501641 0.477985 0.503004 0.503641 9
0.79494834557409 0.475974 0.501002 0.501639 0.477974 0.503002 0.503639 9
0.79389487137837 0.475962 0.501002 0.501637 0.477962 0.503002 0.503637 9
0.79284283986312 0.475953 0.501 0.501635 0.477953 0.503 0.503635 9
0.79179224792548 0.475941 0.501 0.501633 0.477941 0.503 0.503633 9
0.79074309247167 0.47593 0.501 0.501631 0.47793 0.503 0.503631 9
0.78969537041698 0.475918 0.500998 0.501629 0.477918 0.502998 0.503629 9
0.78864907868571 0.475907 0.500998 0.501627 0.477907 0.502998 0.503627 9
0.78760421421119 0.475895 0.500998 0.501625 0.477895 0.502998 0.503625 9
0.786556894263 0.475886 0.500998 0.501625 0.477886 0.502998 0.503625 9
0.78551068710491 0.475874 0.500996 0.501624 0.477874 0.502996 0.503624 9
0.78446590620768 0.475863 0.500996 0.501622 0.477863 0.502996 0.503622 9
0.78342254851951 0.475851 0.500996 0.50162 0.477851 0.502996 0.50362 9
0.78238061099747 0.475842 0.500994 0.50162 0.477842 0.502994 0.50362 9
0.78134009060753 0.47583 0.500994 0.501618 0.47783 0.502994 0.503618 9
0.78030098432445 0.475819 0.500994 0.501616 0.477819 0.502994 0.503616 9
0.77926328913182 0.47581 0.500994 0.501616 0.47781 0.502994 0.503616 9
0.77822700202198 0.475798 0.500994 0.501614 0.477798 0.502994 0.503614 9
0.77719211999601 0.475789 0.500992 0.501614 0.477789 0.502992 0.503614 9
0.77615864006369 0.475777 0.500992 0.501612 0.477777 0.502992 0.503612 9
0.77512655924346 0.475768 0.500992 0.501612 0.477768 0.502992 0.503612 9
0.77409587456241 0.475756 0.500992 0.50161 0.477756 0.502992 0.50361 9
0.77306658305624 0.475747 0.50099 0.501608 0.477747 0.50299 0.503608 9
0.77203868176919 0.475737 0.50099 0.501608 0.477737 0.50299 0.503608 9
0.7710121677541 0.475727 0.50099 0.501606 0.477727 0.50299 0.503606 9
0.76998703807226 0.475718 0.50099 0.501606 0.477718 0.50299 0.503606 9
0.76896328979349 0.475708 0.50099 0.501604 0.477708 0.50299 0.503604 9
0.76794091999604 0.475699 0.500992 0.501604 0.477699 0.502992 0.503604 9
0.76691992576657 0.475689 0.500992 0.501603 0.477689 0.502992 0.503603 9
0.76590030420014 0.47568 0.500992 0.501599 0.47768 0.502992 0.503599 9
0.76488205240016 0.47567 0.500992 0.501597 0.47767 0.502992 0.503597 9
0.76386516747838 0.475661 0.500992 0.501593 0.477661 0.502992 0.503593 9
0.76284912705281 0.475651 0.500992 0.501591 0.477651 0.502992 0.503591 9
0.76183077818162 0.475642 0.500992 0.501589 0.477642 0.502992 0.503589 9
0.76081379560125 0.475632 0.500992 0.501587 0.477632 0.502992 0.503587 9
0.75979817643632 0.475621 0.500992 0.501585 0.477621 0.502992 0.503585 9
0.75878391781971 0.475611 0.50099 0.501582 0.477611 0.50299 0.503582 9
0.7577710168925 0.4756 0.50099 0.50158 0.4776 0.50299 0.50358 9
0.75675947080396 0.47559 0.50099 0.501578 0.47759 0.50299 0.503578 9
0.75574927671151 0.475579 0.50099 0.501576 0.477579 0.50299 0.503576 9
0.75474043178069 0.475569 0.500988 0.501574 0.477569 0.502988 0.503574 9
0.75373293318514 0.475558 0.500988 0.501572 0.477558 0.502988 0.503572 9
0.75272677810656 0.475546 0.500988 0.50157 0.477546 0.502988 0.50357 9
0.75172196373468 0.475537 0.500988 0.50157 0.477537 0.502988 0.50357 9
0.75071848726723 0.475525 0.500988 0.501568 0.477525 0.502988 0.503568 9
0.74971634590994 0.475516 0.500987 0.501566 0.477516 0.502987 0.503566 9
0.74871553687647 0.475504 0.500987 0.501566 0.477504 0.502987 0.503566 9
0.74771605738841 0.475493 0.500987 0.501564 0.477493 0.502987 0.503564 9
0.74671790467523 0.475483 0.500987 0.501564 0.477483 0.502987 0.503564 9
0.74572107597426 0.475472 0.500987 0.501563 0.477472 0.502987 0.503563 9
0.74472556853069 0.47546 0.500987 0.501563 0.47746 0.502987 0.503563 9
0.74373137959749 0.475451 0.500987 0.501563 0.477451 0.502987 0.503563 9
0.74273850643541 0.475439 0.500987 0.501563 0.477439 0.502987 0.503563 9
0.74174694631298 0.47543 0.500987 0.501561 0.47743 0.502987 0.503561 9
0.74075669650641 0.47542 0.500987 0.501561 0.47742 0.502987 0.503561 9
0.73976775429963 0.475411 0.500987 0.501561 0.477411 0.502987 0.503561 9
0.73878011698425 0.475403 0.500987 0.501559 0.477403 0.502987 0.503559 9
0.73778967333975 0.475394 0.500987 0.501557 0.477394 0.502987 0.503557 9
0.73680046191595 0.475384 0.500987 0.501555 0.477384 0.502987 0.503555 9
0.73581255517721 0.475373 0.500988 0.501553 0.477373 0.502988 0.503553 9
0.73482595042612 0.475363 0.500988 0.501551 0.477363 0.502988 0.503551 9
0.73384064497289 0.475354 0.500988 0.501549 0.477354 0.502988 0.503549 9
0.73285663613528 0.475344 0.500988 0.501547 0.477344 0.502988 0.503547 9
0.73187392123858 0.475333 0.500988 0.501545 0.477333 0.502988 0.503545 9
0.73089249761562 0.475323 0.500987 0.501542 0.477323 0.502987 0.503542 9
0.72991236260669 0.475312 0.500987 0.50154 0.477312 0.502987 0.50354 9
0.72893351355954 0.4753 0.500987 0.501538 0.4773 0.502987 0.503538 9
0.72795594782938 0.475291 0.500987 0.501538 0.477291 0.502987 0.503538 9
0.72697966277879 0.475279 0.500987 0.501536 0.477279 0.502987 0.503536 9
0.72600465577775 0.475268 0.500987 0.501536 0.477268 0.502987 0.503536 9
0.72503092420359 0.475254 0.500988 0.501534 0.477254 0.502988 0.503534 9
0.72405846544098 0.475245 0.500988 0.501534 0.477245 0.502988 0.503534 9
0.72308727688186 0.475235 0.500988 0.501532 0.477235 0.502988 0.503532 9
0.72211735592548 0.475226 0.50099 0.501532 0.477226 0.50299 0.503532 9
0.72114869997831 0.475216 0.50099 0.50153 0.477216 0.50299 0.50353 9
0.72018130645407 0.475209 0.50099 0.501528 0.477209 0.50299 0.503528 9
0.71921517277368 0.475197 0.500992 0.501526 0.477197 0.502992 0.503526 9
0.7182502963652 0.475188 0.50099 0.501522 0.477188 0.50299 0.503522 9
0.71728667466389 0.475178 0.50099 0.501521 0.477178 0.50299 0.503521 9
0.71632430511208 0.475167 0.50099 0.501517 0.477167 0.50299 0.503517 9
0.71536318515924 0.475155 0.50099 0.501515 0.477155 0.50299 0.503515 9
0.71440122817361 0.475144 0.50099 0.501513 0.477144 0.50299 0.503513 9
0.71343842765887 0.475132 0.500992 0.501513 0.477132 0.502992 0.503513 9
0.7124768768803 0.475123 0.500992 0.501511 0.477123 0.502992 0.503511 9
0.71151657329673 0.475113 0.500992 0.501509 0.477113 0.502992 0.503509 9
0.71055751437402 0.475104 0.500994 0.501509 0.477104 0.502994 0.503509 9
0.70959969758505 0.475094 0.500992 0.501505 0.477094 0.502992 0.503505 9
0.70864312040968 0.475085 0.50099 0.501501 0.477085 0.50299 0.503501 9
0.70768778033472 0.475071 0.500992 0.5015 0.477071 0.502992 0.5035 9
0.70673367485393 0.47506 0.500992 0.501498 0.47706 0.502992 0.503498 9
0.70578080146796 0.47505 0.500994 0.501498 0.47705 0.502994 0.503498 9
0.70482915768438 0.475041 0.500992 0.501494 0.477041 0.502992 0.503494 9
0.70387874101757 0.475029 0.500992 0.501492 0.477029 0.502992 0.503492 9
0.70292954898881 0.475018 0.500994 0.50149 0.477018 0.502994 0.50349 9
0.70198157912616 0.475008 0.500992 0.501488 0.477008 0.502992 0.503488 9
0.70103482896447 0.474999 0.500992 0.501486 0.476999 0.502992 0.503486 9
0.70008929604537 0.474987 0.500992 0.501484 0.476987 0.502992 0.503484 9
0.6991449868368 0.474978 0.500992 0.501482 0.476978 0.502992 0.503482 9
0.69820187213426 0.474968 0.500992 0.501481 0.476968 0.502992 0.503481 9
0.6972599762609 0.474957 0.500992 0.501479 0.476957 0.502992 0.503479 9
0.69631928786295 0.474947 0.50099 0.501477 0.476947 0.50299 0.503477 9
0.69537980451642 0.474936 0.50099 0.501473 0.476936 0.50299 0.503473 9
0.69444152380305 0.474926 0.50099 0.501471 0.476926 0.50299 0.503471 9
0.69350444331118 0.474915 0.50099 0.501469 0.476915 0.50299 0.503469 9
0.69256856063575 0.474905 0.50099 0.501467 0.476905 0.50299 0.503467 9
0.69163387337825 0.474894 0.50099 0.501465 0.476894 0.50299 0.503465 9
0.69069756903504 0.474884 0.50099 0.501463 0.476884 0.50299 0.503463 9
0.68976110314225 0.474875 0.500988 0.501461 0.476875 0.502988 0.503461 9
0.68882583311986 0.474865 0.500988 0.50146 0.476865 0.502988 0.50346 9
0.68789175657723 0.474854 0.500988 0.501458 0.476854 0.502988 0.503458 9
0.68695887113024 0.474844 0.500988 0.501456 0.476844 0.502988 0.503456 9
0.68602717440124 0.474833 0.500988 0.501454 0.476833 0.502988 0.503454 9
0.68509666401905 0.474823 0.500988 0.501452 0.476823 0.502988 0.503452 9
0.68416733761893 0.474814 0.500988 0.50145 0.476814 0.502988 0.50345 9
0.68323919284253 0.474802 0.500988 0.501448 0.476802 0.502988 0.503448 9
0.6823122273379 0.474793 0.500987 0.501446 0.476793 0.502987 0.503446 9
0.68138643875949 0.474783 0.500987 0.501444 0.476783 0.502987 0.503444 9
0.68046182476805 0.474772 0.500987 0.501442 0.476772 0.502987 0.503442 9
0.67953838303069 0.474762 0.500987 0.50144 0.476762 0.502987 0.50344 9
0.67861611122082 0.474751 0.500987 0.501439 0.476751 0.502987 0.503439 9
0.67769500701811 0.474741 0.500987 0.501437 0.476741 0.502987 0.503437 9
0.67677506810853 0.47473 0.500987 0.501435 0.47673 0.502987 0.503435 9
0.67585629218426 0.47472 0.500987 0.501433 0.47672 0.502987 0.503433 9
0.67493867694371 0.474709 0.500987 0.501431 0.476709 0.502987 0.503431 9
0.67402222009148 0.474699 0.500985 0.501429 0.476699 0.502985 0.503429 9
0.67310691933837 0.47469 0.500985 0.501427 0.47669 0.502985 0.503427 9
0.6721927724013 0.474678 0.500985 0.501425 0.476678 0.502985 0.503425 9
0.67127977700336 0.474667 0.500985 0.501423 0.476667 0.502985 0.503423 9
0.67036793087373 0.474657 0.500985 0.501421 0.476657 0.502985 0.503421 9
0.6694572317477 0.474648 0.500985 0.501421 0.476648 0.502985 0.503421 9
0.66854767736661 0.474636 0.500985 0.501419 0.476636 0.502985 0.503419 9
0.66763715262841 0.474625 0.500985 0.501418 0.476625 0.502985 0.503418 9
0.66672572695224 0.474616 0.500983 0.501416 0.476616 0.502983 0.503416 9
0.66581544676031 0.474606 0.500983 0.501414 0.476606 0.502983 0.503414 9
0.66490630980054 0.474596 0.500983 0.501414 0.476596 0.502983 0.503414 9
0.66399831382685 0.474585 0.500983 0.501412 0.476585 0.502983 0.503412 9
0.66309145659917 0.474575 0.500983 0.50141 0.476575 0.502983 0.50341 9
0.66218573588341 0.474566 0.500981 0.501408 0.476566 0.502981 0.503408 9
0.66128114945145 0.474554 0.500981 0.501406 0.476554 0.502981 0.503406 9
0.66037769508111 0.474545 0.500981 0.501406 0.476545 0.502981 0.503406 9
0.65947537055611 0.474535 0.500981 0.501404 0.476535 0.502981 0.503404 9
0.65857417366611 0.474526 0.500981 0.501402 0.476526 0.502981 0.503402 9
0.65767410220661 0.474514 0.500981 0.5014 0.476514 0.502981 0.5034 9
0.65677515397902 0.474507 0.500981 0.5014 0.476507 0.502981 0.5034 9
0.65587732679054 0.474497 0.500979 0.501398 0.476497 0.502979 0.503398 9
0.65498061845424 0.474486 0.500979 0.501397 0.476486 0.502979 0.503397 9
0.65408502678897 0.474476 0.500979 0.501395 0.476476 0.502979 0.503395 9
0.65319054961935 0.474467 0.500979 0.501395 0.476467 0.502979 0.503395 9
0.6522971847758 0.474455 0.500979 0.501393 0.476455 0.502979 0.503393 9
0.65140493009445 0.474446 0.500977 0.501391 0.476446 0.502977 0.503391 9
0.65051378341719 0.474436 0.500977 0.501389 0.476436 0.502977 0.503389 9
0.64962374259158 0.474427 0.500977 0.501389 0.476427 0.502977 0.503389 9
0.6487348054709 0.474417 0.500977 0.501387 0.476417 0.502977 0.503387 9
0.64784696991407 0.474406 0.500977 0.501385 0.476406 0.502977 0.503385 9
0.64696023378569 0.474396 0.500975 0.501383 0.476396 0.502975 0.503383 9
0.64607459495597 0.474387 0.500975 0.501383 0.476387 0.502975 0.503383 9
0.64519004878178 0.474377 0.500975 0.501381 0.476377 0.502975 0.503381 9
0.6443024509935 0.474368 0.500975 0.501379 0.476368 0.502975 0.503379 9
0.64341595150446 0.474358 0.500973 0.501378 0.476358 0.502973 0.503378 9
0.64253054819022 0.474348 0.500973 0.501378 0.476348 0.502973 0.503378 9
0.64164623893197 0.474339 0.500973 0.501376 0.476339 0.502973 0.503376 9
0.64076302161644 0.474329 0.500973 0.501376 0.476329 0.502973 0.503376 9
0.6398808941359 0.47432 0.500973 0.501374 0.47632 0.502973 0.503374 9
0.63899985438818 0.47431 0.500971 0.501372 0.47631 0.502971 0.503372 9
0.63811990027661 0.474301 0.500971 0.50137 0.476301 0.502971 0.50337 9
0.63724102971002 0.474291 0.500971 0.501368 0.476291 0.502971 0.503368 9
0.63636324060271 0.47428 0.500971 0.501366 0.47628 0.502971 0.503366 9
0.63548653087445 0.474272 0.500969 0.501364 0.476272 0.502969 0.503364 9
0.63461089845043 0.474263 0.500969 0.501362 0.476263 0.502969 0.503362 9
0.63373634126129 0.474253 0.500969 0.501362 0.476253 0.502969 0.503362 9
0.63286285724306 0.474242 0.500969 0.50136 0.476242 0.502969 0.50336 9
0.63199044433716 0.474232 0.500969 0.501358 0.476232 0.502969 0.503358 9
0.63111910049039 0.474223 0.500967 0.501357 0.476223 0.502967 0.503357 9
0.63024882365487 0.474213 0.500967 0.501355 0.476213 0.502967 0.503355 9
0.62937961178809 0.474204 0.500967 0.501353 0.476204 0.502967 0.503353 9
0.62851146285285 0.474194 0.500967 0.501353 0.476194 0.502967 0.503353 9
0.62764437481723 0.474184 0.500967 0.501351 0.476184 0.502967 0.503351 9
0.6267783456546 0.474175 0.500966 0.501349 0.476175 0.502966 0.503349 9
0.62591337334361 0.474165 0.500966 0.501347 0.476165 0.502966 0.503347 9
0.62504945586814 0.474156 0.500966 0.501345 0.476156 0.502966 0.503345 9
0.6241865912173 0.474146 0.500966 0.501345 0.476146 0.502966 0.503345 9
0.62332477738543 0.474137 0.500966 0.501343 0.476137 0.502966 0.503343 9
0.62246338087652 0.474127 0.500964 0.501341 0.476127 0.502964 0.503341 9
0.62159952829083 0.474118 0.500964 0.501339 0.476118 0.502964 0.503339 9
0.62073672776202 0.474108 0.500964 0.501337 0.476108 0.502964 0.503337 9
0.61987497728867 0.474099 0.500964 0.501336 0.476099 0.502964 0.503336 9
0.61901427487459 0.474089 0.500964 0.501336 0.476089 0.502964 0.503336 9
0.61815461852871 0.47408 0.500962 0.501332 0.47608 0.502962 0.503332 9
0.61729600626512 0.47407 0.500964 0.501332 0.47607 0.502964 0.503332 9
0.61643843610303 0.47406 0.500962 0.50133 0.47606 0.502962 0.50333 9
0.61558190606676 0.474051 0.500962 0.501328 0.476051 0.502962 0.503328 9
0.6147264141857 0.474041 0.500964 0.501328 0.476041 0.502964 0.503328 9
0.61387195849436 0.474032 0.500964 0.501326 0.476032 0.502964 0.503326 9
0.61301853703226 0.474022 0.500962 0.501324 0.476022 0.502962 0.503324 9
0.612166147844 0.474013 0.500962 0.501322 0.476013 0.502962 0.503322 9
0.61131478897919 0.474003 0.500962 0.50132 0.476003 0.502962 0.50332 9
0.61046445849244 0.473994 0.500964 0.50132 0.475994 0.502964 0.50332 9
0.60961515444336 0.473984 0.500964 0.501318 0.475984 0.502964 0.503318 9
0.60876687489655 0.473975 0.500962 0.501316 0.475975 0.502962 0.503316 9
0.60791961792156 0.473965 0.500962 0.501315 0.475965 0.502962 0.503315 9
0.60707338159287 0.473956 0.500962 0.501315 0.475956 0.502962 0.503315 9
0.60622816398992 0.473944 0.500962 0.501313 0.475944 0.502962 0.503313 9
0.60538396319703 0.473935 0.500962 0.501311 0.475935 0.502962 0.503311 9
0.60454077730344 0.473925 0.500962 0.501311 0.475925 0.502962 0.503311 9
0.60369860440326 0.473916 0.500962 0.501309 0.475916 0.502962 0.503309 9
0.60285744259547 0.473904 0.500962 0.501307 0.475904 0.502962 0.503307 9
0.6020172899839 0.473895 0.500962 0.501307 0.475895 0.502962 0.503307 9
0.60117814467721 0.473885 0.500962 0.501305 0.475885 0.502962 0.503305 9
0.60034000478888 0.473875 0.500962 0.501305 0.475875 0.502962 0.503305 9
