6.05010507006 0.489293 0.499931 0.500003 0.495293 0.505931 0.506003 8
6.02319862032 0.489269 0.499925 0.499994 0.495269 0.505925 0.505994 8
5.99654864503 0.489249 0.499917 0.499988 0.495249 0.505917 0.505988 8
5.97014439277 0.48923 0.49991 0.499986 0.49523 0.50591 0.505986 8
5.9439890382 0.489215 0.499902 0.49999 0.495215 0.505902 0.50599 8
5.91807660047 0.489194 0.499896 0.500001 0.495194 0.505896 0.506001 8
5.89240348214 0.489169 0.499892 0.499994 0.495169 0.505892 0.505994 8
5.86696615838 0.489152 0.499883 0.499995 0.495152 0.505883 0.505995 8
5.84176117534 0.489131 0.499877 0.499995 0.495131 0.505877 0.505995 8
5.81678514836 0.489112 0.499872 0.499994 0.495112 0.505872 0.505994 8
5.79203476016 0.489091 0.499868 0.499992 0.495091 0.505868 0.505992 8
5.76750675919 0.489074 0.499862 0.499992 0.495074 0.505862 0.505992 8
5.74319795799 0.489055 0.499858 0.49999 0.495055 0.505858 0.50599 8
5.71910523154 0.489036 0.499852 0.499992 0.495036 0.505852 0.505992 8
5.69522551575 0.489017 0.499849 0.499992 0.495017 0.505849 0.505992 8
5.67155580594 0.489 0.499843 0.49999 0.495 0.505843 0.50599 8
5.64809315541 0.488982 0.499839 0.49999 0.494982 0.505839 0.50599 8
5.62483467398 0.488965 0.499833 0.499992 0.494965 0.505833 0.505992 8
5.60177752664 0.488948 0.49983 0.499992 0.494948 0.50583 0.505992 8
5.57891893223 0.488929 0.499826 0.499992 0.494929 0.505826 0.505992 8
5.55625616212 0.488914 0.49982 0.499992 0.494914 0.50582 0.505992 8
5.53378653897 0.488897 0.499814 0.499992 0.494897 0.505814 0.505992 8
5.5115074355 0.488881 0.49981 0.499992 0.494881 0.50581 0.505992 8
5.48941627331 0.488866 0.499807 0.499994 0.494866 0.505807 0.505994 8
5.46751052172 0.488853 0.499803 0.499995 0.494853 0.505803 0.505995 8
5.44578769668 0.488838 0.499799 0.499997 0.494838 0.505799 0.505997 8
5.42424535963 0.488822 0.499797 0.499995 0.494822 0.505797 0.505995 8
5.40288111651 0.488807 0.499793 0.499995 0.494807 0.505793 0.505995 8
5.38169261666 0.48879 0.499791 0.499994 0.49479 0.505791 0.505994 8
5.36067755189 0.488775 0.499788 0.499992 0.494775 0.505788 0.505992 8
5.33983365548 0.488755 0.499786 0.499992 0.494755 0.505786 0.505992 8
5.3191587012 0.488738 0.499782 0.49999 0.494738 0.505782 0.50599 8
5.29865050248 0.488721 0.49978 0.499986 0.494721 0.50578 0.505986 8
5.27830691142 0.488704 0.49978 0.499984 0.494704 0.50578 0.505984 8
5.25812581801 0.488685 0.499778 0.499982 0.494685 0.505778 0.505982 8
5.2381051492 0.488666 0.499778 0.49998 0.494666 0.505778 0.50598 8
5.21824286815 0.488647 0.499778 0.499976 0.494647 0.505778 0.505976 8
5.19853697339 0.488626 0.499778 0.499973 0.494626 0.505778 0.505973 8
5.17898549807 0.488603 0.499778 0.499969 0.494603 0.505778 0.505969 8
5.15958650916 0.488582 0.499778 0.499965 0.494582 0.505778 0.505965 8
5.14033810674 0.488561 0.499776 0.499963 0.494561 0.505776 0.505963 8
5.1212384233 0.488538 0.499776 0.499959 0.494538 0.505776 0.505959 8
5.102285623 0.488517 0.499774 0.499957 0.494517 0.505774 0.505957 8
5.08347790102 0.488494 0.499774 0.499954 0.494494 0.505774 0.505954 8
5.06481348287 0.488469 0.499774 0.499954 0.494469 0.505774 0.505954 8
5.04629062378 0.488446 0.499772 0.499952 0.494446 0.505772 0.505952 8
5.02790760803 0.488422 0.499772 0.49995 0.494422 0.505772 0.50595 8
5.00966274837 0.488397 0.49977 0.499948 0.494397 0.50577 0.505948 8
4.99155534646 0.488372 0.499769 0.499948 0.494372 0.505769 0.505948 8
4.97358088686 0.488347 0.499767 0.499948 0.494347 0.505767 0.505948 8
4.95574064767 0.488323 0.499765 0.499948 0.494323 0.505765 0.505948 8
4.93803208824 0.488298 0.499761 0.499948 0.494298 0.505761 0.505948 8
4.92045365504 0.488273 0.499757 0.49995 0.494273 0.505757 0.50595 8
4.90300381948 0.48825 0.499753 0.49995 0.49425 0.505753 0.50595 8
4.88568107758 0.488227 0.499748 0.499952 0.494227 0.505748 0.505952 8
4.86848394941 0.488206 0.499744 0.499954 0.494206 0.505744 0.505954 8
4.85141097864 0.488185 0.499738 0.499957 0.494185 0.505738 0.505957 8
4.83446073204 0.488164 0.499734 0.499959 0.494164 0.505734 0.505959 8
4.81763179903 0.488143 0.49973 0.499961 0.494143 0.50573 0.505961 8
4.80092279121 0.488122 0.499725 0.499963 0.494122 0.505725 0.505963 8
4.78433234194 0.488103 0.499719 0.499963 0.494103 0.505719 0.505963 8
4.76785910589 0.488082 0.499713 0.499967 0.494082 0.505713 0.505967 8
4.75150175863 0.488063 0.499709 0.499969 0.494063 0.505709 0.505969 8
4.7352589962 0.488044 0.499704 0.499971 0.494044 0.505704 0.505971 8
4.71912953474 0.488025 0.4997 0.499973 0.494025 0.5057 0.505973 8
4.70311211006 0.488004 0.499694 0.499975 0.494004 0.505694 0.505975 8
4.68720547731 0.487985 0.499688 0.499978 0.493985 0.505688 0.505978 8
4.67140841054 0.487968 0.499683 0.499982 0.493968 0.505683 0.505982 8
4.65571970238 0.487949 0.499677 0.499986 0.493949 0.505677 0.505986 8
4.64013816369 0.487933 0.499671 0.499988 0.493933 0.505671 0.505988 8
4.62466262316 0.487916 0.499666 0.499992 0.493916 0.505666 0.505992 8
4.60929192703 0.487903 0.499662 0.499992 0.493903 0.505662 0.505992 8
4.59402493874 0.487891 0.49966 0.499994 0.493891 0.50566 0.505994 8
4.57886053856 0.487878 0.499658 0.499995 0.493878 0.505658 0.505995 8
4.56379762334 0.487865 0.499658 0.499997 0.493865 0.505658 0.505997 8
4.54883510616 0.487851 0.499658 0.499999 0.493851 0.505658 0.505999 8
4.53397191604 0.487838 0.499658 0.500003 0.493838 0.505658 0.506003 8
4.51920699764 0.487823 0.499656 0.500005 0.493823 0.505656 0.506005 8
4.50453931097 0.487809 0.499656 0.500009 0.493809 0.505656 0.506009 8
4.4899678311 0.487794 0.499654 0.500011 0.493794 0.505654 0.506011 8
4.47549154791 0.487779 0.499654 0.500013 0.493779 0.505654 0.506013 8
4.46110946578 0.487766 0.499652 0.500015 0.493766 0.505652 0.506015 8
4.44682060335 0.48775 0.49965 0.500016 0.49375 0.50565 0.506016 8
4.43262399328 0.487733 0.49965 0.500016 0.493733 0.50565 0.506016 8
4.41851868194 0.487716 0.49965 0.500018 0.493716 0.50565 0.506018 8
4.40450372922 0.487699 0.499648 0.500022 0.493699 0.505648 0.506022 8
4.39057820826 0.487682 0.499646 0.500024 0.493682 0.505646 0.506024 8
4.37674120521 0.487664 0.499645 0.500026 0.493664 0.505645 0.506026 8
4.36299181901 0.487645 0.499645 0.500028 0.493645 0.505645 0.506028 8
4.34932916116 0.487624 0.499643 0.500032 0.493624 0.505643 0.506032 8
4.3357523555 0.487602 0.499641 0.500036 0.493602 0.505641 0.506036 8
4.32226053798 0.487579 0.499639 0.500041 0.493579 0.505639 0.506041 8
4.30885285647 0.487556 0.499637 0.500047 0.493556 0.505637 0.506047 8
4.29552847053 0.487533 0.499635 0.500053 0.493533 0.505635 0.506053 8
4.28228655122 0.487512 0.499633 0.500058 0.493512 0.505633 0.506058 8
4.26912628089 0.487489 0.499629 0.500066 0.493489 0.505629 0.506066 8
4.256046853 0.487468 0.499624 0.500074 0.493468 0.505624 0.506074 8
4.24304747191 0.487453 0.499616 0.500079 0.493453 0.505616 0.506079 8
4.23012735271 0.487438 0.499612 0.500081 0.493438 0.505612 0.506081 8
4.21728572103 0.48742 0.49961 0.500083 0.49342 0.50561 0.506083 8
4.20452181286 0.487399 0.499608 0.500085 0.493399 0.505608 0.506085 8
4.19183487436 0.487382 0.499606 0.500089 0.493382 0.505606 0.506089 8
4.17922416173 0.487361 0.499606 0.500091 0.493361 0.505606 0.506091 8
4.16668894099 0.487342 0.499604 0.500093 0.493342 0.505604 0.506093 8
4.15422848784 0.487321 0.499603 0.500095 0.493321 0.505603 0.506095 8
4.14184208752 0.4873 0.499604 0.500097 0.4933 0.505604 0.506097 8
4.12952903459 0.487277 0.499603 0.5001 0.493277 0.505603 0.5061 8
4.11728863285 0.487256 0.499601 0.50011 0.493256 0.505601 0.50611 8
4.10512019513 0.487239 0.499597 0.500116 0.493239 0.505597 0.506116 8
4.09302304316 0.487222 0.499595 0.500119 0.493222 0.505595 0.506119 8
4.08099650744 0.487205 0.499591 0.500123 0.493205 0.505591 0.506123 8
4.06903992706 0.487188 0.499589 0.500125 0.493188 0.505589 0.506125 8
4.05715264959 0.48717 0.499587 0.500131 0.49317 0.505587 0.506131 8
4.04533403096 0.487153 0.499585 0.500137 0.493153 0.505585 0.506137 8
4.03358343525 0.48714 0.499582 0.50014 0.49314 0.505582 0.50614 8
4.02190023464 0.487127 0.49958 0.50014 0.493127 0.50558 0.50614 8
4.01028380925 0.487111 0.499578 0.500146 0.493111 0.505578 0.506146 8
3.99873457221 0.487098 0.499574 0.50015 0.493098 0.505574 0.50615 8
3.98724884333 0.487085 0.499572 0.500152 0.493085 0.505572 0.506152 8
3.97582910177 0.487073 0.499572 0.500152 0.493073 0.505572 0.506152 8
3.96447373261 0.487056 0.499572 0.500154 0.493056 0.505572 0.506154 8
3.95318215387 0.487041 0.499572 0.500154 0.493041 0.505572 0.506154 8
3.9419537907 0.487022 0.499574 0.500158 0.493022 0.505574 0.506158 8
3.93078807532 0.487003 0.499574 0.500158 0.493003 0.505574 0.506158 8
3.91968444696 0.486984 0.499574 0.50016 0.492984 0.505574 0.50616 8
3.90864235171 0.486963 0.499574 0.500163 0.492963 0.505574 0.506163 8
3.89766124244 0.486942 0.49957 0.500169 0.492942 0.50557 0.506169 8
3.88674057866 0.486921 0.499568 0.500175 0.492921 0.505568 0.506175 8
3.87587982647 0.486898 0.499566 0.500182 0.492898 0.505566 0.506182 8
3.86507845842 0.486881 0.499563 0.50019 0.492881 0.505563 0.50619 8
3.85433595341 0.486863 0.499559 0.500196 0.492863 0.505559 0.506196 8
3.84365179662 0.486846 0.499555 0.500201 0.492846 0.505555 0.506201 8
3.83302547938 0.486827 0.499553 0.500203 0.492827 0.505553 0.506203 8
3.82245649911 0.486804 0.499553 0.500207 0.492804 0.505553 0.506207 8
3.81194435921 0.486779 0.499555 0.500215 0.492779 0.505555 0.506215 8
3.80148856895 0.486757 0.499557 0.500224 0.492757 0.505557 0.506224 8
3.79108864344 0.486739 0.499555 0.500236 0.492739 0.505555 0.506236 8
3.78074410348 0.486722 0.499557 0.500238 0.492722 0.505557 0.506238 8
3.7704544755 0.486705 0.499559 0.500242 0.492705 0.505559 0.506242 8
3.7602192915 0.486678 0.499564 0.500253 0.492678 0.505564 0.506253 8
3.75003808891 0.486657 0.499566 0.500263 0.492657 0.505566 0.506263 8
3.73991041058 0.486638 0.499568 0.50027 0.492638 0.505568 0.50627 8
3.72983580463 0.486619 0.499572 0.500278 0.492619 0.505572 0.506278 8
3.71981382444 0.4866 0.499574 0.500285 0.4926 0.505574 0.506285 8
3.7098440285 0.486583 0.499576 0.500293 0.492583 0.505576 0.506293 8
3.6999259804 0.486564 0.499578 0.500301 0.492564 0.505578 0.506301 8
3.69005924874 0.486545 0.49958 0.500308 0.492545 0.50558 0.506308 8
3.68024340701 0.486528 0.499582 0.500314 0.492528 0.505582 0.506314 8
3.67047803359 0.486509 0.499584 0.500322 0.492509 0.505584 0.506322 8
3.66076271163 0.486488 0.499587 0.500329 0.492488 0.505587 0.506329 8
3.651097029 0.486469 0.499589 0.500341 0.492469 0.505589 0.506341 8
3.64148057822 0.48645 0.499591 0.500352 0.49245 0.505591 0.506352 8
3.63191295639 0.486434 0.499591 0.50036 0.492434 0.505591 0.50636 8
3.62239376513 0.486417 0.499593 0.500369 0.492417 0.505593 0.506369 8
3.61292261051 0.4864 0.499595 0.500379 0.4924 0.505595 0.506379 8
3.60349910299 0.486385 0.499597 0.500386 0.492385 0.505597 0.506386 8
3.59412285736 0.486369 0.499599 0.500394 0.492369 0.505599 0.506394 8
3.58479349268 0.486354 0.499601 0.500404 0.492354 0.505601 0.506404 8
3.57551063221 0.486339 0.499601 0.500413 0.492339 0.505601 0.506413 8
3.56627390335 0.486326 0.499601 0.500421 0.492326 0.505601 0.506421 8
3.55708293761 0.486312 0.499601 0.500427 0.492312 0.505601 0.506427 8
3.54793737052 0.486297 0.499603 0.500432 0.492297 0.505603 0.506432 8
3.53883684159 0.48628 0.499606 0.50044 0.49228 0.505606 0.50644 8
3.52978099426 0.486264 0.499608 0.500449 0.492264 0.505608 0.506449 8
3.52076947581 0.486251 0.49961 0.500457 0.492251 0.50561 0.506457 8
3.51180193737 0.486238 0.499612 0.500465 0.492238 0.505612 0.506465 8
3.50287803381 0.486224 0.499616 0.500472 0.492224 0.505616 0.506472 8
3.49399771037 0.486213 0.499618 0.50048 0.492213 0.505618 0.50648 8
3.4851597693 0.4862 0.499622 0.500488 0.4922 0.505622 0.506488 8
3.47636473651 0.486188 0.499624 0.500495 0.492188 0.505624 0.506495 8
3.46761199469 0.486179 0.499627 0.500501 0.492179 0.505627 0.506501 8
3.45890121678 0.486167 0.499633 0.500507 0.492167 0.505633 0.506507 8
3.45023207918 0.486158 0.499639 0.500512 0.492158 0.505639 0.506512 8
3.44160426172 0.48615 0.499645 0.50052 0.49215 0.505645 0.50652 8
3.43301744757 0.486142 0.499652 0.500528 0.492142 0.505652 0.506528 8
3.42447132326 0.486137 0.49966 0.500535 0.492137 0.50566 0.506535 8
3.41596557859 0.486127 0.499666 0.500541 0.492127 0.505666 0.506541 8
3.4074999066 0.486121 0.499664 0.500541 0.492121 0.505664 0.506541 8
3.39907400353 0.48611 0.499664 0.500541 0.49211 0.505664 0.506541 8
3.39068756876 0.4861 0.499664 0.500547 0.4921 0.505664 0.506547 8
3.38234030482 0.486038 0.499604 0.500451 0.492038 0.505604 0.506451 8
3.37403191728 0.486001 0.499616 0.500444 0.492001 0.505616 0.506444 8
3.36576211474 0.485969 0.499627 0.500436 0.491969 0.505627 0.506436 8
3.35753060882 0.485938 0.499639 0.500432 0.491938 0.505639 0.506432 8
3.34933711407 0.485912 0.499648 0.500427 0.491912 0.505648 0.506427 8
3.34118134796 0.485887 0.49966 0.500425 0.491887 0.50566 0.506425 8
3.33306303085 0.485866 0.499669 0.500423 0.491866 0.505669 0.506423 8
3.32498188593 0.485847 0.499681 0.500419 0.491847 0.505681 0.506419 8
3.31693763918 0.48583 0.499688 0.500413 0.49183 0.505688 0.506413 8
3.30893001938 0.485812 0.499694 0.500409 0.491812 0.505694 0.506409 8
3.30095875801 0.485795 0.499696 0.500406 0.491795 0.505696 0.506406 8
3.29302358927 0.48578 0.499698 0.500404 0.49178 0.505698 0.506404 8
3.28512425001 0.485767 0.4997 0.500404 0.491767 0.5057 0.506404 8
3.27726047972 0.485753 0.4997 0.500404 0.491753 0.5057 0.506404 8
3.26943202047 0.485742 0.499698 0.500406 0.491742 0.505698 0.506406 8
3.2616386169 0.485732 0.499696 0.500409 0.491732 0.505696 0.506409 8
3.25388001619 0.485723 0.499692 0.500413 0.491723 0.505692 0.506413 8
3.246155968 0.485715 0.499688 0.500417 0.491715 0.505688 0.506417 8
3.23846622448 0.485709 0.499685 0.500423 0.491709 0.505685 0.506423 8
3.2308105402 0.485805 0.499635 0.500476 0.491805 0.505635 0.506476 8
3.22318867213 0.485782 0.499635 0.500472 0.491782 0.505635 0.506472 8
3.21560037965 0.485757 0.499637 0.500467 0.491757 0.505637 0.506467 8
3.20804542444 0.485721 0.499646 0.500461 0.491721 0.505646 0.506461 8
3.20052357053 0.485715 0.499637 0.500453 0.491715 0.505637 0.506453 8
3.19303458422 0.485698 0.499637 0.500457 0.491698 0.505637 0.506457 8
3.1855782341 0.485681 0.499637 0.500453 0.491681 0.505637 0.506453 8
3.17815429096 0.485664 0.499635 0.500451 0.491664 0.505635 0.506451 8
3.17076252782 0.485648 0.499635 0.500451 0.491648 0.505635 0.506451 8
3.16340271985 0.485631 0.499635 0.500451 0.491631 0.505635 0.506451 8
3.1560746444 0.485616 0.499635 0.500453 0.491616 0.505635 0.506453 8
3.14877808094 0.485601 0.499637 0.500453 0.491601 0.505637 0.506453 8
3.14151281104 0.485585 0.499639 0.500455 0.491585 0.505639 0.506455 8
3.13427861833 0.485568 0.499639 0.500453 0.491568 0.505639 0.506453 8
3.1270752885 0.485551 0.499639 0.500455 0.491551 0.505639 0.506455 8
3.11990260928 0.485534 0.499639 0.500455 0.491534 0.505639 0.506455 8
3.11276037039 0.485517 0.499639 0.500455 0.491517 0.505639 0.506455 8
3.1056483635 0.485498 0.499639 0.500457 0.491498 0.505639 0.506457 8
3.09856638229 0.485481 0.499637 0.500459 0.491481 0.505637 0.506459 8
3.09151422231 0.485461 0.499637 0.500461 0.491461 0.505637 0.506461 8
3.08449168106 0.485444 0.499635 0.500465 0.491444 0.505635 0.506465 8
3.07749855791 0.485425 0.499635 0.500467 0.491425 0.505635 0.506467 8
3.07053465409 0.48541 0.499633 0.50047 0.49141 0.505633 0.50647 8
3.06359977268 0.485393 0.499631 0.500474 0.491393 0.505631 0.506474 8
3.05669371856 0.485378 0.499631 0.50048 0.491378 0.505631 0.50648 8
3.04981629843 0.485364 0.499629 0.500486 0.491364 0.505629 0.506486 8
3.04296732074 0.485351 0.499627 0.500488 0.491351 0.505627 0.506488 8
3.03614659574 0.485338 0.499627 0.500491 0.491338 0.505627 0.506491 8
3.02935393536 0.485328 0.499625 0.500495 0.491328 0.505625 0.506495 8
3.02258915329 0.485315 0.499624 0.500497 0.491315 0.505624 0.506497 8
3.01585206488 0.485303 0.499622 0.500499 0.491303 0.505622 0.506499 8
3.0091424872 0.48529 0.499618 0.500501 0.49129 0.505618 0.506501 8
3.00246023892 0.485278 0.499616 0.500505 0.491278 0.505616 0.506505 8
2.99580538563 0.485265 0.499616 0.500507 0.491265 0.505616 0.506507 8
2.98917701356 0.485252 0.499614 0.500507 0.491252 0.505614 0.506507 8
2.98257568203 0.485238 0.499612 0.500507 0.491238 0.505612 0.506507 8
2.97600097088 0.485225 0.499608 0.500505 0.491225 0.505608 0.506505 8
2.96945270684 0.48521 0.499608 0.500505 0.49121 0.505608 0.506505 8
2.96293071814 0.485193 0.499606 0.500503 0.491193 0.505606 0.506503 8
2.95643483458 0.485175 0.499604 0.500503 0.491175 0.505604 0.506503 8
2.94996488743 0.485158 0.499603 0.500503 0.491158 0.505603 0.506503 8
2.94352070948 0.485139 0.499603 0.500503 0.491139 0.505603 0.506503 8
2.93710213499 0.485122 0.499603 0.500507 0.491122 0.505603 0.506507 8
2.93070899968 0.485105 0.499601 0.500509 0.491105 0.505601 0.506509 8
2.92434114071 0.485088 0.499599 0.500512 0.491088 0.505599 0.506512 8
2.91799839668 0.485074 0.499597 0.500518 0.491074 0.505597 0.506518 8
2.9116806076 0.485063 0.499595 0.50052 0.491063 0.505595 0.50652 8
2.90538761486 0.485051 0.499591 0.500522 0.491051 0.505591 0.506522 8
2.89911926126 0.48504 0.499589 0.500524 0.49104 0.505589 0.506524 8
2.89287539095 0.485029 0.499585 0.500522 0.491029 0.505585 0.506522 8
2.88665584942 0.485015 0.499582 0.500518 0.491015 0.505582 0.506518 8
2.88046048351 0.484998 0.49958 0.50051 0.490998 0.50558 0.50651 8
2.87428914139 0.484979 0.49958 0.500507 0.490979 0.50558 0.506507 8
2.86814167251 0.48496 0.499578 0.500507 0.49096 0.505578 0.506507 8
2.86201792765 0.484943 0.499578 0.500509 0.490943 0.505578 0.506509 8
2.85591775883 0.484927 0.499576 0.500512 0.490927 0.505576 0.506512 8
2.84984101937 0.484916 0.499572 0.500514 0.490916 0.505572 0.506514 8
2.84378756381 0.484906 0.499566 0.50051 0.490906 0.505566 0.50651 8
2.83775724794 0.484885 0.499564 0.500505 0.490885 0.505564 0.506505 8
2.83174992879 0.484874 0.499564 0.50051 0.490874 0.505564 0.50651 8
2.82576546457 0.484859 0.499563 0.500509 0.490859 0.505563 0.506509 8
2.81980371471 0.484844 0.499563 0.500507 0.490844 0.505563 0.506507 8
2.81386453982 0.484828 0.499563 0.500507 0.490828 0.505563 0.506507 8
2.80794780169 0.484813 0.499563 0.500507 0.490813 0.505563 0.506507 8
2.80205336325 0.4848 0.499563 0.500509 0.4908 0.505563 0.506509 8
2.79618108859 0.484786 0.499561 0.500509 0.490786 0.505561 0.506509 8
2.79033084294 0.484773 0.499561 0.500509 0.490773 0.505561 0.506509 8
2.78450249264 0.48476 0.499561 0.500507 0.49076 0.505561 0.506507 8
2.77869590516 0.484746 0.499561 0.500507 0.490746 0.505561 0.506507 8
2.77291094905 0.484733 0.499561 0.500505 0.490733 0.505561 0.506505 8
2.76714749396 0.48472 0.499561 0.500503 0.49072 0.505561 0.506503 8
2.76140541061 0.484704 0.499561 0.500503 0.490704 0.505561 0.506503 8
2.75568457079 0.484691 0.499561 0.500501 0.490691 0.505561 0.506501 8
2.74998541481 0.484676 0.499561 0.500499 0.490676 0.505561 0.506499 8
2.7443061141 0.484659 0.499563 0.500499 0.490659 0.505563 0.506499 8
2.73864824615 0.484643 0.499563 0.500497 0.490643 0.505563 0.506497 8
2.73301111927 0.484626 0.499563 0.500495 0.490626 0.505563 0.506495 8
2.72739461045 0.484609 0.499564 0.500495 0.490609 0.505564 0.506495 8
2.72179859765 0.48459 0.499564 0.500493 0.49059 0.505564 0.506493 8
2.71622295981 0.484575 0.499564 0.500493 0.490575 0.505564 0.506493 8
2.71066757686 0.484556 0.499566 0.500493 0.490556 0.505566 0.506493 8
2.70513232968 0.484538 0.499566 0.500495 0.490538 0.505566 0.506495 8
2.69961710014 0.484521 0.499566 0.500495 0.490521 0.505566 0.506495 8
2.69412177102 0.484504 0.499566 0.500497 0.490504 0.505566 0.506497 8
2.68864622607 0.484487 0.499568 0.500499 0.490487 0.505568 0.506499 8
2.68319034997 0.48447 0.499568 0.500499 0.49047 0.505568 0.506499 8
2.6777540283 0.484453 0.499568 0.500499 0.490453 0.505568 0.506499 8
2.67233714759 0.484437 0.49957 0.500503 0.490437 0.50557 0.506503 8
2.66693959523 0.48442 0.49957 0.500505 0.49042 0.50557 0.506505 8
2.66156125953 0.484403 0.49957 0.500509 0.490403 0.50557 0.506509 8
2.65620202968 0.48439 0.49957 0.500512 0.49039 0.50557 0.506512 8
2.65086179573 0.484374 0.49957 0.500514 0.490374 0.50557 0.506514 8
2.64554044864 0.484363 0.49957 0.500518 0.490363 0.50557 0.506518 8
2.64023788017 0.484351 0.49957 0.50052 0.490351 0.50557 0.50652 8
2.63495398297 0.484338 0.499566 0.500518 0.490338 0.505566 0.506518 8
2.62968865053 0.484323 0.499566 0.500518 0.490323 0.505566 0.506518 8
2.62444177715 0.484308 0.499564 0.50052 0.490308 0.505564 0.50652 8
2.61921325797 0.484296 0.499564 0.50052 0.490296 0.505564 0.50652 8
2.61400298894 0.484281 0.499563 0.500518 0.490281 0.505563 0.506518 8
2.60881086684 0.484266 0.499564 0.500518 0.490266 0.505564 0.506518 8
2.60363678922 0.48425 0.499564 0.500518 0.49025 0.505564 0.506518 8
2.59848065444 0.484235 0.499566 0.50052 0.490235 0.505566 0.50652 8
2.59334236164 0.48422 0.499566 0.500522 0.49022 0.505566 0.506522 8
2.58822181074 0.484205 0.499566 0.500522 0.490205 0.505566 0.506522 8
2.58311890242 0.484189 0.499566 0.500524 0.490189 0.505566 0.506524 8
2.57803353814 0.484174 0.499568 0.500526 0.490174 0.505568 0.506526 8
2.57296562009 0.484159 0.499566 0.500526 0.490159 0.505566 0.506526 8
2.56791505123 0.484144 0.499566 0.500526 0.490144 0.505566 0.506526 8
2.56288173525 0.484128 0.499566 0.500526 0.490128 0.505566 0.506526 8
2.55786557658 0.484111 0.499566 0.500524 0.490111 0.505566 0.506524 8
2.55286648036 0.484092 0.499566 0.500524 0.490092 0.505566 0.506524 8
2.54788435246 0.484069 0.499566 0.500524 0.490069 0.505566 0.506524 8
2.54291909946 0.484048 0.499566 0.500528 0.490048 0.505566 0.506528 8
2.53797062865 0.484027 0.499566 0.500533 0.490027 0.505566 0.506533 8
2.53303884801 0.48401 0.499566 0.500535 0.49001 0.505566 0.506535 8
2.52812366621 0.483993 0.499564 0.500535 0.489993 0.505564 0.506535 8
2.52322499262 0.483972 0.499563 0.500535 0.489972 0.505563 0.506535 8
2.51834273727 0.483951 0.499564 0.500541 0.489951 0.505564 0.506541 8
2.51347681088 0.483938 0.499563 0.500543 0.489938 0.505563 0.506543 8
2.50862712481 0.483917 0.499563 0.500545 0.489917 0.505563 0.506545 8
2.5037935911 0.483903 0.499561 0.500547 0.489903 0.505561 0.506547 8
2.49897650109 0.483888 0.499561 0.500549 0.489888 0.505561 0.506549 8
2.49417463215 0.483873 0.499561 0.500551 0.489873 0.505561 0.506551 8
2.48938903429 0.483857 0.499559 0.500549 0.489857 0.505559 0.506549 8
2.48461924336 0.483842 0.499557 0.500547 0.489842 0.505557 0.506547 8
2.47986517465 0.483825 0.499555 0.500547 0.489825 0.505555 0.506547 8
2.47512674401 0.483806 0.499553 0.500547 0.489806 0.505553 0.506547 8
2.47040386793 0.483787 0.499553 0.500547 0.489787 0.505553 0.506547 8
2.4656964635 0.483768 0.499551 0.500549 0.489768 0.505551 0.506549 8
2.46100444841 0.483751 0.499551 0.500551 0.489751 0.505551 0.506551 8
2.45632774096 0.483735 0.499549 0.500551 0.489735 0.505549 0.506551 8
2.45166626005 0.483716 0.499547 0.500551 0.489716 0.505547 0.506551 8
2.44701992515 0.483697 0.499547 0.500551 0.489697 0.505547 0.506551 8
2.44238865633 0.483682 0.499547 0.500551 0.489682 0.505547 0.506551 8
2.43777237423 0.483663 0.499545 0.500549 0.489663 0.505545 0.506549 8
2.43317100006 0.483644 0.499545 0.500547 0.489644 0.505545 0.506547 8
2.42858445562 0.483625 0.499545 0.500549 0.489625 0.505545 0.506549 8
2.42401266324 0.483608 0.499545 0.500549 0.489608 0.505545 0.506549 8
2.41945554583 0.483588 0.499545 0.500547 0.489588 0.505545 0.506547 8
2.41491302684 0.483569 0.499547 0.500547 0.489569 0.505547 0.506547 8
2.41038503029 0.48355 0.499547 0.500547 0.48955 0.505547 0.506547 8
2.4058714807 0.483533 0.499549 0.500547 0.489533 0.505549 0.506547 8
2.40137230317 0.483516 0.499549 0.500547 0.489516 0.505549 0.506547 8
2.39688742332 0.483501 0.499551 0.500547 0.489501 0.505551 0.506547 8
2.39241676727 0.483484 0.499551 0.500545 0.489484 0.505551 0.506545 8
2.3879602617 0.483468 0.499551 0.500541 0.489468 0.505551 0.506541 8
2.3835178338 0.483447 0.499549 0.500537 0.489447 0.505549 0.506537 8
2.37908941125 0.483426 0.499549 0.500535 0.489426 0.505549 0.506535 8
2.37467492227 0.483405 0.499549 0.500533 0.489405 0.505549 0.506533 8
2.37027429557 0.483386 0.499551 0.500537 0.489386 0.505551 0.506537 8
2.36588746036 0.483369 0.499551 0.500535 0.489369 0.505551 0.506535 8
2.36151434634 0.483352 0.499553 0.500539 0.489352 0.505553 0.506539 8
2.35715488372 0.483335 0.499553 0.500541 0.489335 0.505553 0.506541 8
2.35280900318 0.48332 0.499553 0.500541 0.48932 0.505553 0.506541 8
2.34847663588 0.483306 0.499553 0.500541 0.489306 0.505553 0.506541 8
2.34415771346 0.483295 0.499553 0.500537 0.489295 0.505553 0.506537 8
2.33985216806 0.483281 0.499551 0.500533 0.489281 0.505551 0.506533 8
2.33555993226 0.483266 0.499549 0.500528 0.489266 0.505549 0.506528 8
2.3312809391 0.483247 0.499547 0.500522 0.489247 0.505547 0.506522 8
2.32701512212 0.483226 0.499545 0.500518 0.489226 0.505545 0.506518 8
2.32276241527 0.483203 0.499543 0.500516 0.489203 0.505543 0.506516 8
2.318522753 0.483184 0.499543 0.50052 0.489184 0.505543 0.50652 8
2.31429607016 0.483169 0.499543 0.500522 0.489169 0.505543 0.506522 8
2.3100823021 0.483156 0.499543 0.50052 0.489156 0.505543 0.50652 8
2.30588138457 0.48314 0.499543 0.500514 0.48914 0.505543 0.506514 8
2.30169325377 0.483117 0.499542 0.500512 0.489117 0.505542 0.506512 8
2.29751784634 0.4831 0.499543 0.500518 0.4891 0.505543 0.506518 8
2.29335509935 0.483091 0.499543 0.500514 0.489091 0.505543 0.506514 8
2.28920495029 0.48307 0.499542 0.500512 0.48907 0.505542 0.506512 8
2.28506733707 0.483056 0.499543 0.500512 0.489056 0.505543 0.506512 8
2.28094219804 0.483041 0.499543 0.50051 0.489041 0.505543 0.50651 8
2.27682947194 0.483026 0.499543 0.500509 0.489026 0.505543 0.506509 8
2.27272909793 0.483009 0.499543 0.500507 0.489009 0.505543 0.506507 8
2.2686410156 0.482993 0.499543 0.500507 0.488993 0.505543 0.506507 8
2.26456516492 0.482976 0.499543 0.500505 0.488976 0.505543 0.506505 8
2.26050148626 0.482961 0.499543 0.500503 0.488961 0.505543 0.506503 8
2.25644992041 0.482944 0.499543 0.500501 0.488944 0.505543 0.506501 8
2.25241040853 0.482927 0.499543 0.500501 0.488927 0.505543 0.506501 8
2.24838313276 0.482909 0.499543 0.500501 0.488909 0.505543 0.506501 8
2.24436731334 0.482894 0.499543 0.500501 0.488894 0.505543 0.506501 8
2.24036361436 0.482879 0.499545 0.500503 0.488879 0.505545 0.506503 8
2.23637173791 0.482866 0.499545 0.500501 0.488866 0.505545 0.506501 8
2.23239162711 0.48285 0.499543 0.500499 0.48885 0.505543 0.506499 8
2.22842322544 0.482837 0.499543 0.500497 0.488837 0.505543 0.506497 8
2.22446647674 0.482822 0.499543 0.500497 0.488822 0.505543 0.506497 8
2.22052132522 0.482806 0.499543 0.500497 0.488806 0.505543 0.506497 8
2.21658771548 0.482793 0.499543 0.500497 0.488793 0.505543 0.506497 8
2.21266559244 0.48278 0.499542 0.500493 0.48878 0.505542 0.506493 8
2.20875490142 0.482765 0.499542 0.500491 0.488765 0.505542 0.506491 8
2.20485558808 0.482749 0.499542 0.500491 0.488749 0.505542 0.506491 8
2.20096759842 0.482736 0.499542 0.500489 0.488736 0.505542 0.506489 8
2.19709087883 0.482724 0.499542 0.500488 0.488724 0.505542 0.506488 8
2.19322537601 0.482709 0.49954 0.500486 0.488709 0.50554 0.506486 8
2.18937103703 0.482698 0.499542 0.500484 0.488698 0.505542 0.506484 8
2.18552780928 0.482684 0.49954 0.50048 0.488684 0.50554 0.50648 8
2.18169564051 0.482671 0.49954 0.500478 0.488671 0.50554 0.506478 8
2.1778744788 0.482656 0.49954 0.500476 0.488656 0.50554 0.506476 8
2.17406427256 0.482642 0.49954 0.500476 0.488642 0.50554 0.506476 8
2.17026497053 0.482629 0.49954 0.500476 0.488629 0.50554 0.506476 8
2.1664765218 0.482614 0.499538 0.500474 0.488614 0.505538 0.506474 8
2.16269887575 0.482602 0.499538 0.500474 0.488602 0.505538 0.506474 8
2.15893198211 0.482589 0.499538 0.500472 0.488589 0.505538 0.506472 8
2.15517579093 0.482576 0.499538 0.500472 0.488576 0.505538 0.506472 8
2.15143025257 0.482564 0.499538 0.50047 0.488564 0.505538 0.50647 8
2.1476953177 0.482551 0.499536 0.500469 0.488551 0.505536 0.506469 8
2.14397093731 0.482538 0.499536 0.500469 0.488538 0.505536 0.506469 8
2.14025706271 0.482524 0.499536 0.500467 0.488524 0.505536 0.506467 8
2.13655364551 0.482513 0.499536 0.500467 0.488513 0.505536 0.506467 8
2.13286063762 0.482499 0.499536 0.500465 0.488499 0.505536 0.506465 8
2.12917799125 0.482488 0.499534 0.500463 0.488488 0.505534 0.506463 8
2.12550565893 0.482476 0.499534 0.500463 0.488476 0.505534 0.506463 8
2.12184359347 0.482463 0.499534 0.500463 0.488463 0.505534 0.506463 8
2.11819174799 0.482452 0.499536 0.500463 0.488452 0.505536 0.506463 8
2.11455007588 0.482438 0.499536 0.500463 0.488438 0.505536 0.506463 8
2.11091853086 0.482427 0.499536 0.500461 0.488427 0.505536 0.506461 8
2.1072970669 0.482414 0.499536 0.500459 0.488414 0.505536 0.506459 8
2.10368563827 0.4824 0.499536 0.500459 0.4884 0.505536 0.506459 8
2.10008419955 0.482387 0.499536 0.500457 0.488387 0.505536 0.506457 8
2.09649270555 0.482373 0.499534 0.500457 0.488373 0.505534 0.506457 8
2.09291111141 0.48236 0.499534 0.500455 0.48836 0.505534 0.506455 8
2.08933937252 0.482347 0.499534 0.500455 0.488347 0.505534 0.506455 8
2.08577744454 0.482333 0.499534 0.500455 0.488333 0.505534 0.506455 8
2.08222528344 0.48232 0.499532 0.500453 0.48832 0.505532 0.506453 8
2.07868284542 0.482307 0.499532 0.500453 0.488307 0.505532 0.506453 8
2.07515008697 0.482293 0.49953 0.500451 0.488293 0.50553 0.506451 8
2.07162696484 0.48228 0.49953 0.500453 0.48828 0.50553 0.506453 8
2.06811343605 0.482267 0.499528 0.500451 0.488267 0.505528 0.506451 8
2.06460945788 0.482253 0.499528 0.500451 0.488253 0.505528 0.506451 8
2.06111498788 0.48224 0.499526 0.500451 0.48824 0.505526 0.506451 8
2.05762998383 0.482229 0.499526 0.500449 0.488229 0.505526 0.506449 8
2.05415440381 0.482215 0.499526 0.500449 0.488215 0.505526 0.506449 8
2.05068820611 0.482202 0.499524 0.500449 0.488202 0.505524 0.506449 8
2.04723134931 0.482188 0.499524 0.500449 0.488188 0.505524 0.506449 8
2.04378379222 0.482175 0.499522 0.500448 0.488175 0.505522 0.506448 8
2.04034549391 0.482162 0.499521 0.500446 0.488162 0.505521 0.506446 8
2.03691641368 0.482148 0.499519 0.500444 0.488148 0.505519 0.506444 8
2.03349651109 0.482135 0.499519 0.500444 0.488135 0.505519 0.506444 8
2.03008574594 0.482122 0.499517 0.500444 0.488122 0.505517 0.506444 8
2.02668407827 0.482108 0.499517 0.500444 0.488108 0.505517 0.506444 8
2.02329146837 0.482095 0.499515 0.500444 0.488095 0.505515 0.506444 8
2.01990787675 0.482082 0.499513 0.500444 0.488082 0.505513 0.506444 8
2.01653326416 0.482068 0.499511 0.500444 0.488068 0.505511 0.506444 8
2.0131675916 0.482057 0.499509 0.500442 0.488057 0.505509 0.506442 8
2.00981082028 0.482045 0.499509 0.500442 0.488045 0.505509 0.506442 8
2.00646291165 0.482032 0.499505 0.50044 0.488032 0.505505 0.50644 8
2.0031238274036 0.482019 0.499505 0.50044 0.488019 0.505505 0.50644 8
1.9997938414155 0.482005 0.499503 0.50044 0.488005 0.505503 0.50644 8
1.9964719798568 0.481992 0.499501 0.500438 0.487992 0.505501 0.506438 8
1.99315914111 0.481981 0.499501 0.500438 0.487981 0.505501 0.506438 8
1.9898549756827 0.481967 0.4995 0.500438 0.487967 0.5055 0.506438 8
1.9865594464051 0.481954 0.4995 0.500436 0.487954 0.5055 0.506436 8
1.9832725162947 0.481941 0.499498 0.500436 0.487941 0.505498 0.506436 8
1.9799941485863 0.481927 0.499498 0.500436 0.487927 0.505498 0.506436 8
1.9767243067301 0.481914 0.499496 0.500434 0.487914 0.505496 0.506434 8
1.9734629543904 0.4819 0.499494 0.500434 0.4879 0.505494 0.506434 8
1.9702100554436 0.481887 0.499492 0.500432 0.487887 0.505492 0.506432 8
1.9669655739768 0.481874 0.499492 0.500432 0.487874 0.505492 0.506432 8
1.9637294742863 0.48186 0.49949 0.50043 0.48786 0.50549 0.50643 8
1.9605017208762 0.481847 0.499488 0.500428 0.487847 0.505488 0.506428 8
1.9572822784565 0.481834 0.499486 0.500428 0.487834 0.505486 0.506428 8
1.9540711119418 0.481822 0.499486 0.500428 0.487822 0.505486 0.506428 8
1.9508681864496 0.481809 0.499484 0.500427 0.487809 0.505484 0.506427 8
1.9476734672993 0.481796 0.499482 0.500427 0.487796 0.505482 0.506427 8
1.9444869200102 0.481782 0.499482 0.500427 0.487782 0.505482 0.506427 8
1.9413085103001 0.481769 0.499481 0.500425 0.487769 0.505481 0.506425 8
1.9381382040842 0.481754 0.499479 0.500425 0.487754 0.505479 0.506425 8
1.9349759674732 0.481738 0.499477 0.500425 0.487738 0.505477 0.506425 8
1.9318217667724 0.481725 0.499475 0.500425 0.487725 0.505475 0.506425 8
1.9286755684797 0.481712 0.499475 0.500425 0.487712 0.505475 0.506425 8
1.9255373392847 0.481696 0.499473 0.500427 0.487696 0.505473 0.506427 8
1.9224070460668 0.481681 0.499471 0.500427 0.487681 0.505471 0.506427 8
1.9192846558944 0.481668 0.499471 0.500427 0.487668 0.505471 0.506427 8
1.9161701360231 0.481654 0.499469 0.500427 0.487654 0.505469 0.506427 8
1.9130634538947 0.481641 0.499469 0.500428 0.487641 0.505469 0.506428 8
1.9099645771353 0.481628 0.499469 0.500428 0.487628 0.505469 0.506428 8
1.9068734735547 0.481612 0.499467 0.500427 0.487612 0.505467 0.506427 8
1.9037901111445 0.481599 0.499467 0.500427 0.487599 0.505467 0.506427 8
1.9007144580769 0.481584 0.499465 0.500427 0.487584 0.505465 0.506427 8
1.8976464827038 0.481571 0.499465 0.500427 0.487571 0.505465 0.506427 8
1.8945861535551 0.481555 0.499463 0.500427 0.487555 0.505463 0.506427 8
1.8915334393373 0.481542 0.499461 0.500425 0.487542 0.505461 0.506425 8
1.8884883089329 0.481527 0.499461 0.500425 0.487527 0.505461 0.506425 8
1.8854507313984 0.481513 0.49946 0.500425 0.487513 0.50546 0.506425 8
1.8824206759636 0.4815 0.499458 0.500425 0.4875 0.505458 0.506425 8
1.87939811203 0.481487 0.499458 0.500423 0.487487 0.505458 0.506423 8
1.87638300917 0.481471 0.499456 0.500423 0.487471 0.505456 0.506423 8
1.8733753371252 0.481458 0.499454 0.500423 0.487458 0.505454 0.506423 8
1.8703750658055 0.481445 0.499454 0.500423 0.487445 0.505454 0.506423 8
1.8673821652878 0.481429 0.499452 0.500423 0.487429 0.505452 0.506423 8
1.8643966058151 0.481416 0.499452 0.500421 0.487416 0.505452 0.506421 8
1.8614183577949 0.481401 0.49945 0.500421 0.487401 0.50545 0.506421 8
1.8584473917982 0.481385 0.499448 0.500419 0.487385 0.505448 0.506419 8
1.8554836785585 0.481372 0.499448 0.500419 0.487372 0.505448 0.506419 8
1.8525271889707 0.481357 0.499446 0.500419 0.487357 0.505446 0.506419 8
1.8495778940896 0.481344 0.499444 0.500417 0.487344 0.505444 0.506417 8
1.8466357651292 0.481328 0.499444 0.500417 0.487328 0.505444 0.506417 8
1.8437007734611 0.481315 0.499442 0.500417 0.487315 0.505442 0.506417 8
1.8407728906142 0.481302 0.499442 0.500415 0.487302 0.505442 0.506415 8
1.8378520882727 0.481286 0.49944 0.500415 0.487286 0.50544 0.506415 8
1.8349383382755 0.481273 0.49944 0.500413 0.487273 0.50544 0.506413 8
1.8320316126153 0.481258 0.499439 0.500411 0.487258 0.505439 0.506411 8
1.8291318834371 0.481242 0.499439 0.500411 0.487242 0.505439 0.506411 8
1.8262391230373 0.481229 0.499437 0.500409 0.487229 0.505437 0.506409 8
1.8233533038628 0.481214 0.499437 0.500409 0.487214 0.505437 0.506409 8
1.8204743985099 0.4812 0.499437 0.500407 0.4872 0.505437 0.506407 8
1.8176023797232 0.481187 0.499435 0.500406 0.487187 0.505435 0.506406 8
1.8147372203944 0.481172 0.499435 0.500406 0.487172 0.505435 0.506406 8
1.811878893562 0.481157 0.499433 0.500404 0.487157 0.505433 0.506404 8
1.8090273724092 0.481143 0.499433 0.500402 0.487143 0.505433 0.506402 8
1.8061826302639 0.48113 0.499433 0.5004 0.48713 0.505433 0.5064 8
1.8033446405974 0.481115 0.499431 0.500398 0.487115 0.505431 0.506398 8
1.8005133770229 0.481099 0.499431 0.500398 0.487099 0.505431 0.506398 8
1.7976888132953 0.481086 0.499429 0.500396 0.487086 0.505429 0.506396 8
1.79487092331 0.481073 0.499429 0.500394 0.487073 0.505429 0.506394 8
1.7920596811016 0.481057 0.499427 0.500392 0.487057 0.505427 0.506392 8
1.7892550608433 0.481044 0.499427 0.500392 0.487044 0.505427 0.506392 8
1.7864570368459 0.481029 0.499425 0.50039 0.487029 0.505425 0.50639 8
1.7836655835568 0.481015 0.499425 0.500388 0.487015 0.505425 0.506388 8
1.7808806755592 0.481 0.499423 0.500388 0.487 0.505423 0.506388 8
1.7781022875711 0.480987 0.499423 0.500386 0.486987 0.505423 0.506386 8
1.7753303944442 0.480972 0.499423 0.500385 0.486972 0.505423 0.506385 8
1.7725649711635 0.480958 0.499421 0.500383 0.486958 0.505421 0.506383 8
1.7698059928459 0.480943 0.499421 0.500381 0.486943 0.505421 0.506381 8
1.7670534347396 0.480928 0.499419 0.500379 0.486928 0.505419 0.506379 8
1.7643072722229 0.480914 0.499419 0.500377 0.486914 0.505419 0.506377 8
1.7615674808041 0.480899 0.499418 0.500375 0.486899 0.505418 0.506375 8
1.7588340361195 0.480886 0.499418 0.500373 0.486886 0.505418 0.506373 8
1.7561069139335 0.480871 0.499416 0.500371 0.486871 0.505416 0.506371 8
1.7533860901374 0.480857 0.499416 0.500369 0.486857 0.505416 0.506369 8
1.7506715407484 0.480842 0.499414 0.500367 0.486842 0.505414 0.506367 8
1.7479633089343 0.480829 0.499414 0.500366 0.486829 0.505414 0.506366 8
1.7452611698792 0.480813 0.499412 0.500364 0.486813 0.505412 0.506364 8
1.7425653010697 0.4808 0.499412 0.500362 0.4868 0.505412 0.506362 8
1.7398756119735 0.480785 0.49941 0.50036 0.486785 0.50541 0.50636 8
1.7371920792325 0.480771 0.499408 0.500358 0.486771 0.505408 0.506358 8
1.7345146796027 0.480758 0.499408 0.500356 0.486758 0.505408 0.506356 8
1.7318433899609 0.480743 0.499406 0.500356 0.486743 0.505406 0.506356 8
1.7291781873031 0.480729 0.499406 0.500354 0.486729 0.505406 0.506354 8
1.7265190487441 0.480714 0.499404 0.500352 0.486714 0.505404 0.506352 8
1.7238659515168 0.480699 0.499402 0.50035 0.486699 0.505402 0.50635 8
1.7212188729713 0.480685 0.4994 0.500348 0.486685 0.5054 0.506348 8
1.7185777905739 0.480672 0.4994 0.500346 0.486672 0.5054 0.506346 8
1.7159426819069 0.480659 0.499398 0.500345 0.486659 0.505398 0.506345 8
1.7133135246674 0.480644 0.499397 0.500343 0.486644 0.505397 0.506343 8
1.7106902966666 0.48063 0.499395 0.500341 0.48663 0.505395 0.506341 8
1.7080729758291 0.480615 0.499395 0.500339 0.486615 0.505395 0.506339 8
1.7054615401925 0.480602 0.499393 0.500337 0.486602 0.505393 0.506337 8
1.7028559679061 0.480586 0.499391 0.500337 0.486586 0.505391 0.506337 8
1.7002562372304 0.480573 0.499391 0.500335 0.486573 0.505391 0.506335 8
1.6976623265366 0.48056 0.499389 0.500331 0.48656 0.505389 0.506331 8
1.6950742143057 0.480544 0.499387 0.500331 0.486544 0.505387 0.506331 8
1.6924918791277 0.480531 0.499387 0.500329 0.486531 0.505387 0.506329 8
1.6899152997011 0.480518 0.499385 0.500327 0.486518 0.505385 0.506327 8
1.6873444548319 0.480504 0.499385 0.500325 0.486504 0.505385 0.506325 8
1.6847793234334 0.480491 0.499383 0.500325 0.486491 0.505383 0.506325 8
1.6796661172319 0.480462 0.499379 0.500322 0.486462 0.505379 0.506322 8
1.6771180007842 0.480449 0.499379 0.50032 0.486449 0.505379 0.50632 8
1.6745755145163 0.480434 0.499378 0.50032 0.486434 0.505378 0.50632 8
1.6720386378662 0.48042 0.499378 0.500318 0.48642 0.505378 0.506318 8
1.669507350375 0.480407 0.499376 0.500316 0.486407 0.505376 0.506316 8
1.6669816316859 0.480392 0.499376 0.500316 0.486392 0.505376 0.506316 8
1.6644614615441 0.480378 0.499374 0.500314 0.486378 0.505374 0.506314 8
1.6619468197954 0.480365 0.499374 0.500312 0.486365 0.505374 0.506312 8
1.6594376863864 0.48035 0.499372 0.500312 0.48635 0.505372 0.506312 8
1.6569340413632 0.480335 0.49937 0.50031 0.486335 0.50537 0.50631 8
1.654435864871 0.480321 0.49937 0.500308 0.486321 0.50537 0.506308 8
1.6519431371538 0.480308 0.49937 0.50031 0.486308 0.50537 0.50631 8
1.6494558385531 0.480293 0.499368 0.500308 0.486293 0.505368 0.506308 8
1.6469739495078 0.480279 0.499368 0.500306 0.486279 0.505368 0.506306 8
1.6444974505536 0.480266 0.499366 0.500304 0.486266 0.505366 0.506304 8
1.642026322322 0.480251 0.499364 0.500304 0.486251 0.505364 0.506304 8
1.6395605455401 0.480237 0.499364 0.500303 0.486237 0.505364 0.506303 8
1.6371001010298 0.480222 0.499364 0.500303 0.486222 0.505364 0.506303 8
1.6346449697072 0.480209 0.499362 0.500301 0.486209 0.505362 0.506301 8
1.6321951325822 0.480195 0.499362 0.500299 0.486195 0.505362 0.506299 8
1.6297505707576 0.48018 0.499362 0.500299 0.48618 0.505362 0.506299 8
1.6273112654289 0.480167 0.499362 0.500297 0.486167 0.505362 0.506297 8
1.6248771978833 0.480153 0.49936 0.500295 0.486153 0.50536 0.506295 8
1.6224483494995 0.48014 0.49936 0.500293 0.48614 0.50536 0.506293 8
1.6200247017471 0.480125 0.499358 0.500291 0.486125 0.505358 0.506291 8
1.6176062361855 0.480111 0.499358 0.500291 0.486111 0.505358 0.506291 8
1.6151929344643 0.480098 0.499358 0.500289 0.486098 0.505358 0.506289 8
1.612784778322 0.480083 0.499357 0.500287 0.486083 0.505357 0.506287 8
1.6103817495854 0.480069 0.499357 0.500285 0.486069 0.505357 0.506285 8
1.6079838301697 0.480054 0.499357 0.500285 0.486054 0.505357 0.506285 8
1.6055910020775 0.480041 0.499355 0.500282 0.486041 0.505355 0.506282 8
1.6032032473981 0.480027 0.499355 0.500282 0.486027 0.505355 0.506282 8
1.6008205483076 0.480012 0.499353 0.50028 0.486012 0.505353 0.50628 8
1.5984428870676 0.479999 0.499353 0.500278 0.485999 0.505353 0.506278 8
1.5960702460252 0.479984 0.499353 0.500278 0.485984 0.505353 0.506278 8
1.5937026076125 0.47997 0.499351 0.500276 0.48597 0.505351 0.506276 8
1.5913399543457 0.479957 0.499351 0.500274 0.485957 0.505351 0.506274 8
1.5889822688249 0.479942 0.499349 0.500274 0.485942 0.505349 0.506274 8
1.5866295337334 0.47993 0.499349 0.500272 0.48593 0.505349 0.506272 8
1.5842817318373 0.479915 0.499347 0.50027 0.485915 0.505347 0.50627 8
1.5819388459852 0.479902 0.499345 0.50027 0.485902 0.505345 0.50627 8
1.5796008591072 0.479888 0.499345 0.50027 0.485888 0.505345 0.50627 8
1.5772677542148 0.479873 0.499343 0.500268 0.485873 0.505343 0.506268 8
1.5749395144003 0.47986 0.499343 0.500268 0.48586 0.505343 0.506268 8
1.5726161228363 0.479846 0.499341 0.500266 0.485846 0.505341 0.506266 8
1.5702975627753 0.479833 0.499341 0.500266 0.485833 0.505341 0.506266 8
1.567983817549 0.479818 0.499339 0.500264 0.485818 0.505339 0.506264 8
1.5656748705681 0.479806 0.499339 0.500264 0.485806 0.505339 0.506264 8
1.5633707053216 0.479791 0.499337 0.500264 0.485791 0.505337 0.506264 8
1.5610713053765 0.479778 0.499337 0.500264 0.485778 0.505337 0.506264 8
1.5587766543771 0.479764 0.499336 0.500263 0.485764 0.505336 0.506263 8
1.556486736045 0.479751 0.499336 0.500263 0.485751 0.505336 0.506263 8
1.554201534178 0.479738 0.499336 0.500263 0.485738 0.505336 0.506263 8
1.5519210326502 0.479724 0.499334 0.500261 0.485724 0.505334 0.506261 8
1.5496452154112 0.479713 0.499334 0.500261 0.485713 0.505334 0.506261 8
1.5473740664858 0.479699 0.499334 0.500261 0.485699 0.505334 0.506261 8
1.5451075699736 0.479686 0.499332 0.500259 0.485686 0.505332 0.506259 8
1.5428457100484 0.479671 0.49933 0.500259 0.485671 0.50533 0.506259 8
1.5405884709578 0.479659 0.49933 0.500259 0.485659 0.50533 0.506259 8
1.5383358370229 0.479646 0.499328 0.500257 0.485646 0.505328 0.506257 8
1.5360877926378 0.479633 0.499328 0.500257 0.485633 0.505328 0.506257 8
1.5338443222689 0.479619 0.499326 0.500257 0.485619 0.505326 0.506257 8
1.5316054104551 0.479608 0.499326 0.500255 0.485608 0.505326 0.506255 8
1.5293710418066 0.479594 0.499324 0.500255 0.485594 0.505324 0.506255 8
1.5271412010051 0.479581 0.499322 0.500253 0.485581 0.505322 0.506253 8
1.5249158728031 0.479568 0.499322 0.500253 0.485568 0.505322 0.506253 8
1.5226950420235 0.479554 0.49932 0.500253 0.485554 0.50532 0.506253 8
1.5204786935592 0.479541 0.49932 0.500251 0.485541 0.50532 0.506251 8
1.5182668123726 0.47953 0.499318 0.500251 0.48553 0.505318 0.506251 8
1.5160593834956 0.479516 0.499318 0.500249 0.485516 0.505318 0.506249 8
1.5138563920287 0.479503 0.499318 0.500249 0.485503 0.505318 0.506249 8
1.5116578231407 0.47949 0.499316 0.500247 0.48549 0.505316 0.506247 8
1.5094636620686 0.479478 0.499316 0.500247 0.485478 0.505316 0.506247 8
1.5072738941169 0.479465 0.499315 0.500245 0.485465 0.505315 0.506245 8
1.5050885046572 0.479451 0.499313 0.500243 0.485451 0.505313 0.506243 8
1.5029074791281 0.47944 0.499313 0.500243 0.48544 0.505313 0.506243 8
1.5007308030346 0.479427 0.499311 0.500243 0.485427 0.505311 0.506243 8
1.4985585349142 0.479413 0.499309 0.500242 0.485413 0.505309 0.506242 8
1.4963904414965 0.479402 0.499309 0.500242 0.485402 0.505309 0.506242 8
1.4942267274051 0.479388 0.499307 0.50024 0.485388 0.505307 0.50624 8
1.4920673054184 0.479375 0.499305 0.50024 0.485375 0.505305 0.50624 8
1.4899121613751 0.479362 0.499303 0.500238 0.485362 0.505303 0.506238 8
1.4877612811706 0.479348 0.499303 0.500238 0.485348 0.505303 0.506238 8
1.4856146507643 0.479335 0.499301 0.500238 0.485335 0.505301 0.506238 8
1.4834722561789 0.479322 0.499299 0.500238 0.485322 0.505299 0.506238 8
1.4813340835004 0.479308 0.499299 0.500236 0.485308 0.505299 0.506236 8
1.479200118877 0.479295 0.499297 0.500234 0.485295 0.505297 0.506234 8
1.4770703485198 0.479282 0.499297 0.500234 0.485282 0.505297 0.506234 8
1.4749447587016 0.479268 0.499295 0.500232 0.485268 0.505295 0.506232 8
1.4728233357567 0.479255 0.499295 0.500232 0.485255 0.505295 0.506232 8
1.4707060660811 0.47924 0.499294 0.500232 0.48524 0.505294 0.506232 8
1.4685929361312 0.479228 0.499294 0.50023 0.485228 0.505294 0.50623 8
1.4664839324245 0.479215 0.499294 0.500228 0.485215 0.505294 0.506228 8
1.4643790415384 0.479202 0.499292 0.500228 0.485202 0.505292 0.506228 8
1.4622782501103 0.479188 0.499292 0.500226 0.485188 0.505292 0.506226 8
1.4601815448371 0.479175 0.49929 0.500224 0.485175 0.50529 0.506224 8
1.4580889124751 0.479162 0.499288 0.500224 0.485162 0.505288 0.506224 8
1.4560003398394 0.479148 0.499288 0.500222 0.485148 0.505288 0.506222 8
1.4539158138035 0.479135 0.499286 0.500222 0.485135 0.505286 0.506222 8
1.4518353212993 0.479121 0.499284 0.500221 0.485121 0.505284 0.506221 8
1.4497588493167 0.479108 0.499282 0.500221 0.485108 0.505282 0.506221 8
1.4476863849028 0.479095 0.499282 0.500219 0.485095 0.505282 0.506219 8
1.4456179151622 0.479081 0.49928 0.500219 0.485081 0.50528 0.506219 8
1.4435534272566 0.479068 0.499278 0.500217 0.485068 0.505278 0.506217 8
1.4414929084039 0.479055 0.499278 0.500217 0.485055 0.505278 0.506217 8
1.4394363458787 0.479039 0.499276 0.500215 0.485039 0.505276 0.506215 8
1.4373837270112 0.479026 0.499275 0.500215 0.485026 0.505275 0.506215 8
1.4353272686041 0.479015 0.499275 0.500213 0.485015 0.505275 0.506213 8
1.4332831879998 0.479001 0.499273 0.500213 0.485001 0.505273 0.506213 8
1.4312432599335 0.478988 0.499273 0.500211 0.484988 0.505273 0.506211 8
1.4292074710307 0.478975 0.499271 0.500211 0.484975 0.505271 0.506211 8
1.4271758079758 0.478961 0.499269 0.500209 0.484961 0.505269 0.506209 8
1.425148257512 0.47895 0.499267 0.500207 0.48495 0.505267 0.506207 8
1.4231247090219 0.478936 0.499267 0.500207 0.484936 0.505267 0.506207 8
1.4211012465037 0.478923 0.499263 0.500205 0.484923 0.505263 0.506205 8
1.4190818688353 0.47891 0.499263 0.500205 0.48491 0.505263 0.506205 8
1.4170665629466 0.478894 0.499261 0.500205 0.484894 0.505261 0.506205 8
1.4150553158249 0.478881 0.499259 0.500203 0.484881 0.505259 0.506203 8
1.4130481145143 0.47887 0.499259 0.500203 0.48487 0.505259 0.506203 8
1.4110449461156 0.478856 0.499257 0.500201 0.484856 0.505257 0.506201 8
1.4090457977858 0.478843 0.499255 0.500201 0.484843 0.505255 0.506201 8
1.4070506567378 0.47883 0.499254 0.5002 0.48483 0.505254 0.5062 8
1.4050595102402 0.478818 0.499252 0.5002 0.484818 0.505252 0.5062 8
1.403072345617 0.478805 0.49925 0.500198 0.484805 0.50525 0.506198 8
1.4010891502472 0.478791 0.499246 0.500198 0.484791 0.505246 0.506198 8
1.3991100203328 0.478778 0.499244 0.500196 0.484778 0.505244 0.506196 8
1.397134617046 0.478765 0.499242 0.500196 0.484765 0.505242 0.506196 8
1.3951632542669 0.478751 0.49924 0.500194 0.484751 0.50524 0.506194 8
1.3931958107906 0.478738 0.499238 0.500196 0.484738 0.505238 0.506196 8
1.3912322742775 0.478727 0.499236 0.500194 0.484727 0.505236 0.506194 8
1.3892713301326 0.478713 0.499234 0.500194 0.484713 0.505234 0.506194 8
1.3873114644538 0.4787 0.499233 0.500194 0.4847 0.505233 0.506194 8
1.3853554804948 0.478687 0.499231 0.500192 0.484687 0.505231 0.506192 8
1.3834033660737 0.478675 0.499229 0.50019 0.484675 0.505229 0.50619 8
1.3814551090611 0.47866 0.499225 0.50019 0.48466 0.505225 0.50619 8
1.3795106973795 0.478647 0.499223 0.50019 0.484647 0.505223 0.50619 8
1.3775701190031 0.478635 0.499223 0.50019 0.484635 0.505223 0.50619 8
1.3756333619578 0.478622 0.499221 0.50019 0.484622 0.505221 0.50619 8
1.3737004143204 0.478608 0.499219 0.500188 0.484608 0.505219 0.506188 8
1.3717712642187 0.478595 0.499217 0.500188 0.484595 0.505217 0.506188 8
1.3698458998311 0.478582 0.499215 0.500186 0.484582 0.505215 0.506186 8
1.3679243093863 0.478568 0.499213 0.500186 0.484568 0.505213 0.506186 8
1.3660064811632 0.478555 0.499213 0.500186 0.484555 0.505213 0.506186 8
1.3640924034903 0.478542 0.499212 0.500186 0.484542 0.505212 0.506186 8
1.3621820647459 0.47853 0.499212 0.500184 0.48453 0.505212 0.506184 8
1.3602754533574 0.478517 0.49921 0.500184 0.484517 0.50521 0.506184 8
1.3583725578012 0.478503 0.499208 0.500184 0.484503 0.505208 0.506184 8
1.3564720710885 0.478492 0.499208 0.500182 0.484492 0.505208 0.506182 8
1.3545724551229 0.478479 0.499206 0.500182 0.484479 0.505206 0.506182 8
1.3526765320226 0.478465 0.499204 0.500182 0.484465 0.505204 0.506182 8
1.3507842904159 0.478454 0.499202 0.500181 0.484454 0.505202 0.506181 8
1.3488957189795 0.478441 0.4992 0.500181 0.484441 0.5052 0.506181 8
1.3470108064374 0.478427 0.499198 0.500181 0.484427 0.505198 0.506181 8
1.3451295415611 0.478414 0.499196 0.500181 0.484414 0.505196 0.506181 8
1.3432519131693 0.478402 0.499194 0.500181 0.484402 0.505194 0.506181 8
1.3413779101274 0.478389 0.499194 0.500181 0.484389 0.505194 0.506181 8
1.3395075213476 0.478378 0.499192 0.500181 0.484378 0.505192 0.506181 8
1.3376407357884 0.478364 0.499191 0.500181 0.484364 0.505191 0.506181 8
1.3357775424546 0.478353 0.499189 0.500181 0.484353 0.505189 0.506181 8
1.3339179303966 0.478339 0.499187 0.500181 0.484339 0.505187 0.506181 8
1.3320618887107 0.478328 0.499185 0.500181 0.484328 0.505185 0.506181 8
1.3302094065385 0.478315 0.499183 0.500181 0.484315 0.505183 0.506181 8
1.3283604730669 0.478303 0.499181 0.500181 0.484303 0.505181 0.506181 8
1.3265150775276 0.47829 0.499179 0.500181 0.48429 0.505179 0.506181 8
1.3246731555682 0.478277 0.499177 0.500181 0.484277 0.505177 0.506181 8
1.322830671881 0.478263 0.499175 0.500181 0.484263 0.505175 0.506181 8
1.3209917052377 0.47825 0.499173 0.500181 0.48425 0.505173 0.506181 8
1.3191562450075 0.478236 0.499173 0.500182 0.484236 0.505173 0.506182 8
1.3173242806037 0.478225 0.499172 0.500182 0.484225 0.505172 0.506182 8
1.315495801483 0.478212 0.49917 0.500182 0.484212 0.50517 0.506182 8
1.3136707971458 0.4782 0.49917 0.500182 0.4842 0.50517 0.506182 8
1.3118492571358 0.478189 0.499168 0.500182 0.484189 0.505168 0.506182 8
1.3100311710395 0.478175 0.499168 0.500184 0.484175 0.505168 0.506184 8
1.3082165284865 0.478164 0.499166 0.500184 0.484164 0.505166 0.506184 8
1.3064053191487 0.478151 0.499164 0.500184 0.484151 0.505164 0.506184 8
1.3045975327407 0.478139 0.499162 0.500184 0.484139 0.505162 0.506184 8
1.3027931590189 0.478128 0.49916 0.500184 0.484128 0.50516 0.506184 8
1.3009921877818 0.478114 0.499158 0.500186 0.484114 0.505158 0.506186 8
1.299194707963 0.478103 0.499156 0.500186 0.484103 0.505156 0.506186 8
1.2974004121541 0.47809 0.499154 0.500186 0.48409 0.505154 0.506186 8
1.2956095875879 0.478076 0.499152 0.500188 0.484076 0.505152 0.506188 8
1.2938221251054 0.478063 0.499151 0.500188 0.484063 0.505151 0.506188 8
1.2920363145865 0.478051 0.499151 0.500188 0.484051 0.505151 0.506188 8
1.2902514086595 0.478038 0.499149 0.50019 0.484038 0.505149 0.50619 8
1.2884698459229 0.478025 0.499149 0.500192 0.484025 0.505149 0.506192 8
1.2866916164643 0.478013 0.499149 0.500192 0.484013 0.505149 0.506192 8
1.2849167104117 0.478002 0.499149 0.500192 0.484002 0.505149 0.506192 8
1.2831451179328 0.47799 0.499149 0.500194 0.48399 0.505149 0.506194 8
1.2813768292352 0.477981 0.499147 0.500192 0.483981 0.505147 0.506192 8
1.2796118345661 0.477968 0.499145 0.500192 0.483968 0.505145 0.506192 8
1.2778501242122 0.477956 0.499143 0.500194 0.483956 0.505143 0.506194 8
1.276091688499 0.477945 0.499141 0.500194 0.483945 0.505141 0.506194 8
1.2743365177914 0.477931 0.499141 0.500196 0.483931 0.505141 0.506196 8
1.2725846024928 0.477922 0.499139 0.500196 0.483922 0.505139 0.506196 8
1.2708359330452 0.477908 0.499139 0.500196 0.483908 0.505139 0.506196 8
1.269090499929 0.477897 0.499137 0.500196 0.483897 0.505137 0.506196 8
1.2673482936628 0.477886 0.499133 0.500198 0.483886 0.505133 0.506198 8
1.2656093048032 0.477872 0.499133 0.5002 0.483872 0.505133 0.5062 8
1.2638735239446 0.477861 0.499133 0.5002 0.483861 0.505133 0.5062 8
1.2621409417188 0.477849 0.499131 0.5002 0.483849 0.505131 0.5062 8
1.2604094614521 0.477838 0.499131 0.500201 0.483838 0.505131 0.506201 8
1.2586791022481 0.477826 0.499131 0.500201 0.483826 0.505131 0.506201 8
1.2569519245826 0.477817 0.49913 0.500201 0.483817 0.50513 0.506201 8
1.2552279191991 0.477805 0.499128 0.500201 0.483805 0.505128 0.506201 8
1.2535070768777 0.477794 0.499126 0.500203 0.483794 0.505126 0.506203 8
1.2517893884352 0.477783 0.499126 0.500203 0.483783 0.505126 0.506203 8
1.2500748447246 0.477771 0.499124 0.500205 0.483771 0.505124 0.506205 8
1.2483634366356 0.477762 0.499122 0.500205 0.483762 0.505122 0.506205 8
1.2466551550936 0.47775 0.499122 0.500207 0.48375 0.505122 0.506207 8
1.2449499910602 0.477741 0.49912 0.500207 0.483741 0.50512 0.506207 8
1.2432479355326 0.477729 0.499118 0.500207 0.483729 0.505118 0.506207 8
1.2415489795434 0.47772 0.499116 0.500207 0.48372 0.505116 0.506207 8
1.2398531141609 0.477708 0.499114 0.500207 0.483708 0.505114 0.506207 8
1.2381603304882 0.477697 0.499112 0.500209 0.483697 0.505112 0.506209 8
1.2364706196638 0.477687 0.49911 0.500209 0.483687 0.50511 0.506209 8
1.2347839728608 0.477676 0.499109 0.500209 0.483676 0.505109 0.506209 8
1.2331003812871 0.477664 0.499109 0.500211 0.483664 0.505109 0.506211 8
1.2314198361849 0.477655 0.499107 0.500213 0.483655 0.505107 0.506213 8
1.229741134059 0.477645 0.499107 0.500213 0.483645 0.505107 0.506213 8
1.2280624982211 0.477636 0.499105 0.500213 0.483636 0.505105 0.506213 8
1.226386893412 0.477626 0.499103 0.500213 0.483626 0.505103 0.506213 8
1.2247143109743 0.477618 0.499103 0.500213 0.483618 0.505103 0.506213 8
1.2230447422846 0.477609 0.499101 0.500215 0.483609 0.505101 0.506215 8
1.2213781787528 0.477601 0.499099 0.500213 0.483601 0.505099 0.506213 8
1.2197146118225 0.477592 0.499095 0.500213 0.483592 0.505095 0.506213 8
1.2180540329707 0.477582 0.499093 0.500213 0.483582 0.505093 0.506213 8
1.2163964337072 0.477573 0.49909 0.500213 0.483573 0.50509 0.506213 8
1.214741805575 0.477563 0.499088 0.500213 0.483563 0.505088 0.506213 8
1.21309014015 0.477556 0.499086 0.500213 0.483556 0.505086 0.506213 8
1.2114414290405 0.477546 0.499084 0.500213 0.483546 0.505084 0.506213 8
1.2097956638876 0.477536 0.499084 0.500213 0.483536 0.505084 0.506213 8
1.2081528363644 0.477527 0.499084 0.500213 0.483527 0.505084 0.506213 8
1.2065129381764 0.477517 0.499082 0.500211 0.483517 0.505082 0.506211 8
1.2048759610611 0.47751 0.49908 0.500209 0.48351 0.50508 0.506209 8
1.2032418967877 0.4775 0.49908 0.500209 0.4835 0.50508 0.506209 8
1.2016107371574 0.477491 0.49908 0.500207 0.483491 0.50508 0.506207 8
1.1999826349479 0.477483 0.49908 0.500205 0.483483 0.50508 0.506205 8
1.1983539275047 0.477474 0.499078 0.500203 0.483474 0.505078 0.506203 8
1.19672727211 0.477466 0.499078 0.500201 0.483466 0.505078 0.506201 8
1.1951034993016 0.477456 0.499078 0.5002 0.483456 0.505078 0.5062 8
1.1934826010181 0.477449 0.499076 0.500198 0.483449 0.505076 0.506198 8
1.191864569213 0.477439 0.499076 0.500196 0.483439 0.505076 0.506196 8
1.1902493958705 0.477432 0.499076 0.500194 0.483432 0.505076 0.506194 8
1.1886370730057 0.477422 0.499076 0.500192 0.483422 0.505076 0.506192 8
1.1870275926638 0.477412 0.499076 0.50019 0.483412 0.505076 0.50619 8
1.1854209469207 0.477405 0.499076 0.500186 0.483405 0.505076 0.506186 8
1.1838171278823 0.477395 0.499076 0.500184 0.483395 0.505076 0.506184 8
1.1822161276845 0.477386 0.499074 0.500182 0.483386 0.505074 0.506182 8
1.1806179384934 0.477376 0.499074 0.500181 0.483376 0.505074 0.506181 8
1.1790225525045 0.477367 0.499074 0.500179 0.483367 0.505074 0.506179 8
1.1774299619431 0.477357 0.499074 0.500177 0.483357 0.505074 0.506177 8
1.175840159064 0.477348 0.499074 0.500173 0.483348 0.505074 0.506173 8
1.1742531361512 0.477336 0.499072 0.500171 0.483336 0.505072 0.506171 8
1.1726688855181 0.477327 0.499074 0.500169 0.483327 0.505074 0.506169 8
1.1710873995068 0.477317 0.499072 0.500167 0.483317 0.505072 0.506167 8
1.1695086704887 0.477306 0.499074 0.500165 0.483306 0.505074 0.506165 8
1.1679288455783 0.477296 0.499072 0.500163 0.483296 0.505072 0.506163 8
1.1663514409694 0.477287 0.499074 0.50016 0.483287 0.505074 0.50616 8
1.1647767809105 0.477277 0.499074 0.500156 0.483277 0.505074 0.506156 8
1.1632048578537 0.477268 0.499074 0.500152 0.483268 0.505074 0.506152 8
1.1616356642794 0.477258 0.499072 0.500148 0.483258 0.505072 0.506148 8
1.1600691926961 0.477247 0.49907 0.500146 0.483247 0.50507 0.506146 8
1.1585054356406 0.477235 0.499069 0.500144 0.483235 0.505069 0.506144 8
1.1569443856777 0.477224 0.499069 0.500142 0.483224 0.505069 0.506142 8
1.1553860353997 0.477212 0.49907 0.500139 0.483212 0.50507 0.506139 8
1.1538303774269 0.477203 0.49907 0.500135 0.483203 0.50507 0.506135 8
1.152277404407 0.477191 0.499069 0.500131 0.483191 0.505069 0.506131 8
1.1507271090154 0.477178 0.499069 0.500131 0.483178 0.505069 0.506131 8
1.1491794839545 0.477168 0.49907 0.500127 0.483168 0.50507 0.506127 8
1.1476345219541 0.477155 0.49907 0.500125 0.483155 0.50507 0.506125 8
1.1460922157708 0.477145 0.49907 0.500121 0.483145 0.50507 0.506121 8
1.1445525581884 0.477134 0.49907 0.500119 0.483134 0.50507 0.506119 8
1.1430155420174 0.477123 0.49907 0.500116 0.483123 0.50507 0.506116 8
1.1414811600948 0.477111 0.49907 0.500114 0.483111 0.50507 0.506114 8
1.1399494052845 0.477102 0.49907 0.50011 0.483102 0.50507 0.50611 8
1.1384170721205 0.47709 0.499069 0.500108 0.48309 0.505069 0.506108 8
1.1368863749184 0.477077 0.499069 0.500106 0.483077 0.505069 0.506106 8
1.1353582936909 0.477065 0.499069 0.500104 0.483065 0.505069 0.506104 8
1.1338328213744 0.477054 0.499069 0.500102 0.483054 0.505069 0.506102 8
1.1323099509312 0.477044 0.499069 0.500098 0.483044 0.505069 0.506098 8
1.1307896753495 0.477031 0.499067 0.500097 0.483031 0.505067 0.506097 8
1.1292719876434 0.47702 0.499067 0.500095 0.48302 0.505067 0.506095 8
1.1277568808527 0.477008 0.499067 0.500091 0.483008 0.505067 0.506091 8
1.1262443480426 0.476997 0.499067 0.500089 0.482997 0.505067 0.506089 8
1.1247343823041 0.476983 0.499067 0.500087 0.482983 0.505067 0.506087 8
1.1232269767532 0.476972 0.499067 0.500085 0.482972 0.505067 0.506085 8
1.1217221245313 0.47696 0.499065 0.500081 0.48296 0.505065 0.506081 8
1.120219818805 0.476949 0.499065 0.500079 0.482949 0.505065 0.506079 8
1.1187200527656 0.476938 0.499065 0.500078 0.482938 0.505065 0.506078 8
1.1172228196295 0.476926 0.499063 0.500074 0.482926 0.505063 0.506074 8
1.1157281126378 0.476913 0.499063 0.500072 0.482913 0.505063 0.506072 8
1.1142359250562 0.476901 0.499063 0.50007 0.482901 0.505063 0.50607 8
1.1127462501751 0.476888 0.499063 0.500068 0.482888 0.505063 0.506068 8
1.111259081309 0.476877 0.499063 0.500066 0.482877 0.505063 0.506066 8
1.1097731995471 0.476865 0.499061 0.500062 0.482865 0.505061 0.506062 8
1.108286836547 0.476852 0.499061 0.50006 0.482852 0.505061 0.50606 8
1.1068029696185 0.47684 0.499061 0.500058 0.48284 0.505061 0.506058 8
1.1053215921416 0.476827 0.499061 0.500057 0.482827 0.505061 0.506057 8
1.1038426975202 0.476814 0.499061 0.500055 0.482814 0.505061 0.506055 8
1.102366279182 0.476804 0.499059 0.500051 0.482804 0.505059 0.506051 8
1.1008923305784 0.476791 0.499059 0.500049 0.482791 0.505059 0.506049 8
1.0994209343228 0.476779 0.499059 0.500047 0.482779 0.505059 0.506047 8
1.0979518164907 0.476766 0.499059 0.500045 0.482766 0.505059 0.506045 8
1.0964852380451 0.476754 0.499059 0.500043 0.482754 0.505059 0.506043 8
1.0950211033669 0.476741 0.499059 0.500041 0.482741 0.505059 0.506041 8
1.0935594060336 0.476732 0.499059 0.500037 0.482732 0.505059 0.506037 8
1.092100139637 0.476718 0.499059 0.500036 0.482718 0.505059 0.506036 8
1.090643297792 0.476707 0.499059 0.500034 0.482707 0.505059 0.506034 8
1.0891888741365 0.476695 0.499057 0.50003 0.482695 0.505057 0.50603 8
1.0877368623308 0.476684 0.499059 0.500028 0.482684 0.505059 0.506028 8
1.0862872560584 0.476671 0.499059 0.500026 0.482671 0.505059 0.506026 8
1.0848400490251 0.476659 0.499059 0.500024 0.482659 0.505059 0.506024 8
1.0833952349593 0.476648 0.499057 0.50002 0.482648 0.505057 0.50602 8
1.0819528076117 0.476636 0.499057 0.500018 0.482636 0.505057 0.506018 8
1.0805106941479 0.476623 0.499055 0.500015 0.482623 0.505055 0.506015 8
1.0790688320624 0.476611 0.499055 0.500013 0.482611 0.505055 0.506013 8
1.077629347882 0.476598 0.499055 0.500009 0.482598 0.505055 0.506009 8
1.0761922354159 0.476587 0.499055 0.500007 0.482587 0.505055 0.506007 8
1.074757488495 0.476573 0.499055 0.500003 0.482573 0.505055 0.506003 8
1.0733251009724 0.476562 0.499055 0.500001 0.482562 0.505055 0.506001 8
1.0718950667229 0.476548 0.499055 0.499999 0.482548 0.505055 0.505999 8
1.0704673796431 0.476537 0.499055 0.499997 0.482537 0.505055 0.505997 8
1.0690420336511 0.476524 0.499057 0.499995 0.482524 0.505057 0.505995 8
1.0676190226866 0.476512 0.499055 0.499992 0.482512 0.505055 0.505992 8
1.0661983407107 0.476501 0.499055 0.49999 0.482501 0.505055 0.50599 8
1.064779981706 0.476489 0.499055 0.499988 0.482489 0.505055 0.505988 8
1.0633639396759 0.476476 0.499055 0.499984 0.482476 0.505055 0.505984 8
1.0619502086455 0.476465 0.499055 0.499982 0.482465 0.505055 0.505982 8
1.0605387826605 0.476451 0.499055 0.49998 0.482451 0.505055 0.50598 8
1.0591296557879 0.47644 0.499055 0.499978 0.48244 0.505055 0.505978 8
1.0577228221152 0.476426 0.499053 0.499975 0.482426 0.505053 0.505975 8
1.0563182757509 0.476415 0.499053 0.499973 0.482415 0.505053 0.505973 8
1.0549160108242 0.476402 0.499053 0.499971 0.482402 0.505053 0.505971 8
1.0535160214848 0.47639 0.499053 0.499969 0.48239 0.505053 0.505969 8
1.0521167395202 0.476379 0.499055 0.499967 0.482379 0.505055 0.505967 8
1.0507170886572 0.476365 0.499055 0.499965 0.482365 0.505055 0.505965 8
1.0493197056002 0.476354 0.499055 0.499963 0.482354 0.505055 0.505963 8
1.0479245845508 0.476342 0.499055 0.499961 0.482342 0.505055 0.505961 8
1.0465317197313 0.476331 0.499053 0.499957 0.482331 0.505053 0.505957 8
1.0451411053838 0.47632 0.499053 0.499955 0.48232 0.505053 0.505955 8
1.0437527357707 0.476306 0.499053 0.499954 0.482306 0.505053 0.505954 8
1.0423666051743 0.476295 0.499053 0.499952 0.482295 0.505053 0.505952 8
1.0409827078968 0.476283 0.499053 0.49995 0.482283 0.505053 0.50595 8
1.0396010382601 0.47627 0.499053 0.499948 0.48227 0.505053 0.505948 8
1.038221590606 0.476259 0.499051 0.499944 0.482259 0.505051 0.505944 8
1.0368443592958 0.476247 0.499051 0.499944 0.482247 0.505051 0.505944 8
1.0354693387104 0.476234 0.499049 0.49994 0.482234 0.505049 0.50594 8
1.03409652325 0.476222 0.499049 0.499938 0.482222 0.505049 0.505938 8
1.0327259073344 0.476211 0.499049 0.499936 0.482211 0.505049 0.505936 8
1.0313574854026 0.476199 0.499049 0.499934 0.482199 0.505049 0.505934 8
1.0299912519127 0.476188 0.499049 0.499933 0.482188 0.505049 0.505933 8
1.0286272013419 0.476175 0.499049 0.499931 0.482175 0.505049 0.505931 8
1.0272653281868 0.476165 0.499049 0.499931 0.482165 0.505049 0.505931 8
1.0259056269624 0.476154 0.499049 0.499929 0.482154 0.505049 0.505929 8
1.024548092203 0.476142 0.499048 0.499925 0.482142 0.505048 0.505925 8
1.0231888303845 0.476131 0.499048 0.499923 0.482131 0.505048 0.505923 8
1.0218314185409 0.476119 0.499046 0.499921 0.482119 0.505046 0.505921 8
1.0204761663521 0.476108 0.499048 0.499921 0.482108 0.505048 0.505921 8
1.0191230683987 0.476096 0.499046 0.499919 0.482096 0.505046 0.505919 8
1.0177721192797 0.476085 0.499046 0.499917 0.482085 0.505046 0.505917 8
1.0164233136128 0.476072 0.499046 0.499915 0.482072 0.505046 0.505915 8
1.0150766460341 0.47606 0.499044 0.499913 0.48206 0.505044 0.505913 8
1.0137321111979 0.476049 0.499044 0.499912 0.482049 0.505044 0.505912 8
1.0123897037767 0.476037 0.499044 0.49991 0.482037 0.505044 0.50591 8
1.0110494184614 0.476026 0.499044 0.499908 0.482026 0.505044 0.505908 8
1.0097112499608 0.476014 0.499042 0.499906 0.482014 0.505042 0.505906 8
1.0083751930018 0.476003 0.499042 0.499904 0.482003 0.505042 0.505904 8
1.0070412423292 0.475992 0.499042 0.499904 0.481992 0.505042 0.505904 8
1.0057093927056 0.47598 0.49904 0.4999 0.48198 0.50504 0.5059 8
1.0043796389116 0.475969 0.49904 0.4999 0.481969 0.50504 0.5059 8
1.0030519757451 0.475957 0.49904 0.499898 0.481957 0.50504 0.505898 8
1.0017263980221 0.475946 0.499038 0.499896 0.481946 0.505038 0.505896 8
1.0004029005759 0.475932 0.499038 0.499894 0.481932 0.505038 0.505894 8
0.99908151849774 0.475921 0.499038 0.499892 0.481921 0.505038 0.505892 8
0.9977621259302 0.475909 0.499036 0.499891 0.481909 0.505036 0.505891 8
0.9964442066201 0.475898 0.499036 0.499891 0.481898 0.505036 0.505891 8
0.99512477505904 0.475887 0.499036 0.499889 0.481887 0.505036 0.505889 8
0.99380740754435 0.475875 0.499036 0.499889 0.481875 0.505036 0.505889 8
0.99249209898576 0.475864 0.499034 0.499887 0.481864 0.505034 0.505887 8
0.99117884431012 0.475852 0.499032 0.499885 0.481852 0.505032 0.505885 8
0.98986763846134 0.475841 0.499032 0.499883 0.481841 0.505032 0.505883 8
0.98855847640033 0.475829 0.499032 0.499883 0.481829 0.505032 0.505883 8
0.9872513531049 0.475818 0.49903 0.499881 0.481818 0.50503 0.505881 8
0.98594626356973 0.475806 0.499028 0.499879 0.481806 0.505028 0.505879 8
0.98464320280626 0.475795 0.499028 0.499877 0.481795 0.505028 0.505877 8
0.98334216584263 0.475784 0.499028 0.499877 0.481784 0.505028 0.505877 8
0.98204314772362 0.475772 0.499027 0.499875 0.481772 0.505027 0.505875 8
0.98074614351057 0.475759 0.499027 0.499873 0.481759 0.505027 0.505873 8
0.9794511482813 0.475747 0.499025 0.499873 0.481747 0.505025 0.505873 8
0.97815815713007 0.475736 0.499023 0.499872 0.481736 0.505023 0.505872 8
0.97686716516747 0.475724 0.499023 0.499872 0.481724 0.505023 0.505872 8
0.97557816752041 0.475713 0.499023 0.49987 0.481713 0.505023 0.50587 8
0.97429115933197 0.475702 0.499021 0.49987 0.481702 0.505021 0.50587 8
0.9730061357614 0.47569 0.499019 0.499868 0.48169 0.505019 0.505868 8
0.97172309198403 0.475679 0.499019 0.499868 0.481679 0.505019 0.505868 8
0.9704420231912 0.475667 0.499017 0.499866 0.481667 0.505017 0.505866 8
0.96916273567839 0.475656 0.499017 0.499866 0.481656 0.505017 0.505866 8
0.96788139562448 0.475646 0.499015 0.499866 0.481646 0.505015 0.505866 8
0.96660202541673 0.475635 0.499013 0.499866 0.481635 0.505013 0.505866 8
0.96532462028342 0.475623 0.499013 0.499866 0.481623 0.505013 0.505866 8
0.96404917546858 0.475612 0.499011 0.499864 0.481612 0.505011 0.505864 8
0.96277568623195 0.475602 0.499009 0.499864 0.481602 0.505009 0.505864 8
0.96150414784893 0.475591 0.499007 0.499862 0.481591 0.505007 0.505862 8
0.96023455561049 0.475581 0.499007 0.499862 0.481581 0.505007 0.505862 8
0.95896690482309 0.47557 0.499007 0.499862 0.48157 0.505007 0.505862 8
0.95770119080867 0.475559 0.499006 0.49986 0.481559 0.505006 0.50586 8
0.95643740890455 0.475549 0.499006 0.49986 0.481549 0.505006 0.50586 8
0.95517555446334 0.475539 0.499006 0.49986 0.481539 0.505006 0.50586 8
0.95391562285293 0.47553 0.499004 0.499858 0.48153 0.505004 0.505858 8
0.95265760945641 0.475518 0.499004 0.499856 0.481518 0.505004 0.505856 8
0.95140150967197 0.475509 0.499002 0.499854 0.481509 0.505002 0.505854 8
0.9501473189129 0.475498 0.499002 0.499854 0.481498 0.505002 0.505854 8
0.94889503260746 0.475488 0.499002 0.499852 0.481488 0.505002 0.505852 8
0.94764464619888 0.475478 0.499002 0.499852 0.481478 0.505002 0.505852 8
0.94639615514525 0.475467 0.499 0.499851 0.481467 0.505 0.505851 8
0.94514955491949 0.475456 0.499 0.499849 0.481456 0.505 0.505849 8
0.94390484100927 0.475446 0.499 0.499849 0.481446 0.505 0.505849 8
0.94266200891696 0.475435 0.499 0.499847 0.481435 0.505 0.505847 8
0.94141849658816 0.475425 0.498998 0.499845 0.481425 0.504998 0.505845 8
0.94017521181351 0.475414 0.498998 0.499843 0.481414 0.504998 0.505843 8
0.93893380447803 0.475402 0.498998 0.499843 0.481402 0.504998 0.505843 8
0.93769427011677 0.475391 0.498998 0.499841 0.481391 0.504998 0.505841 8
0.93645660427928 0.475381 0.498998 0.499839 0.481381 0.504998 0.505839 8
0.9352208025295 0.47537 0.498998 0.499839 0.48137 0.504998 0.505839 8
0.93398686044578 0.47536 0.498996 0.499837 0.48136 0.504996 0.505837 8
0.93275477362076 0.475349 0.498996 0.499835 0.481349 0.504996 0.505835 8
0.93152453766132 0.475337 0.498996 0.499833 0.481337 0.504996 0.505833 8
0.93029614818856 0.475328 0.498994 0.499831 0.481328 0.504994 0.505831 8
0.92906960083771 0.475316 0.498994 0.49983 0.481316 0.504994 0.50583 8
0.92784489125805 0.475305 0.498994 0.49983 0.481305 0.504994 0.50583 8
0.92662201511292 0.475293 0.498992 0.499828 0.481293 0.504992 0.505828 8
0.92540096807959 0.475282 0.498992 0.499826 0.481282 0.504992 0.505826 8
0.92418174584926 0.475271 0.498992 0.499824 0.481271 0.504992 0.505824 8
0.92296434412696 0.475259 0.498992 0.499822 0.481259 0.504992 0.505822 8
0.92174875863152 0.47525 0.49899 0.49982 0.48125 0.50499 0.50582 8
0.92053498509551 0.475238 0.49899 0.49982 0.481238 0.50499 0.50582 8
0.91932301926518 0.475227 0.49899 0.499818 0.481227 0.50499 0.505818 8
0.91811285690041 0.475217 0.49899 0.499816 0.481217 0.50499 0.505816 8
0.91690449377463 0.475206 0.49899 0.499814 0.481206 0.50499 0.505814 8
0.9156979256748 0.475194 0.498988 0.49981 0.481194 0.504988 0.50581 8
0.9144896282413 0.475185 0.498988 0.49981 0.481185 0.504988 0.50581 8
0.91328243646098 0.475173 0.498988 0.499809 0.481173 0.504988 0.505809 8
0.91207703601992 0.47516 0.498988 0.499805 0.48116 0.504988 0.505805 8
0.91087342273397 0.475148 0.498988 0.499803 0.481148 0.504988 0.505803 8
0.9096715924323 0.475139 0.498987 0.499801 0.481139 0.504987 0.505801 8
0.90847154095737 0.475127 0.498987 0.499799 0.481127 0.504987 0.505799 8
0.90727326416487 0.475116 0.498987 0.499797 0.481116 0.504987 0.505797 8
0.90607675792363 0.475105 0.498987 0.499795 0.481105 0.504987 0.505795 8
0.90488201811565 0.475093 0.498985 0.499791 0.481093 0.504985 0.505791 8
0.90368904063594 0.475082 0.498985 0.499789 0.481082 0.504985 0.505789 8
0.90249782139256 0.47507 0.498985 0.499788 0.48107 0.504985 0.505788 8
0.90130835630651 0.475057 0.498987 0.499786 0.481057 0.504987 0.505786 8
0.90012064131172 0.475045 0.498987 0.499784 0.481045 0.504987 0.505784 8
0.89893468440346 0.475034 0.498987 0.499782 0.481034 0.504987 0.505782 8
0.89775044539458 0.475024 0.498985 0.49978 0.481024 0.504985 0.50578 8
0.89656795640655 0.475013 0.498985 0.499778 0.481013 0.504985 0.505778 8
0.89538720137229 0.475002 0.498985 0.499776 0.481002 0.504985 0.505776 8
0.8942081762907 0.474988 0.498985 0.499772 0.480988 0.504985 0.505772 8
0.89303087717205 0.474977 0.498985 0.49977 0.480977 0.504985 0.50577 8
0.89185530003919 0.474965 0.498985 0.499769 0.480965 0.504985 0.505769 8
0.89068144092746 0.474954 0.498985 0.499767 0.480954 0.504985 0.505767 8
0.88950929588466 0.474942 0.498985 0.499765 0.480942 0.504985 0.505765 8
0.88833578955581 0.474931 0.498985 0.499763 0.480931 0.504985 0.505763 8
0.88716285934814 0.474918 0.498985 0.499759 0.480918 0.504985 0.505759 8
0.88599164015424 0.474906 0.498985 0.499757 0.480906 0.504985 0.505757 8
0.88482212804739 0.474895 0.498985 0.499755 0.480895 0.504985 0.505755 8
0.8836543191132 0.474881 0.498985 0.499753 0.480881 0.504985 0.505753 8
0.88248820944948 0.47487 0.498985 0.499751 0.48087 0.504985 0.505751 8
0.88132379516627 0.474859 0.498985 0.499749 0.480859 0.504985 0.505749 8
0.88016107238572 0.474847 0.498985 0.499748 0.480847 0.504985 0.505748 8
0.87900003724211 0.474836 0.498985 0.499746 0.480836 0.504985 0.505746 8
0.87784068588174 0.474822 0.498985 0.499744 0.480822 0.504985 0.505744 8
0.87668301446293 0.474811 0.498985 0.499742 0.480811 0.504985 0.505742 8
0.87552701915594 0.474799 0.498985 0.49974 0.480799 0.504985 0.50574 8
0.87437269614295 0.474788 0.498985 0.499738 0.480788 0.504985 0.505738 8
0.87322004161799 0.474775 0.498987 0.499736 0.480775 0.504987 0.505736 8
0.8720690517869 0.474761 0.498987 0.499732 0.480761 0.504987 0.505732 8
0.87091972286729 0.47475 0.498987 0.49973 0.48075 0.504987 0.50573 8
0.8697720510885 0.474738 0.498987 0.499728 0.480738 0.504987 0.505728 8
0.86862603269153 0.474727 0.498987 0.499727 0.480727 0.504987 0.505727 8
0.86748166392902 0.474714 0.498987 0.499725 0.480714 0.504987 0.505725 8
0.86633894106518 0.474702 0.498987 0.499723 0.480702 0.504987 0.505723 8
0.86519786037577 0.474689 0.498988 0.499721 0.480689 0.504988 0.505721 8
0.86405841814804 0.474677 0.498988 0.499719 0.480677 0.504988 0.505719 8
0.86291940513262 0.474666 0.498988 0.499717 0.480666 0.504988 0.505717 8
0.86177902495785 0.474653 0.498988 0.499715 0.480653 0.504988 0.505715 8
0.86064028076686 0.474639 0.498988 0.499711 0.480639 0.504988 0.505711 8
0.85950316886936 0.474626 0.498988 0.499709 0.480626 0.504988 0.505709 8
0.85836768558644 0.474614 0.498988 0.499709 0.480614 0.504988 0.505709 8
0.85723382725048 0.474601 0.498988 0.499707 0.480601 0.504988 0.505707 8
0.85610159020512 0.474588 0.498988 0.499707 0.480588 0.504988 0.505707 8
0.85497097080521 0.474574 0.498988 0.499706 0.480574 0.504988 0.505706 8
0.8538419654168 0.474563 0.498987 0.499704 0.480563 0.504987 0.505704 8
0.85271457041704 0.47455 0.498987 0.499704 0.48055 0.504987 0.505704 8
0.85158878219418 0.474538 0.498987 0.499704 0.480538 0.504987 0.505704 8
0.85046459714752 0.474525 0.498987 0.499702 0.480525 0.504987 0.505702 8
0.84934201168735 0.474513 0.498987 0.499702 0.480513 0.504987 0.505702 8
0.84822102223493 0.474502 0.498985 0.4997 0.480502 0.504985 0.5057 8
0.84710162522243 0.47449 0.498987 0.4997 0.48049 0.504987 0.5057 8
0.84598381709289 0.474479 0.498987 0.4997 0.480479 0.504987 0.5057 8
0.8448675943002 0.474468 0.498985 0.499698 0.480468 0.504985 0.505698 8
0.84375295330902 0.474456 0.498987 0.499698 0.480456 0.504987 0.505698 8
0.84263989059476 0.474445 0.498987 0.499696 0.480445 0.504987 0.505696 8
0.84152840264356 0.474433 0.498987 0.499696 0.480433 0.504987 0.505696 8
0.84041848595221 0.474422 0.498987 0.499696 0.480422 0.504987 0.505696 8
0.83931013702812 0.47441 0.498987 0.499694 0.48041 0.504987 0.505694 8
0.83820335238929 0.474399 0.498988 0.499694 0.480399 0.504988 0.505694 8
0.83709600416889 0.474387 0.498988 0.499692 0.480387 0.504988 0.505692 8
0.83598813831031 0.474376 0.498988 0.499692 0.480376 0.504988 0.505692 8
0.83488183479676 0.474365 0.49899 0.499692 0.480365 0.50499 0.505692 8
0.83377709016593 0.474353 0.49899 0.49969 0.480353 0.50499 0.50569 8
0.83267390096595 0.474344 0.49899 0.49969 0.480344 0.50499 0.50569 8
0.83157226375539 0.474332 0.49899 0.499688 0.480332 0.50499 0.505688 8
0.83047217510318 0.474323 0.49899 0.499688 0.480323 0.50499 0.505688 8
0.8293736315886 0.474311 0.498992 0.499688 0.480311 0.504992 0.505688 8
0.82827662980123 0.4743 0.498992 0.499687 0.4803 0.504992 0.505687 8
0.8271811663409 0.47429 0.498994 0.499687 0.48029 0.504994 0.505687 8
0.82608723781768 0.474279 0.498994 0.499685 0.480279 0.504994 0.505685 8
0.8249948408518 0.474269 0.498996 0.499685 0.480269 0.504996 0.505685 8
0.82390397207365 0.474258 0.498996 0.499683 0.480258 0.504996 0.505683 8
0.82281462812372 0.474246 0.498996 0.499681 0.480246 0.504996 0.505681 8
0.82172680565256 0.474237 0.498998 0.499681 0.480237 0.504998 0.505681 8
0.82064050132076 0.474225 0.498998 0.499679 0.480225 0.504998 0.505679 8
