6.05010507006 0.490293 0.500931 0.501003 0.494293 0.504931 0.505003 5
6.02319862032 0.490269 0.500925 0.500994 0.494269 0.504925 0.504994 5
5.99654864503 0.490249 0.500917 0.500988 0.494249 0.504917 0.504988 5
5.97014439277 0.49023 0.50091 0.500986 0.49423 0.50491 0.504986 5
5.9439890382 0.490215 0.500902 0.50099 0.494215 0.504902 0.50499 5
5.91807660047 0.490194 0.500896 0.501001 0.494194 0.504896 0.505001 5
5.89240348214 0.490169 0.500892 0.500994 0.494169 0.504892 0.504994 5
5.86696615838 0.490152 0.500883 0.500995 0.494152 0.504883 0.504995 5
5.84176117534 0.490131 0.500877 0.500995 0.494131 0.504877 0.504995 5
5.81678514836 0.490112 0.500872 0.500994 0.494112 0.504872 0.504994 5
5.79203476016 0.490091 0.500868 0.500992 0.494091 0.504868 0.504992 5
5.76750675919 0.490074 0.500862 0.500992 0.494074 0.504862 0.504992 5
5.74319795799 0.490055 0.500858 0.50099 0.494055 0.504858 0.50499 5
5.71910523154 0.490036 0.500852 0.500992 0.494036 0.504852 0.504992 5
5.69522551575 0.490017 0.500849 0.500992 0.494017 0.504849 0.504992 5
5.67155580594 0.49 0.500843 0.50099 0.494 0.504843 0.50499 5
5.64809315541 0.489982 0.500839 0.50099 0.493982 0.504839 0.50499 5
5.62483467398 0.489965 0.500833 0.500992 0.493965 0.504833 0.504992 5
5.60177752664 0.489948 0.50083 0.500992 0.493948 0.50483 0.504992 5
5.57891893223 0.489929 0.500826 0.500992 0.493929 0.504826 0.504992 5
5.55625616212 0.489914 0.50082 0.500992 0.493914 0.50482 0.504992 5
5.53378653897 0.489897 0.500814 0.500992 0.493897 0.504814 0.504992 5
5.5115074355 0.489881 0.50081 0.500992 0.493881 0.50481 0.504992 5
5.48941627331 0.489866 0.500807 0.500994 0.493866 0.504807 0.504994 5
5.46751052172 0.489853 0.500803 0.500995 0.493853 0.504803 0.504995 5
5.44578769668 0.489838 0.500799 0.500997 0.493838 0.504799 0.504997 5
5.42424535963 0.489822 0.500797 0.500995 0.493822 0.504797 0.504995 5
5.40288111651 0.489807 0.500793 0.500995 0.493807 0.504793 0.504995 5
5.38169261666 0.48979 0.500791 0.500994 0.49379 0.504791 0.504994 5
5.36067755189 0.489775 0.500788 0.500992 0.493775 0.504788 0.504992 5
5.33983365548 0.489755 0.500786 0.500992 0.493755 0.504786 0.504992 5
5.3191587012 0.489738 0.500782 0.50099 0.493738 0.504782 0.50499 5
5.29865050248 0.489721 0.50078 0.500986 0.493721 0.50478 0.504986 5
5.27830691142 0.489704 0.50078 0.500984 0.493704 0.50478 0.504984 5
5.25812581801 0.489685 0.500778 0.500982 0.493685 0.504778 0.504982 5
5.2381051492 0.489666 0.500778 0.50098 0.493666 0.504778 0.50498 5
5.21824286815 0.489647 0.500778 0.500976 0.493647 0.504778 0.504976 5
5.19853697339 0.489626 0.500778 0.500973 0.493626 0.504778 0.504973 5
5.17898549807 0.489603 0.500778 0.500969 0.493603 0.504778 0.504969 5
5.15958650916 0.489582 0.500778 0.500965 0.493582 0.504778 0.504965 5
5.14033810674 0.489561 0.500776 0.500963 0.493561 0.504776 0.504963 5
5.1212384233 0.489538 0.500776 0.500959 0.493538 0.504776 0.504959 5
5.102285623 0.489517 0.500774 0.500957 0.493517 0.504774 0.504957 5
5.08347790102 0.489494 0.500774 0.500954 0.493494 0.504774 0.504954 5
5.06481348287 0.489469 0.500774 0.500954 0.493469 0.504774 0.504954 5
5.04629062378 0.489446 0.500772 0.500952 0.493446 0.504772 0.504952 5
5.02790760803 0.489422 0.500772 0.50095 0.493422 0.504772 0.50495 5
5.00966274837 0.489397 0.50077 0.500948 0.493397 0.50477 0.504948 5
4.99155534646 0.489372 0.500769 0.500948 0.493372 0.504769 0.504948 5
4.97358088686 0.489347 0.500767 0.500948 0.493347 0.504767 0.504948 5
4.95574064767 0.489323 0.500765 0.500948 0.493323 0.504765 0.504948 5
4.93803208824 0.489298 0.500761 0.500948 0.493298 0.504761 0.504948 5
4.92045365504 0.489273 0.500757 0.50095 0.493273 0.504757 0.50495 5
4.90300381948 0.48925 0.500753 0.50095 0.49325 0.504753 0.50495 5
4.88568107758 0.489227 0.500748 0.500952 0.493227 0.504748 0.504952 5
4.86848394941 0.489206 0.500744 0.500954 0.493206 0.504744 0.504954 5
4.85141097864 0.489185 0.500738 0.500957 0.493185 0.504738 0.504957 5
4.83446073204 0.489164 0.500734 0.500959 0.493164 0.504734 0.504959 5
4.81763179903 0.489143 0.50073 0.500961 0.493143 0.50473 0.504961 5
4.80092279121 0.489122 0.500725 0.500963 0.493122 0.504725 0.504963 5
4.78433234194 0.489103 0.500719 0.500963 0.493103 0.504719 0.504963 5
4.76785910589 0.489082 0.500713 0.500967 0.493082 0.504713 0.504967 5
4.75150175863 0.489063 0.500709 0.500969 0.493063 0.504709 0.504969 5
4.7352589962 0.489044 0.500704 0.500971 0.493044 0.504704 0.504971 5
4.71912953474 0.489025 0.5007 0.500973 0.493025 0.5047 0.504973 5
4.70311211006 0.489004 0.500694 0.500975 0.493004 0.504694 0.504975 5
4.68720547731 0.488985 0.500688 0.500978 0.492985 0.504688 0.504978 5
4.67140841054 0.488968 0.500683 0.500982 0.492968 0.504683 0.504982 5
4.65571970238 0.488949 0.500677 0.500986 0.492949 0.504677 0.504986 5
4.64013816369 0.488933 0.500671 0.500988 0.492933 0.504671 0.504988 5
4.62466262316 0.488916 0.500666 0.500992 0.492916 0.504666 0.504992 5
4.60929192703 0.488903 0.500662 0.500992 0.492903 0.504662 0.504992 5
4.59402493874 0.488891 0.50066 0.500994 0.492891 0.50466 0.504994 5
4.57886053856 0.488878 0.500658 0.500995 0.492878 0.504658 0.504995 5
4.56379762334 0.488865 0.500658 0.500997 0.492865 0.504658 0.504997 5
4.54883510616 0.488851 0.500658 0.500999 0.492851 0.504658 0.504999 5
4.53397191604 0.488838 0.500658 0.501003 0.492838 0.504658 0.505003 5
4.51920699764 0.488823 0.500656 0.501005 0.492823 0.504656 0.505005 5
4.50453931097 0.488809 0.500656 0.501009 0.492809 0.504656 0.505009 5
4.4899678311 0.488794 0.500654 0.501011 0.492794 0.504654 0.505011 5
4.47549154791 0.488779 0.500654 0.501013 0.492779 0.504654 0.505013 5
4.46110946578 0.488766 0.500652 0.501015 0.492766 0.504652 0.505015 5
4.44682060335 0.48875 0.50065 0.501016 0.49275 0.50465 0.505016 5
4.43262399328 0.488733 0.50065 0.501016 0.492733 0.50465 0.505016 5
4.41851868194 0.488716 0.50065 0.501018 0.492716 0.50465 0.505018 5
4.40450372922 0.488699 0.500648 0.501022 0.492699 0.504648 0.505022 5
4.39057820826 0.488682 0.500646 0.501024 0.492682 0.504646 0.505024 5
4.37674120521 0.488664 0.500645 0.501026 0.492664 0.504645 0.505026 5
4.36299181901 0.488645 0.500645 0.501028 0.492645 0.504645 0.505028 5
4.34932916116 0.488624 0.500643 0.501032 0.492624 0.504643 0.505032 5
4.3357523555 0.488602 0.500641 0.501036 0.492602 0.504641 0.505036 5
4.32226053798 0.488579 0.500639 0.501041 0.492579 0.504639 0.505041 5
4.30885285647 0.488556 0.500637 0.501047 0.492556 0.504637 0.505047 5
4.29552847053 0.488533 0.500635 0.501053 0.492533 0.504635 0.505053 5
4.28228655122 0.488512 0.500633 0.501058 0.492512 0.504633 0.505058 5
4.26912628089 0.488489 0.500629 0.501066 0.492489 0.504629 0.505066 5
4.256046853 0.488468 0.500624 0.501074 0.492468 0.504624 0.505074 5
4.24304747191 0.488453 0.500616 0.501079 0.492453 0.504616 0.505079 5
4.23012735271 0.488438 0.500612 0.501081 0.492438 0.504612 0.505081 5
4.21728572103 0.48842 0.50061 0.501083 0.49242 0.50461 0.505083 5
4.20452181286 0.488399 0.500608 0.501085 0.492399 0.504608 0.505085 5
4.19183487436 0.488382 0.500606 0.501089 0.492382 0.504606 0.505089 5
4.17922416173 0.488361 0.500606 0.501091 0.492361 0.504606 0.505091 5
4.16668894099 0.488342 0.500604 0.501093 0.492342 0.504604 0.505093 5
4.15422848784 0.488321 0.500603 0.501095 0.492321 0.504603 0.505095 5
4.14184208752 0.4883 0.500604 0.501097 0.4923 0.504604 0.505097 5
4.12952903459 0.488277 0.500603 0.5011 0.492277 0.504603 0.5051 5
4.11728863285 0.488256 0.500601 0.50111 0.492256 0.504601 0.50511 5
4.10512019513 0.488239 0.500597 0.501116 0.492239 0.504597 0.505116 5
4.09302304316 0.488222 0.500595 0.501119 0.492222 0.504595 0.505119 5
4.08099650744 0.488205 0.500591 0.501123 0.492205 0.504591 0.505123 5
4.06903992706 0.488188 0.500589 0.501125 0.492188 0.504589 0.505125 5
4.05715264959 0.48817 0.500587 0.501131 0.49217 0.504587 0.505131 5
4.04533403096 0.488153 0.500585 0.501137 0.492153 0.504585 0.505137 5
4.03358343525 0.48814 0.500582 0.50114 0.49214 0.504582 0.50514 5
4.02190023464 0.488127 0.50058 0.50114 0.492127 0.50458 0.50514 5
4.01028380925 0.488111 0.500578 0.501146 0.492111 0.504578 0.505146 5
3.99873457221 0.488098 0.500574 0.50115 0.492098 0.504574 0.50515 5
3.98724884333 0.488085 0.500572 0.501152 0.492085 0.504572 0.505152 5
3.97582910177 0.488073 0.500572 0.501152 0.492073 0.504572 0.505152 5
3.96447373261 0.488056 0.500572 0.501154 0.492056 0.504572 0.505154 5
3.95318215387 0.488041 0.500572 0.501154 0.492041 0.504572 0.505154 5
3.9419537907 0.488022 0.500574 0.501158 0.492022 0.504574 0.505158 5
3.93078807532 0.488003 0.500574 0.501158 0.492003 0.504574 0.505158 5
3.91968444696 0.487984 0.500574 0.50116 0.491984 0.504574 0.50516 5
3.90864235171 0.487963 0.500574 0.501163 0.491963 0.504574 0.505163 5
3.89766124244 0.487942 0.50057 0.501169 0.491942 0.50457 0.505169 5
3.88674057866 0.487921 0.500568 0.501175 0.491921 0.504568 0.505175 5
3.87587982647 0.487898 0.500566 0.501182 0.491898 0.504566 0.505182 5
3.86507845842 0.487881 0.500563 0.50119 0.491881 0.504563 0.50519 5
3.85433595341 0.487863 0.500559 0.501196 0.491863 0.504559 0.505196 5
3.84365179662 0.487846 0.500555 0.501201 0.491846 0.504555 0.505201 5
3.83302547938 0.487827 0.500553 0.501203 0.491827 0.504553 0.505203 5
3.82245649911 0.487804 0.500553 0.501207 0.491804 0.504553 0.505207 5
3.81194435921 0.487779 0.500555 0.501215 0.491779 0.504555 0.505215 5
3.80148856895 0.487757 0.500557 0.501224 0.491757 0.504557 0.505224 5
3.79108864344 0.487739 0.500555 0.501236 0.491739 0.504555 0.505236 5
3.78074410348 0.487722 0.500557 0.501238 0.491722 0.504557 0.505238 5
3.7704544755 0.487705 0.500559 0.501242 0.491705 0.504559 0.505242 5
3.7602192915 0.487678 0.500564 0.501253 0.491678 0.504564 0.505253 5
3.75003808891 0.487657 0.500566 0.501263 0.491657 0.504566 0.505263 5
3.73991041058 0.487638 0.500568 0.50127 0.491638 0.504568 0.50527 5
3.72983580463 0.487619 0.500572 0.501278 0.491619 0.504572 0.505278 5
3.71981382444 0.4876 0.500574 0.501285 0.4916 0.504574 0.505285 5
3.7098440285 0.487583 0.500576 0.501293 0.491583 0.504576 0.505293 5
3.6999259804 0.487564 0.500578 0.501301 0.491564 0.504578 0.505301 5
3.69005924874 0.487545 0.50058 0.501308 0.491545 0.50458 0.505308 5
3.68024340701 0.487528 0.500582 0.501314 0.491528 0.504582 0.505314 5
3.67047803359 0.487509 0.500584 0.501322 0.491509 0.504584 0.505322 5
3.66076271163 0.487488 0.500587 0.501329 0.491488 0.504587 0.505329 5
3.651097029 0.487469 0.500589 0.501341 0.491469 0.504589 0.505341 5
3.64148057822 0.48745 0.500591 0.501352 0.49145 0.504591 0.505352 5
3.63191295639 0.487434 0.500591 0.50136 0.491434 0.504591 0.50536 5
3.62239376513 0.487417 0.500593 0.501369 0.491417 0.504593 0.505369 5
3.61292261051 0.4874 0.500595 0.501379 0.4914 0.504595 0.505379 5
3.60349910299 0.487385 0.500597 0.501386 0.491385 0.504597 0.505386 5
3.59412285736 0.487369 0.500599 0.501394 0.491369 0.504599 0.505394 5
3.58479349268 0.487354 0.500601 0.501404 0.491354 0.504601 0.505404 5
3.57551063221 0.487339 0.500601 0.501413 0.491339 0.504601 0.505413 5
3.56627390335 0.487326 0.500601 0.501421 0.491326 0.504601 0.505421 5
3.55708293761 0.487312 0.500601 0.501427 0.491312 0.504601 0.505427 5
3.54793737052 0.487297 0.500603 0.501432 0.491297 0.504603 0.505432 5
3.53883684159 0.48728 0.500606 0.50144 0.49128 0.504606 0.50544 5
3.52978099426 0.487264 0.500608 0.501449 0.491264 0.504608 0.505449 5
3.52076947581 0.487251 0.50061 0.501457 0.491251 0.50461 0.505457 5
3.51180193737 0.487238 0.500612 0.501465 0.491238 0.504612 0.505465 5
3.50287803381 0.487224 0.500616 0.501472 0.491224 0.504616 0.505472 5
3.49399771037 0.487213 0.500618 0.50148 0.491213 0.504618 0.50548 5
3.4851597693 0.4872 0.500622 0.501488 0.4912 0.504622 0.505488 5
3.47636473651 0.487188 0.500624 0.501495 0.491188 0.504624 0.505495 5
3.46761199469 0.487179 0.500627 0.501501 0.491179 0.504627 0.505501 5
3.45890121678 0.487167 0.500633 0.501507 0.491167 0.504633 0.505507 5
3.45023207918 0.487158 0.500639 0.501512 0.491158 0.504639 0.505512 5
3.44160426172 0.48715 0.500645 0.50152 0.49115 0.504645 0.50552 5
3.43301744757 0.487142 0.500652 0.501528 0.491142 0.504652 0.505528 5
3.42447132326 0.487137 0.50066 0.501535 0.491137 0.50466 0.505535 5
3.41596557859 0.487127 0.500666 0.501541 0.491127 0.504666 0.505541 5
3.4074999066 0.487121 0.500664 0.501541 0.491121 0.504664 0.505541 5
3.39907400353 0.48711 0.500664 0.501541 0.49111 0.504664 0.505541 5
3.39068756876 0.4871 0.500664 0.501547 0.4911 0.504664 0.505547 5
3.38234030482 0.487038 0.500604 0.501451 0.491038 0.504604 0.505451 5
3.37403191728 0.487001 0.500616 0.501444 0.491001 0.504616 0.505444 5
3.36576211474 0.486969 0.500627 0.501436 0.490969 0.504627 0.505436 5
3.35753060882 0.486938 0.500639 0.501432 0.490938 0.504639 0.505432 5
3.34933711407 0.486912 0.500648 0.501427 0.490912 0.504648 0.505427 5
3.34118134796 0.486887 0.50066 0.501425 0.490887 0.50466 0.505425 5
3.33306303085 0.486866 0.500669 0.501423 0.490866 0.504669 0.505423 5
3.32498188593 0.486847 0.500681 0.501419 0.490847 0.504681 0.505419 5
3.31693763918 0.48683 0.500688 0.501413 0.49083 0.504688 0.505413 5
3.30893001938 0.486812 0.500694 0.501409 0.490812 0.504694 0.505409 5
3.30095875801 0.486795 0.500696 0.501406 0.490795 0.504696 0.505406 5
3.29302358927 0.48678 0.500698 0.501404 0.49078 0.504698 0.505404 5
3.28512425001 0.486767 0.5007 0.501404 0.490767 0.5047 0.505404 5
3.27726047972 0.486753 0.5007 0.501404 0.490753 0.5047 0.505404 5
3.26943202047 0.486742 0.500698 0.501406 0.490742 0.504698 0.505406 5
3.2616386169 0.486732 0.500696 0.501409 0.490732 0.504696 0.505409 5
3.25388001619 0.486723 0.500692 0.501413 0.490723 0.504692 0.505413 5
3.246155968 0.486715 0.500688 0.501417 0.490715 0.504688 0.505417 5
3.23846622448 0.486709 0.500685 0.501423 0.490709 0.504685 0.505423 5
3.2308105402 0.486805 0.500635 0.501476 0.490805 0.504635 0.505476 5
3.22318867213 0.486782 0.500635 0.501472 0.490782 0.504635 0.505472 5
3.21560037965 0.486757 0.500637 0.501467 0.490757 0.504637 0.505467 5
3.20804542444 0.486721 0.500646 0.501461 0.490721 0.504646 0.505461 5
3.20052357053 0.486715 0.500637 0.501453 0.490715 0.504637 0.505453 5
3.19303458422 0.486698 0.500637 0.501457 0.490698 0.504637 0.505457 5
3.1855782341 0.486681 0.500637 0.501453 0.490681 0.504637 0.505453 5
3.17815429096 0.486664 0.500635 0.501451 0.490664 0.504635 0.505451 5
3.17076252782 0.486648 0.500635 0.501451 0.490648 0.504635 0.505451 5
3.16340271985 0.486631 0.500635 0.501451 0.490631 0.504635 0.505451 5
3.1560746444 0.486616 0.500635 0.501453 0.490616 0.504635 0.505453 5
3.14877808094 0.486601 0.500637 0.501453 0.490601 0.504637 0.505453 5
3.14151281104 0.486585 0.500639 0.501455 0.490585 0.504639 0.505455 5
3.13427861833 0.486568 0.500639 0.501453 0.490568 0.504639 0.505453 5
3.1270752885 0.486551 0.500639 0.501455 0.490551 0.504639 0.505455 5
3.11990260928 0.486534 0.500639 0.501455 0.490534 0.504639 0.505455 5
3.11276037039 0.486517 0.500639 0.501455 0.490517 0.504639 0.505455 5
3.1056483635 0.486498 0.500639 0.501457 0.490498 0.504639 0.505457 5
3.09856638229 0.486481 0.500637 0.501459 0.490481 0.504637 0.505459 5
3.09151422231 0.486461 0.500637 0.501461 0.490461 0.504637 0.505461 5
3.08449168106 0.486444 0.500635 0.501465 0.490444 0.504635 0.505465 5
3.07749855791 0.486425 0.500635 0.501467 0.490425 0.504635 0.505467 5
3.07053465409 0.48641 0.500633 0.50147 0.49041 0.504633 0.50547 5
3.06359977268 0.486393 0.500631 0.501474 0.490393 0.504631 0.505474 5
3.05669371856 0.486378 0.500631 0.50148 0.490378 0.504631 0.50548 5
3.04981629843 0.486364 0.500629 0.501486 0.490364 0.504629 0.505486 5
3.04296732074 0.486351 0.500627 0.501488 0.490351 0.504627 0.505488 5
3.03614659574 0.486338 0.500627 0.501491 0.490338 0.504627 0.505491 5
3.02935393536 0.486328 0.500625 0.501495 0.490328 0.504625 0.505495 5
3.02258915329 0.486315 0.500624 0.501497 0.490315 0.504624 0.505497 5
3.01585206488 0.486303 0.500622 0.501499 0.490303 0.504622 0.505499 5
3.0091424872 0.48629 0.500618 0.501501 0.49029 0.504618 0.505501 5
3.00246023892 0.486278 0.500616 0.501505 0.490278 0.504616 0.505505 5
2.99580538563 0.486265 0.500616 0.501507 0.490265 0.504616 0.505507 5
2.98917701356 0.486252 0.500614 0.501507 0.490252 0.504614 0.505507 5
2.98257568203 0.486238 0.500612 0.501507 0.490238 0.504612 0.505507 5
2.97600097088 0.486225 0.500608 0.501505 0.490225 0.504608 0.505505 5
2.96945270684 0.48621 0.500608 0.501505 0.49021 0.504608 0.505505 5
2.96293071814 0.486193 0.500606 0.501503 0.490193 0.504606 0.505503 5
2.95643483458 0.486175 0.500604 0.501503 0.490175 0.504604 0.505503 5
2.94996488743 0.486158 0.500603 0.501503 0.490158 0.504603 0.505503 5
2.94352070948 0.486139 0.500603 0.501503 0.490139 0.504603 0.505503 5
2.93710213499 0.486122 0.500603 0.501507 0.490122 0.504603 0.505507 5
2.93070899968 0.486105 0.500601 0.501509 0.490105 0.504601 0.505509 5
2.92434114071 0.486088 0.500599 0.501512 0.490088 0.504599 0.505512 5
2.91799839668 0.486074 0.500597 0.501518 0.490074 0.504597 0.505518 5
2.9116806076 0.486063 0.500595 0.50152 0.490063 0.504595 0.50552 5
2.90538761486 0.486051 0.500591 0.501522 0.490051 0.504591 0.505522 5
2.89911926126 0.48604 0.500589 0.501524 0.49004 0.504589 0.505524 5
2.89287539095 0.486029 0.500585 0.501522 0.490029 0.504585 0.505522 5
2.88665584942 0.486015 0.500582 0.501518 0.490015 0.504582 0.505518 5
2.88046048351 0.485998 0.50058 0.50151 0.489998 0.50458 0.50551 5
2.87428914139 0.485979 0.50058 0.501507 0.489979 0.50458 0.505507 5
2.86814167251 0.48596 0.500578 0.501507 0.48996 0.504578 0.505507 5
2.86201792765 0.485943 0.500578 0.501509 0.489943 0.504578 0.505509 5
2.85591775883 0.485927 0.500576 0.501512 0.489927 0.504576 0.505512 5
2.84984101937 0.485916 0.500572 0.501514 0.489916 0.504572 0.505514 5
2.84378756381 0.485906 0.500566 0.50151 0.489906 0.504566 0.50551 5
2.83775724794 0.485885 0.500564 0.501505 0.489885 0.504564 0.505505 5
2.83174992879 0.485874 0.500564 0.50151 0.489874 0.504564 0.50551 5
2.82576546457 0.485859 0.500563 0.501509 0.489859 0.504563 0.505509 5
2.81980371471 0.485844 0.500563 0.501507 0.489844 0.504563 0.505507 5
2.81386453982 0.485828 0.500563 0.501507 0.489828 0.504563 0.505507 5
2.80794780169 0.485813 0.500563 0.501507 0.489813 0.504563 0.505507 5
2.80205336325 0.4858 0.500563 0.501509 0.4898 0.504563 0.505509 5
2.79618108859 0.485786 0.500561 0.501509 0.489786 0.504561 0.505509 5
2.79033084294 0.485773 0.500561 0.501509 0.489773 0.504561 0.505509 5
2.78450249264 0.48576 0.500561 0.501507 0.48976 0.504561 0.505507 5
2.77869590516 0.485746 0.500561 0.501507 0.489746 0.504561 0.505507 5
2.77291094905 0.485733 0.500561 0.501505 0.489733 0.504561 0.505505 5
2.76714749396 0.48572 0.500561 0.501503 0.48972 0.504561 0.505503 5
2.76140541061 0.485704 0.500561 0.501503 0.489704 0.504561 0.505503 5
2.75568457079 0.485691 0.500561 0.501501 0.489691 0.504561 0.505501 5
2.74998541481 0.485676 0.500561 0.501499 0.489676 0.504561 0.505499 5
2.7443061141 0.485659 0.500563 0.501499 0.489659 0.504563 0.505499 5
2.73864824615 0.485643 0.500563 0.501497 0.489643 0.504563 0.505497 5
2.73301111927 0.485626 0.500563 0.501495 0.489626 0.504563 0.505495 5
2.72739461045 0.485609 0.500564 0.501495 0.489609 0.504564 0.505495 5
2.72179859765 0.48559 0.500564 0.501493 0.48959 0.504564 0.505493 5
2.71622295981 0.485575 0.500564 0.501493 0.489575 0.504564 0.505493 5
2.71066757686 0.485556 0.500566 0.501493 0.489556 0.504566 0.505493 5
2.70513232968 0.485538 0.500566 0.501495 0.489538 0.504566 0.505495 5
2.69961710014 0.485521 0.500566 0.501495 0.489521 0.504566 0.505495 5
2.69412177102 0.485504 0.500566 0.501497 0.489504 0.504566 0.505497 5
2.68864622607 0.485487 0.500568 0.501499 0.489487 0.504568 0.505499 5
2.68319034997 0.48547 0.500568 0.501499 0.48947 0.504568 0.505499 5
2.6777540283 0.485453 0.500568 0.501499 0.489453 0.504568 0.505499 5
2.67233714759 0.485437 0.50057 0.501503 0.489437 0.50457 0.505503 5
2.66693959523 0.48542 0.50057 0.501505 0.48942 0.50457 0.505505 5
2.66156125953 0.485403 0.50057 0.501509 0.489403 0.50457 0.505509 5
2.65620202968 0.48539 0.50057 0.501512 0.48939 0.50457 0.505512 5
2.65086179573 0.485374 0.50057 0.501514 0.489374 0.50457 0.505514 5
2.64554044864 0.485363 0.50057 0.501518 0.489363 0.50457 0.505518 5
2.64023788017 0.485351 0.50057 0.50152 0.489351 0.50457 0.50552 5
2.63495398297 0.485338 0.500566 0.501518 0.489338 0.504566 0.505518 5
2.62968865053 0.485323 0.500566 0.501518 0.489323 0.504566 0.505518 5
2.62444177715 0.485308 0.500564 0.50152 0.489308 0.504564 0.50552 5
2.61921325797 0.485296 0.500564 0.50152 0.489296 0.504564 0.50552 5
2.61400298894 0.485281 0.500563 0.501518 0.489281 0.504563 0.505518 5
2.60881086684 0.485266 0.500564 0.501518 0.489266 0.504564 0.505518 5
2.60363678922 0.48525 0.500564 0.501518 0.48925 0.504564 0.505518 5
2.59848065444 0.485235 0.500566 0.50152 0.489235 0.504566 0.50552 5
2.59334236164 0.48522 0.500566 0.501522 0.48922 0.504566 0.505522 5
2.58822181074 0.485205 0.500566 0.501522 0.489205 0.504566 0.505522 5
2.58311890242 0.485189 0.500566 0.501524 0.489189 0.504566 0.505524 5
2.57803353814 0.485174 0.500568 0.501526 0.489174 0.504568 0.505526 5
2.57296562009 0.485159 0.500566 0.501526 0.489159 0.504566 0.505526 5
2.56791505123 0.485144 0.500566 0.501526 0.489144 0.504566 0.505526 5
2.56288173525 0.485128 0.500566 0.501526 0.489128 0.504566 0.505526 5
2.55786557658 0.485111 0.500566 0.501524 0.489111 0.504566 0.505524 5
2.55286648036 0.485092 0.500566 0.501524 0.489092 0.504566 0.505524 5
2.54788435246 0.485069 0.500566 0.501524 0.489069 0.504566 0.505524 5
2.54291909946 0.485048 0.500566 0.501528 0.489048 0.504566 0.505528 5
2.53797062865 0.485027 0.500566 0.501533 0.489027 0.504566 0.505533 5
2.53303884801 0.48501 0.500566 0.501535 0.48901 0.504566 0.505535 5
2.52812366621 0.484993 0.500564 0.501535 0.488993 0.504564 0.505535 5
2.52322499262 0.484972 0.500563 0.501535 0.488972 0.504563 0.505535 5
2.51834273727 0.484951 0.500564 0.501541 0.488951 0.504564 0.505541 5
2.51347681088 0.484938 0.500563 0.501543 0.488938 0.504563 0.505543 5
2.50862712481 0.484917 0.500563 0.501545 0.488917 0.504563 0.505545 5
2.5037935911 0.484903 0.500561 0.501547 0.488903 0.504561 0.505547 5
2.49897650109 0.484888 0.500561 0.501549 0.488888 0.504561 0.505549 5
2.49417463215 0.484873 0.500561 0.501551 0.488873 0.504561 0.505551 5
2.48938903429 0.484857 0.500559 0.501549 0.488857 0.504559 0.505549 5
2.48461924336 0.484842 0.500557 0.501547 0.488842 0.504557 0.505547 5
2.47986517465 0.484825 0.500555 0.501547 0.488825 0.504555 0.505547 5
2.47512674401 0.484806 0.500553 0.501547 0.488806 0.504553 0.505547 5
2.47040386793 0.484787 0.500553 0.501547 0.488787 0.504553 0.505547 5
2.4656964635 0.484768 0.500551 0.501549 0.488768 0.504551 0.505549 5
2.46100444841 0.484751 0.500551 0.501551 0.488751 0.504551 0.505551 5
2.45632774096 0.484735 0.500549 0.501551 0.488735 0.504549 0.505551 5
2.45166626005 0.484716 0.500547 0.501551 0.488716 0.504547 0.505551 5
2.44701992515 0.484697 0.500547 0.501551 0.488697 0.504547 0.505551 5
2.44238865633 0.484682 0.500547 0.501551 0.488682 0.504547 0.505551 5
2.43777237423 0.484663 0.500545 0.501549 0.488663 0.504545 0.505549 5
2.43317100006 0.484644 0.500545 0.501547 0.488644 0.504545 0.505547 5
2.42858445562 0.484625 0.500545 0.501549 0.488625 0.504545 0.505549 5
2.42401266324 0.484608 0.500545 0.501549 0.488608 0.504545 0.505549 5
2.41945554583 0.484588 0.500545 0.501547 0.488588 0.504545 0.505547 5
2.41491302684 0.484569 0.500547 0.501547 0.488569 0.504547 0.505547 5
2.41038503029 0.48455 0.500547 0.501547 0.48855 0.504547 0.505547 5
2.4058714807 0.484533 0.500549 0.501547 0.488533 0.504549 0.505547 5
2.40137230317 0.484516 0.500549 0.501547 0.488516 0.504549 0.505547 5
2.39688742332 0.484501 0.500551 0.501547 0.488501 0.504551 0.505547 5
2.39241676727 0.484484 0.500551 0.501545 0.488484 0.504551 0.505545 5
2.3879602617 0.484468 0.500551 0.501541 0.488468 0.504551 0.505541 5
2.3835178338 0.484447 0.500549 0.501537 0.488447 0.504549 0.505537 5
2.37908941125 0.484426 0.500549 0.501535 0.488426 0.504549 0.505535 5
2.37467492227 0.484405 0.500549 0.501533 0.488405 0.504549 0.505533 5
2.37027429557 0.484386 0.500551 0.501537 0.488386 0.504551 0.505537 5
2.36588746036 0.484369 0.500551 0.501535 0.488369 0.504551 0.505535 5
2.36151434634 0.484352 0.500553 0.501539 0.488352 0.504553 0.505539 5
2.35715488372 0.484335 0.500553 0.501541 0.488335 0.504553 0.505541 5
2.35280900318 0.48432 0.500553 0.501541 0.48832 0.504553 0.505541 5
2.34847663588 0.484306 0.500553 0.501541 0.488306 0.504553 0.505541 5
2.34415771346 0.484295 0.500553 0.501537 0.488295 0.504553 0.505537 5
2.33985216806 0.484281 0.500551 0.501533 0.488281 0.504551 0.505533 5
2.33555993226 0.484266 0.500549 0.501528 0.488266 0.504549 0.505528 5
2.3312809391 0.484247 0.500547 0.501522 0.488247 0.504547 0.505522 5
2.32701512212 0.484226 0.500545 0.501518 0.488226 0.504545 0.505518 5
2.32276241527 0.484203 0.500543 0.501516 0.488203 0.504543 0.505516 5
2.318522753 0.484184 0.500543 0.50152 0.488184 0.504543 0.50552 5
2.31429607016 0.484169 0.500543 0.501522 0.488169 0.504543 0.505522 5
2.3100823021 0.484156 0.500543 0.50152 0.488156 0.504543 0.50552 5
2.30588138457 0.48414 0.500543 0.501514 0.48814 0.504543 0.505514 5
2.30169325377 0.484117 0.500542 0.501512 0.488117 0.504542 0.505512 5
2.29751784634 0.4841 0.500543 0.501518 0.4881 0.504543 0.505518 5
2.29335509935 0.484091 0.500543 0.501514 0.488091 0.504543 0.505514 5
2.28920495029 0.48407 0.500542 0.501512 0.48807 0.504542 0.505512 5
2.28506733707 0.484056 0.500543 0.501512 0.488056 0.504543 0.505512 5
2.28094219804 0.484041 0.500543 0.50151 0.488041 0.504543 0.50551 5
2.27682947194 0.484026 0.500543 0.501509 0.488026 0.504543 0.505509 5
2.27272909793 0.484009 0.500543 0.501507 0.488009 0.504543 0.505507 5
2.2686410156 0.483993 0.500543 0.501507 0.487993 0.504543 0.505507 5
2.26456516492 0.483976 0.500543 0.501505 0.487976 0.504543 0.505505 5
2.26050148626 0.483961 0.500543 0.501503 0.487961 0.504543 0.505503 5
2.25644992041 0.483944 0.500543 0.501501 0.487944 0.504543 0.505501 5
2.25241040853 0.483927 0.500543 0.501501 0.487927 0.504543 0.505501 5
2.24838313276 0.483909 0.500543 0.501501 0.487909 0.504543 0.505501 5
2.24436731334 0.483894 0.500543 0.501501 0.487894 0.504543 0.505501 5
2.24036361436 0.483879 0.500545 0.501503 0.487879 0.504545 0.505503 5
2.23637173791 0.483866 0.500545 0.501501 0.487866 0.504545 0.505501 5
2.23239162711 0.48385 0.500543 0.501499 0.48785 0.504543 0.505499 5
2.22842322544 0.483837 0.500543 0.501497 0.487837 0.504543 0.505497 5
2.22446647674 0.483822 0.500543 0.501497 0.487822 0.504543 0.505497 5
2.22052132522 0.483806 0.500543 0.501497 0.487806 0.504543 0.505497 5
2.21658771548 0.483793 0.500543 0.501497 0.487793 0.504543 0.505497 5
2.21266559244 0.48378 0.500542 0.501493 0.48778 0.504542 0.505493 5
2.20875490142 0.483765 0.500542 0.501491 0.487765 0.504542 0.505491 5
2.20485558808 0.483749 0.500542 0.501491 0.487749 0.504542 0.505491 5
2.20096759842 0.483736 0.500542 0.501489 0.487736 0.504542 0.505489 5
2.19709087883 0.483724 0.500542 0.501488 0.487724 0.504542 0.505488 5
2.19322537601 0.483709 0.50054 0.501486 0.487709 0.50454 0.505486 5
2.18937103703 0.483698 0.500542 0.501484 0.487698 0.504542 0.505484 5
2.18552780928 0.483684 0.50054 0.50148 0.487684 0.50454 0.50548 5
2.18169564051 0.483671 0.50054 0.501478 0.487671 0.50454 0.505478 5
2.1778744788 0.483656 0.50054 0.501476 0.487656 0.50454 0.505476 5
2.17406427256 0.483642 0.50054 0.501476 0.487642 0.50454 0.505476 5
2.17026497053 0.483629 0.50054 0.501476 0.487629 0.50454 0.505476 5
2.1664765218 0.483614 0.500538 0.501474 0.487614 0.504538 0.505474 5
2.16269887575 0.483602 0.500538 0.501474 0.487602 0.504538 0.505474 5
2.15893198211 0.483589 0.500538 0.501472 0.487589 0.504538 0.505472 5
2.15517579093 0.483576 0.500538 0.501472 0.487576 0.504538 0.505472 5
2.15143025257 0.483564 0.500538 0.50147 0.487564 0.504538 0.50547 5
2.1476953177 0.483551 0.500536 0.501469 0.487551 0.504536 0.505469 5
2.14397093731 0.483538 0.500536 0.501469 0.487538 0.504536 0.505469 5
2.14025706271 0.483524 0.500536 0.501467 0.487524 0.504536 0.505467 5
2.13655364551 0.483513 0.500536 0.501467 0.487513 0.504536 0.505467 5
2.13286063762 0.483499 0.500536 0.501465 0.487499 0.504536 0.505465 5
2.12917799125 0.483488 0.500534 0.501463 0.487488 0.504534 0.505463 5
2.12550565893 0.483476 0.500534 0.501463 0.487476 0.504534 0.505463 5
2.12184359347 0.483463 0.500534 0.501463 0.487463 0.504534 0.505463 5
2.11819174799 0.483452 0.500536 0.501463 0.487452 0.504536 0.505463 5
2.11455007588 0.483438 0.500536 0.501463 0.487438 0.504536 0.505463 5
2.11091853086 0.483427 0.500536 0.501461 0.487427 0.504536 0.505461 5
2.1072970669 0.483414 0.500536 0.501459 0.487414 0.504536 0.505459 5
2.10368563827 0.4834 0.500536 0.501459 0.4874 0.504536 0.505459 5
2.10008419955 0.483387 0.500536 0.501457 0.487387 0.504536 0.505457 5
2.09649270555 0.483373 0.500534 0.501457 0.487373 0.504534 0.505457 5
2.09291111141 0.48336 0.500534 0.501455 0.48736 0.504534 0.505455 5
2.08933937252 0.483347 0.500534 0.501455 0.487347 0.504534 0.505455 5
2.08577744454 0.483333 0.500534 0.501455 0.487333 0.504534 0.505455 5
2.08222528344 0.48332 0.500532 0.501453 0.48732 0.504532 0.505453 5
2.07868284542 0.483307 0.500532 0.501453 0.487307 0.504532 0.505453 5
2.07515008697 0.483293 0.50053 0.501451 0.487293 0.50453 0.505451 5
2.07162696484 0.48328 0.50053 0.501453 0.48728 0.50453 0.505453 5
2.06811343605 0.483267 0.500528 0.501451 0.487267 0.504528 0.505451 5
2.06460945788 0.483253 0.500528 0.501451 0.487253 0.504528 0.505451 5
2.06111498788 0.48324 0.500526 0.501451 0.48724 0.504526 0.505451 5
2.05762998383 0.483229 0.500526 0.501449 0.487229 0.504526 0.505449 5
2.05415440381 0.483215 0.500526 0.501449 0.487215 0.504526 0.505449 5
2.05068820611 0.483202 0.500524 0.501449 0.487202 0.504524 0.505449 5
2.04723134931 0.483188 0.500524 0.501449 0.487188 0.504524 0.505449 5
2.04378379222 0.483175 0.500522 0.501448 0.487175 0.504522 0.505448 5
2.04034549391 0.483162 0.500521 0.501446 0.487162 0.504521 0.505446 5
2.03691641368 0.483148 0.500519 0.501444 0.487148 0.504519 0.505444 5
2.03349651109 0.483135 0.500519 0.501444 0.487135 0.504519 0.505444 5
2.03008574594 0.483122 0.500517 0.501444 0.487122 0.504517 0.505444 5
2.02668407827 0.483108 0.500517 0.501444 0.487108 0.504517 0.505444 5
2.02329146837 0.483095 0.500515 0.501444 0.487095 0.504515 0.505444 5
2.01990787675 0.483082 0.500513 0.501444 0.487082 0.504513 0.505444 5
2.01653326416 0.483068 0.500511 0.501444 0.487068 0.504511 0.505444 5
2.0131675916 0.483057 0.500509 0.501442 0.487057 0.504509 0.505442 5
2.00981082028 0.483045 0.500509 0.501442 0.487045 0.504509 0.505442 5
2.00646291165 0.483032 0.500505 0.50144 0.487032 0.504505 0.50544 5
2.0031238274036 0.483019 0.500505 0.50144 0.487019 0.504505 0.50544 5
1.9997938414155 0.483005 0.500503 0.50144 0.487005 0.504503 0.50544 5
1.9964719798568 0.482992 0.500501 0.501438 0.486992 0.504501 0.505438 5
1.99315914111 0.482981 0.500501 0.501438 0.486981 0.504501 0.505438 5
1.9898549756827 0.482967 0.5005 0.501438 0.486967 0.5045 0.505438 5
1.9865594464051 0.482954 0.5005 0.501436 0.486954 0.5045 0.505436 5
1.9832725162947 0.482941 0.500498 0.501436 0.486941 0.504498 0.505436 5
1.9799941485863 0.482927 0.500498 0.501436 0.486927 0.504498 0.505436 5
1.9767243067301 0.482914 0.500496 0.501434 0.486914 0.504496 0.505434 5
1.9734629543904 0.4829 0.500494 0.501434 0.4869 0.504494 0.505434 5
1.9702100554436 0.482887 0.500492 0.501432 0.486887 0.504492 0.505432 5
1.9669655739768 0.482874 0.500492 0.501432 0.486874 0.504492 0.505432 5
1.9637294742863 0.48286 0.50049 0.50143 0.48686 0.50449 0.50543 5
1.9605017208762 0.482847 0.500488 0.501428 0.486847 0.504488 0.505428 5
1.9572822784565 0.482834 0.500486 0.501428 0.486834 0.504486 0.505428 5
1.9540711119418 0.482822 0.500486 0.501428 0.486822 0.504486 0.505428 5
1.9508681864496 0.482809 0.500484 0.501427 0.486809 0.504484 0.505427 5
1.9476734672993 0.482796 0.500482 0.501427 0.486796 0.504482 0.505427 5
1.9444869200102 0.482782 0.500482 0.501427 0.486782 0.504482 0.505427 5
1.9413085103001 0.482769 0.500481 0.501425 0.486769 0.504481 0.505425 5
1.9381382040842 0.482754 0.500479 0.501425 0.486754 0.504479 0.505425 5
1.9349759674732 0.482738 0.500477 0.501425 0.486738 0.504477 0.505425 5
1.9318217667724 0.482725 0.500475 0.501425 0.486725 0.504475 0.505425 5
1.9286755684797 0.482712 0.500475 0.501425 0.486712 0.504475 0.505425 5
1.9255373392847 0.482696 0.500473 0.501427 0.486696 0.504473 0.505427 5
1.9224070460668 0.482681 0.500471 0.501427 0.486681 0.504471 0.505427 5
1.9192846558944 0.482668 0.500471 0.501427 0.486668 0.504471 0.505427 5
1.9161701360231 0.482654 0.500469 0.501427 0.486654 0.504469 0.505427 5
1.9130634538947 0.482641 0.500469 0.501428 0.486641 0.504469 0.505428 5
1.9099645771353 0.482628 0.500469 0.501428 0.486628 0.504469 0.505428 5
1.9068734735547 0.482612 0.500467 0.501427 0.486612 0.504467 0.505427 5
1.9037901111445 0.482599 0.500467 0.501427 0.486599 0.504467 0.505427 5
1.9007144580769 0.482584 0.500465 0.501427 0.486584 0.504465 0.505427 5
1.8976464827038 0.482571 0.500465 0.501427 0.486571 0.504465 0.505427 5
1.8945861535551 0.482555 0.500463 0.501427 0.486555 0.504463 0.505427 5
1.8915334393373 0.482542 0.500461 0.501425 0.486542 0.504461 0.505425 5
1.8884883089329 0.482527 0.500461 0.501425 0.486527 0.504461 0.505425 5
1.8854507313984 0.482513 0.50046 0.501425 0.486513 0.50446 0.505425 5
1.8824206759636 0.4825 0.500458 0.501425 0.4865 0.504458 0.505425 5
1.87939811203 0.482487 0.500458 0.501423 0.486487 0.504458 0.505423 5
1.87638300917 0.482471 0.500456 0.501423 0.486471 0.504456 0.505423 5
1.8733753371252 0.482458 0.500454 0.501423 0.486458 0.504454 0.505423 5
1.8703750658055 0.482445 0.500454 0.501423 0.486445 0.504454 0.505423 5
1.8673821652878 0.482429 0.500452 0.501423 0.486429 0.504452 0.505423 5
1.8643966058151 0.482416 0.500452 0.501421 0.486416 0.504452 0.505421 5
1.8614183577949 0.482401 0.50045 0.501421 0.486401 0.50445 0.505421 5
1.8584473917982 0.482385 0.500448 0.501419 0.486385 0.504448 0.505419 5
1.8554836785585 0.482372 0.500448 0.501419 0.486372 0.504448 0.505419 5
1.8525271889707 0.482357 0.500446 0.501419 0.486357 0.504446 0.505419 5
1.8495778940896 0.482344 0.500444 0.501417 0.486344 0.504444 0.505417 5
1.8466357651292 0.482328 0.500444 0.501417 0.486328 0.504444 0.505417 5
1.8437007734611 0.482315 0.500442 0.501417 0.486315 0.504442 0.505417 5
1.8407728906142 0.482302 0.500442 0.501415 0.486302 0.504442 0.505415 5
1.8378520882727 0.482286 0.50044 0.501415 0.486286 0.50444 0.505415 5
1.8349383382755 0.482273 0.50044 0.501413 0.486273 0.50444 0.505413 5
1.8320316126153 0.482258 0.500439 0.501411 0.486258 0.504439 0.505411 5
1.8291318834371 0.482242 0.500439 0.501411 0.486242 0.504439 0.505411 5
1.8262391230373 0.482229 0.500437 0.501409 0.486229 0.504437 0.505409 5
1.8233533038628 0.482214 0.500437 0.501409 0.486214 0.504437 0.505409 5
1.8204743985099 0.4822 0.500437 0.501407 0.4862 0.504437 0.505407 5
1.8176023797232 0.482187 0.500435 0.501406 0.486187 0.504435 0.505406 5
1.8147372203944 0.482172 0.500435 0.501406 0.486172 0.504435 0.505406 5
1.811878893562 0.482157 0.500433 0.501404 0.486157 0.504433 0.505404 5
1.8090273724092 0.482143 0.500433 0.501402 0.486143 0.504433 0.505402 5
1.8061826302639 0.48213 0.500433 0.5014 0.48613 0.504433 0.5054 5
1.8033446405974 0.482115 0.500431 0.501398 0.486115 0.504431 0.505398 5
1.8005133770229 0.482099 0.500431 0.501398 0.486099 0.504431 0.505398 5
1.7976888132953 0.482086 0.500429 0.501396 0.486086 0.504429 0.505396 5
1.79487092331 0.482073 0.500429 0.501394 0.486073 0.504429 0.505394 5
1.7920596811016 0.482057 0.500427 0.501392 0.486057 0.504427 0.505392 5
1.7892550608433 0.482044 0.500427 0.501392 0.486044 0.504427 0.505392 5
1.7864570368459 0.482029 0.500425 0.50139 0.486029 0.504425 0.50539 5
1.7836655835568 0.482015 0.500425 0.501388 0.486015 0.504425 0.505388 5
1.7808806755592 0.482 0.500423 0.501388 0.486 0.504423 0.505388 5
1.7781022875711 0.481987 0.500423 0.501386 0.485987 0.504423 0.505386 5
1.7753303944442 0.481972 0.500423 0.501385 0.485972 0.504423 0.505385 5
1.7725649711635 0.481958 0.500421 0.501383 0.485958 0.504421 0.505383 5
1.7698059928459 0.481943 0.500421 0.501381 0.485943 0.504421 0.505381 5
1.7670534347396 0.481928 0.500419 0.501379 0.485928 0.504419 0.505379 5
1.7643072722229 0.481914 0.500419 0.501377 0.485914 0.504419 0.505377 5
1.7615674808041 0.481899 0.500418 0.501375 0.485899 0.504418 0.505375 5
1.7588340361195 0.481886 0.500418 0.501373 0.485886 0.504418 0.505373 5
1.7561069139335 0.481871 0.500416 0.501371 0.485871 0.504416 0.505371 5
1.7533860901374 0.481857 0.500416 0.501369 0.485857 0.504416 0.505369 5
1.7506715407484 0.481842 0.500414 0.501367 0.485842 0.504414 0.505367 5
1.7479633089343 0.481829 0.500414 0.501366 0.485829 0.504414 0.505366 5
1.7452611698792 0.481813 0.500412 0.501364 0.485813 0.504412 0.505364 5
1.7425653010697 0.4818 0.500412 0.501362 0.4858 0.504412 0.505362 5
1.7398756119735 0.481785 0.50041 0.50136 0.485785 0.50441 0.50536 5
1.7371920792325 0.481771 0.500408 0.501358 0.485771 0.504408 0.505358 5
1.7345146796027 0.481758 0.500408 0.501356 0.485758 0.504408 0.505356 5
1.7318433899609 0.481743 0.500406 0.501356 0.485743 0.504406 0.505356 5
1.7291781873031 0.481729 0.500406 0.501354 0.485729 0.504406 0.505354 5
1.7265190487441 0.481714 0.500404 0.501352 0.485714 0.504404 0.505352 5
1.7238659515168 0.481699 0.500402 0.50135 0.485699 0.504402 0.50535 5
1.7212188729713 0.481685 0.5004 0.501348 0.485685 0.5044 0.505348 5
1.7185777905739 0.481672 0.5004 0.501346 0.485672 0.5044 0.505346 5
1.7159426819069 0.481659 0.500398 0.501345 0.485659 0.504398 0.505345 5
1.7133135246674 0.481644 0.500397 0.501343 0.485644 0.504397 0.505343 5
1.7106902966666 0.48163 0.500395 0.501341 0.48563 0.504395 0.505341 5
1.7080729758291 0.481615 0.500395 0.501339 0.485615 0.504395 0.505339 5
1.7054615401925 0.481602 0.500393 0.501337 0.485602 0.504393 0.505337 5
1.7028559679061 0.481586 0.500391 0.501337 0.485586 0.504391 0.505337 5
1.7002562372304 0.481573 0.500391 0.501335 0.485573 0.504391 0.505335 5
1.6976623265366 0.48156 0.500389 0.501331 0.48556 0.504389 0.505331 5
1.6950742143057 0.481544 0.500387 0.501331 0.485544 0.504387 0.505331 5
1.6924918791277 0.481531 0.500387 0.501329 0.485531 0.504387 0.505329 5
1.6899152997011 0.481518 0.500385 0.501327 0.485518 0.504385 0.505327 5
1.6873444548319 0.481504 0.500385 0.501325 0.485504 0.504385 0.505325 5
1.6847793234334 0.481491 0.500383 0.501325 0.485491 0.504383 0.505325 5
1.6796661172319 0.481462 0.500379 0.501322 0.485462 0.504379 0.505322 5
1.6771180007842 0.481449 0.500379 0.50132 0.485449 0.504379 0.50532 5
1.6745755145163 0.481434 0.500378 0.50132 0.485434 0.504378 0.50532 5
1.6720386378662 0.48142 0.500378 0.501318 0.48542 0.504378 0.505318 5
1.669507350375 0.481407 0.500376 0.501316 0.485407 0.504376 0.505316 5
1.6669816316859 0.481392 0.500376 0.501316 0.485392 0.504376 0.505316 5
1.6644614615441 0.481378 0.500374 0.501314 0.485378 0.504374 0.505314 5
1.6619468197954 0.481365 0.500374 0.501312 0.485365 0.504374 0.505312 5
1.6594376863864 0.48135 0.500372 0.501312 0.48535 0.504372 0.505312 5
1.6569340413632 0.481335 0.50037 0.50131 0.485335 0.50437 0.50531 5
1.654435864871 0.481321 0.50037 0.501308 0.485321 0.50437 0.505308 5
1.6519431371538 0.481308 0.50037 0.50131 0.485308 0.50437 0.50531 5
1.6494558385531 0.481293 0.500368 0.501308 0.485293 0.504368 0.505308 5
1.6469739495078 0.481279 0.500368 0.501306 0.485279 0.504368 0.505306 5
1.6444974505536 0.481266 0.500366 0.501304 0.485266 0.504366 0.505304 5
1.642026322322 0.481251 0.500364 0.501304 0.485251 0.504364 0.505304 5
1.6395605455401 0.481237 0.500364 0.501303 0.485237 0.504364 0.505303 5
1.6371001010298 0.481222 0.500364 0.501303 0.485222 0.504364 0.505303 5
1.6346449697072 0.481209 0.500362 0.501301 0.485209 0.504362 0.505301 5
1.6321951325822 0.481195 0.500362 0.501299 0.485195 0.504362 0.505299 5
1.6297505707576 0.48118 0.500362 0.501299 0.48518 0.504362 0.505299 5
1.6273112654289 0.481167 0.500362 0.501297 0.485167 0.504362 0.505297 5
1.6248771978833 0.481153 0.50036 0.501295 0.485153 0.50436 0.505295 5
1.6224483494995 0.48114 0.50036 0.501293 0.48514 0.50436 0.505293 5
1.6200247017471 0.481125 0.500358 0.501291 0.485125 0.504358 0.505291 5
1.6176062361855 0.481111 0.500358 0.501291 0.485111 0.504358 0.505291 5
1.6151929344643 0.481098 0.500358 0.501289 0.485098 0.504358 0.505289 5
1.612784778322 0.481083 0.500357 0.501287 0.485083 0.504357 0.505287 5
1.6103817495854 0.481069 0.500357 0.501285 0.485069 0.504357 0.505285 5
1.6079838301697 0.481054 0.500357 0.501285 0.485054 0.504357 0.505285 5
1.6055910020775 0.481041 0.500355 0.501282 0.485041 0.504355 0.505282 5
1.6032032473981 0.481027 0.500355 0.501282 0.485027 0.504355 0.505282 5
1.6008205483076 0.481012 0.500353 0.50128 0.485012 0.504353 0.50528 5
1.5984428870676 0.480999 0.500353 0.501278 0.484999 0.504353 0.505278 5
1.5960702460252 0.480984 0.500353 0.501278 0.484984 0.504353 0.505278 5
1.5937026076125 0.48097 0.500351 0.501276 0.48497 0.504351 0.505276 5
1.5913399543457 0.480957 0.500351 0.501274 0.484957 0.504351 0.505274 5
1.5889822688249 0.480942 0.500349 0.501274 0.484942 0.504349 0.505274 5
1.5866295337334 0.48093 0.500349 0.501272 0.48493 0.504349 0.505272 5
1.5842817318373 0.480915 0.500347 0.50127 0.484915 0.504347 0.50527 5
1.5819388459852 0.480902 0.500345 0.50127 0.484902 0.504345 0.50527 5
1.5796008591072 0.480888 0.500345 0.50127 0.484888 0.504345 0.50527 5
1.5772677542148 0.480873 0.500343 0.501268 0.484873 0.504343 0.505268 5
1.5749395144003 0.48086 0.500343 0.501268 0.48486 0.504343 0.505268 5
1.5726161228363 0.480846 0.500341 0.501266 0.484846 0.504341 0.505266 5
1.5702975627753 0.480833 0.500341 0.501266 0.484833 0.504341 0.505266 5
1.567983817549 0.480818 0.500339 0.501264 0.484818 0.504339 0.505264 5
1.5656748705681 0.480806 0.500339 0.501264 0.484806 0.504339 0.505264 5
1.5633707053216 0.480791 0.500337 0.501264 0.484791 0.504337 0.505264 5
1.5610713053765 0.480778 0.500337 0.501264 0.484778 0.504337 0.505264 5
1.5587766543771 0.480764 0.500336 0.501263 0.484764 0.504336 0.505263 5
1.556486736045 0.480751 0.500336 0.501263 0.484751 0.504336 0.505263 5
1.554201534178 0.480738 0.500336 0.501263 0.484738 0.504336 0.505263 5
1.5519210326502 0.480724 0.500334 0.501261 0.484724 0.504334 0.505261 5
1.5496452154112 0.480713 0.500334 0.501261 0.484713 0.504334 0.505261 5
1.5473740664858 0.480699 0.500334 0.501261 0.484699 0.504334 0.505261 5
1.5451075699736 0.480686 0.500332 0.501259 0.484686 0.504332 0.505259 5
1.5428457100484 0.480671 0.50033 0.501259 0.484671 0.50433 0.505259 5
1.5405884709578 0.480659 0.50033 0.501259 0.484659 0.50433 0.505259 5
1.5383358370229 0.480646 0.500328 0.501257 0.484646 0.504328 0.505257 5
1.5360877926378 0.480633 0.500328 0.501257 0.484633 0.504328 0.505257 5
1.5338443222689 0.480619 0.500326 0.501257 0.484619 0.504326 0.505257 5
1.5316054104551 0.480608 0.500326 0.501255 0.484608 0.504326 0.505255 5
1.5293710418066 0.480594 0.500324 0.501255 0.484594 0.504324 0.505255 5
1.5271412010051 0.480581 0.500322 0.501253 0.484581 0.504322 0.505253 5
1.5249158728031 0.480568 0.500322 0.501253 0.484568 0.504322 0.505253 5
1.5226950420235 0.480554 0.50032 0.501253 0.484554 0.50432 0.505253 5
1.5204786935592 0.480541 0.50032 0.501251 0.484541 0.50432 0.505251 5
1.5182668123726 0.48053 0.500318 0.501251 0.48453 0.504318 0.505251 5
1.5160593834956 0.480516 0.500318 0.501249 0.484516 0.504318 0.505249 5
1.5138563920287 0.480503 0.500318 0.501249 0.484503 0.504318 0.505249 5
1.5116578231407 0.48049 0.500316 0.501247 0.48449 0.504316 0.505247 5
1.5094636620686 0.480478 0.500316 0.501247 0.484478 0.504316 0.505247 5
1.5072738941169 0.480465 0.500315 0.501245 0.484465 0.504315 0.505245 5
1.5050885046572 0.480451 0.500313 0.501243 0.484451 0.504313 0.505243 5
1.5029074791281 0.48044 0.500313 0.501243 0.48444 0.504313 0.505243 5
1.5007308030346 0.480427 0.500311 0.501243 0.484427 0.504311 0.505243 5
1.4985585349142 0.480413 0.500309 0.501242 0.484413 0.504309 0.505242 5
1.4963904414965 0.480402 0.500309 0.501242 0.484402 0.504309 0.505242 5
1.4942267274051 0.480388 0.500307 0.50124 0.484388 0.504307 0.50524 5
1.4920673054184 0.480375 0.500305 0.50124 0.484375 0.504305 0.50524 5
1.4899121613751 0.480362 0.500303 0.501238 0.484362 0.504303 0.505238 5
1.4877612811706 0.480348 0.500303 0.501238 0.484348 0.504303 0.505238 5
1.4856146507643 0.480335 0.500301 0.501238 0.484335 0.504301 0.505238 5
1.4834722561789 0.480322 0.500299 0.501238 0.484322 0.504299 0.505238 5
1.4813340835004 0.480308 0.500299 0.501236 0.484308 0.504299 0.505236 5
1.479200118877 0.480295 0.500297 0.501234 0.484295 0.504297 0.505234 5
1.4770703485198 0.480282 0.500297 0.501234 0.484282 0.504297 0.505234 5
1.4749447587016 0.480268 0.500295 0.501232 0.484268 0.504295 0.505232 5
1.4728233357567 0.480255 0.500295 0.501232 0.484255 0.504295 0.505232 5
1.4707060660811 0.48024 0.500294 0.501232 0.48424 0.504294 0.505232 5
1.4685929361312 0.480228 0.500294 0.50123 0.484228 0.504294 0.50523 5
1.4664839324245 0.480215 0.500294 0.501228 0.484215 0.504294 0.505228 5
1.4643790415384 0.480202 0.500292 0.501228 0.484202 0.504292 0.505228 5
1.4622782501103 0.480188 0.500292 0.501226 0.484188 0.504292 0.505226 5
1.4601815448371 0.480175 0.50029 0.501224 0.484175 0.50429 0.505224 5
1.4580889124751 0.480162 0.500288 0.501224 0.484162 0.504288 0.505224 5
1.4560003398394 0.480148 0.500288 0.501222 0.484148 0.504288 0.505222 5
1.4539158138035 0.480135 0.500286 0.501222 0.484135 0.504286 0.505222 5
1.4518353212993 0.480121 0.500284 0.501221 0.484121 0.504284 0.505221 5
1.4497588493167 0.480108 0.500282 0.501221 0.484108 0.504282 0.505221 5
1.4476863849028 0.480095 0.500282 0.501219 0.484095 0.504282 0.505219 5
1.4456179151622 0.480081 0.50028 0.501219 0.484081 0.50428 0.505219 5
1.4435534272566 0.480068 0.500278 0.501217 0.484068 0.504278 0.505217 5
1.4414929084039 0.480055 0.500278 0.501217 0.484055 0.504278 0.505217 5
1.4394363458787 0.480039 0.500276 0.501215 0.484039 0.504276 0.505215 5
1.4373837270112 0.480026 0.500275 0.501215 0.484026 0.504275 0.505215 5
1.4353272686041 0.480015 0.500275 0.501213 0.484015 0.504275 0.505213 5
1.4332831879998 0.480001 0.500273 0.501213 0.484001 0.504273 0.505213 5
1.4312432599335 0.479988 0.500273 0.501211 0.483988 0.504273 0.505211 5
1.4292074710307 0.479975 0.500271 0.501211 0.483975 0.504271 0.505211 5
1.4271758079758 0.479961 0.500269 0.501209 0.483961 0.504269 0.505209 5
1.425148257512 0.47995 0.500267 0.501207 0.48395 0.504267 0.505207 5
1.4231247090219 0.479936 0.500267 0.501207 0.483936 0.504267 0.505207 5
1.4211012465037 0.479923 0.500263 0.501205 0.483923 0.504263 0.505205 5
1.4190818688353 0.47991 0.500263 0.501205 0.48391 0.504263 0.505205 5
1.4170665629466 0.479894 0.500261 0.501205 0.483894 0.504261 0.505205 5
1.4150553158249 0.479881 0.500259 0.501203 0.483881 0.504259 0.505203 5
1.4130481145143 0.47987 0.500259 0.501203 0.48387 0.504259 0.505203 5
1.4110449461156 0.479856 0.500257 0.501201 0.483856 0.504257 0.505201 5
1.4090457977858 0.479843 0.500255 0.501201 0.483843 0.504255 0.505201 5
1.4070506567378 0.47983 0.500254 0.5012 0.48383 0.504254 0.5052 5
1.4050595102402 0.479818 0.500252 0.5012 0.483818 0.504252 0.5052 5
1.403072345617 0.479805 0.50025 0.501198 0.483805 0.50425 0.505198 5
1.4010891502472 0.479791 0.500246 0.501198 0.483791 0.504246 0.505198 5
1.3991100203328 0.479778 0.500244 0.501196 0.483778 0.504244 0.505196 5
1.397134617046 0.479765 0.500242 0.501196 0.483765 0.504242 0.505196 5
1.3951632542669 0.479751 0.50024 0.501194 0.483751 0.50424 0.505194 5
1.3931958107906 0.479738 0.500238 0.501196 0.483738 0.504238 0.505196 5
1.3912322742775 0.479727 0.500236 0.501194 0.483727 0.504236 0.505194 5
1.3892713301326 0.479713 0.500234 0.501194 0.483713 0.504234 0.505194 5
1.3873114644538 0.4797 0.500233 0.501194 0.4837 0.504233 0.505194 5
1.3853554804948 0.479687 0.500231 0.501192 0.483687 0.504231 0.505192 5
1.3834033660737 0.479675 0.500229 0.50119 0.483675 0.504229 0.50519 5
1.3814551090611 0.47966 0.500225 0.50119 0.48366 0.504225 0.50519 5
1.3795106973795 0.479647 0.500223 0.50119 0.483647 0.504223 0.50519 5
1.3775701190031 0.479635 0.500223 0.50119 0.483635 0.504223 0.50519 5
1.3756333619578 0.479622 0.500221 0.50119 0.483622 0.504221 0.50519 5
1.3737004143204 0.479608 0.500219 0.501188 0.483608 0.504219 0.505188 5
1.3717712642187 0.479595 0.500217 0.501188 0.483595 0.504217 0.505188 5
1.3698458998311 0.479582 0.500215 0.501186 0.483582 0.504215 0.505186 5
1.3679243093863 0.479568 0.500213 0.501186 0.483568 0.504213 0.505186 5
1.3660064811632 0.479555 0.500213 0.501186 0.483555 0.504213 0.505186 5
1.3640924034903 0.479542 0.500212 0.501186 0.483542 0.504212 0.505186 5
1.3621820647459 0.47953 0.500212 0.501184 0.48353 0.504212 0.505184 5
1.3602754533574 0.479517 0.50021 0.501184 0.483517 0.50421 0.505184 5
1.3583725578012 0.479503 0.500208 0.501184 0.483503 0.504208 0.505184 5
1.3564720710885 0.479492 0.500208 0.501182 0.483492 0.504208 0.505182 5
1.3545724551229 0.479479 0.500206 0.501182 0.483479 0.504206 0.505182 5
1.3526765320226 0.479465 0.500204 0.501182 0.483465 0.504204 0.505182 5
1.3507842904159 0.479454 0.500202 0.501181 0.483454 0.504202 0.505181 5
1.3488957189795 0.479441 0.5002 0.501181 0.483441 0.5042 0.505181 5
1.3470108064374 0.479427 0.500198 0.501181 0.483427 0.504198 0.505181 5
1.3451295415611 0.479414 0.500196 0.501181 0.483414 0.504196 0.505181 5
1.3432519131693 0.479402 0.500194 0.501181 0.483402 0.504194 0.505181 5
1.3413779101274 0.479389 0.500194 0.501181 0.483389 0.504194 0.505181 5
1.3395075213476 0.479378 0.500192 0.501181 0.483378 0.504192 0.505181 5
1.3376407357884 0.479364 0.500191 0.501181 0.483364 0.504191 0.505181 5
1.3357775424546 0.479353 0.500189 0.501181 0.483353 0.504189 0.505181 5
1.3339179303966 0.479339 0.500187 0.501181 0.483339 0.504187 0.505181 5
1.3320618887107 0.479328 0.500185 0.501181 0.483328 0.504185 0.505181 5
1.3302094065385 0.479315 0.500183 0.501181 0.483315 0.504183 0.505181 5
1.3283604730669 0.479303 0.500181 0.501181 0.483303 0.504181 0.505181 5
1.3265150775276 0.47929 0.500179 0.501181 0.48329 0.504179 0.505181 5
1.3246731555682 0.479277 0.500177 0.501181 0.483277 0.504177 0.505181 5
1.322830671881 0.479263 0.500175 0.501181 0.483263 0.504175 0.505181 5
1.3209917052377 0.47925 0.500173 0.501181 0.48325 0.504173 0.505181 5
1.3191562450075 0.479236 0.500173 0.501182 0.483236 0.504173 0.505182 5
1.3173242806037 0.479225 0.500172 0.501182 0.483225 0.504172 0.505182 5
1.315495801483 0.479212 0.50017 0.501182 0.483212 0.50417 0.505182 5
1.3136707971458 0.4792 0.50017 0.501182 0.4832 0.50417 0.505182 5
1.3118492571358 0.479189 0.500168 0.501182 0.483189 0.504168 0.505182 5
1.3100311710395 0.479175 0.500168 0.501184 0.483175 0.504168 0.505184 5
1.3082165284865 0.479164 0.500166 0.501184 0.483164 0.504166 0.505184 5
1.3064053191487 0.479151 0.500164 0.501184 0.483151 0.504164 0.505184 5
1.3045975327407 0.479139 0.500162 0.501184 0.483139 0.504162 0.505184 5
1.3027931590189 0.479128 0.50016 0.501184 0.483128 0.50416 0.505184 5
1.3009921877818 0.479114 0.500158 0.501186 0.483114 0.504158 0.505186 5
1.299194707963 0.479103 0.500156 0.501186 0.483103 0.504156 0.505186 5
1.2974004121541 0.47909 0.500154 0.501186 0.48309 0.504154 0.505186 5
1.2956095875879 0.479076 0.500152 0.501188 0.483076 0.504152 0.505188 5
1.2938221251054 0.479063 0.500151 0.501188 0.483063 0.504151 0.505188 5
1.2920363145865 0.479051 0.500151 0.501188 0.483051 0.504151 0.505188 5
1.2902514086595 0.479038 0.500149 0.50119 0.483038 0.504149 0.50519 5
1.2884698459229 0.479025 0.500149 0.501192 0.483025 0.504149 0.505192 5
1.2866916164643 0.479013 0.500149 0.501192 0.483013 0.504149 0.505192 5
1.2849167104117 0.479002 0.500149 0.501192 0.483002 0.504149 0.505192 5
1.2831451179328 0.47899 0.500149 0.501194 0.48299 0.504149 0.505194 5
1.2813768292352 0.478981 0.500147 0.501192 0.482981 0.504147 0.505192 5
1.2796118345661 0.478968 0.500145 0.501192 0.482968 0.504145 0.505192 5
1.2778501242122 0.478956 0.500143 0.501194 0.482956 0.504143 0.505194 5
1.276091688499 0.478945 0.500141 0.501194 0.482945 0.504141 0.505194 5
1.2743365177914 0.478931 0.500141 0.501196 0.482931 0.504141 0.505196 5
1.2725846024928 0.478922 0.500139 0.501196 0.482922 0.504139 0.505196 5
1.2708359330452 0.478908 0.500139 0.501196 0.482908 0.504139 0.505196 5
1.269090499929 0.478897 0.500137 0.501196 0.482897 0.504137 0.505196 5
1.2673482936628 0.478886 0.500133 0.501198 0.482886 0.504133 0.505198 5
1.2656093048032 0.478872 0.500133 0.5012 0.482872 0.504133 0.5052 5
1.2638735239446 0.478861 0.500133 0.5012 0.482861 0.504133 0.5052 5
1.2621409417188 0.478849 0.500131 0.5012 0.482849 0.504131 0.5052 5
1.2604094614521 0.478838 0.500131 0.501201 0.482838 0.504131 0.505201 5
1.2586791022481 0.478826 0.500131 0.501201 0.482826 0.504131 0.505201 5
1.2569519245826 0.478817 0.50013 0.501201 0.482817 0.50413 0.505201 5
1.2552279191991 0.478805 0.500128 0.501201 0.482805 0.504128 0.505201 5
1.2535070768777 0.478794 0.500126 0.501203 0.482794 0.504126 0.505203 5
1.2517893884352 0.478783 0.500126 0.501203 0.482783 0.504126 0.505203 5
1.2500748447246 0.478771 0.500124 0.501205 0.482771 0.504124 0.505205 5
1.2483634366356 0.478762 0.500122 0.501205 0.482762 0.504122 0.505205 5
1.2466551550936 0.47875 0.500122 0.501207 0.48275 0.504122 0.505207 5
1.2449499910602 0.478741 0.50012 0.501207 0.482741 0.50412 0.505207 5
1.2432479355326 0.478729 0.500118 0.501207 0.482729 0.504118 0.505207 5
1.2415489795434 0.47872 0.500116 0.501207 0.48272 0.504116 0.505207 5
1.2398531141609 0.478708 0.500114 0.501207 0.482708 0.504114 0.505207 5
1.2381603304882 0.478697 0.500112 0.501209 0.482697 0.504112 0.505209 5
1.2364706196638 0.478687 0.50011 0.501209 0.482687 0.50411 0.505209 5
1.2347839728608 0.478676 0.500109 0.501209 0.482676 0.504109 0.505209 5
1.2331003812871 0.478664 0.500109 0.501211 0.482664 0.504109 0.505211 5
1.2314198361849 0.478655 0.500107 0.501213 0.482655 0.504107 0.505213 5
1.229741134059 0.478645 0.500107 0.501213 0.482645 0.504107 0.505213 5
1.2280624982211 0.478636 0.500105 0.501213 0.482636 0.504105 0.505213 5
1.226386893412 0.478626 0.500103 0.501213 0.482626 0.504103 0.505213 5
1.2247143109743 0.478618 0.500103 0.501213 0.482618 0.504103 0.505213 5
1.2230447422846 0.478609 0.500101 0.501215 0.482609 0.504101 0.505215 5
1.2213781787528 0.478601 0.500099 0.501213 0.482601 0.504099 0.505213 5
1.2197146118225 0.478592 0.500095 0.501213 0.482592 0.504095 0.505213 5
1.2180540329707 0.478582 0.500093 0.501213 0.482582 0.504093 0.505213 5
1.2163964337072 0.478573 0.50009 0.501213 0.482573 0.50409 0.505213 5
1.214741805575 0.478563 0.500088 0.501213 0.482563 0.504088 0.505213 5
1.21309014015 0.478556 0.500086 0.501213 0.482556 0.504086 0.505213 5
1.2114414290405 0.478546 0.500084 0.501213 0.482546 0.504084 0.505213 5
1.2097956638876 0.478536 0.500084 0.501213 0.482536 0.504084 0.505213 5
1.2081528363644 0.478527 0.500084 0.501213 0.482527 0.504084 0.505213 5
1.2065129381764 0.478517 0.500082 0.501211 0.482517 0.504082 0.505211 5
1.2048759610611 0.47851 0.50008 0.501209 0.48251 0.50408 0.505209 5
1.2032418967877 0.4785 0.50008 0.501209 0.4825 0.50408 0.505209 5
1.2016107371574 0.478491 0.50008 0.501207 0.482491 0.50408 0.505207 5
1.1999826349479 0.478483 0.50008 0.501205 0.482483 0.50408 0.505205 5
1.1983539275047 0.478474 0.500078 0.501203 0.482474 0.504078 0.505203 5
1.19672727211 0.478466 0.500078 0.501201 0.482466 0.504078 0.505201 5
1.1951034993016 0.478456 0.500078 0.5012 0.482456 0.504078 0.5052 5
1.1934826010181 0.478449 0.500076 0.501198 0.482449 0.504076 0.505198 5
1.191864569213 0.478439 0.500076 0.501196 0.482439 0.504076 0.505196 5
1.1902493958705 0.478432 0.500076 0.501194 0.482432 0.504076 0.505194 5
1.1886370730057 0.478422 0.500076 0.501192 0.482422 0.504076 0.505192 5
1.1870275926638 0.478412 0.500076 0.50119 0.482412 0.504076 0.50519 5
1.1854209469207 0.478405 0.500076 0.501186 0.482405 0.504076 0.505186 5
1.1838171278823 0.478395 0.500076 0.501184 0.482395 0.504076 0.505184 5
1.1822161276845 0.478386 0.500074 0.501182 0.482386 0.504074 0.505182 5
1.1806179384934 0.478376 0.500074 0.501181 0.482376 0.504074 0.505181 5
1.1790225525045 0.478367 0.500074 0.501179 0.482367 0.504074 0.505179 5
1.1774299619431 0.478357 0.500074 0.501177 0.482357 0.504074 0.505177 5
1.175840159064 0.478348 0.500074 0.501173 0.482348 0.504074 0.505173 5
1.1742531361512 0.478336 0.500072 0.501171 0.482336 0.504072 0.505171 5
1.1726688855181 0.478327 0.500074 0.501169 0.482327 0.504074 0.505169 5
1.1710873995068 0.478317 0.500072 0.501167 0.482317 0.504072 0.505167 5
1.1695086704887 0.478306 0.500074 0.501165 0.482306 0.504074 0.505165 5
1.1679288455783 0.478296 0.500072 0.501163 0.482296 0.504072 0.505163 5
1.1663514409694 0.478287 0.500074 0.50116 0.482287 0.504074 0.50516 5
1.1647767809105 0.478277 0.500074 0.501156 0.482277 0.504074 0.505156 5
1.1632048578537 0.478268 0.500074 0.501152 0.482268 0.504074 0.505152 5
1.1616356642794 0.478258 0.500072 0.501148 0.482258 0.504072 0.505148 5
1.1600691926961 0.478247 0.50007 0.501146 0.482247 0.50407 0.505146 5
1.1585054356406 0.478235 0.500069 0.501144 0.482235 0.504069 0.505144 5
1.1569443856777 0.478224 0.500069 0.501142 0.482224 0.504069 0.505142 5
1.1553860353997 0.478212 0.50007 0.501139 0.482212 0.50407 0.505139 5
1.1538303774269 0.478203 0.50007 0.501135 0.482203 0.50407 0.505135 5
1.152277404407 0.478191 0.500069 0.501131 0.482191 0.504069 0.505131 5
1.1507271090154 0.478178 0.500069 0.501131 0.482178 0.504069 0.505131 5
1.1491794839545 0.478168 0.50007 0.501127 0.482168 0.50407 0.505127 5
1.1476345219541 0.478155 0.50007 0.501125 0.482155 0.50407 0.505125 5
1.1460922157708 0.478145 0.50007 0.501121 0.482145 0.50407 0.505121 5
1.1445525581884 0.478134 0.50007 0.501119 0.482134 0.50407 0.505119 5
1.1430155420174 0.478123 0.50007 0.501116 0.482123 0.50407 0.505116 5
1.1414811600948 0.478111 0.50007 0.501114 0.482111 0.50407 0.505114 5
1.1399494052845 0.478102 0.50007 0.50111 0.482102 0.50407 0.50511 5
1.1384170721205 0.47809 0.500069 0.501108 0.48209 0.504069 0.505108 5
1.1368863749184 0.478077 0.500069 0.501106 0.482077 0.504069 0.505106 5
1.1353582936909 0.478065 0.500069 0.501104 0.482065 0.504069 0.505104 5
1.1338328213744 0.478054 0.500069 0.501102 0.482054 0.504069 0.505102 5
1.1323099509312 0.478044 0.500069 0.501098 0.482044 0.504069 0.505098 5
1.1307896753495 0.478031 0.500067 0.501097 0.482031 0.504067 0.505097 5
1.1292719876434 0.47802 0.500067 0.501095 0.48202 0.504067 0.505095 5
1.1277568808527 0.478008 0.500067 0.501091 0.482008 0.504067 0.505091 5
1.1262443480426 0.477997 0.500067 0.501089 0.481997 0.504067 0.505089 5
1.1247343823041 0.477983 0.500067 0.501087 0.481983 0.504067 0.505087 5
1.1232269767532 0.477972 0.500067 0.501085 0.481972 0.504067 0.505085 5
1.1217221245313 0.47796 0.500065 0.501081 0.48196 0.504065 0.505081 5
1.120219818805 0.477949 0.500065 0.501079 0.481949 0.504065 0.505079 5
1.1187200527656 0.477938 0.500065 0.501078 0.481938 0.504065 0.505078 5
1.1172228196295 0.477926 0.500063 0.501074 0.481926 0.504063 0.505074 5
1.1157281126378 0.477913 0.500063 0.501072 0.481913 0.504063 0.505072 5
1.1142359250562 0.477901 0.500063 0.50107 0.481901 0.504063 0.50507 5
1.1127462501751 0.477888 0.500063 0.501068 0.481888 0.504063 0.505068 5
1.111259081309 0.477877 0.500063 0.501066 0.481877 0.504063 0.505066 5
1.1097731995471 0.477865 0.500061 0.501062 0.481865 0.504061 0.505062 5
1.108286836547 0.477852 0.500061 0.50106 0.481852 0.504061 0.50506 5
1.1068029696185 0.47784 0.500061 0.501058 0.48184 0.504061 0.505058 5
1.1053215921416 0.477827 0.500061 0.501057 0.481827 0.504061 0.505057 5
1.1038426975202 0.477814 0.500061 0.501055 0.481814 0.504061 0.505055 5
1.102366279182 0.477804 0.500059 0.501051 0.481804 0.504059 0.505051 5
1.1008923305784 0.477791 0.500059 0.501049 0.481791 0.504059 0.505049 5
1.0994209343228 0.477779 0.500059 0.501047 0.481779 0.504059 0.505047 5
1.0979518164907 0.477766 0.500059 0.501045 0.481766 0.504059 0.505045 5
1.0964852380451 0.477754 0.500059 0.501043 0.481754 0.504059 0.505043 5
1.0950211033669 0.477741 0.500059 0.501041 0.481741 0.504059 0.505041 5
1.0935594060336 0.477732 0.500059 0.501037 0.481732 0.504059 0.505037 5
1.092100139637 0.477718 0.500059 0.501036 0.481718 0.504059 0.505036 5
1.090643297792 0.477707 0.500059 0.501034 0.481707 0.504059 0.505034 5
1.0891888741365 0.477695 0.500057 0.50103 0.481695 0.504057 0.50503 5
1.0877368623308 0.477684 0.500059 0.501028 0.481684 0.504059 0.505028 5
1.0862872560584 0.477671 0.500059 0.501026 0.481671 0.504059 0.505026 5
1.0848400490251 0.477659 0.500059 0.501024 0.481659 0.504059 0.505024 5
1.0833952349593 0.477648 0.500057 0.50102 0.481648 0.504057 0.50502 5
1.0819528076117 0.477636 0.500057 0.501018 0.481636 0.504057 0.505018 5
1.0805106941479 0.477623 0.500055 0.501015 0.481623 0.504055 0.505015 5
1.0790688320624 0.477611 0.500055 0.501013 0.481611 0.504055 0.505013 5
1.077629347882 0.477598 0.500055 0.501009 0.481598 0.504055 0.505009 5
1.0761922354159 0.477587 0.500055 0.501007 0.481587 0.504055 0.505007 5
1.074757488495 0.477573 0.500055 0.501003 0.481573 0.504055 0.505003 5
1.0733251009724 0.477562 0.500055 0.501001 0.481562 0.504055 0.505001 5
1.0718950667229 0.477548 0.500055 0.500999 0.481548 0.504055 0.504999 5
1.0704673796431 0.477537 0.500055 0.500997 0.481537 0.504055 0.504997 5
1.0690420336511 0.477524 0.500057 0.500995 0.481524 0.504057 0.504995 5
1.0676190226866 0.477512 0.500055 0.500992 0.481512 0.504055 0.504992 5
1.0661983407107 0.477501 0.500055 0.50099 0.481501 0.504055 0.50499 5
1.064779981706 0.477489 0.500055 0.500988 0.481489 0.504055 0.504988 5
1.0633639396759 0.477476 0.500055 0.500984 0.481476 0.504055 0.504984 5
1.0619502086455 0.477465 0.500055 0.500982 0.481465 0.504055 0.504982 5
1.0605387826605 0.477451 0.500055 0.50098 0.481451 0.504055 0.50498 5
1.0591296557879 0.47744 0.500055 0.500978 0.48144 0.504055 0.504978 5
1.0577228221152 0.477426 0.500053 0.500975 0.481426 0.504053 0.504975 5
1.0563182757509 0.477415 0.500053 0.500973 0.481415 0.504053 0.504973 5
1.0549160108242 0.477402 0.500053 0.500971 0.481402 0.504053 0.504971 5
1.0535160214848 0.47739 0.500053 0.500969 0.48139 0.504053 0.504969 5
1.0521167395202 0.477379 0.500055 0.500967 0.481379 0.504055 0.504967 5
1.0507170886572 0.477365 0.500055 0.500965 0.481365 0.504055 0.504965 5
1.0493197056002 0.477354 0.500055 0.500963 0.481354 0.504055 0.504963 5
1.0479245845508 0.477342 0.500055 0.500961 0.481342 0.504055 0.504961 5
1.0465317197313 0.477331 0.500053 0.500957 0.481331 0.504053 0.504957 5
1.0451411053838 0.47732 0.500053 0.500955 0.48132 0.504053 0.504955 5
1.0437527357707 0.477306 0.500053 0.500954 0.481306 0.504053 0.504954 5
1.0423666051743 0.477295 0.500053 0.500952 0.481295 0.504053 0.504952 5
1.0409827078968 0.477283 0.500053 0.50095 0.481283 0.504053 0.50495 5
1.0396010382601 0.47727 0.500053 0.500948 0.48127 0.504053 0.504948 5
1.038221590606 0.477259 0.500051 0.500944 0.481259 0.504051 0.504944 5
1.0368443592958 0.477247 0.500051 0.500944 0.481247 0.504051 0.504944 5
1.0354693387104 0.477234 0.500049 0.50094 0.481234 0.504049 0.50494 5
1.03409652325 0.477222 0.500049 0.500938 0.481222 0.504049 0.504938 5
1.0327259073344 0.477211 0.500049 0.500936 0.481211 0.504049 0.504936 5
1.0313574854026 0.477199 0.500049 0.500934 0.481199 0.504049 0.504934 5
1.0299912519127 0.477188 0.500049 0.500933 0.481188 0.504049 0.504933 5
1.0286272013419 0.477175 0.500049 0.500931 0.481175 0.504049 0.504931 5
1.0272653281868 0.477165 0.500049 0.500931 0.481165 0.504049 0.504931 5
1.0259056269624 0.477154 0.500049 0.500929 0.481154 0.504049 0.504929 5
1.024548092203 0.477142 0.500048 0.500925 0.481142 0.504048 0.504925 5
1.0231888303845 0.477131 0.500048 0.500923 0.481131 0.504048 0.504923 5
1.0218314185409 0.477119 0.500046 0.500921 0.481119 0.504046 0.504921 5
1.0204761663521 0.477108 0.500048 0.500921 0.481108 0.504048 0.504921 5
1.0191230683987 0.477096 0.500046 0.500919 0.481096 0.504046 0.504919 5
1.0177721192797 0.477085 0.500046 0.500917 0.481085 0.504046 0.504917 5
1.0164233136128 0.477072 0.500046 0.500915 0.481072 0.504046 0.504915 5
1.0150766460341 0.47706 0.500044 0.500913 0.48106 0.504044 0.504913 5
1.0137321111979 0.477049 0.500044 0.500912 0.481049 0.504044 0.504912 5
1.0123897037767 0.477037 0.500044 0.50091 0.481037 0.504044 0.50491 5
1.0110494184614 0.477026 0.500044 0.500908 0.481026 0.504044 0.504908 5
1.0097112499608 0.477014 0.500042 0.500906 0.481014 0.504042 0.504906 5
1.0083751930018 0.477003 0.500042 0.500904 0.481003 0.504042 0.504904 5
1.0070412423292 0.476992 0.500042 0.500904 0.480992 0.504042 0.504904 5
1.0057093927056 0.47698 0.50004 0.5009 0.48098 0.50404 0.5049 5
1.0043796389116 0.476969 0.50004 0.5009 0.480969 0.50404 0.5049 5
1.0030519757451 0.476957 0.50004 0.500898 0.480957 0.50404 0.504898 5
1.0017263980221 0.476946 0.500038 0.500896 0.480946 0.504038 0.504896 5
1.0004029005759 0.476932 0.500038 0.500894 0.480932 0.504038 0.504894 5
0.99908151849774 0.476921 0.500038 0.500892 0.480921 0.504038 0.504892 5
0.9977621259302 0.476909 0.500036 0.500891 0.480909 0.504036 0.504891 5
0.9964442066201 0.476898 0.500036 0.500891 0.480898 0.504036 0.504891 5
0.99512477505904 0.476887 0.500036 0.500889 0.480887 0.504036 0.504889 5
0.99380740754435 0.476875 0.500036 0.500889 0.480875 0.504036 0.504889 5
0.99249209898576 0.476864 0.500034 0.500887 0.480864 0.504034 0.504887 5
0.99117884431012 0.476852 0.500032 0.500885 0.480852 0.504032 0.504885 5
0.98986763846134 0.476841 0.500032 0.500883 0.480841 0.504032 0.504883 5
0.98855847640033 0.476829 0.500032 0.500883 0.480829 0.504032 0.504883 5
0.9872513531049 0.476818 0.50003 0.500881 0.480818 0.50403 0.504881 5
0.98594626356973 0.476806 0.500028 0.500879 0.480806 0.504028 0.504879 5
0.98464320280626 0.476795 0.500028 0.500877 0.480795 0.504028 0.504877 5
0.98334216584263 0.476784 0.500028 0.500877 0.480784 0.504028 0.504877 5
0.98204314772362 0.476772 0.500027 0.500875 0.480772 0.504027 0.504875 5
0.98074614351057 0.476759 0.500027 0.500873 0.480759 0.504027 0.504873 5
0.9794511482813 0.476747 0.500025 0.500873 0.480747 0.504025 0.504873 5
0.97815815713007 0.476736 0.500023 0.500872 0.480736 0.504023 0.504872 5
0.97686716516747 0.476724 0.500023 0.500872 0.480724 0.504023 0.504872 5
0.97557816752041 0.476713 0.500023 0.50087 0.480713 0.504023 0.50487 5
0.97429115933197 0.476702 0.500021 0.50087 0.480702 0.504021 0.50487 5
0.9730061357614 0.47669 0.500019 0.500868 0.48069 0.504019 0.504868 5
0.97172309198403 0.476679 0.500019 0.500868 0.480679 0.504019 0.504868 5
0.9704420231912 0.476667 0.500017 0.500866 0.480667 0.504017 0.504866 5
0.96916273567839 0.476656 0.500017 0.500866 0.480656 0.504017 0.504866 5
0.96788139562448 0.476646 0.500015 0.500866 0.480646 0.504015 0.504866 5
0.96660202541673 0.476635 0.500013 0.500866 0.480635 0.504013 0.504866 5
0.96532462028342 0.476623 0.500013 0.500866 0.480623 0.504013 0.504866 5
0.96404917546858 0.476612 0.500011 0.500864 0.480612 0.504011 0.504864 5
0.96277568623195 0.476602 0.500009 0.500864 0.480602 0.504009 0.504864 5
0.96150414784893 0.476591 0.500007 0.500862 0.480591 0.504007 0.504862 5
0.96023455561049 0.476581 0.500007 0.500862 0.480581 0.504007 0.504862 5
0.95896690482309 0.47657 0.500007 0.500862 0.48057 0.504007 0.504862 5
0.95770119080867 0.476559 0.500006 0.50086 0.480559 0.504006 0.50486 5
0.95643740890455 0.476549 0.500006 0.50086 0.480549 0.504006 0.50486 5
0.95517555446334 0.476539 0.500006 0.50086 0.480539 0.504006 0.50486 5
0.95391562285293 0.47653 0.500004 0.500858 0.48053 0.504004 0.504858 5
0.95265760945641 0.476518 0.500004 0.500856 0.480518 0.504004 0.504856 5
0.95140150967197 0.476509 0.500002 0.500854 0.480509 0.504002 0.504854 5
0.9501473189129 0.476498 0.500002 0.500854 0.480498 0.504002 0.504854 5
0.94889503260746 0.476488 0.500002 0.500852 0.480488 0.504002 0.504852 5
0.94764464619888 0.476478 0.500002 0.500852 0.480478 0.504002 0.504852 5
0.94639615514525 0.476467 0.5 0.500851 0.480467 0.504 0.504851 5
0.94514955491949 0.476456 0.5 0.500849 0.480456 0.504 0.504849 5
0.94390484100927 0.476446 0.5 0.500849 0.480446 0.504 0.504849 5
0.94266200891696 0.476435 0.5 0.500847 0.480435 0.504 0.504847 5
0.94141849658816 0.476425 0.499998 0.500845 0.480425 0.503998 0.504845 5
0.94017521181351 0.476414 0.499998 0.500843 0.480414 0.503998 0.504843 5
0.93893380447803 0.476402 0.499998 0.500843 0.480402 0.503998 0.504843 5
0.93769427011677 0.476391 0.499998 0.500841 0.480391 0.503998 0.504841 5
0.93645660427928 0.476381 0.499998 0.500839 0.480381 0.503998 0.504839 5
0.9352208025295 0.47637 0.499998 0.500839 0.48037 0.503998 0.504839 5
0.93398686044578 0.47636 0.499996 0.500837 0.48036 0.503996 0.504837 5
0.93275477362076 0.476349 0.499996 0.500835 0.480349 0.503996 0.504835 5
0.93152453766132 0.476337 0.499996 0.500833 0.480337 0.503996 0.504833 5
0.93029614818856 0.476328 0.499994 0.500831 0.480328 0.503994 0.504831 5
0.92906960083771 0.476316 0.499994 0.50083 0.480316 0.503994 0.50483 5
0.92784489125805 0.476305 0.499994 0.50083 0.480305 0.503994 0.50483 5
0.92662201511292 0.476293 0.499992 0.500828 0.480293 0.503992 0.504828 5
0.92540096807959 0.476282 0.499992 0.500826 0.480282 0.503992 0.504826 5
0.92418174584926 0.476271 0.499992 0.500824 0.480271 0.503992 0.504824 5
0.92296434412696 0.476259 0.499992 0.500822 0.480259 0.503992 0.504822 5
0.92174875863152 0.47625 0.49999 0.50082 0.48025 0.50399 0.50482 5
0.92053498509551 0.476238 0.49999 0.50082 0.480238 0.50399 0.50482 5
0.91932301926518 0.476227 0.49999 0.500818 0.480227 0.50399 0.504818 5
0.91811285690041 0.476217 0.49999 0.500816 0.480217 0.50399 0.504816 5
0.91690449377463 0.476206 0.49999 0.500814 0.480206 0.50399 0.504814 5
0.9156979256748 0.476194 0.499988 0.50081 0.480194 0.503988 0.50481 5
0.9144896282413 0.476185 0.499988 0.50081 0.480185 0.503988 0.50481 5
0.91328243646098 0.476173 0.499988 0.500809 0.480173 0.503988 0.504809 5
0.91207703601992 0.47616 0.499988 0.500805 0.48016 0.503988 0.504805 5
0.91087342273397 0.476148 0.499988 0.500803 0.480148 0.503988 0.504803 5
0.9096715924323 0.476139 0.499987 0.500801 0.480139 0.503987 0.504801 5
0.90847154095737 0.476127 0.499987 0.500799 0.480127 0.503987 0.504799 5
0.90727326416487 0.476116 0.499987 0.500797 0.480116 0.503987 0.504797 5
0.90607675792363 0.476105 0.499987 0.500795 0.480105 0.503987 0.504795 5
0.90488201811565 0.476093 0.499985 0.500791 0.480093 0.503985 0.504791 5
0.90368904063594 0.476082 0.499985 0.500789 0.480082 0.503985 0.504789 5
0.90249782139256 0.47607 0.499985 0.500788 0.48007 0.503985 0.504788 5
0.90130835630651 0.476057 0.499987 0.500786 0.480057 0.503987 0.504786 5
0.90012064131172 0.476045 0.499987 0.500784 0.480045 0.503987 0.504784 5
0.89893468440346 0.476034 0.499987 0.500782 0.480034 0.503987 0.504782 5
0.89775044539458 0.476024 0.499985 0.50078 0.480024 0.503985 0.50478 5
0.89656795640655 0.476013 0.499985 0.500778 0.480013 0.503985 0.504778 5
0.89538720137229 0.476002 0.499985 0.500776 0.480002 0.503985 0.504776 5
0.8942081762907 0.475988 0.499985 0.500772 0.479988 0.503985 0.504772 5
0.89303087717205 0.475977 0.499985 0.50077 0.479977 0.503985 0.50477 5
0.89185530003919 0.475965 0.499985 0.500769 0.479965 0.503985 0.504769 5
0.89068144092746 0.475954 0.499985 0.500767 0.479954 0.503985 0.504767 5
0.88950929588466 0.475942 0.499985 0.500765 0.479942 0.503985 0.504765 5
0.88833578955581 0.475931 0.499985 0.500763 0.479931 0.503985 0.504763 5
0.88716285934814 0.475918 0.499985 0.500759 0.479918 0.503985 0.504759 5
0.88599164015424 0.475906 0.499985 0.500757 0.479906 0.503985 0.504757 5
0.88482212804739 0.475895 0.499985 0.500755 0.479895 0.503985 0.504755 5
0.8836543191132 0.475881 0.499985 0.500753 0.479881 0.503985 0.504753 5
0.88248820944948 0.47587 0.499985 0.500751 0.47987 0.503985 0.504751 5
0.88132379516627 0.475859 0.499985 0.500749 0.479859 0.503985 0.504749 5
0.88016107238572 0.475847 0.499985 0.500748 0.479847 0.503985 0.504748 5
0.87900003724211 0.475836 0.499985 0.500746 0.479836 0.503985 0.504746 5
0.87784068588174 0.475822 0.499985 0.500744 0.479822 0.503985 0.504744 5
0.87668301446293 0.475811 0.499985 0.500742 0.479811 0.503985 0.504742 5
0.87552701915594 0.475799 0.499985 0.50074 0.479799 0.503985 0.50474 5
0.87437269614295 0.475788 0.499985 0.500738 0.479788 0.503985 0.504738 5
0.87322004161799 0.475775 0.499987 0.500736 0.479775 0.503987 0.504736 5
0.8720690517869 0.475761 0.499987 0.500732 0.479761 0.503987 0.504732 5
0.87091972286729 0.47575 0.499987 0.50073 0.47975 0.503987 0.50473 5
0.8697720510885 0.475738 0.499987 0.500728 0.479738 0.503987 0.504728 5
0.86862603269153 0.475727 0.499987 0.500727 0.479727 0.503987 0.504727 5
0.86748166392902 0.475714 0.499987 0.500725 0.479714 0.503987 0.504725 5
0.86633894106518 0.475702 0.499987 0.500723 0.479702 0.503987 0.504723 5
0.86519786037577 0.475689 0.499988 0.500721 0.479689 0.503988 0.504721 5
0.86405841814804 0.475677 0.499988 0.500719 0.479677 0.503988 0.504719 5
0.86291940513262 0.475666 0.499988 0.500717 0.479666 0.503988 0.504717 5
0.86177902495785 0.475653 0.499988 0.500715 0.479653 0.503988 0.504715 5
0.86064028076686 0.475639 0.499988 0.500711 0.479639 0.503988 0.504711 5
0.85950316886936 0.475626 0.499988 0.500709 0.479626 0.503988 0.504709 5
0.85836768558644 0.475614 0.499988 0.500709 0.479614 0.503988 0.504709 5
0.85723382725048 0.475601 0.499988 0.500707 0.479601 0.503988 0.504707 5
0.85610159020512 0.475588 0.499988 0.500707 0.479588 0.503988 0.504707 5
0.85497097080521 0.475574 0.499988 0.500706 0.479574 0.503988 0.504706 5
0.8538419654168 0.475563 0.499987 0.500704 0.479563 0.503987 0.504704 5
0.85271457041704 0.47555 0.499987 0.500704 0.47955 0.503987 0.504704 5
0.85158878219418 0.475538 0.499987 0.500704 0.479538 0.503987 0.504704 5
0.85046459714752 0.475525 0.499987 0.500702 0.479525 0.503987 0.504702 5
0.84934201168735 0.475513 0.499987 0.500702 0.479513 0.503987 0.504702 5
0.84822102223493 0.475502 0.499985 0.5007 0.479502 0.503985 0.5047 5
0.84710162522243 0.47549 0.499987 0.5007 0.47949 0.503987 0.5047 5
0.84598381709289 0.475479 0.499987 0.5007 0.479479 0.503987 0.5047 5
0.8448675943002 0.475468 0.499985 0.500698 0.479468 0.503985 0.504698 5
0.84375295330902 0.475456 0.499987 0.500698 0.479456 0.503987 0.504698 5
0.84263989059476 0.475445 0.499987 0.500696 0.479445 0.503987 0.504696 5
0.84152840264356 0.475433 0.499987 0.500696 0.479433 0.503987 0.504696 5
0.84041848595221 0.475422 0.499987 0.500696 0.479422 0.503987 0.504696 5
0.83931013702812 0.47541 0.499987 0.500694 0.47941 0.503987 0.504694 5
0.83820335238929 0.475399 0.499988 0.500694 0.479399 0.503988 0.504694 5
0.83709600416889 0.475387 0.499988 0.500692 0.479387 0.503988 0.504692 5
0.83598813831031 0.475376 0.499988 0.500692 0.479376 0.503988 0.504692 5
0.83488183479676 0.475365 0.49999 0.500692 0.479365 0.50399 0.504692 5
0.83377709016593 0.475353 0.49999 0.50069 0.479353 0.50399 0.50469 5
0.83267390096595 0.475344 0.49999 0.50069 0.479344 0.50399 0.50469 5
0.83157226375539 0.475332 0.49999 0.500688 0.479332 0.50399 0.504688 5
0.83047217510318 0.475323 0.49999 0.500688 0.479323 0.50399 0.504688 5
0.8293736315886 0.475311 0.499992 0.500688 0.479311 0.503992 0.504688 5
0.82827662980123 0.4753 0.499992 0.500687 0.4793 0.503992 0.504687 5
0.8271811663409 0.47529 0.499994 0.500687 0.47929 0.503994 0.504687 5
0.82608723781768 0.475279 0.499994 0.500685 0.479279 0.503994 0.504685 5
0.8249948408518 0.475269 0.499996 0.500685 0.479269 0.503996 0.504685 5
0.82390397207365 0.475258 0.499996 0.500683 0.479258 0.503996 0.504683 5
0.82281462812372 0.475246 0.499996 0.500681 0.479246 0.503996 0.504681 5
0.82172680565256 0.475237 0.499998 0.500681 0.479237 0.503998 0.504681 5
0.82064050132076 0.475225 0.499998 0.500679 0.479225 0.503998 0.504679 5
0.8195557117989 0.475216 0.499998 0.500679 0.479216 0.503998 0.504679 5
0.8184724337675 0.475204 0.5 0.500677 0.479204 0.504 0.504677 5
0.81739066391701 0.475195 0.5 0.500677 0.479195 0.504 0.504677 5
0.81631039894775 0.475183 0.5 0.500675 0.479183 0.504 0.504675 5
0.81523163556988 0.475174 0.5 0.500673 0.479174 0.504 0.504673 5
0.81415437050337 0.475162 0.500002 0.500673 0.479162 0.504002 0.504673 5
0.81307860047795 0.475153 0.500002 0.500671 0.479153 0.504002 0.504671 5
0.81200270496933 0.475143 0.500002 0.500671 0.479143 0.504002 0.504671 5
0.81092571834222 0.475132 0.500002 0.500669 0.479132 0.504002 0.504669 5
0.80985022530637 0.475122 0.500002 0.500667 0.479122 0.504002 0.504667 5
0.80877622260871 0.475113 0.500002 0.500667 0.479113 0.504002 0.504667 5
0.80770370700579 0.475101 0.500004 0.500666 0.479101 0.504004 0.504666 5
0.80663267526382 0.475092 0.500004 0.500666 0.479092 0.504004 0.504666 5
0.80556312415854 0.475082 0.500004 0.500664 0.479082 0.504004 0.504664 5
0.80449505047529 0.475073 0.500004 0.500662 0.479073 0.504004 0.504662 5
0.80342845100889 0.475061 0.500004 0.500658 0.479061 0.504004 0.504658 5
0.80236332256364 0.475052 0.500004 0.500656 0.479052 0.504004 0.504656 5
0.80129966195328 0.47504 0.500004 0.500652 0.47904 0.504004 0.504652 5
0.80023746600097 0.475031 0.500004 0.50065 0.479031 0.504004 0.50465 5
0.79917675525918 0.475019 0.500004 0.500646 0.479019 0.504004 0.504646 5
0.7981174554075 0.475008 0.500004 0.500645 0.479008 0.504004 0.504645 5
0.79705963446408 0.474996 0.500004 0.500643 0.478996 0.504004 0.504643 5
0.79600326556227 0.474985 0.500004 0.500641 0.478985 0.504004 0.504641 5
0.79494834557409 0.474974 0.500002 0.500639 0.478974 0.504002 0.504639 5
0.79389487137837 0.474962 0.500002 0.500637 0.478962 0.504002 0.504637 5
0.79284283986312 0.474953 0.5 0.500635 0.478953 0.504 0.504635 5
0.79179224792548 0.474941 0.5 0.500633 0.478941 0.504 0.504633 5
0.79074309247167 0.47493 0.5 0.500631 0.47893 0.504 0.504631 5
0.78969537041698 0.474918 0.499998 0.500629 0.478918 0.503998 0.504629 5
0.78864907868571 0.474907 0.499998 0.500627 0.478907 0.503998 0.504627 5
0.78760421421119 0.474895 0.499998 0.500625 0.478895 0.503998 0.504625 5
0.786556894263 0.474886 0.499998 0.500625 0.478886 0.503998 0.504625 5
0.78551068710491 0.474874 0.499996 0.500624 0.478874 0.503996 0.504624 5
0.78446590620768 0.474863 0.499996 0.500622 0.478863 0.503996 0.504622 5
0.78342254851951 0.474851 0.499996 0.50062 0.478851 0.503996 0.50462 5
0.78238061099747 0.474842 0.499994 0.50062 0.478842 0.503994 0.50462 5
0.78134009060753 0.47483 0.499994 0.500618 0.47883 0.503994 0.504618 5
0.78030098432445 0.474819 0.499994 0.500616 0.478819 0.503994 0.504616 5
0.77926328913182 0.47481 0.499994 0.500616 0.47881 0.503994 0.504616 5
0.77822700202198 0.474798 0.499994 0.500614 0.478798 0.503994 0.504614 5
0.77719211999601 0.474789 0.499992 0.500614 0.478789 0.503992 0.504614 5
0.77615864006369 0.474777 0.499992 0.500612 0.478777 0.503992 0.504612 5
0.77512655924346 0.474768 0.499992 0.500612 0.478768 0.503992 0.504612 5
0.77409587456241 0.474756 0.499992 0.50061 0.478756 0.503992 0.50461 5
0.77306658305624 0.474747 0.49999 0.500608 0.478747 0.50399 0.504608 5
0.77203868176919 0.474737 0.49999 0.500608 0.478737 0.50399 0.504608 5
0.7710121677541 0.474727 0.49999 0.500606 0.478727 0.50399 0.504606 5
0.76998703807226 0.474718 0.49999 0.500606 0.478718 0.50399 0.504606 5
0.76896328979349 0.474708 0.49999 0.500604 0.478708 0.50399 0.504604 5
0.76794091999604 0.474699 0.499992 0.500604 0.478699 0.503992 0.504604 5
0.76691992576657 0.474689 0.499992 0.500603 0.478689 0.503992 0.504603 5
0.76590030420014 0.47468 0.499992 0.500599 0.47868 0.503992 0.504599 5
0.76488205240016 0.47467 0.499992 0.500597 0.47867 0.503992 0.504597 5
0.76386516747838 0.474661 0.499992 0.500593 0.478661 0.503992 0.504593 5
0.76284912705281 0.474651 0.499992 0.500591 0.478651 0.503992 0.504591 5
0.76183077818162 0.474642 0.499992 0.500589 0.478642 0.503992 0.504589 5
0.76081379560125 0.474632 0.499992 0.500587 0.478632 0.503992 0.504587 5
0.75979817643632 0.474621 0.499992 0.500585 0.478621 0.503992 0.504585 5
0.75878391781971 0.474611 0.49999 0.500582 0.478611 0.50399 0.504582 5
0.7577710168925 0.4746 0.49999 0.50058 0.4786 0.50399 0.50458 5
0.75675947080396 0.47459 0.49999 0.500578 0.47859 0.50399 0.504578 5
0.75574927671151 0.474579 0.49999 0.500576 0.478579 0.50399 0.504576 5
0.75474043178069 0.474569 0.499988 0.500574 0.478569 0.503988 0.504574 5
0.75373293318514 0.474558 0.499988 0.500572 0.478558 0.503988 0.504572 5
0.75272677810656 0.474546 0.499988 0.50057 0.478546 0.503988 0.50457 5
0.75172196373468 0.474537 0.499988 0.50057 0.478537 0.503988 0.50457 5
0.75071848726723 0.474525 0.499988 0.500568 0.478525 0.503988 0.504568 5
0.74971634590994 0.474516 0.499987 0.500566 0.478516 0.503987 0.504566 5
0.74871553687647 0.474504 0.499987 0.500566 0.478504 0.503987 0.504566 5
0.74771605738841 0.474493 0.499987 0.500564 0.478493 0.503987 0.504564 5
0.74671790467523 0.474483 0.499987 0.500564 0.478483 0.503987 0.504564 5
0.74572107597426 0.474472 0.499987 0.500563 0.478472 0.503987 0.504563 5
0.74472556853069 0.47446 0.499987 0.500563 0.47846 0.503987 0.504563 5
0.74373137959749 0.474451 0.499987 0.500563 0.478451 0.503987 0.504563 5
0.74273850643541 0.474439 0.499987 0.500563 0.478439 0.503987 0.504563 5
0.74174694631298 0.47443 0.499987 0.500561 0.47843 0.503987 0.504561 5
0.74075669650641 0.47442 0.499987 0.500561 0.47842 0.503987 0.504561 5
0.73976775429963 0.474411 0.499987 0.500561 0.478411 0.503987 0.504561 5
0.73878011698425 0.474403 0.499987 0.500559 0.478403 0.503987 0.504559 5
0.73778967333975 0.474394 0.499987 0.500557 0.478394 0.503987 0.504557 5
0.73680046191595 0.474384 0.499987 0.500555 0.478384 0.503987 0.504555 5
0.73581255517721 0.474373 0.499988 0.500553 0.478373 0.503988 0.504553 5
0.73482595042612 0.474363 0.499988 0.500551 0.478363 0.503988 0.504551 5
0.73384064497289 0.474354 0.499988 0.500549 0.478354 0.503988 0.504549 5
0.73285663613528 0.474344 0.499988 0.500547 0.478344 0.503988 0.504547 5
0.73187392123858 0.474333 0.499988 0.500545 0.478333 0.503988 0.504545 5
0.73089249761562 0.474323 0.499987 0.500542 0.478323 0.503987 0.504542 5
0.72991236260669 0.474312 0.499987 0.50054 0.478312 0.503987 0.50454 5
0.72893351355954 0.4743 0.499987 0.500538 0.4783 0.503987 0.504538 5
0.72795594782938 0.474291 0.499987 0.500538 0.478291 0.503987 0.504538 5
0.72697966277879 0.474279 0.499987 0.500536 0.478279 0.503987 0.504536 5
0.72600465577775 0.474268 0.499987 0.500536 0.478268 0.503987 0.504536 5
0.72503092420359 0.474254 0.499988 0.500534 0.478254 0.503988 0.504534 5
0.72405846544098 0.474245 0.499988 0.500534 0.478245 0.503988 0.504534 5
0.72308727688186 0.474235 0.499988 0.500532 0.478235 0.503988 0.504532 5
0.72211735592548 0.474226 0.49999 0.500532 0.478226 0.50399 0.504532 5
0.72114869997831 0.474216 0.49999 0.50053 0.478216 0.50399 0.50453 5
0.72018130645407 0.474209 0.49999 0.500528 0.478209 0.50399 0.504528 5
0.71921517277368 0.474197 0.499992 0.500526 0.478197 0.503992 0.504526 5
0.7182502963652 0.474188 0.49999 0.500522 0.478188 0.50399 0.504522 5
0.71728667466389 0.474178 0.49999 0.500521 0.478178 0.50399 0.504521 5
0.71632430511208 0.474167 0.49999 0.500517 0.478167 0.50399 0.504517 5
0.71536318515924 0.474155 0.49999 0.500515 0.478155 0.50399 0.504515 5
0.71440122817361 0.474144 0.49999 0.500513 0.478144 0.50399 0.504513 5
0.71343842765887 0.474132 0.499992 0.500513 0.478132 0.503992 0.504513 5
0.7124768768803 0.474123 0.499992 0.500511 0.478123 0.503992 0.504511 5
0.71151657329673 0.474113 0.499992 0.500509 0.478113 0.503992 0.504509 5
0.71055751437402 0.474104 0.499994 0.500509 0.478104 0.503994 0.504509 5
0.70959969758505 0.474094 0.499992 0.500505 0.478094 0.503992 0.504505 5
0.70864312040968 0.474085 0.49999 0.500501 0.478085 0.50399 0.504501 5
0.70768778033472 0.474071 0.499992 0.5005 0.478071 0.503992 0.5045 5
0.70673367485393 0.47406 0.499992 0.500498 0.47806 0.503992 0.504498 5
0.70578080146796 0.47405 0.499994 0.500498 0.47805 0.503994 0.504498 5
0.70482915768438 0.474041 0.499992 0.500494 0.478041 0.503992 0.504494 5
0.70387874101757 0.474029 0.499992 0.500492 0.478029 0.503992 0.504492 5
0.70292954898881 0.474018 0.499994 0.50049 0.478018 0.503994 0.50449 5
0.70198157912616 0.474008 0.499992 0.500488 0.478008 0.503992 0.504488 5
0.70103482896447 0.473999 0.499992 0.500486 0.477999 0.503992 0.504486 5
0.70008929604537 0.473987 0.499992 0.500484 0.477987 0.503992 0.504484 5
0.6991449868368 0.473978 0.499992 0.500482 0.477978 0.503992 0.504482 5
0.69820187213426 0.473968 0.499992 0.500481 0.477968 0.503992 0.504481 5
0.6972599762609 0.473957 0.499992 0.500479 0.477957 0.503992 0.504479 5
0.69631928786295 0.473947 0.49999 0.500477 0.477947 0.50399 0.504477 5
0.69537980451642 0.473936 0.49999 0.500473 0.477936 0.50399 0.504473 5
0.69444152380305 0.473926 0.49999 0.500471 0.477926 0.50399 0.504471 5
0.69350444331118 0.473915 0.49999 0.500469 0.477915 0.50399 0.504469 5
0.69256856063575 0.473905 0.49999 0.500467 0.477905 0.50399 0.504467 5
0.69163387337825 0.473894 0.49999 0.500465 0.477894 0.50399 0.504465 5
0.69069756903504 0.473884 0.49999 0.500463 0.477884 0.50399 0.504463 5
0.68976110314225 0.473875 0.499988 0.500461 0.477875 0.503988 0.504461 5
0.68882583311986 0.473865 0.499988 0.50046 0.477865 0.503988 0.50446 5
0.68789175657723 0.473854 0.499988 0.500458 0.477854 0.503988 0.504458 5
0.68695887113024 0.473844 0.499988 0.500456 0.477844 0.503988 0.504456 5
0.68602717440124 0.473833 0.499988 0.500454 0.477833 0.503988 0.504454 5
0.68509666401905 0.473823 0.499988 0.500452 0.477823 0.503988 0.504452 5
0.68416733761893 0.473814 0.499988 0.50045 0.477814 0.503988 0.50445 5
0.68323919284253 0.473802 0.499988 0.500448 0.477802 0.503988 0.504448 5
0.6823122273379 0.473793 0.499987 0.500446 0.477793 0.503987 0.504446 5
0.68138643875949 0.473783 0.499987 0.500444 0.477783 0.503987 0.504444 5
0.68046182476805 0.473772 0.499987 0.500442 0.477772 0.503987 0.504442 5
0.67953838303069 0.473762 0.499987 0.50044 0.477762 0.503987 0.50444 5
0.67861611122082 0.473751 0.499987 0.500439 0.477751 0.503987 0.504439 5
0.67769500701811 0.473741 0.499987 0.500437 0.477741 0.503987 0.504437 5
0.67677506810853 0.47373 0.499987 0.500435 0.47773 0.503987 0.504435 5
0.67585629218426 0.47372 0.499987 0.500433 0.47772 0.503987 0.504433 5
0.67493867694371 0.473709 0.499987 0.500431 0.477709 0.503987 0.504431 5
0.67402222009148 0.473699 0.499985 0.500429 0.477699 0.503985 0.504429 5
0.67310691933837 0.47369 0.499985 0.500427 0.47769 0.503985 0.504427 5
0.6721927724013 0.473678 0.499985 0.500425 0.477678 0.503985 0.504425 5
0.67127977700336 0.473667 0.499985 0.500423 0.477667 0.503985 0.504423 5
0.67036793087373 0.473657 0.499985 0.500421 0.477657 0.503985 0.504421 5
0.6694572317477 0.473648 0.499985 0.500421 0.477648 0.503985 0.504421 5
0.66854767736661 0.473636 0.499985 0.500419 0.477636 0.503985 0.504419 5
0.66763715262841 0.473625 0.499985 0.500418 0.477625 0.503985 0.504418 5
0.66672572695224 0.473616 0.499983 0.500416 0.477616 0.503983 0.504416 5
0.66581544676031 0.473606 0.499983 0.500414 0.477606 0.503983 0.504414 5
0.66490630980054 0.473596 0.499983 0.500414 0.477596 0.503983 0.504414 5
0.66399831382685 0.473585 0.499983 0.500412 0.477585 0.503983 0.504412 5
0.66309145659917 0.473575 0.499983 0.50041 0.477575 0.503983 0.50441 5
0.66218573588341 0.473566 0.499981 0.500408 0.477566 0.503981 0.504408 5
0.66128114945145 0.473554 0.499981 0.500406 0.477554 0.503981 0.504406 5
0.66037769508111 0.473545 0.499981 0.500406 0.477545 0.503981 0.504406 5
0.65947537055611 0.473535 0.499981 0.500404 0.477535 0.503981 0.504404 5
0.65857417366611 0.473526 0.499981 0.500402 0.477526 0.503981 0.504402 5
0.65767410220661 0.473514 0.499981 0.5004 0.477514 0.503981 0.5044 5
0.65677515397902 0.473507 0.499981 0.5004 0.477507 0.503981 0.5044 5
0.65587732679054 0.473497 0.499979 0.500398 0.477497 0.503979 0.504398 5
0.65498061845424 0.473486 0.499979 0.500397 0.477486 0.503979 0.504397 5
0.65408502678897 0.473476 0.499979 0.500395 0.477476 0.503979 0.504395 5
0.65319054961935 0.473467 0.499979 0.500395 0.477467 0.503979 0.504395 5
0.6522971847758 0.473455 0.499979 0.500393 0.477455 0.503979 0.504393 5
0.65140493009445 0.473446 0.499977 0.500391 0.477446 0.503977 0.504391 5
0.65051378341719 0.473436 0.499977 0.500389 0.477436 0.503977 0.504389 5
0.64962374259158 0.473427 0.499977 0.500389 0.477427 0.503977 0.504389 5
0.6487348054709 0.473417 0.499977 0.500387 0.477417 0.503977 0.504387 5
0.64784696991407 0.473406 0.499977 0.500385 0.477406 0.503977 0.504385 5
0.64696023378569 0.473396 0.499975 0.500383 0.477396 0.503975 0.504383 5
0.64607459495597 0.473387 0.499975 0.500383 0.477387 0.503975 0.504383 5
0.64519004878178 0.473377 0.499975 0.500381 0.477377 0.503975 0.504381 5
0.6443024509935 0.473368 0.499975 0.500379 0.477368 0.503975 0.504379 5
0.64341595150446 0.473358 0.499973 0.500378 0.477358 0.503973 0.504378 5
0.64253054819022 0.473348 0.499973 0.500378 0.477348 0.503973 0.504378 5
0.64164623893197 0.473339 0.499973 0.500376 0.477339 0.503973 0.504376 5
0.64076302161644 0.473329 0.499973 0.500376 0.477329 0.503973 0.504376 5
0.6398808941359 0.47332 0.499973 0.500374 0.47732 0.503973 0.504374 5
0.63899985438818 0.47331 0.499971 0.500372 0.47731 0.503971 0.504372 5
0.63811990027661 0.473301 0.499971 0.50037 0.477301 0.503971 0.50437 5
0.63724102971002 0.473291 0.499971 0.500368 0.477291 0.503971 0.504368 5
0.63636324060271 0.47328 0.499971 0.500366 0.47728 0.503971 0.504366 5
0.63548653087445 0.473272 0.499969 0.500364 0.477272 0.503969 0.504364 5
0.63461089845043 0.473263 0.499969 0.500362 0.477263 0.503969 0.504362 5
0.63373634126129 0.473253 0.499969 0.500362 0.477253 0.503969 0.504362 5
0.63286285724306 0.473242 0.499969 0.50036 0.477242 0.503969 0.50436 5
0.63199044433716 0.473232 0.499969 0.500358 0.477232 0.503969 0.504358 5
0.63111910049039 0.473223 0.499967 0.500357 0.477223 0.503967 0.504357 5
0.63024882365487 0.473213 0.499967 0.500355 0.477213 0.503967 0.504355 5
0.62937961178809 0.473204 0.499967 0.500353 0.477204 0.503967 0.504353 5
0.62851146285285 0.473194 0.499967 0.500353 0.477194 0.503967 0.504353 5
0.62764437481723 0.473184 0.499967 0.500351 0.477184 0.503967 0.504351 5
0.6267783456546 0.473175 0.499966 0.500349 0.477175 0.503966 0.504349 5
0.62591337334361 0.473165 0.499966 0.500347 0.477165 0.503966 0.504347 5
0.62504945586814 0.473156 0.499966 0.500345 0.477156 0.503966 0.504345 5
0.6241865912173 0.473146 0.499966 0.500345 0.477146 0.503966 0.504345 5
0.62332477738543 0.473137 0.499966 0.500343 0.477137 0.503966 0.504343 5
0.62246338087652 0.473127 0.499964 0.500341 0.477127 0.503964 0.504341 5
0.62159952829083 0.473118 0.499964 0.500339 0.477118 0.503964 0.504339 5
0.62073672776202 0.473108 0.499964 0.500337 0.477108 0.503964 0.504337 5
0.61987497728867 0.473099 0.499964 0.500336 0.477099 0.503964 0.504336 5
0.61901427487459 0.473089 0.499964 0.500336 0.477089 0.503964 0.504336 5
0.61815461852871 0.47308 0.499962 0.500332 0.47708 0.503962 0.504332 5
0.61729600626512 0.47307 0.499964 0.500332 0.47707 0.503964 0.504332 5
0.61643843610303 0.47306 0.499962 0.50033 0.47706 0.503962 0.50433 5
0.61558190606676 0.473051 0.499962 0.500328 0.477051 0.503962 0.504328 5
0.6147264141857 0.473041 0.499964 0.500328 0.477041 0.503964 0.504328 5
0.61387195849436 0.473032 0.499964 0.500326 0.477032 0.503964 0.504326 5
0.61301853703226 0.473022 0.499962 0.500324 0.477022 0.503962 0.504324 5
0.612166147844 0.473013 0.499962 0.500322 0.477013 0.503962 0.504322 5
0.61131478897919 0.473003 0.499962 0.50032 0.477003 0.503962 0.50432 5
0.61046445849244 0.472994 0.499964 0.50032 0.476994 0.503964 0.50432 5
0.60961515444336 0.472984 0.499964 0.500318 0.476984 0.503964 0.504318 5
0.60876687489655 0.472975 0.499962 0.500316 0.476975 0.503962 0.504316 5
0.60791961792156 0.472965 0.499962 0.500315 0.476965 0.503962 0.504315 5
0.60707338159287 0.472956 0.499962 0.500315 0.476956 0.503962 0.504315 5
0.60622816398992 0.472944 0.499962 0.500313 0.476944 0.503962 0.504313 5
0.60538396319703 0.472935 0.499962 0.500311 0.476935 0.503962 0.504311 5
0.60454077730344 0.472925 0.499962 0.500311 0.476925 0.503962 0.504311 5
0.60369860440326 0.472916 0.499962 0.500309 0.476916 0.503962 0.504309 5
0.60285744259547 0.472904 0.499962 0.500307 0.476904 0.503962 0.504307 5
0.6020172899839 0.472895 0.499962 0.500307 0.476895 0.503962 0.504307 5
0.60117814467721 0.472885 0.499962 0.500305 0.476885 0.503962 0.504305 5
0.60034000478888 0.472875 0.499962 0.500305 0.476875 0.503962 0.504305 5
