# snapshot   Lx   Ly   Lz
DD0356.0   -0.648773   0.440719   -0.570471
DD0357.0   -0.648399   0.442437   -0.568012
DD0358.0   -0.647655   0.445822   -0.563186
DD0359.0   -0.646551   0.450772   -0.556182
DD0360.0   -0.645103   0.457135   -0.547274
DD0361.0   -0.643328   0.464708   -0.536826
DD0362.0   -0.641252   0.473245   -0.525271
DD0363.0   -0.638903   0.482462   -0.513110
DD0364.0   -0.636311   0.492042   -0.500887
DD0365.0   -0.633513   0.501647   -0.489169
DD0366.0   -0.630545   0.510935   -0.478521
DD0367.0   -0.627444   0.519571   -0.469477
DD0368.0   -0.624247   0.527248   -0.462513
DD0369.0   -0.620989   0.533697   -0.458019
DD0370.0   -0.617702   0.538705   -0.456276
DD0371.0   -0.614415   0.542125   -0.457443
DD0372.0   -0.611148   0.543884   -0.461544
DD0373.0   -0.607919   0.543981   -0.468474
DD0374.0   -0.604738   0.542487   -0.478009
DD0375.0   -0.601612   0.539536   -0.489820
DD0376.0   -0.598539   0.535316   -0.503501
DD0377.0   -0.595517   0.530055   -0.518586
DD0378.0   -0.592542   0.523997   -0.534601
DD0379.0   -0.589611   0.517398   -0.551071
DD0380.0   -0.586719   0.510508   -0.567544
DD0381.0   -0.583868   0.503559   -0.583619
DD0382.0   -0.581064   0.496757   -0.598956
DD0383.0   -0.578318   0.490276   -0.613280
DD0384.0   -0.575649   0.484255   -0.626387
DD0385.0   -0.573084   0.478800   -0.638135
DD0386.0   -0.570656   0.473986   -0.648439
DD0387.0   -0.568405   0.469861   -0.657263
DD0388.0   -0.566374   0.466448   -0.664607
DD0389.0   -0.564610   0.463755   -0.670499
DD0390.0   -0.563161   0.461777   -0.674986
DD0391.0   -0.562069   0.460496   -0.678130
DD0392.0   -0.561372   0.459889   -0.680004
DD0393.0   -0.561097   0.459927   -0.680687
DD0394.0   -0.561259   0.460577   -0.680269
DD0395.0   -0.561857   0.461802   -0.678847
DD0396.0   -0.562873   0.463561   -0.676530
DD0397.0   -0.564268   0.465808   -0.673437
DD0398.0   -0.565987   0.468496   -0.669697
DD0399.0   -0.567956   0.471574   -0.665449
DD0400.0   -0.570088   0.474988   -0.660841
DD0401.0   -0.572285   0.478682   -0.656026
DD0402.0   -0.574443   0.482608   -0.651141
DD0403.0   -0.576457   0.486714   -0.646326
DD0404.0   -0.578230   0.490951   -0.641704
DD0405.0   -0.579675   0.495277   -0.637384
DD0406.0   -0.580721   0.499651   -0.633447
DD0407.0   -0.581315   0.504042   -0.629952
DD0408.0   -0.581428   0.508415   -0.626938
DD0409.0   -0.581052   0.512743   -0.624417
DD0410.0   -0.580201   0.517001   -0.622379
DD0411.0   -0.578908   0.521167   -0.620795
DD0412.0   -0.577220   0.525219   -0.619627
DD0413.0   -0.575199   0.529133   -0.618824
DD0414.0   -0.572911   0.532890   -0.618337
DD0415.0   -0.570426   0.536467   -0.618113
DD0416.0   -0.567812   0.539845   -0.618105
DD0417.0   -0.565130   0.543007   -0.618270
DD0418.0   -0.562438   0.545939   -0.618572
DD0419.0   -0.559781   0.548630   -0.618982
DD0420.0   -0.557194   0.551077   -0.619475
DD0421.0   -0.554705   0.553280   -0.620033
DD0422.0   -0.552329   0.555248   -0.620641
DD0423.0   -0.550077   0.556993   -0.621285
DD0424.0   -0.547949   0.558535   -0.621955
DD0425.0   -0.545944   0.559894   -0.622638
DD0426.0   -0.544055   0.561097   -0.623325
DD0427.0   -0.542274   0.562170   -0.624004
DD0428.0   -0.540591   0.563138   -0.624666
DD0429.0   -0.538998   0.564025   -0.625301
DD0430.0   -0.537486   0.564853   -0.625901
DD0431.0   -0.536048   0.565639   -0.626461
DD0432.0   -0.534678   0.566396   -0.626977
DD0433.0   -0.533371   0.567132   -0.627448
DD0434.0   -0.532124   0.567850   -0.627876
DD0435.0   -0.530935   0.568549   -0.628266
DD0436.0   -0.529800   0.569223   -0.628626
DD0437.0   -0.528722   0.569867   -0.628960
DD0438.0   -0.527699   0.570471   -0.629280
DD0439.0   -0.526730   0.571025   -0.629597
DD0440.0   -0.525814   0.571518   -0.629922
DD0441.0   -0.524950   0.571939   -0.630265
DD0442.0   -0.524134   0.572282   -0.630635
DD0443.0   -0.523363   0.572542   -0.631041
DD0444.0   -0.522633   0.572716   -0.631489
DD0445.0   -0.521937   0.572807   -0.631982
DD0446.0   -0.521270   0.572817   -0.632523
DD0447.0   -0.520623   0.572753   -0.633110
DD0448.0   -0.519990   0.572627   -0.633743
DD0449.0   -0.519362   0.572450   -0.634417
DD0450.0   -0.518730   0.572235   -0.635127
DD0451.0   -0.518086   0.571997   -0.635866
DD0452.0   -0.517421   0.571752   -0.636628
DD0453.0   -0.516728   0.571514   -0.637406
DD0454.0   -0.515999   0.571294   -0.638196
DD0455.0   -0.515225   0.571106   -0.638992
DD0456.0   -0.514398   0.570958   -0.639793
DD0457.0   -0.513510   0.570857   -0.640598
DD0458.0   -0.512554   0.570808   -0.641409
DD0459.0   -0.511517   0.570818   -0.642217
DD0460.0   -0.510389   0.570888   -0.643036
DD0461.0   -0.509158   0.571015   -0.643870
DD0462.0   -0.507814   0.571202   -0.644721
DD0463.0   -0.506348   0.571449   -0.645588
DD0464.0   -0.504741   0.571755   -0.646482
DD0465.0   -0.502978   0.572126   -0.647392
DD0466.0   -0.501045   0.572573   -0.648306
DD0467.0   -0.498924   0.573108   -0.649202
DD0468.0   -0.496596   0.573751   -0.650052
DD0469.0   -0.494038   0.574530   -0.650811
DD0470.0   -0.491228   0.575480   -0.651426
DD0471.0   -0.488136   0.576643   -0.651826
DD0472.0   -0.484733   0.578072   -0.651928
DD0473.0   -0.480982   0.579826   -0.651637
DD0474.0   -0.476843   0.581971   -0.650847
DD0475.0   -0.472271   0.584577   -0.649450
DD0476.0   -0.467217   0.587712   -0.647336
DD0477.0   -0.461630   0.591443   -0.644407
DD0478.0   -0.455460   0.595823   -0.640583
DD0479.0   -0.448656   0.600889   -0.635816
DD0480.0   -0.441173   0.606645   -0.630101
DD0481.0   -0.432979   0.613088   -0.623478
DD0482.0   -0.424051   0.620158   -0.616051
DD0483.0   -0.414383   0.627761   -0.607990
DD0484.0   -0.403990   0.635761   -0.599532
DD0485.0   -0.392906   0.643980   -0.590973
DD0486.0   -0.381192   0.652207   -0.582663
DD0487.0   -0.368928   0.660200   -0.574989
DD0488.0   -0.356215   0.667704   -0.568355
DD0489.0   -0.343172   0.674457   -0.563156
DD0490.0   -0.329930   0.680215   -0.559750
DD0491.0   -0.316620   0.684753   -0.558448
DD0492.0   -0.303379   0.687893   -0.559472
DD0493.0   -0.290335   0.689506   -0.562949
DD0494.0   -0.277602   0.689530   -0.568896
DD0495.0   -0.265278   0.687964   -0.577219
DD0496.0   -0.253439   0.684876   -0.587719
DD0497.0   -0.242141   0.680394   -0.600100
DD0498.0   -0.231416   0.674697   -0.613996
DD0499.0   -0.221279   0.668008   -0.628986
DD0500.0   -0.211727   0.660578   -0.644626
DD0501.0   -0.202745   0.652673   -0.660470
DD0502.0   -0.194309   0.644563   -0.676097
DD0503.0   -0.186391   0.636508   -0.691128
DD0504.0   -0.178964   0.628748   -0.705242
DD0505.0   -0.172001   0.621497   -0.718185
DD0506.0   -0.165479   0.614936   -0.729774
DD0507.0   -0.159382   0.609209   -0.739898
DD0508.0   -0.153694   0.604418   -0.748509
DD0509.0   -0.148407   0.600630   -0.755621
DD0510.0   -0.143511   0.597867   -0.761297
DD0511.0   -0.138998   0.596115   -0.765639
DD0512.0   -0.134860   0.595323   -0.768784
DD0513.0   -0.131087   0.595406   -0.770888
DD0514.0   -0.127666   0.596253   -0.772122
DD0515.0   -0.124583   0.597726   -0.772662
DD0516.0   -0.121824   0.599675   -0.772685
DD0517.0   -0.119373   0.601940   -0.772360
DD0518.0   -0.117215   0.604360   -0.771841
DD0519.0   -0.115338   0.606783   -0.771269
DD0520.0   -0.113732   0.609071   -0.770759
DD0521.0   -0.112390   0.611110   -0.770406
DD0522.0   -0.111306   0.612809   -0.770277
DD0523.0   -0.110479   0.614111   -0.770412
DD0524.0   -0.109907   0.614981   -0.770833
DD0525.0   -0.109592   0.615423   -0.771522
DD0526.0   -0.109526   0.615461   -0.772454
DD0527.0   -0.109708   0.615140   -0.773588
DD0528.0   -0.110127   0.614518   -0.774872
DD0529.0   -0.110780   0.613666   -0.776241
DD0530.0   -0.111655   0.612649   -0.777644
DD0531.0   -0.112737   0.611535   -0.779028
DD0532.0   -0.114014   0.610384   -0.780344
DD0533.0   -0.115470   0.609245   -0.781554
DD0534.0   -0.117091   0.608156   -0.782630
DD0535.0   -0.118867   0.607142   -0.783557
DD0536.0   -0.120785   0.606214   -0.784328
DD0537.0   -0.122836   0.605376   -0.784947
DD0538.0   -0.125013   0.604621   -0.785423
DD0539.0   -0.127306   0.603935   -0.785774
DD0540.0   -0.129708   0.603303   -0.786018
DD0541.0   -0.132210   0.602706   -0.786176
DD0542.0   -0.134802   0.602125   -0.786270
DD0543.0   -0.137472   0.601546   -0.786319
DD0544.0   -0.140204   0.600952   -0.786341
DD0545.0   -0.142985   0.600340   -0.786349
DD0546.0   -0.145793   0.599689   -0.786360
DD0547.0   -0.148613   0.599003   -0.786380
DD0548.0   -0.151429   0.598282   -0.786415
DD0549.0   -0.154223   0.597528   -0.786468
DD0550.0   -0.156983   0.596742   -0.786539
DD0551.0   -0.159699   0.595931   -0.786630
DD0552.0   -0.162363   0.595097   -0.786736
DD0553.0   -0.164973   0.594246   -0.786856
DD0554.0   -0.167527   0.593372   -0.786989
DD0555.0   -0.170029   0.592479   -0.787135
DD0556.0   -0.172492   0.591573   -0.787285
DD0557.0   -0.174920   0.590647   -0.787440
DD0558.0   -0.177323   0.589693   -0.787604
DD0559.0   -0.179711   0.588698   -0.787780
DD0560.0   -0.182090   0.587646   -0.787975
DD0561.0   -0.184465   0.586519   -0.788197
DD0562.0   -0.186839   0.585291   -0.788456
DD0563.0   -0.189208   0.583935   -0.788767
DD0564.0   -0.191564   0.582415   -0.789145
DD0565.0   -0.193893   0.580695   -0.789611
DD0566.0   -0.196178   0.578729   -0.790186
DD0567.0   -0.198394   0.576471   -0.790894
DD0568.0   -0.200512   0.573872   -0.791760
DD0569.0   -0.202499   0.570882   -0.792809
DD0570.0   -0.204320   0.567453   -0.794066
DD0571.0   -0.205940   0.563543   -0.795554
DD0572.0   -0.207326   0.559119   -0.797290
DD0573.0   -0.208449   0.554161   -0.799288
DD0574.0   -0.209290   0.548667   -0.801551
DD0575.0   -0.209839   0.542659   -0.804076
DD0576.0   -0.210101   0.536180   -0.806846
DD0577.0   -0.210093   0.529302   -0.809833
DD0578.0   -0.209851   0.522124   -0.812998
DD0579.0   -0.209424   0.514770   -0.816290
DD0580.0   -0.208878   0.507384   -0.819648
DD0581.0   -0.208286   0.500127   -0.823004
DD0582.0   -0.207729   0.493164   -0.826286
DD0583.0   -0.207290   0.486660   -0.829423
DD0584.0   -0.207046   0.480766   -0.832347
DD0585.0   -0.207064   0.475609   -0.835002
DD0586.0   -0.207396   0.471288   -0.837341
DD0587.0   -0.208075   0.467861   -0.839333
DD0588.0   -0.209113   0.465349   -0.840965
DD0589.0   -0.210496   0.463728   -0.842242
DD0590.0   -0.212193   0.462936   -0.843185
DD0591.0   -0.214151   0.462875   -0.843829
DD0592.0   -0.216303   0.463425   -0.844222
DD0593.0   -0.218574   0.464442   -0.844419
DD0594.0   -0.220882   0.465779   -0.844482
DD0595.0   -0.223149   0.467289   -0.844469
DD0596.0   -0.225301   0.468832   -0.844439
DD0597.0   -0.227275   0.470286   -0.844441
DD0598.0   -0.229018   0.471550   -0.844520
DD0599.0   -0.230493   0.472536   -0.844711
DD0600.0   -0.231676   0.473190   -0.845039
DD0601.0   -0.232557   0.473476   -0.845521
DD0602.0   -0.233136   0.473373   -0.846166
DD0603.0   -0.233426   0.472881   -0.846976
DD0604.0   -0.233441   0.472003   -0.847950
DD0605.0   -0.233201   0.470752   -0.849083
DD0606.0   -0.232727   0.469143   -0.850367
DD0607.0   -0.232038   0.467192   -0.851796
DD0608.0   -0.231151   0.464910   -0.853361
DD0609.0   -0.230079   0.462306   -0.855056
DD0610.0   -0.228830   0.459382   -0.856876
DD0611.0   -0.227405   0.456131   -0.858817
DD0612.0   -0.225802   0.452543   -0.860877
DD0613.0   -0.224014   0.448598   -0.863056
DD0614.0   -0.222029   0.444274   -0.865355
DD0615.0   -0.219835   0.439542   -0.867775
DD0616.0   -0.217418   0.434376   -0.870320
DD0617.0   -0.214769   0.428752   -0.872988
DD0618.0   -0.211880   0.422655   -0.875780
DD0619.0   -0.208755   0.416087   -0.878689
DD0620.0   -0.205400   0.409056   -0.881707
DD0621.0   -0.201835   0.401598   -0.884822
DD0622.0   -0.198096   0.393782   -0.888010
DD0623.0   -0.194230   0.385697   -0.891243
DD0624.0   -0.190298   0.377466   -0.894482
DD0625.0   -0.186374   0.369237   -0.897685
DD0626.0   -0.182536   0.361177   -0.900805
DD0627.0   -0.178873   0.353465   -0.903789
DD0628.0   -0.175471   0.346289   -0.906586
DD0629.0   -0.172410   0.339820   -0.909147
DD0630.0   -0.169761   0.334209   -0.911431
DD0631.0   -0.167579   0.329574   -0.913406
DD0632.0   -0.165897   0.325990   -0.915051
DD0633.0   -0.164725   0.323478   -0.916360
DD0634.0   -0.164049   0.322003   -0.917345
DD0635.0   -0.163829   0.321474   -0.918031
DD0636.0   -0.164004   0.321743   -0.918459
DD0637.0   -0.164492   0.322621   -0.918681
DD0638.0   -0.165199   0.323879   -0.918761
DD0639.0   -0.166023   0.325270   -0.918766
DD0640.0   -0.166860   0.326533   -0.918767
DD0641.0   -0.167613   0.327426   -0.918830
DD0642.0   -0.168197   0.327725   -0.919017
DD0643.0   -0.168543   0.327243   -0.919377
DD0644.0   -0.168603   0.325842   -0.919948
DD0645.0   -0.168352   0.323440   -0.920755
DD0646.0   -0.167789   0.320015   -0.921803
DD0647.0   -0.166937   0.315607   -0.923084
DD0648.0   -0.165839   0.310311   -0.924576
DD0649.0   -0.164555   0.304276   -0.926241
DD0650.0   -0.163160   0.297685   -0.928035
DD0651.0   -0.161734   0.290752   -0.929906
DD0652.0   -0.160358   0.283695   -0.931798
DD0653.0   -0.159107   0.276726   -0.933661
DD0654.0   -0.158043   0.270033   -0.935450
DD0655.0   -0.157211   0.263762   -0.937127
DD0656.0   -0.156634   0.258006   -0.938672
DD0657.0   -0.156308   0.252797   -0.940076
DD0658.0   -0.156203   0.248102   -0.941349
DD0659.0   -0.156264   0.243827   -0.942513
DD0660.0   -0.156412   0.239821   -0.943606
DD0661.0   -0.156554   0.235895   -0.944675
DD0662.0   -0.156580   0.231833   -0.945772
DD0663.0   -0.156380   0.227413   -0.946953
DD0664.0   -0.155849   0.222429   -0.948269
DD0665.0   -0.154889   0.216701   -0.949764
DD0666.0   -0.153422   0.210100   -0.951472
DD0667.0   -0.151394   0.202554   -0.953412
DD0668.0   -0.148778   0.194055   -0.955590
DD0669.0   -0.145577   0.184666   -0.957991
DD0670.0   -0.141822   0.174507   -0.960590
DD0671.0   -0.137568   0.163748   -0.963347
DD0672.0   -0.132892   0.152598   -0.966216
DD0673.0   -0.127888   0.141291   -0.969141
DD0674.0   -0.122661   0.130070   -0.972065
DD0675.0   -0.117318   0.119170   -0.974934
DD0676.0   -0.111969   0.108808   -0.977694
DD0677.0   -0.106712   0.099171   -0.980302
DD0678.0   -0.101639   0.090409   -0.982721
DD0679.0   -0.096826   0.082635   -0.984924
DD0680.0   -0.092333   0.075917   -0.986893
DD0681.0   -0.088206   0.070287   -0.988620
DD0682.0   -0.084474   0.065743   -0.990107
DD0683.0   -0.081151   0.062253   -0.991358
DD0684.0   -0.078242   0.059763   -0.992389
DD0685.0   -0.075738   0.058201   -0.993214
DD0686.0   -0.073622   0.057487   -0.993852
DD0687.0   -0.071875   0.057534   -0.994325
DD0688.0   -0.070471   0.058256   -0.994651
DD0689.0   -0.069380   0.059561   -0.994851
DD0690.0   -0.068573   0.061366   -0.994943
DD0691.0   -0.068024   0.063592   -0.994943
DD0692.0   -0.067703   0.066166   -0.994865
DD0693.0   -0.067586   0.069016   -0.994724
DD0694.0   -0.067651   0.072081   -0.994529
DD0695.0   -0.067877   0.075302   -0.994291
DD0696.0   -0.068247   0.078622   -0.994018
DD0697.0   -0.068746   0.081988   -0.993717
DD0698.0   -0.069362   0.085349   -0.993397
DD0699.0   -0.070084   0.088656   -0.993062
DD0700.0   -0.070906   0.091866   -0.992719
DD0701.0   -0.071820   0.094934   -0.992374
DD0702.0   -0.072821   0.097823   -0.992032
DD0703.0   -0.073904   0.100498   -0.991698
DD0704.0   -0.075062   0.102929   -0.991377
DD0705.0   -0.076289   0.105095   -0.991071
DD0706.0   -0.077575   0.106975   -0.990786
DD0707.0   -0.078910   0.108561   -0.990525
DD0708.0   -0.080282   0.109850   -0.990289
DD0709.0   -0.081678   0.110850   -0.990079
DD0710.0   -0.083082   0.111572   -0.989897
DD0711.0   -0.084481   0.112037   -0.989742
DD0712.0   -0.085858   0.112270   -0.989613
DD0713.0   -0.087199   0.112299   -0.989509
DD0714.0   -0.088489   0.112156   -0.989427
DD0715.0   -0.089716   0.111874   -0.989364
DD0716.0   -0.090870   0.111485   -0.989319
DD0717.0   -0.091942   0.111019   -0.989289
DD0718.0   -0.092924   0.110502   -0.989270
DD0719.0   -0.093812   0.109959   -0.989262
DD0720.0   -0.094603   0.109407   -0.989262
DD0721.0   -0.095292   0.108861   -0.989269
DD0722.0   -0.095881   0.108330   -0.989283
DD0723.0   -0.096368   0.107819   -0.989302
DD0724.0   -0.096754   0.107326   -0.989328
DD0725.0   -0.097040   0.106846   -0.989360
DD0726.0   -0.097228   0.106373   -0.989399
DD0727.0   -0.097321   0.105893   -0.989447
DD0728.0   -0.097322   0.105392   -0.989503
DD0729.0   -0.097236   0.104857   -0.989570
DD0730.0   -0.097068   0.104270   -0.989649
DD0731.0   -0.096823   0.103616   -0.989739
DD0732.0   -0.096509   0.102881   -0.989843
DD0733.0   -0.096131   0.102054   -0.989960
DD0734.0   -0.095696   0.101124   -0.990090
DD0735.0   -0.095211   0.100089   -0.990234
DD0736.0   -0.094680   0.098946   -0.990391
DD0737.0   -0.094107   0.097700   -0.990560
DD0738.0   -0.093497   0.096358   -0.990740
DD0739.0   -0.092849   0.094933   -0.990929
DD0740.0   -0.092165   0.093438   -0.991128
DD0741.0   -0.091442   0.091890   -0.991333
DD0742.0   -0.090679   0.090306   -0.991544
DD0743.0   -0.089870   0.088706   -0.991760
DD0744.0   -0.089013   0.087107   -0.991978
DD0745.0   -0.088103   0.085525   -0.992199
DD0746.0   -0.087135   0.083976   -0.992419
DD0747.0   -0.086107   0.082474   -0.992640
DD0748.0   -0.085016   0.081031   -0.992859
DD0749.0   -0.083860   0.079657   -0.993075
DD0750.0   -0.082640   0.078361   -0.993288
DD0751.0   -0.081357   0.077151   -0.993497
DD0752.0   -0.080014   0.076033   -0.993700
DD0753.0   -0.078615   0.075012   -0.993897
DD0754.0   -0.077167   0.074093   -0.994087
DD0755.0   -0.075677   0.073276   -0.994269
DD0756.0   -0.074151   0.072564   -0.994442
DD0757.0   -0.072598   0.071953   -0.994606
DD0758.0   -0.071027   0.071439   -0.994760
DD0759.0   -0.069447   0.071015   -0.994904
DD0760.0   -0.067865   0.070669   -0.995039
DD0761.0   -0.066290   0.070388   -0.995165
DD0762.0   -0.064729   0.070152   -0.995283
DD0763.0   -0.063188   0.069942   -0.995395
DD0764.0   -0.061672   0.069734   -0.995501
DD0765.0   -0.060185   0.069504   -0.995603
DD0766.0   -0.058729   0.069227   -0.995704
DD0767.0   -0.057305   0.068879   -0.995805
DD0768.0   -0.055913   0.068439   -0.995908
DD0769.0   -0.054550   0.067891   -0.996013
DD0770.0   -0.053212   0.067219   -0.996124
DD0771.0   -0.051896   0.066417   -0.996239
DD0772.0   -0.050595   0.065481   -0.996361
DD0773.0   -0.049304   0.064413   -0.996488
DD0774.0   -0.048017   0.063222   -0.996622
DD0775.0   -0.046726   0.061920   -0.996760
DD0776.0   -0.045426   0.060525   -0.996903
DD0777.0   -0.044112   0.059055   -0.997048
DD0778.0   -0.042778   0.057530   -0.997195
DD0779.0   -0.041421   0.055973   -0.997342
DD0780.0   -0.040038   0.054404   -0.997487
DD0781.0   -0.038629   0.052843   -0.997630
DD0782.0   -0.037192   0.051309   -0.997768
DD0783.0   -0.035729   0.049818   -0.997901
DD0784.0   -0.034242   0.048385   -0.998027
DD0785.0   -0.032734   0.047022   -0.998146
DD0786.0   -0.031208   0.045738   -0.998257
DD0787.0   -0.029669   0.044541   -0.998360
DD0788.0   -0.028124   0.043440   -0.998454
DD0789.0   -0.026575   0.042431   -0.998540
DD0790.0   -0.025029   0.041517   -0.998619
DD0791.0   -0.023492   0.040696   -0.998690
DD0792.0   -0.021970   0.039963   -0.998754
DD0793.0   -0.020468   0.039312   -0.998812
DD0794.0   -0.018993   0.038734   -0.998864
DD0795.0   -0.017551   0.038220   -0.998910
DD0796.0   -0.016148   0.037759   -0.998951
DD0797.0   -0.014791   0.037344   -0.998986
DD0798.0   -0.013486   0.036966   -0.999013
DD0799.0   -0.012242   0.036620   -0.999033
DD0800.0   -0.011065   0.036305   -0.999044
DD0801.0   -0.009965   0.036023   -0.999042
DD0802.0   -0.008949   0.035782   -0.999027
DD0803.0   -0.008027   0.035594   -0.998994
DD0804.0   -0.007206   0.035474   -0.998941
DD0805.0   -0.006492   0.035441   -0.998866
DD0806.0   -0.005889   0.035513   -0.998766
DD0807.0   -0.005400   0.035707   -0.998639
DD0808.0   -0.005024   0.036036   -0.998487
DD0809.0   -0.004753   0.036508   -0.998308
DD0810.0   -0.004578   0.037121   -0.998107
DD0811.0   -0.004484   0.037863   -0.997887
DD0812.0   -0.004450   0.038714   -0.997655
DD0813.0   -0.004454   0.039641   -0.997417
DD0814.0   -0.004469   0.040603   -0.997182
DD0815.0   -0.004468   0.041550   -0.996960
DD0816.0   -0.004423   0.042430   -0.996759
DD0817.0   -0.004308   0.043189   -0.996589
DD0818.0   -0.004101   0.043774   -0.996458
DD0819.0   -0.003787   0.044142   -0.996372
DD0820.0   -0.003353   0.044257   -0.996334
DD0821.0   -0.002795   0.044096   -0.996348
DD0822.0   -0.002117   0.043650   -0.996411
DD0823.0   -0.001325   0.042924   -0.996522
DD0824.0   -0.000434   0.041939   -0.996673
DD0825.0   0.000540   0.040726   -0.996859
DD0826.0   0.001577   0.039328   -0.997071
DD0827.0   0.002657   0.037794   -0.997300
DD0828.0   0.003761   0.036179   -0.997537
DD0829.0   0.004870   0.034540   -0.997773
DD0830.0   0.005968   0.032929   -0.998002
DD0831.0   0.007042   0.031396   -0.998216
DD0832.0   0.008080   0.029986   -0.998411
DD0833.0   0.009071   0.028732   -0.998585
DD0834.0   0.010005   0.027660   -0.998735
DD0835.0   0.010872   0.026785   -0.998862
DD0836.0   0.011663   0.026116   -0.998966
DD0837.0   0.012367   0.025649   -0.999049
DD0838.0   0.012973   0.025374   -0.999112
DD0839.0   0.013470   0.025277   -0.999160
DD0840.0   0.013848   0.025337   -0.999195
DD0841.0   0.014097   0.025533   -0.999218
DD0842.0   0.014211   0.025842   -0.999232
DD0843.0   0.014186   0.026244   -0.999240
DD0844.0   0.014019   0.026719   -0.999242
DD0845.0   0.013714   0.027251   -0.999239
DD0846.0   0.013275   0.027828   -0.999233
DD0847.0   0.012708   0.028438   -0.999223
DD0848.0   0.012022   0.029074   -0.999208
DD0849.0   0.011223   0.029726   -0.999190
DD0850.0   0.010318   0.030387   -0.999167
DD0851.0   0.009308   0.031046   -0.999139
DD0852.0   0.008194   0.031688   -0.999107
DD0853.0   0.006971   0.032297   -0.999069
DD0854.0   0.005628   0.032856   -0.999026
DD0855.0   0.004154   0.033343   -0.998978
DD0856.0   0.002535   0.033732   -0.998926
DD0857.0   0.000757   0.034000   -0.998870
DD0858.0   -0.001192   0.034127   -0.998810
DD0859.0   -0.003319   0.034098   -0.998748
DD0860.0   -0.005629   0.033901   -0.998684
DD0861.0   -0.008114   0.033536   -0.998618
DD0862.0   -0.010763   0.033007   -0.998551
DD0863.0   -0.013556   0.032329   -0.998483
DD0864.0   -0.016470   0.031525   -0.998412
DD0865.0   -0.019474   0.030624   -0.998339
DD0866.0   -0.022543   0.029660   -0.998260
DD0867.0   -0.025648   0.028669   -0.998175
DD0868.0   -0.028773   0.027689   -0.998081
DD0869.0   -0.031905   0.026755   -0.997974
DD0870.0   -0.035045   0.025900   -0.997851
DD0871.0   -0.038202   0.025151   -0.997710
DD0872.0   -0.041396   0.024529   -0.997545
DD0873.0   -0.044652   0.024050   -0.997355
DD0874.0   -0.048000   0.023722   -0.997138
DD0875.0   -0.051465   0.023548   -0.996891
DD0876.0   -0.055068   0.023524   -0.996616
DD0877.0   -0.058820   0.023646   -0.996315
DD0878.0   -0.062717   0.023903   -0.995989
DD0879.0   -0.066739   0.024285   -0.995645
DD0880.0   -0.070851   0.024781   -0.995287
DD0881.0   -0.075006   0.025381   -0.994924
DD0882.0   -0.079145   0.026073   -0.994560
DD0883.0   -0.083207   0.026851   -0.994205
DD0884.0   -0.087129   0.027707   -0.993862
DD0885.0   -0.090858   0.028639   -0.993538
DD0886.0   -0.094353   0.029642   -0.993236
DD0887.0   -0.097588   0.030719   -0.992955
DD0888.0   -0.100556   0.031870   -0.992695
DD0889.0   -0.103267   0.033099   -0.992454
DD0890.0   -0.105750   0.034416   -0.992225
DD0891.0   -0.108044   0.035824   -0.992002
DD0892.0   -0.110197   0.037327   -0.991781
DD0893.0   -0.112260   0.038935   -0.991553
DD0894.0   -0.114279   0.040655   -0.991313
DD0895.0   -0.116297   0.042494   -0.991055
DD0896.0   -0.118341   0.044457   -0.990774
DD0897.0   -0.120428   0.046550   -0.990468
DD0898.0   -0.122559   0.048779   -0.990135
DD0899.0   -0.124724   0.051147   -0.989774
DD0900.0   -0.126902   0.053660   -0.989385
DD0901.0   -0.129064   0.056321   -0.988969
DD0902.0   -0.131178   0.059134   -0.988525
DD0903.0   -0.133209   0.062103   -0.988055
DD0904.0   -0.135128   0.065234   -0.987559
DD0905.0   -0.136908   0.068528   -0.987034
DD0906.0   -0.138527   0.071988   -0.986480
DD0907.0   -0.139971   0.075613   -0.985896
DD0908.0   -0.141230   0.079397   -0.985282
DD0909.0   -0.142301   0.083330   -0.984637
DD0910.0   -0.143184   0.087394   -0.983964
DD0911.0   -0.143879   0.091563   -0.983268
DD0912.0   -0.144389   0.095802   -0.982554
DD0913.0   -0.144714   0.100066   -0.981833
DD0914.0   -0.144855   0.104302   -0.981119
DD0915.0   -0.144809   0.108448   -0.980427
DD0916.0   -0.144572   0.112438   -0.979775
DD0917.0   -0.144140   0.116201   -0.979183
DD0918.0   -0.143508   0.119668   -0.978670
DD0919.0   -0.142674   0.122778   -0.978254
DD0920.0   -0.141636   0.125473   -0.977951
DD0921.0   -0.140398   0.127713   -0.977774
DD0922.0   -0.138967   0.129471   -0.977730
DD0923.0   -0.137356   0.130737   -0.977821
DD0924.0   -0.135583   0.131522   -0.978045
DD0925.0   -0.133670   0.131853   -0.978393
DD0926.0   -0.131644   0.131773   -0.978851
DD0927.0   -0.129532   0.131338   -0.979400
DD0928.0   -0.127366   0.130613   -0.980022
DD0929.0   -0.125172   0.129671   -0.980694
DD0930.0   -0.122979   0.128582   -0.981393
DD0931.0   -0.120810   0.127414   -0.982099
DD0932.0   -0.118684   0.126231   -0.982794
DD0933.0   -0.116617   0.125086   -0.983461
DD0934.0   -0.114618   0.124021   -0.984088
DD0935.0   -0.112691   0.123069   -0.984667
DD0936.0   -0.110837   0.122250   -0.985192
DD0937.0   -0.109054   0.121574   -0.985662
DD0938.0   -0.107337   0.121044   -0.986078
DD0939.0   -0.105679   0.120655   -0.986443
DD0940.0   -0.104074   0.120394   -0.986760
DD0941.0   -0.102516   0.120247   -0.987036
DD0942.0   -0.100999   0.120196   -0.987276
DD0943.0   -0.099521   0.120221   -0.987486
DD0944.0   -0.098078   0.120301   -0.987672
DD0945.0   -0.096672   0.120417   -0.987838
DD0946.0   -0.095302   0.120548   -0.987989
DD0947.0   -0.093971   0.120676   -0.988129
DD0948.0   -0.092682   0.120782   -0.988261
DD0949.0   -0.091438   0.120849   -0.988388
DD0950.0   -0.090242   0.120861   -0.988512
DD0951.0   -0.089098   0.120804   -0.988636
DD0952.0   -0.088006   0.120662   -0.988761
DD0953.0   -0.086969   0.120426   -0.988889
DD0954.0   -0.085987   0.120084   -0.989021
DD0955.0   -0.085058   0.119627   -0.989159
DD0956.0   -0.084181   0.119051   -0.989303
DD0957.0   -0.083354   0.118357   -0.989453
DD0958.0   -0.082573   0.117539   -0.989611
DD0959.0   -0.081833   0.116602   -0.989777
DD0960.0   -0.081129   0.115553   -0.989950
DD0961.0   -0.080455   0.114400   -0.990131
DD0962.0   -0.079808   0.113157   -0.990318
DD0963.0   -0.079180   0.111838   -0.990510
DD0964.0   -0.078568   0.110462   -0.990705
DD0965.0   -0.077966   0.109046   -0.990903
DD0966.0   -0.077372   0.107611   -0.991101
DD0967.0   -0.076781   0.106174   -0.991297
DD0968.0   -0.076192   0.104753   -0.991490
DD0969.0   -0.075601   0.103360   -0.991678
DD0970.0   -0.075007   0.102010   -0.991861
DD0971.0   -0.074408   0.100712   -0.992035
DD0972.0   -0.073805   0.099475   -0.992201
DD0973.0   -0.073197   0.098304   -0.992358
DD0974.0   -0.072583   0.097205   -0.992505
DD0975.0   -0.071964   0.096181   -0.992640
DD0976.0   -0.071341   0.095238   -0.992763
DD0977.0   -0.070715   0.094384   -0.992873
DD0978.0   -0.070090   0.093627   -0.992966
DD0979.0   -0.069469   0.092981   -0.993042
DD0980.0   -0.068858   0.092461   -0.993096
DD0981.0   -0.068264   0.092085   -0.993125
DD0982.0   -0.067696   0.091874   -0.993125
DD0983.0   -0.067164   0.091848   -0.993092
DD0984.0   -0.066678   0.092024   -0.993024
DD0985.0   -0.066250   0.092418   -0.992916
DD0986.0   -0.065890   0.093036   -0.992766
DD0987.0   -0.065605   0.093879   -0.992576
DD0988.0   -0.065401   0.094934   -0.992345
DD0989.0   -0.065279   0.096177   -0.992079
DD0990.0   -0.065237   0.097569   -0.991785
DD0991.0   -0.065266   0.099061   -0.991470
DD0992.0   -0.065355   0.100591   -0.991148
DD0993.0   -0.065488   0.102088   -0.990830
DD0994.0   -0.065646   0.103479   -0.990530
DD0995.0   -0.065806   0.104686   -0.990264
DD0996.0   -0.065949   0.105637   -0.990044
DD0997.0   -0.066053   0.106271   -0.989884
DD0998.0   -0.066103   0.106535   -0.989792
DD0999.0   -0.066086   0.106398   -0.989775
DD1000.0   -0.065995   0.105844   -0.989836
DD1001.0   -0.065829   0.104877   -0.989974
DD1002.0   -0.065594   0.103521   -0.990185
DD1003.0   -0.065299   0.101817   -0.990461
DD1004.0   -0.064962   0.099817   -0.990791
DD1005.0   -0.064599   0.097585   -0.991162
DD1006.0   -0.064233   0.095187   -0.991561
DD1007.0   -0.063885   0.092691   -0.991976
DD1008.0   -0.063576   0.090160   -0.992391
DD1009.0   -0.063325   0.087650   -0.992797
DD1010.0   -0.063147   0.085207   -0.993184
DD1011.0   -0.063056   0.082867   -0.993544
DD1012.0   -0.063061   0.080651   -0.993871
DD1013.0   -0.063166   0.078572   -0.994164
DD1014.0   -0.063374   0.076633   -0.994421
DD1015.0   -0.063684   0.074828   -0.994642
DD1016.0   -0.064092   0.073145   -0.994829
DD1017.0   -0.064591   0.071569   -0.994985
DD1018.0   -0.065175   0.070083   -0.995114
DD1019.0   -0.065835   0.068667   -0.995219
DD1020.0   -0.066564   0.067303   -0.995302
DD1021.0   -0.067353   0.065976   -0.995368
DD1022.0   -0.068196   0.064669   -0.995419
DD1023.0   -0.069086   0.063370   -0.995458
DD1024.0   -0.070019   0.062069   -0.995487
DD1025.0   -0.070991   0.060760   -0.995507
DD1026.0   -0.072001   0.059435   -0.995520
DD1027.0   -0.073047   0.058093   -0.995526
DD1028.0   -0.074128   0.056733   -0.995526
DD1029.0   -0.075244   0.055360   -0.995520
DD1030.0   -0.076394   0.053980   -0.995509
DD1031.0   -0.077578   0.052604   -0.995492
DD1032.0   -0.078794   0.051247   -0.995468
DD1033.0   -0.080037   0.049928   -0.995436
DD1034.0   -0.081303   0.048670   -0.995396
DD1035.0   -0.082586   0.047494   -0.995346
DD1036.0   -0.083877   0.046427   -0.995286
DD1037.0   -0.085167   0.045495   -0.995214
DD1038.0   -0.086448   0.044727   -0.995128
DD1039.0   -0.087711   0.044149   -0.995028
DD1040.0   -0.088947   0.043787   -0.994911
DD1041.0   -0.090149   0.043660   -0.994776
DD1042.0   -0.091309   0.043785   -0.994622
DD1043.0   -0.092422   0.044175   -0.994448
DD1044.0   -0.093483   0.044833   -0.994253
DD1045.0   -0.094486   0.045755   -0.994040
DD1046.0   -0.095427   0.046931   -0.993808
DD1047.0   -0.096300   0.048339   -0.993561
DD1048.0   -0.097098   0.049950   -0.993302
DD1049.0   -0.097813   0.051725   -0.993037
DD1050.0   -0.098437   0.053618   -0.992771
DD1051.0   -0.098961   0.055575   -0.992512
DD1052.0   -0.099375   0.057540   -0.992268
DD1053.0   -0.099671   0.059452   -0.992046
DD1054.0   -0.099843   0.061252   -0.991853
DD1055.0   -0.099887   0.062886   -0.991697
DD1056.0   -0.099804   0.064306   -0.991582
DD1057.0   -0.099598   0.065475   -0.991513
DD1058.0   -0.099279   0.066366   -0.991491
DD1059.0   -0.098861   0.066967   -0.991516
DD1060.0   -0.098363   0.067281   -0.991584
DD1061.0   -0.097806   0.067324   -0.991693
DD1062.0   -0.097214   0.067122   -0.991834
DD1063.0   -0.096610   0.066714   -0.992002
DD1064.0   -0.096020   0.066144   -0.992186
DD1065.0   -0.095463   0.065461   -0.992380
DD1066.0   -0.094959   0.064715   -0.992575
DD1067.0   -0.094520   0.063953   -0.992762
DD1068.0   -0.094159   0.063217   -0.992937
DD1069.0   -0.093879   0.062544   -0.993094
DD1070.0   -0.093683   0.061961   -0.993229
DD1071.0   -0.093568   0.061490   -0.993340
DD1072.0   -0.093530   0.061142   -0.993427
DD1073.0   -0.093562   0.060924   -0.993488
DD1074.0   -0.093658   0.060834   -0.993527
DD1075.0   -0.093809   0.060866   -0.993544
DD1076.0   -0.094010   0.061012   -0.993541
DD1077.0   -0.094254   0.061261   -0.993522
DD1078.0   -0.094538   0.061600   -0.993488
DD1079.0   -0.094856   0.062016   -0.993441
DD1080.0   -0.095209   0.062498   -0.993384
DD1081.0   -0.095595   0.063036   -0.993318
DD1082.0   -0.096015   0.063619   -0.993245
DD1083.0   -0.096470   0.064241   -0.993165
DD1084.0   -0.096961   0.064896   -0.993078
DD1085.0   -0.097492   0.065577   -0.992986
DD1086.0   -0.098063   0.066280   -0.992888
DD1087.0   -0.098678   0.067002   -0.992784
DD1088.0   -0.099338   0.067741   -0.992673
DD1089.0   -0.100047   0.068497   -0.992556
DD1090.0   -0.100804   0.069267   -0.992430
DD1091.0   -0.101612   0.070054   -0.992296
DD1092.0   -0.102473   0.070862   -0.992151
DD1093.0   -0.103387   0.071695   -0.991996
DD1094.0   -0.104354   0.072558   -0.991828
DD1095.0   -0.105373   0.073459   -0.991646
DD1096.0   -0.106444   0.074409   -0.991449
DD1097.0   -0.107566   0.075419   -0.991234
DD1098.0   -0.108738   0.076503   -0.991001
DD1099.0   -0.109956   0.077678   -0.990747
DD1100.0   -0.111218   0.078957   -0.990470
DD1101.0   -0.112520   0.080356   -0.990168
DD1102.0   -0.113857   0.081886   -0.989842
DD1103.0   -0.115224   0.083557   -0.989490
DD1104.0   -0.116613   0.085374   -0.989113
DD1105.0   -0.118016   0.087335   -0.988713
DD1106.0   -0.119422   0.089433   -0.988292
DD1107.0   -0.120821   0.091653   -0.987855
DD1108.0   -0.122200   0.093974   -0.987405
DD1109.0   -0.123546   0.096368   -0.986950
DD1110.0   -0.124846   0.098801   -0.986496
DD1111.0   -0.126089   0.101237   -0.986050
DD1112.0   -0.127264   0.103639   -0.985620
DD1113.0   -0.128364   0.105968   -0.985211
DD1114.0   -0.129383   0.108190   -0.984829
DD1115.0   -0.130322   0.110279   -0.984478
DD1116.0   -0.131185   0.112211   -0.984161
DD1117.0   -0.131980   0.113976   -0.983877
DD1118.0   -0.132718   0.115569   -0.983626
DD1119.0   -0.133417   0.116995   -0.983404
DD1120.0   -0.134094   0.118269   -0.983205
DD1121.0   -0.134770   0.119411   -0.983023
DD1122.0   -0.135466   0.120444   -0.982852
DD1123.0   -0.136200   0.121395   -0.982684
DD1124.0   -0.136991   0.122290   -0.982513
DD1125.0   -0.137852   0.123153   -0.982333
DD1126.0   -0.138795   0.124002   -0.982139
DD1127.0   -0.139825   0.124852   -0.981927
DD1128.0   -0.140945   0.125712   -0.981696
DD1129.0   -0.142152   0.126582   -0.981446
DD1130.0   -0.143439   0.127461   -0.981177
DD1131.0   -0.144797   0.128342   -0.980893
DD1132.0   -0.146214   0.129214   -0.980595
DD1133.0   -0.147678   0.130068   -0.980287
DD1134.0   -0.149173   0.130891   -0.979973
DD1135.0   -0.150688   0.131675   -0.979656
DD1136.0   -0.152209   0.132413   -0.979338
DD1137.0   -0.153729   0.133101   -0.979022
DD1138.0   -0.155239   0.133742   -0.978707
DD1139.0   -0.156736   0.134339   -0.978395
DD1140.0   -0.158219   0.134902   -0.978083
DD1141.0   -0.159689   0.135442   -0.977770
DD1142.0   -0.161152   0.135975   -0.977453
DD1143.0   -0.162615   0.136519   -0.977127
DD1144.0   -0.164086   0.137093   -0.976789
DD1145.0   -0.165576   0.137716   -0.976433
DD1146.0   -0.167093   0.138410   -0.976056
DD1147.0   -0.168649   0.139194   -0.975651
DD1148.0   -0.170250   0.140084   -0.975217
DD1149.0   -0.171903   0.141099   -0.974747
DD1150.0   -0.173612   0.142252   -0.974241
DD1151.0   -0.175378   0.143552   -0.973695
DD1152.0   -0.177198   0.145002   -0.973111
DD1153.0   -0.179064   0.146603   -0.972489
DD1154.0   -0.180967   0.148349   -0.971833
DD1155.0   -0.182894   0.150227   -0.971148
DD1156.0   -0.184828   0.152221   -0.970440
DD1157.0   -0.186752   0.154307   -0.969716
DD1158.0   -0.188644   0.156459   -0.968986
DD1159.0   -0.190486   0.158647   -0.968259
DD1160.0   -0.192258   0.160839   -0.967545
DD1161.0   -0.193943   0.163004   -0.966852
DD1162.0   -0.195527   0.165112   -0.966189
DD1163.0   -0.196998   0.167137   -0.965563
DD1164.0   -0.198353   0.169056   -0.964978
DD1165.0   -0.199590   0.170854   -0.964438
DD1166.0   -0.200713   0.172519   -0.963943
DD1167.0   -0.201730   0.174049   -0.963492
DD1168.0   -0.202655   0.175443   -0.963081
DD1169.0   -0.203502   0.176709   -0.962707
DD1170.0   -0.204288   0.177857   -0.962363
DD1171.0   -0.205031   0.178899   -0.962043
DD1172.0   -0.205746   0.179851   -0.961741
DD1173.0   -0.206448   0.180725   -0.961451
DD1174.0   -0.207150   0.181537   -0.961168
DD1175.0   -0.207861   0.182299   -0.960888
DD1176.0   -0.208586   0.183021   -0.960608
DD1177.0   -0.209329   0.183713   -0.960326
DD1178.0   -0.210091   0.184381   -0.960040
DD1179.0   -0.210869   0.185029   -0.959752
DD1180.0   -0.211662   0.185662   -0.959460
DD1181.0   -0.212465   0.186282   -0.959166
DD1182.0   -0.213275   0.186888   -0.958870
DD1183.0   -0.214089   0.187483   -0.958574
DD1184.0   -0.214904   0.188066   -0.958277
DD1185.0   -0.215719   0.188637   -0.957980
DD1186.0   -0.216536   0.189197   -0.957684
DD1187.0   -0.217354   0.189747   -0.957387
DD1188.0   -0.218178   0.190289   -0.957088
DD1189.0   -0.219011   0.190829   -0.956786
DD1190.0   -0.219856   0.191370   -0.956478
DD1191.0   -0.220718   0.191922   -0.956163
DD1192.0   -0.221601   0.192493   -0.955836
DD1193.0   -0.222505   0.193095   -0.955497
DD1194.0   -0.223433   0.193740   -0.955141
DD1195.0   -0.224382   0.194440   -0.954767
DD1196.0   -0.225350   0.195209   -0.954374
DD1197.0   -0.226331   0.196058   -0.953959
DD1198.0   -0.227317   0.196997   -0.953522
DD1199.0   -0.228300   0.198034   -0.953064
DD1200.0   -0.229267   0.199173   -0.952587
DD1201.0   -0.230209   0.200415   -0.952094
DD1202.0   -0.231113   0.201757   -0.951587
DD1203.0   -0.231970   0.203193   -0.951070
DD1204.0   -0.232771   0.204714   -0.950546
DD1205.0   -0.233512   0.206307   -0.950020
DD1206.0   -0.234190   0.207958   -0.949494
DD1207.0   -0.234807   0.209654   -0.948972
DD1208.0   -0.235369   0.211378   -0.948454
DD1209.0   -0.235881   0.213115   -0.947943
DD1210.0   -0.236357   0.214852   -0.947438
DD1211.0   -0.236807   0.216575   -0.946940
DD1212.0   -0.237247   0.218272   -0.946447
DD1213.0   -0.237690   0.219932   -0.945959
DD1214.0   -0.238151   0.221547   -0.945475
DD1215.0   -0.238643   0.223109   -0.944992
DD1216.0   -0.239177   0.224611   -0.944509
DD1217.0   -0.239763   0.226048   -0.944027
DD1218.0   -0.240408   0.227416   -0.943543
DD1219.0   -0.241119   0.228711   -0.943058
DD1220.0   -0.241898   0.229931   -0.942570
DD1221.0   -0.242747   0.231075   -0.942080
DD1222.0   -0.243668   0.232143   -0.941588
DD1223.0   -0.244661   0.233137   -0.941092
DD1224.0   -0.245723   0.234059   -0.940593
DD1225.0   -0.246853   0.234912   -0.940089
DD1226.0   -0.248050   0.235703   -0.939580
DD1227.0   -0.249309   0.236437   -0.939065
DD1228.0   -0.250628   0.237122   -0.938542
DD1229.0   -0.252001   0.237766   -0.938011
DD1230.0   -0.253423   0.238380   -0.937471
DD1231.0   -0.254887   0.238973   -0.936920
DD1232.0   -0.256384   0.239554   -0.936359
DD1233.0   -0.257907   0.240134   -0.935788
DD1234.0   -0.259444   0.240722   -0.935208
DD1235.0   -0.260985   0.241326   -0.934618
DD1236.0   -0.262519   0.241953   -0.934022
DD1237.0   -0.264037   0.242607   -0.933420
DD1238.0   -0.265530   0.243292   -0.932814
DD1239.0   -0.266992   0.244007   -0.932206
DD1240.0   -0.268419   0.244751   -0.931598
DD1241.0   -0.269810   0.245520   -0.930992
DD1242.0   -0.271168   0.246306   -0.930387
DD1243.0   -0.272499   0.247103   -0.929785
DD1244.0   -0.273812   0.247900   -0.929186
DD1245.0   -0.275118   0.248687   -0.928588
DD1246.0   -0.276430   0.249454   -0.927990
DD1247.0   -0.277763   0.250190   -0.927391
DD1248.0   -0.279132   0.250887   -0.926789
DD1249.0   -0.280548   0.251535   -0.926183
DD1250.0   -0.282024   0.252127   -0.925569
DD1251.0   -0.283569   0.252659   -0.924947
DD1252.0   -0.285191   0.253125   -0.924315
DD1253.0   -0.286892   0.253524   -0.923672
DD1254.0   -0.288676   0.253853   -0.923018
DD1255.0   -0.290541   0.254112   -0.922353
DD1256.0   -0.292484   0.254302   -0.921677
DD1257.0   -0.294500   0.254424   -0.920992
DD1258.0   -0.296582   0.254480   -0.920298
DD1259.0   -0.298723   0.254473   -0.919596
DD1260.0   -0.300914   0.254407   -0.918888
DD1261.0   -0.303145   0.254287   -0.918177
DD1262.0   -0.305405   0.254120   -0.917463
DD1263.0   -0.307683   0.253913   -0.916750
DD1264.0   -0.309965   0.253674   -0.916038
DD1265.0   -0.312239   0.253413   -0.915332
DD1266.0   -0.314489   0.253140   -0.914633
DD1267.0   -0.316701   0.252866   -0.913944
DD1268.0   -0.318860   0.252600   -0.913268
DD1269.0   -0.320950   0.252353   -0.912609
DD1270.0   -0.322959   0.252131   -0.911971
DD1271.0   -0.324873   0.251942   -0.911355
DD1272.0   -0.326682   0.251786   -0.910767
DD1273.0   -0.328377   0.251666   -0.910208
DD1274.0   -0.329954   0.251579   -0.909682
DD1275.0   -0.331410   0.251519   -0.909191
DD1276.0   -0.332747   0.251479   -0.908736
DD1277.0   -0.333969   0.251450   -0.908318
DD1278.0   -0.335082   0.251422   -0.907938
DD1279.0   -0.336096   0.251384   -0.907595
DD1280.0   -0.337022   0.251326   -0.907287
DD1281.0   -0.337874   0.251238   -0.907011
DD1282.0   -0.338665   0.251114   -0.906765
DD1283.0   -0.339408   0.250947   -0.906545
DD1284.0   -0.340117   0.250735   -0.906347
DD1285.0   -0.340806   0.250479   -0.906164
DD1286.0   -0.341485   0.250181   -0.905993
DD1287.0   -0.342165   0.249849   -0.905827
DD1288.0   -0.342855   0.249492   -0.905661
DD1289.0   -0.343562   0.249121   -0.905489
DD1290.0   -0.344290   0.248753   -0.905305
DD1291.0   -0.345043   0.248405   -0.905104
DD1292.0   -0.345821   0.248093   -0.904880
DD1293.0   -0.346625   0.247840   -0.904629
DD1294.0   -0.347452   0.247663   -0.904346
DD1295.0   -0.348297   0.247582   -0.904029
DD1296.0   -0.349157   0.247614   -0.903675
DD1297.0   -0.350024   0.247771   -0.903282
DD1298.0   -0.350893   0.248064   -0.902852
DD1299.0   -0.351758   0.248497   -0.902385
DD1300.0   -0.352611   0.249071   -0.901885
DD1301.0   -0.353446   0.249781   -0.901354
DD1302.0   -0.354259   0.250614   -0.900799
DD1303.0   -0.355045   0.251556   -0.900224
DD1304.0   -0.355800   0.252586   -0.899638
DD1305.0   -0.356522   0.253682   -0.899046
DD1306.0   -0.357210   0.254817   -0.898457
DD1307.0   -0.357864   0.255966   -0.897878
DD1308.0   -0.358483   0.257103   -0.897315
DD1309.0   -0.359067   0.258203   -0.896776
DD1310.0   -0.359619   0.259243   -0.896265
DD1311.0   -0.360139   0.260207   -0.895787
DD1312.0   -0.360630   0.261078   -0.895344
DD1313.0   -0.361093   0.261847   -0.894940
DD1314.0   -0.361532   0.262510   -0.894573
DD1315.0   -0.361947   0.263067   -0.894243
DD1316.0   -0.362343   0.263525   -0.893947
DD1317.0   -0.362722   0.263893   -0.893681
DD1318.0   -0.363087   0.264186   -0.893440
DD1319.0   -0.363442   0.264424   -0.893216
DD1320.0   -0.363788   0.264627   -0.893003
DD1321.0   -0.364129   0.264817   -0.892794
DD1322.0   -0.364466   0.265017   -0.892582
DD1323.0   -0.364799   0.265250   -0.892361
DD1324.0   -0.365129   0.265535   -0.892125
DD1325.0   -0.365454   0.265890   -0.891869
DD1326.0   -0.365773   0.266327   -0.891592
DD1327.0   -0.366080   0.266858   -0.891292
DD1328.0   -0.366373   0.267486   -0.890969
DD1329.0   -0.366647   0.268213   -0.890625
DD1330.0   -0.366898   0.269038   -0.890262
DD1331.0   -0.367122   0.269956   -0.889882
DD1332.0   -0.367317   0.270958   -0.889489
DD1333.0   -0.367482   0.272039   -0.889085
DD1334.0   -0.367618   0.273188   -0.888672
DD1335.0   -0.367729   0.274397   -0.888250
DD1336.0   -0.367821   0.275660   -0.887818
DD1337.0   -0.367900   0.276969   -0.887375
DD1338.0   -0.367978   0.278321   -0.886918
DD1339.0   -0.368068   0.279710   -0.886442
DD1340.0   -0.368182   0.281134   -0.885942
DD1341.0   -0.368335   0.282591   -0.885412
DD1342.0   -0.368541   0.284078   -0.884848
DD1343.0   -0.368814   0.285593   -0.884243
DD1344.0   -0.369164   0.287133   -0.883594
DD1345.0   -0.369601   0.288696   -0.882898
DD1346.0   -0.370131   0.290275   -0.882154
DD1347.0   -0.370756   0.291865   -0.881363
DD1348.0   -0.371474   0.293458   -0.880530
DD1349.0   -0.372278   0.295045   -0.879658
DD1350.0   -0.373158   0.296615   -0.878758
DD1351.0   -0.374098   0.298156   -0.877840
DD1352.0   -0.375081   0.299657   -0.876914
DD1353.0   -0.376086   0.301105   -0.875995
DD1354.0   -0.377091   0.302487   -0.875096
DD1355.0   -0.378074   0.303793   -0.874230
DD1356.0   -0.379014   0.305013   -0.873412
DD1357.0   -0.379889   0.306139   -0.872650
DD1358.0   -0.380685   0.307167   -0.871956
DD1359.0   -0.381387   0.308093   -0.871336
DD1360.0   -0.381987   0.308920   -0.870793
DD1361.0   -0.382481   0.309650   -0.870328
DD1362.0   -0.382870   0.310292   -0.869939
DD1363.0   -0.383159   0.310855   -0.869619
DD1364.0   -0.383359   0.311351   -0.869362
DD1365.0   -0.383481   0.311794   -0.869157
DD1366.0   -0.383541   0.312198   -0.868992
DD1367.0   -0.383554   0.312578   -0.868856
DD1368.0   -0.383538   0.312950   -0.868736
DD1369.0   -0.383506   0.313328   -0.868621
DD1370.0   -0.383471   0.313724   -0.868500
DD1371.0   -0.383444   0.314151   -0.868365
DD1372.0   -0.383431   0.314618   -0.868208
DD1373.0   -0.383436   0.315132   -0.868026
DD1374.0   -0.383457   0.315698   -0.867816
DD1375.0   -0.383494   0.316319   -0.867578
DD1376.0   -0.383539   0.316995   -0.867314
DD1377.0   -0.383588   0.317725   -0.867028
DD1378.0   -0.383631   0.318504   -0.866724
DD1379.0   -0.383664   0.319325   -0.866406
DD1380.0   -0.383680   0.320182   -0.866082
DD1381.0   -0.383675   0.321063   -0.865755
DD1382.0   -0.383648   0.321958   -0.865432
DD1383.0   -0.383601   0.322855   -0.865116
DD1384.0   -0.383535   0.323742   -0.864812
DD1385.0   -0.383457   0.324608   -0.864521
DD1386.0   -0.383373   0.325441   -0.864246
DD1387.0   -0.383291   0.326232   -0.863987
DD1388.0   -0.383219   0.326972   -0.863744
DD1389.0   -0.383166   0.327656   -0.863515
DD1390.0   -0.383137   0.328281   -0.863300
DD1391.0   -0.383139   0.328846   -0.863097
DD1392.0   -0.383173   0.329354   -0.862902
DD1393.0   -0.383242   0.329807   -0.862713
DD1394.0   -0.383344   0.330213   -0.862529
DD1395.0   -0.383475   0.330579   -0.862348
DD1396.0   -0.383630   0.330912   -0.862169
DD1397.0   -0.383801   0.331222   -0.861990
DD1398.0   -0.383982   0.331515   -0.861813
DD1399.0   -0.384162   0.331797   -0.861638
DD1400.0   -0.384333   0.332074   -0.861468
DD1401.0   -0.384486   0.332347   -0.861305
DD1402.0   -0.384614   0.332618   -0.861151
DD1403.0   -0.384709   0.332887   -0.861010
DD1404.0   -0.384766   0.333150   -0.860885
DD1405.0   -0.384781   0.333407   -0.860779
DD1406.0   -0.384751   0.333653   -0.860695
DD1407.0   -0.384674   0.333887   -0.860634
DD1408.0   -0.384551   0.334107   -0.860598
DD1409.0   -0.384380   0.334314   -0.860586
DD1410.0   -0.384164   0.334509   -0.860598
DD1411.0   -0.383903   0.334697   -0.860632
DD1412.0   -0.383601   0.334883   -0.860685
DD1413.0   -0.383257   0.335076   -0.860753
DD1414.0   -0.382876   0.335283   -0.860834
DD1415.0   -0.382458   0.335514   -0.860922
DD1416.0   -0.382006   0.335780   -0.861012
DD1417.0   -0.381524   0.336089   -0.861100
DD1418.0   -0.381013   0.336450   -0.861181
DD1419.0   -0.380478   0.336869   -0.861251
DD1420.0   -0.379922   0.337352   -0.861306
DD1421.0   -0.379350   0.337900   -0.861343
DD1422.0   -0.378768   0.338513   -0.861360
DD1423.0   -0.378180   0.339189   -0.861355
DD1424.0   -0.377593   0.339922   -0.861327
DD1425.0   -0.377012   0.340706   -0.861276
DD1426.0   -0.376444   0.341531   -0.861203
DD1427.0   -0.375892   0.342389   -0.861109
DD1428.0   -0.375361   0.343268   -0.860997
DD1429.0   -0.374854   0.344157   -0.860868
DD1430.0   -0.374373   0.345047   -0.860727
DD1431.0   -0.373919   0.345928   -0.860577
DD1432.0   -0.373488   0.346792   -0.860422
DD1433.0   -0.373078   0.347631   -0.860267
DD1434.0   -0.372683   0.348441   -0.860115
DD1435.0   -0.372298   0.349216   -0.859973
DD1436.0   -0.371914   0.349954   -0.859844
DD1437.0   -0.371521   0.350654   -0.859732
DD1438.0   -0.371111   0.351317   -0.859642
DD1439.0   -0.370673   0.351943   -0.859578
DD1440.0   -0.370198   0.352534   -0.859542
DD1441.0   -0.369676   0.353094   -0.859538
DD1442.0   -0.369100   0.353627   -0.859567
DD1443.0   -0.368463   0.354137   -0.859629
DD1444.0   -0.367759   0.354631   -0.859726
DD1445.0   -0.366984   0.355113   -0.859856
DD1446.0   -0.366135   0.355590   -0.860017
DD1447.0   -0.365213   0.356069   -0.860206
DD1448.0   -0.364218   0.356557   -0.860421
DD1449.0   -0.363151   0.357061   -0.860656
DD1450.0   -0.362017   0.357588   -0.860909
DD1451.0   -0.360818   0.358145   -0.861173
DD1452.0   -0.359560   0.358738   -0.861445
DD1453.0   -0.358248   0.359372   -0.861720
DD1454.0   -0.356888   0.360052   -0.861993
DD1455.0   -0.355486   0.360781   -0.862260
DD1456.0   -0.354048   0.361562   -0.862517
DD1457.0   -0.352580   0.362395   -0.862762
DD1458.0   -0.351089   0.363281   -0.862992
DD1459.0   -0.349582   0.364215   -0.863205
DD1460.0   -0.348064   0.365197   -0.863400
DD1461.0   -0.346542   0.366220   -0.863576
DD1462.0   -0.345022   0.367279   -0.863733
DD1463.0   -0.343507   0.368368   -0.863872
DD1464.0   -0.342004   0.369481   -0.863994
DD1465.0   -0.340514   0.370609   -0.864100
DD1466.0   -0.339040   0.371746   -0.864193
DD1467.0   -0.337584   0.372885   -0.864275
DD1468.0   -0.336144   0.374020   -0.864348
DD1469.0   -0.334720   0.375145   -0.864416
DD1470.0   -0.333308   0.376256   -0.864481
DD1471.0   -0.331904   0.377349   -0.864547
DD1472.0   -0.330502   0.378422   -0.864616
DD1473.0   -0.329097   0.379474   -0.864692
DD1474.0   -0.327682   0.380504   -0.864777
DD1475.0   -0.326249   0.381514   -0.864872
DD1476.0   -0.324791   0.382505   -0.864980
DD1477.0   -0.323302   0.383481   -0.865102
DD1478.0   -0.321774   0.384445   -0.865238
DD1479.0   -0.320201   0.385401   -0.865389
DD1480.0   -0.318578   0.386355   -0.865554
DD1481.0   -0.316901   0.387310   -0.865733
DD1482.0   -0.315167   0.388273   -0.865923
DD1483.0   -0.313375   0.389248   -0.866123
DD1484.0   -0.311525   0.390239   -0.866330
DD1485.0   -0.309618   0.391250   -0.866543
DD1486.0   -0.307656   0.392285   -0.866757
DD1487.0   -0.305643   0.393347   -0.866971
DD1488.0   -0.303586   0.394437   -0.867182
DD1489.0   -0.301489   0.395556   -0.867386
DD1490.0   -0.299360   0.396702   -0.867582
DD1491.0   -0.297205   0.397876   -0.867767
DD1492.0   -0.295034   0.399074   -0.867941
DD1493.0   -0.292852   0.400295   -0.868101
DD1494.0   -0.290666   0.401534   -0.868247
DD1495.0   -0.288483   0.402787   -0.868381
DD1496.0   -0.286307   0.404049   -0.868501
DD1497.0   -0.284142   0.405316   -0.868609
DD1498.0   -0.281991   0.406585   -0.868707
DD1499.0   -0.279852   0.407852   -0.868795
DD1500.0   -0.277726   0.409114   -0.868875
DD1501.0   -0.275608   0.410371   -0.868949
DD1502.0   -0.273494   0.411621   -0.869018
DD1503.0   -0.271376   0.412868   -0.869083
DD1504.0   -0.269245   0.414113   -0.869145
DD1505.0   -0.267093   0.415362   -0.869203
DD1506.0   -0.264906   0.416622   -0.869256
DD1507.0   -0.262672   0.417904   -0.869302
DD1508.0   -0.260378   0.419217   -0.869340
DD1509.0   -0.258008   0.420575   -0.869365
DD1510.0   -0.255548   0.421991   -0.869373
DD1511.0   -0.252983   0.423480   -0.869361
DD1512.0   -0.250297   0.425055   -0.869324
DD1513.0   -0.247479   0.426730   -0.869257
DD1514.0   -0.244515   0.428516   -0.869157
DD1515.0   -0.241397   0.430421   -0.869022
DD1516.0   -0.238117   0.432451   -0.868849
DD1517.0   -0.234671   0.434605   -0.868639
DD1518.0   -0.231061   0.436882   -0.868391
DD1519.0   -0.227291   0.439273   -0.868108
DD1520.0   -0.223369   0.441768   -0.867794
DD1521.0   -0.219308   0.444351   -0.867451
DD1522.0   -0.215126   0.447007   -0.867084
DD1523.0   -0.210843   0.449716   -0.866697
DD1524.0   -0.206483   0.452461   -0.866294
DD1525.0   -0.202072   0.455223   -0.865876
DD1526.0   -0.197638   0.457986   -0.865445
DD1527.0   -0.193209   0.460737   -0.865001
DD1528.0   -0.188811   0.463465   -0.864543
DD1529.0   -0.184472   0.466162   -0.864069
DD1530.0   -0.180215   0.468823   -0.863575
DD1531.0   -0.176063   0.471446   -0.863057
DD1532.0   -0.172035   0.474030   -0.862513
DD1533.0   -0.168146   0.476576   -0.861939
DD1534.0   -0.164410   0.479084   -0.861332
DD1535.0   -0.160838   0.481557   -0.860690
DD1536.0   -0.157434   0.483994   -0.860013
DD1537.0   -0.154205   0.486396   -0.859302
DD1538.0   -0.151152   0.488761   -0.858559
DD1539.0   -0.148274   0.491087   -0.857787
DD1540.0   -0.145568   0.493372   -0.856989
DD1541.0   -0.143029   0.495612   -0.856171
DD1542.0   -0.140652   0.497803   -0.855338
DD1543.0   -0.138428   0.499942   -0.854493
DD1544.0   -0.136348   0.502027   -0.853643
DD1545.0   -0.134402   0.504054   -0.852792
DD1546.0   -0.132579   0.506022   -0.851943
DD1547.0   -0.130869   0.507930   -0.851100
DD1548.0   -0.129259   0.509779   -0.850267
DD1549.0   -0.127740   0.511570   -0.849444
DD1550.0   -0.126300   0.513304   -0.848634
DD1551.0   -0.124930   0.514983   -0.847838
DD1552.0   -0.123621   0.516610   -0.847057
DD1553.0   -0.122364   0.518188   -0.846291
DD1554.0   -0.121154   0.519719   -0.845540
DD1555.0   -0.119984   0.521206   -0.844805
DD1556.0   -0.118850   0.522650   -0.844085
DD1557.0   -0.117748   0.524054   -0.843380
DD1558.0   -0.116677   0.525418   -0.842692
DD1559.0   -0.115632   0.526744   -0.842019
DD1560.0   -0.114613   0.528033   -0.841363
DD1561.0   -0.113619   0.529284   -0.840722
DD1562.0   -0.112648   0.530497   -0.840099
DD1563.0   -0.111699   0.531673   -0.839494
DD1564.0   -0.110772   0.532809   -0.838907
DD1565.0   -0.109866   0.533907   -0.838338
DD1566.0   -0.108980   0.534966   -0.837788
DD1567.0   -0.108113   0.535985   -0.837257
DD1568.0   -0.107264   0.536965   -0.836746
DD1569.0   -0.106433   0.537906   -0.836253
DD1570.0   -0.105619   0.538809   -0.835779
DD1571.0   -0.104820   0.539675   -0.835324
DD1572.0   -0.104037   0.540506   -0.834885
DD1573.0   -0.103269   0.541304   -0.834463
DD1574.0   -0.102516   0.542071   -0.834056
DD1575.0   -0.101776   0.542810   -0.833664
DD1576.0   -0.101050   0.543523   -0.833283
DD1577.0   -0.100338   0.544214   -0.832914
DD1578.0   -0.099638   0.544884   -0.832553
DD1579.0   -0.098949   0.545537   -0.832201
DD1580.0   -0.098271   0.546176   -0.831856
DD1581.0   -0.097602   0.546803   -0.831517
DD1582.0   -0.096940   0.547420   -0.831182
DD1583.0   -0.096284   0.548029   -0.830851
DD1584.0   -0.095631   0.548631   -0.830524
DD1585.0   -0.094978   0.549228   -0.830200
DD1586.0   -0.094323   0.549819   -0.829879
DD1587.0   -0.093663   0.550406   -0.829561
DD1588.0   -0.092996   0.550987   -0.829248
DD1589.0   -0.092319   0.551564   -0.828938
DD1590.0   -0.091631   0.552134   -0.828633
DD1591.0   -0.090928   0.552697   -0.828334
DD1592.0   -0.090209   0.553252   -0.828041
DD1593.0   -0.089473   0.553799   -0.827755
DD1594.0   -0.088719   0.554335   -0.827476
DD1595.0   -0.087945   0.554861   -0.827205
DD1596.0   -0.087151   0.555376   -0.826942
DD1597.0   -0.086338   0.555881   -0.826688
DD1598.0   -0.085505   0.556373   -0.826442
DD1599.0   -0.084652   0.556855   -0.826205
DD1600.0   -0.083781   0.557327   -0.825976
DD1601.0   -0.082893   0.557788   -0.825755
DD1602.0   -0.081988   0.558238   -0.825542
DD1603.0   -0.081069   0.558678   -0.825336
DD1604.0   -0.080138   0.559107   -0.825139
DD1605.0   -0.079195   0.559525   -0.824950
DD1606.0   -0.078242   0.559929   -0.824770
DD1607.0   -0.077282   0.560317   -0.824600
DD1608.0   -0.076314   0.560689   -0.824442
DD1609.0   -0.075338   0.561040   -0.824298
DD1610.0   -0.074356   0.561367   -0.824169
DD1611.0   -0.073365   0.561668   -0.824058
DD1612.0   -0.072363   0.561940   -0.823965
DD1613.0   -0.071348   0.562179   -0.823895
DD1614.0   -0.070317   0.562384   -0.823847
DD1615.0   -0.069265   0.562553   -0.823823
DD1616.0   -0.068188   0.562685   -0.823824
DD1617.0   -0.067081   0.562778   -0.823851
DD1618.0   -0.065939   0.562835   -0.823902
DD1619.0   -0.064758   0.562857   -0.823978
DD1620.0   -0.063534   0.562847   -0.824076
DD1621.0   -0.062263   0.562807   -0.824194
DD1622.0   -0.060942   0.562742   -0.824329
DD1623.0   -0.059569   0.562658   -0.824478
DD1624.0   -0.058143   0.562560   -0.824635
DD1625.0   -0.056665   0.562456   -0.824796
DD1626.0   -0.055135   0.562352   -0.824955
DD1627.0   -0.053556   0.562256   -0.825108
DD1628.0   -0.051929   0.562177   -0.825248
DD1629.0   -0.050259   0.562122   -0.825369
DD1630.0   -0.048548   0.562099   -0.825465
DD1631.0   -0.046801   0.562115   -0.825532
DD1632.0   -0.045021   0.562175   -0.825565
DD1633.0   -0.043211   0.562283   -0.825561
DD1634.0   -0.041374   0.562441   -0.825519
DD1635.0   -0.039513   0.562647   -0.825440
DD1636.0   -0.037627   0.562895   -0.825326
DD1637.0   -0.035719   0.563177   -0.825185
DD1638.0   -0.033787   0.563481   -0.825025
DD1639.0   -0.031830   0.563790   -0.824857
DD1640.0   -0.029844   0.564085   -0.824694
DD1641.0   -0.027828   0.564346   -0.824551
DD1642.0   -0.025777   0.564549   -0.824445
DD1643.0   -0.023687   0.564672   -0.824391
DD1644.0   -0.021554   0.564694   -0.824403
DD1645.0   -0.019375   0.564597   -0.824496
DD1646.0   -0.017146   0.564367   -0.824677
DD1647.0   -0.014864   0.563997   -0.824954
DD1648.0   -0.012529   0.563482   -0.825328
DD1649.0   -0.010138   0.562827   -0.825795
DD1650.0   -0.007692   0.562041   -0.826350
DD1651.0   -0.005193   0.561138   -0.826981
DD1652.0   -0.002642   0.560137   -0.827675
DD1653.0   -0.000045   0.559061   -0.828415
DD1654.0   0.002596   0.557931   -0.829186
DD1655.0   0.005276   0.556772   -0.829969
DD1656.0   0.007989   0.555605   -0.830750
DD1657.0   0.010730   0.554450   -0.831513
DD1658.0   0.013494   0.553323   -0.832248
DD1659.0   0.016276   0.552236   -0.832945
DD1660.0   0.019070   0.551198   -0.833598
DD1661.0   0.021873   0.550214   -0.834203
DD1662.0   0.024681   0.549285   -0.834760
DD1663.0   0.027491   0.548408   -0.835269
DD1664.0   0.030301   0.547580   -0.835734
DD1665.0   0.033109   0.546795   -0.836159
DD1666.0   0.035915   0.546045   -0.836548
DD1667.0   0.038717   0.545323   -0.836907
DD1668.0   0.041515   0.544622   -0.837240
DD1669.0   0.044311   0.543934   -0.837553
DD1670.0   0.047104   0.543252   -0.837850
DD1671.0   0.049894   0.542570   -0.838135
DD1672.0   0.052684   0.541885   -0.838411
DD1673.0   0.055474   0.541190   -0.838681
DD1674.0   0.058264   0.540484   -0.838947
DD1675.0   0.061056   0.539765   -0.839210
DD1676.0   0.063849   0.539029   -0.839472
DD1677.0   0.066647   0.538277   -0.839733
DD1678.0   0.069448   0.537508   -0.839993
DD1679.0   0.072253   0.536721   -0.840254
DD1680.0   0.075065   0.535918   -0.840513
DD1681.0   0.077883   0.535100   -0.840771
DD1682.0   0.080709   0.534268   -0.841026
DD1683.0   0.083543   0.533422   -0.841279
DD1684.0   0.086386   0.532565   -0.841528
DD1685.0   0.089240   0.531698   -0.841771
DD1686.0   0.092104   0.530822   -0.842009
DD1687.0   0.094980   0.529939   -0.842239
DD1688.0   0.097867   0.529052   -0.842461
DD1689.0   0.100765   0.528160   -0.842674
DD1690.0   0.103675   0.527265   -0.842878
DD1691.0   0.106594   0.526368   -0.843072
DD1692.0   0.109522   0.525469   -0.843255
DD1693.0   0.112457   0.524569   -0.843430
DD1694.0   0.115396   0.523666   -0.843594
DD1695.0   0.118338   0.522760   -0.843750
DD1696.0   0.121281   0.521850   -0.843899
DD1697.0   0.124221   0.520936   -0.844040
DD1698.0   0.127156   0.520015   -0.844176
DD1699.0   0.130084   0.519087   -0.844308
DD1700.0   0.133003   0.518150   -0.844436
DD1701.0   0.135910   0.517204   -0.844561
DD1702.0   0.138804   0.516247   -0.844685
DD1703.0   0.141683   0.515279   -0.844807
DD1704.0   0.144546   0.514300   -0.844927
DD1705.0   0.147394   0.513309   -0.845047
DD1706.0   0.150225   0.512308   -0.845166
DD1707.0   0.153041   0.511297   -0.845282
DD1708.0   0.155841   0.510277   -0.845396
DD1709.0   0.158627   0.509250   -0.845506
DD1710.0   0.161400   0.508216   -0.845612
DD1711.0   0.164161   0.507178   -0.845712
DD1712.0   0.166913   0.506136   -0.845805
DD1713.0   0.169657   0.505092   -0.845889
DD1714.0   0.172394   0.504049   -0.845963
DD1715.0   0.175127   0.503007   -0.846027
DD1716.0   0.177857   0.501968   -0.846078
DD1717.0   0.180587   0.500932   -0.846115
DD1718.0   0.183317   0.499903   -0.846138
DD1719.0   0.186048   0.498881   -0.846144
DD1720.0   0.188783   0.497867   -0.846134
DD1721.0   0.191519   0.496866   -0.846106
DD1722.0   0.194258   0.495877   -0.846058
DD1723.0   0.196999   0.494906   -0.845990
DD1724.0   0.199739   0.493954   -0.845900
DD1725.0   0.202478   0.493025   -0.845788
DD1726.0   0.205213   0.492124   -0.845650
DD1727.0   0.207941   0.491255   -0.845487
DD1728.0   0.210658   0.490423   -0.845296
DD1729.0   0.213362   0.489632   -0.845076
DD1730.0   0.216048   0.488887   -0.844825
DD1731.0   0.218715   0.488193   -0.844542
DD1732.0   0.221358   0.487552   -0.844227
DD1733.0   0.223976   0.486967   -0.843877
DD1734.0   0.226567   0.486438   -0.843494
DD1735.0   0.229132   0.485965   -0.843077
DD1736.0   0.231672   0.485545   -0.842629
DD1737.0   0.234188   0.485171   -0.842152
DD1738.0   0.236686   0.484837   -0.841648
DD1739.0   0.239170   0.484534   -0.841122
DD1740.0   0.241646   0.484250   -0.840578
DD1741.0   0.244120   0.483972   -0.840021
DD1742.0   0.246600   0.483689   -0.839458
DD1743.0   0.249090   0.483387   -0.838894
DD1744.0   0.251596   0.483054   -0.838335
DD1745.0   0.254122   0.482681   -0.837785
DD1746.0   0.256668   0.482259   -0.837249
DD1747.0   0.259235   0.481784   -0.836729
DD1748.0   0.261818   0.481254   -0.836228
DD1749.0   0.264415   0.480671   -0.835747
DD1750.0   0.267016   0.480039   -0.835285
DD1751.0   0.269615   0.479364   -0.834841
DD1752.0   0.272202   0.478657   -0.834413
DD1753.0   0.274768   0.477928   -0.833998
DD1754.0   0.277304   0.477186   -0.833592
DD1755.0   0.279801   0.476444   -0.833193
DD1756.0   0.282254   0.475710   -0.832796
DD1757.0   0.284658   0.474993   -0.832399
DD1758.0   0.287010   0.474301   -0.831998
DD1759.0   0.289308   0.473638   -0.831593
DD1760.0   0.291554   0.473007   -0.831180
DD1761.0   0.293749   0.472411   -0.830759
DD1762.0   0.295897   0.471849   -0.830329
DD1763.0   0.298002   0.471320   -0.829889
DD1764.0   0.300069   0.470822   -0.829439
DD1765.0   0.302102   0.470353   -0.828979
DD1766.0   0.304107   0.469910   -0.828509
DD1767.0   0.306086   0.469491   -0.828030
DD1768.0   0.308043   0.469093   -0.827541
DD1769.0   0.309981   0.468714   -0.827044
DD1770.0   0.311903   0.468351   -0.826538
DD1771.0   0.313808   0.468004   -0.826024
DD1772.0   0.315698   0.467670   -0.825503
DD1773.0   0.317573   0.467348   -0.824975
DD1774.0   0.319432   0.467037   -0.824440
DD1775.0   0.321275   0.466737   -0.823901
DD1776.0   0.323101   0.466445   -0.823357
DD1777.0   0.324907   0.466163   -0.822811
DD1778.0   0.326694   0.465887   -0.822262
DD1779.0   0.328461   0.465617   -0.821714
DD1780.0   0.330205   0.465353   -0.821166
DD1781.0   0.331925   0.465093   -0.820620
DD1782.0   0.333622   0.464836   -0.820078
DD1783.0   0.335295   0.464581   -0.819540
DD1784.0   0.336943   0.464327   -0.819009
DD1785.0   0.338566   0.464072   -0.818483
DD1786.0   0.340165   0.463816   -0.817966
DD1787.0   0.341739   0.463557   -0.817456
DD1788.0   0.343289   0.463297   -0.816954
DD1789.0   0.344816   0.463033   -0.816461
DD1790.0   0.346320   0.462765   -0.815976
DD1791.0   0.347801   0.462494   -0.815499
DD1792.0   0.349261   0.462218   -0.815031
DD1793.0   0.350700   0.461937   -0.814572
DD1794.0   0.352118   0.461651   -0.814121
DD1795.0   0.353516   0.461360   -0.813679
DD1796.0   0.354893   0.461064   -0.813245
DD1797.0   0.356250   0.460763   -0.812821
DD1798.0   0.357586   0.460457   -0.812405
DD1799.0   0.358901   0.460147   -0.811999
DD1800.0   0.360194   0.459834   -0.811601
DD1801.0   0.361463   0.459521   -0.811212
DD1802.0   0.362709   0.459208   -0.810830
DD1803.0   0.363929   0.458900   -0.810455
DD1804.0   0.365122   0.458599   -0.810086
DD1805.0   0.366286   0.458308   -0.809722
DD1806.0   0.367419   0.458033   -0.809360
DD1807.0   0.368520   0.457777   -0.809000
DD1808.0   0.369589   0.457543   -0.808639
DD1809.0   0.370624   0.457335   -0.808277
DD1810.0   0.371628   0.457153   -0.807910
DD1811.0   0.372603   0.456999   -0.807540
DD1812.0   0.373551   0.456870   -0.807164
DD1813.0   0.374478   0.456762   -0.806784
DD1814.0   0.375390   0.456671   -0.806398
DD1815.0   0.376296   0.456588   -0.806010
DD1816.0   0.377204   0.456504   -0.805618
DD1817.0   0.378125   0.456408   -0.805227
DD1818.0   0.379067   0.456290   -0.804837
DD1819.0   0.380040   0.456138   -0.804451
DD1820.0   0.381053   0.455942   -0.804071
DD1821.0   0.382113   0.455696   -0.803698
DD1822.0   0.383224   0.455391   -0.803334
DD1823.0   0.384388   0.455026   -0.802979
DD1824.0   0.385607   0.454599   -0.802634
DD1825.0   0.386877   0.454115   -0.802299
DD1826.0   0.388193   0.453577   -0.801972
DD1827.0   0.389549   0.452994   -0.801652
DD1828.0   0.390937   0.452375   -0.801337
DD1829.0   0.392346   0.451730   -0.801026
DD1830.0   0.393768   0.451069   -0.800717
DD1831.0   0.395194   0.450404   -0.800407
DD1832.0   0.396614   0.449741   -0.800096
DD1833.0   0.398022   0.449091   -0.799783
DD1834.0   0.399411   0.448457   -0.799466
DD1835.0   0.400776   0.447846   -0.799144
DD1836.0   0.402115   0.447259   -0.798819
DD1837.0   0.403426   0.446697   -0.798489
DD1838.0   0.404707   0.446160   -0.798155
DD1839.0   0.405961   0.445647   -0.797818
DD1840.0   0.407189   0.445157   -0.797477
DD1841.0   0.408392   0.444686   -0.797134
DD1842.0   0.409573   0.444232   -0.796789
DD1843.0   0.410735   0.443794   -0.796441
DD1844.0   0.411881   0.443368   -0.796091
DD1845.0   0.413013   0.442953   -0.795738
DD1846.0   0.414134   0.442547   -0.795383
DD1847.0   0.415245   0.442149   -0.795026
DD1848.0   0.416350   0.441758   -0.794665
DD1849.0   0.417449   0.441374   -0.794300
DD1850.0   0.418543   0.440995   -0.793932
DD1851.0   0.419635   0.440623   -0.793560
DD1852.0   0.420723   0.440256   -0.793184
DD1853.0   0.421809   0.439896   -0.792803
DD1854.0   0.422893   0.439541   -0.792418
DD1855.0   0.423974   0.439193   -0.792028
DD1856.0   0.425053   0.438851   -0.791634
DD1857.0   0.426127   0.438517   -0.791236
DD1858.0   0.427198   0.438190   -0.790836
DD1859.0   0.428262   0.437871   -0.790432
DD1860.0   0.429320   0.437559   -0.790027
DD1861.0   0.430369   0.437256   -0.789621
DD1862.0   0.431408   0.436962   -0.789214
DD1863.0   0.432434   0.436677   -0.788809
DD1864.0   0.433445   0.436403   -0.788405
DD1865.0   0.434439   0.436139   -0.788004
DD1866.0   0.435414   0.435887   -0.787606
DD1867.0   0.436368   0.435646   -0.787212
DD1868.0   0.437301   0.435417   -0.786823
DD1869.0   0.438212   0.435200   -0.786439
DD1870.0   0.439101   0.434992   -0.786060
DD1871.0   0.439972   0.434792   -0.785685
DD1872.0   0.440826   0.434597   -0.785315
DD1873.0   0.441668   0.434405   -0.784947
DD1874.0   0.442505   0.434212   -0.784582
DD1875.0   0.443342   0.434012   -0.784217
DD1876.0   0.444186   0.433802   -0.783851
DD1877.0   0.445046   0.433576   -0.783482
DD1878.0   0.445929   0.433331   -0.783109
DD1879.0   0.446840   0.433062   -0.782731
DD1880.0   0.447786   0.432767   -0.782344
DD1881.0   0.448769   0.432445   -0.781950
DD1882.0   0.449792   0.432096   -0.781546
DD1883.0   0.450854   0.431720   -0.781133
DD1884.0   0.451952   0.431320   -0.780710
DD1885.0   0.453083   0.430899   -0.780279
DD1886.0   0.454239   0.430463   -0.779841
DD1887.0   0.455415   0.430015   -0.779396
DD1888.0   0.456601   0.429562   -0.778948
DD1889.0   0.457790   0.429107   -0.778496
DD1890.0   0.458974   0.428655   -0.778045
DD1891.0   0.460147   0.428210   -0.777595
DD1892.0   0.461303   0.427773   -0.777149
DD1893.0   0.462437   0.427347   -0.776707
DD1894.0   0.463548   0.426932   -0.776272
DD1895.0   0.464633   0.426527   -0.775845
DD1896.0   0.465694   0.426131   -0.775426
DD1897.0   0.466732   0.425741   -0.775016
DD1898.0   0.467748   0.425355   -0.774614
DD1899.0   0.468746   0.424971   -0.774221
DD1900.0   0.469729   0.424587   -0.773836
DD1901.0   0.470701   0.424199   -0.773458
DD1902.0   0.471664   0.423806   -0.773088
DD1903.0   0.472623   0.423406   -0.772723
DD1904.0   0.473578   0.422999   -0.772364
DD1905.0   0.474532   0.422584   -0.772009
DD1906.0   0.475487   0.422161   -0.771658
DD1907.0   0.476443   0.421731   -0.771311
DD1908.0   0.477399   0.421294   -0.770966
DD1909.0   0.478355   0.420851   -0.770624
DD1910.0   0.479311   0.420405   -0.770285
DD1911.0   0.480263   0.419957   -0.769949
DD1912.0   0.481210   0.419508   -0.769615
DD1913.0   0.482150   0.419061   -0.769285
DD1914.0   0.483078   0.418617   -0.768959
DD1915.0   0.483993   0.418179   -0.768638
DD1916.0   0.484889   0.417749   -0.768322
DD1917.0   0.485765   0.417329   -0.768013
DD1918.0   0.486617   0.416920   -0.767711
DD1919.0   0.487442   0.416524   -0.767416
DD1920.0   0.488239   0.416141   -0.767131
DD1921.0   0.489005   0.415774   -0.766854
DD1922.0   0.489741   0.415421   -0.766586
DD1923.0   0.490446   0.415083   -0.766326
DD1924.0   0.491123   0.414759   -0.766075
DD1925.0   0.491773   0.414448   -0.765830
DD1926.0   0.492400   0.414146   -0.765592
DD1927.0   0.493010   0.413852   -0.765359
DD1928.0   0.493607   0.413562   -0.765129
DD1929.0   0.494199   0.413271   -0.764900
DD1930.0   0.494791   0.412978   -0.764671
DD1931.0   0.495391   0.412677   -0.764439
DD1932.0   0.496003   0.412365   -0.764203
DD1933.0   0.496635   0.412039   -0.763961
DD1934.0   0.497289   0.411697   -0.763712
DD1935.0   0.497970   0.411337   -0.763456
DD1936.0   0.498678   0.410959   -0.763191
DD1937.0   0.499414   0.410562   -0.762917
DD1938.0   0.500176   0.410149   -0.762634
DD1939.0   0.500963   0.409720   -0.762344
DD1940.0   0.501770   0.409280   -0.762046
DD1941.0   0.502593   0.408830   -0.761742
DD1942.0   0.503427   0.408374   -0.761433
DD1943.0   0.504268   0.407915   -0.761121
DD1944.0   0.505109   0.407456   -0.760807
DD1945.0   0.505946   0.407000   -0.760492
DD1946.0   0.506776   0.406549   -0.760179
DD1947.0   0.507594   0.406104   -0.759868
DD1948.0   0.508398   0.405666   -0.759561
DD1949.0   0.509187   0.405236   -0.759259
DD1950.0   0.509959   0.404814   -0.758963
DD1951.0   0.510714   0.404399   -0.758673
DD1952.0   0.511453   0.403990   -0.758390
DD1953.0   0.512176   0.403587   -0.758113
DD1954.0   0.512885   0.403187   -0.757843
DD1955.0   0.513581   0.402791   -0.757580
DD1956.0   0.514265   0.402396   -0.757323
DD1957.0   0.514940   0.402002   -0.757071
DD1958.0   0.515608   0.401607   -0.756824
DD1959.0   0.516269   0.401212   -0.756582
DD1960.0   0.516924   0.400815   -0.756344
DD1961.0   0.517575   0.400417   -0.756109
DD1962.0   0.518222   0.400017   -0.755878
DD1963.0   0.518865   0.399615   -0.755650
DD1964.0   0.519504   0.399213   -0.755424
DD1965.0   0.520139   0.398810   -0.755202
DD1966.0   0.520771   0.398407   -0.754981
DD1967.0   0.521399   0.398004   -0.754762
DD1968.0   0.522023   0.397604   -0.754545
DD1969.0   0.522644   0.397207   -0.754327
DD1970.0   0.523264   0.396813   -0.754108
DD1971.0   0.523884   0.396423   -0.753887
DD1972.0   0.524506   0.396039   -0.753660
DD1973.0   0.525133   0.395660   -0.753426
DD1974.0   0.525766   0.395287   -0.753182
DD1975.0   0.526409   0.394922   -0.752926
DD1976.0   0.527064   0.394564   -0.752656
DD1977.0   0.527732   0.394214   -0.752370
DD1978.0   0.528417   0.393872   -0.752066
DD1979.0   0.529117   0.393540   -0.751743
DD1980.0   0.529834   0.393217   -0.751401
DD1981.0   0.530566   0.392905   -0.751041
DD1982.0   0.531310   0.392604   -0.750664
DD1983.0   0.532065   0.392313   -0.750271
DD1984.0   0.532826   0.392034   -0.749867
DD1985.0   0.533590   0.391766   -0.749452
DD1986.0   0.534353   0.391508   -0.749032
DD1987.0   0.535111   0.391261   -0.748609
DD1988.0   0.535859   0.391023   -0.748186
DD1989.0   0.536595   0.390794   -0.747768
DD1990.0   0.537316   0.390571   -0.747357
DD1991.0   0.538019   0.390353   -0.746955
DD1992.0   0.538705   0.390138   -0.746565
DD1993.0   0.539371   0.389925   -0.746188
DD1994.0   0.540020   0.389711   -0.745824
DD1995.0   0.540651   0.389495   -0.745473
DD1996.0   0.541267   0.389276   -0.745136
DD1997.0   0.541871   0.389051   -0.744811
DD1998.0   0.542464   0.388820   -0.744497
DD1999.0   0.543050   0.388581   -0.744192
DD2000.0   0.543632   0.388336   -0.743894
DD2001.0   0.544214   0.388082   -0.743601
DD2002.0   0.544799   0.387819   -0.743310
DD2003.0   0.545391   0.387549   -0.743018
DD2004.0   0.545991   0.387271   -0.742724
DD2005.0   0.546604   0.386984   -0.742425
DD2006.0   0.547230   0.386691   -0.742119
DD2007.0   0.547873   0.386390   -0.741804
DD2008.0   0.548532   0.386082   -0.741480
DD2009.0   0.549208   0.385766   -0.741145
DD2010.0   0.549902   0.385445   -0.740800
DD2011.0   0.550612   0.385116   -0.740445
DD2012.0   0.551337   0.384781   -0.740081
DD2013.0   0.552075   0.384439   -0.739708
DD2014.0   0.552824   0.384090   -0.739329
DD2015.0   0.553582   0.383735   -0.738945
DD2016.0   0.554346   0.383374   -0.738557
DD2017.0   0.555113   0.383007   -0.738168
DD2018.0   0.555881   0.382635   -0.737779
DD2019.0   0.556648   0.382259   -0.737392
DD2020.0   0.557412   0.381880   -0.737007
DD2021.0   0.558170   0.381500   -0.736626
DD2022.0   0.558922   0.381121   -0.736249
DD2023.0   0.559666   0.380743   -0.735877
DD2024.0   0.560401   0.380370   -0.735510
DD2025.0   0.561126   0.380004   -0.735148
DD2026.0   0.561839   0.379646   -0.734792
DD2027.0   0.562541   0.379299   -0.734440
DD2028.0   0.563231   0.378963   -0.734092
DD2029.0   0.563908   0.378642   -0.733749
DD2030.0   0.564572   0.378334   -0.733409
DD2031.0   0.565223   0.378042   -0.733072
DD2032.0   0.565861   0.377765   -0.732739
DD2033.0   0.566486   0.377503   -0.732408
DD2034.0   0.567098   0.377255   -0.732080
DD2035.0   0.567698   0.377019   -0.731754
DD2036.0   0.568285   0.376795   -0.731430
DD2037.0   0.568861   0.376581   -0.731108
DD2038.0   0.569424   0.376374   -0.730790
DD2039.0   0.569976   0.376173   -0.730474
DD2040.0   0.570517   0.375975   -0.730163
DD2041.0   0.571047   0.375778   -0.729856
DD2042.0   0.571565   0.375581   -0.729555
DD2043.0   0.572072   0.375381   -0.729260
DD2044.0   0.572567   0.375176   -0.728974
DD2045.0   0.573050   0.374965   -0.728698
DD2046.0   0.573522   0.374746   -0.728432
DD2047.0   0.573981   0.374518   -0.728178
DD2048.0   0.574428   0.374280   -0.727937
DD2049.0   0.574864   0.374031   -0.727709
DD2050.0   0.575288   0.373769   -0.727497
DD2051.0   0.575701   0.373495   -0.727299
DD2052.0   0.576103   0.373207   -0.727116
DD2053.0   0.576497   0.372906   -0.726948
DD2054.0   0.576882   0.372591   -0.726794
DD2055.0   0.577260   0.372263   -0.726653
DD2056.0   0.577634   0.371922   -0.726524
DD2057.0   0.578003   0.371569   -0.726406
DD2058.0   0.578370   0.371206   -0.726295
DD2059.0   0.578737   0.370833   -0.726191
DD2060.0   0.579106   0.370452   -0.726091
DD2061.0   0.579478   0.370064   -0.725991
DD2062.0   0.579856   0.369671   -0.725891
DD2063.0   0.580241   0.369274   -0.725787
DD2064.0   0.580636   0.368875   -0.725676
DD2065.0   0.581042   0.368475   -0.725556
DD2066.0   0.581462   0.368075   -0.725426
DD2067.0   0.581896   0.367675   -0.725284
DD2068.0   0.582346   0.367276   -0.725127
DD2069.0   0.582814   0.366877   -0.724956
DD2070.0   0.583301   0.366479   -0.724769
DD2071.0   0.583807   0.366080   -0.724565
DD2072.0   0.584332   0.365681   -0.724345
DD2073.0   0.584878   0.365281   -0.724109
DD2074.0   0.585444   0.364879   -0.723856
DD2075.0   0.586031   0.364474   -0.723588
DD2076.0   0.586637   0.364066   -0.723303
DD2077.0   0.587265   0.363654   -0.723002
DD2078.0   0.587912   0.363240   -0.722686
DD2079.0   0.588579   0.362823   -0.722354
DD2080.0   0.589265   0.362404   -0.722006
DD2081.0   0.589971   0.361985   -0.721641
DD2082.0   0.590697   0.361566   -0.721259
DD2083.0   0.591440   0.361149   -0.720860
DD2084.0   0.592202   0.360737   -0.720441
DD2085.0   0.592981   0.360332   -0.720004
DD2086.0   0.593777   0.359936   -0.719548
DD2087.0   0.594587   0.359551   -0.719071
DD2088.0   0.595411   0.359179   -0.718576
DD2089.0   0.596245   0.358822   -0.718061
DD2090.0   0.597090   0.358480   -0.717529
DD2091.0   0.597940   0.358156   -0.716981
DD2092.0   0.598796   0.357850   -0.716418
DD2093.0   0.599652   0.357562   -0.715843
DD2094.0   0.600507   0.357291   -0.715259
DD2095.0   0.601358   0.357037   -0.714668
DD2096.0   0.602201   0.356801   -0.714074
DD2097.0   0.603035   0.356580   -0.713479
DD2098.0   0.603856   0.356373   -0.712886
DD2099.0   0.604662   0.356182   -0.712298
DD2100.0   0.605451   0.356004   -0.711716
DD2101.0   0.606222   0.355840   -0.711143
DD2102.0   0.606973   0.355690   -0.710580
DD2103.0   0.607704   0.355553   -0.710028
DD2104.0   0.608414   0.355432   -0.709486
DD2105.0   0.609103   0.355325   -0.708956
DD2106.0   0.609771   0.355235   -0.708435
DD2107.0   0.610418   0.355163   -0.707923
DD2108.0   0.611046   0.355108   -0.707418
DD2109.0   0.611656   0.355074   -0.706921
DD2110.0   0.612248   0.355060   -0.706427
DD2111.0   0.612825   0.355066   -0.705937
DD2112.0   0.613387   0.355095   -0.705449
DD2113.0   0.613935   0.355145   -0.704961
DD2114.0   0.614471   0.355218   -0.704471
DD2115.0   0.614997   0.355311   -0.703980
DD2116.0   0.615513   0.355426   -0.703486
DD2117.0   0.616021   0.355562   -0.702987
DD2118.0   0.616521   0.355717   -0.702485
DD2119.0   0.617014   0.355890   -0.701977
DD2120.0   0.617501   0.356081   -0.701465
DD2121.0   0.617981   0.356288   -0.700948
DD2122.0   0.618457   0.356509   -0.700426
DD2123.0   0.618927   0.356744   -0.699899
DD2124.0   0.619392   0.356992   -0.699369
DD2125.0   0.619851   0.357250   -0.698834
DD2126.0   0.620305   0.357519   -0.698298
DD2127.0   0.620752   0.357796   -0.697759
DD2128.0   0.621193   0.358081   -0.697220
DD2129.0   0.621626   0.358372   -0.696681
DD2130.0   0.622051   0.358669   -0.696144
DD2131.0   0.622467   0.358971   -0.695610
DD2132.0   0.622874   0.359276   -0.695080
DD2133.0   0.623271   0.359585   -0.694556
DD2134.0   0.623656   0.359895   -0.694039
DD2135.0   0.624029   0.360208   -0.693529
DD2136.0   0.624390   0.360521   -0.693028
DD2137.0   0.624738   0.360835   -0.692536
DD2138.0   0.625074   0.361149   -0.692055
DD2139.0   0.625396   0.361462   -0.691585
DD2140.0   0.625706   0.361775   -0.691125
DD2141.0   0.626004   0.362085   -0.690677
DD2142.0   0.626291   0.362394   -0.690239
DD2143.0   0.626566   0.362700   -0.689812
DD2144.0   0.626833   0.363002   -0.689396
DD2145.0   0.627090   0.363301   -0.688990
DD2146.0   0.627340   0.363595   -0.688595
DD2147.0   0.627583   0.363884   -0.688209
DD2148.0   0.627820   0.364167   -0.687832
DD2149.0   0.628053   0.364444   -0.687465
DD2150.0   0.628281   0.364713   -0.687106
DD2151.0   0.628505   0.364975   -0.686756
DD2152.0   0.628726   0.365230   -0.686413
DD2153.0   0.628945   0.365476   -0.686078
DD2154.0   0.629161   0.365715   -0.685750
DD2155.0   0.629376   0.365945   -0.685428
DD2156.0   0.629589   0.366168   -0.685111
DD2157.0   0.629802   0.366384   -0.684800
DD2158.0   0.630014   0.366591   -0.684493
DD2159.0   0.630226   0.366792   -0.684189
DD2160.0   0.630440   0.366986   -0.683887
DD2161.0   0.630655   0.367172   -0.683588
DD2162.0   0.630873   0.367352   -0.683290
DD2163.0   0.631093   0.367524   -0.682993
DD2164.0   0.631318   0.367688   -0.682695
DD2165.0   0.631547   0.367844   -0.682398
DD2166.0   0.631781   0.367993   -0.682100
DD2167.0   0.632020   0.368132   -0.681802
DD2168.0   0.632264   0.368263   -0.681504
DD2169.0   0.632513   0.368386   -0.681206
DD2170.0   0.632767   0.368499   -0.680908
DD2171.0   0.633026   0.368603   -0.680611
DD2172.0   0.633289   0.368698   -0.680315
DD2173.0   0.633556   0.368785   -0.680020
DD2174.0   0.633825   0.368864   -0.679727
DD2175.0   0.634098   0.368935   -0.679436
DD2176.0   0.634373   0.368998   -0.679147
DD2177.0   0.634650   0.369054   -0.678860
DD2178.0   0.634930   0.369102   -0.678576
DD2179.0   0.635212   0.369142   -0.678292
DD2180.0   0.635498   0.369174   -0.678011
DD2181.0   0.635787   0.369197   -0.677730
DD2182.0   0.636081   0.369210   -0.677450
DD2183.0   0.636380   0.369213   -0.677171
DD2184.0   0.636685   0.369205   -0.676891
DD2185.0   0.636998   0.369186   -0.676611
DD2186.0   0.637319   0.369153   -0.676330
DD2187.0   0.637649   0.369108   -0.676048
DD2188.0   0.637989   0.369050   -0.675763
DD2189.0   0.638339   0.368980   -0.675476
DD2190.0   0.638698   0.368897   -0.675186
DD2191.0   0.639067   0.368804   -0.674894
DD2192.0   0.639446   0.368703   -0.674597
DD2193.0   0.639833   0.368594   -0.674296
DD2194.0   0.640227   0.368482   -0.673991
DD2195.0   0.640627   0.368368   -0.673682
DD2196.0   0.641032   0.368255   -0.673367
DD2197.0   0.641439   0.368147   -0.673047
DD2198.0   0.641848   0.368047   -0.672721
DD2199.0   0.642256   0.367956   -0.672390
DD2200.0   0.642663   0.367879   -0.672053
DD2201.0   0.643067   0.367816   -0.671711
DD2202.0   0.643466   0.367769   -0.671362
DD2203.0   0.643862   0.367740   -0.671007
DD2204.0   0.644252   0.367728   -0.670646
DD2205.0   0.644638   0.367734   -0.670278
DD2206.0   0.645021   0.367757   -0.669903
DD2207.0   0.645401   0.367798   -0.669520
DD2208.0   0.645780   0.367854   -0.669127
DD2209.0   0.646159   0.367926   -0.668724
DD2210.0   0.646541   0.368013   -0.668307
DD2211.0   0.646929   0.368114   -0.667877
DD2212.0   0.647323   0.368230   -0.667430
DD2213.0   0.647727   0.368361   -0.666963
DD2214.0   0.648142   0.368509   -0.666476
DD2215.0   0.648570   0.368674   -0.665964
DD2216.0   0.649010   0.368860   -0.665427
DD2217.0   0.649465   0.369067   -0.664863
DD2218.0   0.649933   0.369298   -0.664272
DD2219.0   0.650414   0.369556   -0.663652
DD2220.0   0.650907   0.369843   -0.663004
DD2221.0   0.651408   0.370158   -0.662330
DD2222.0   0.651917   0.370504   -0.661632
DD2223.0   0.652429   0.370880   -0.660913
DD2224.0   0.652942   0.371284   -0.660178
DD2225.0   0.653453   0.371715   -0.659429
DD2226.0   0.653958   0.372171   -0.658672
DD2227.0   0.654454   0.372647   -0.657913
DD2228.0   0.654939   0.373140   -0.657155
DD2229.0   0.655409   0.373646   -0.656405
DD2230.0   0.655863   0.374161   -0.655666
DD2231.0   0.656298   0.374681   -0.654942
DD2232.0   0.656713   0.375203   -0.654238
DD2233.0   0.657105   0.375723   -0.653556
DD2234.0   0.657475   0.376238   -0.652898
DD2235.0   0.657821   0.376747   -0.652266
DD2236.0   0.658144   0.377248   -0.651660
DD2237.0   0.658442   0.377741   -0.651083
DD2238.0   0.658717   0.378225   -0.650532
DD2239.0   0.658968   0.378699   -0.650009
DD2240.0   0.659198   0.379165   -0.649511
DD2241.0   0.659406   0.379622   -0.649038
DD2242.0   0.659595   0.380071   -0.648588
DD2243.0   0.659766   0.380512   -0.648160
DD2244.0   0.659921   0.380944   -0.647752
DD2245.0   0.660062   0.381368   -0.647361
DD2246.0   0.660191   0.381784   -0.646987
DD2247.0   0.660310   0.382190   -0.646628
DD2248.0   0.660423   0.382587   -0.646280
DD2249.0   0.660530   0.382972   -0.645943
DD2250.0   0.660634   0.383345   -0.645615
DD2251.0   0.660738   0.383705   -0.645293
DD2252.0   0.660842   0.384051   -0.644978
DD2253.0   0.660948   0.384382   -0.644666
DD2254.0   0.661058   0.384698   -0.644358
DD2255.0   0.661173   0.384998   -0.644053
DD2256.0   0.661292   0.385283   -0.643749
DD2257.0   0.661417   0.385553   -0.643446
DD2258.0   0.661546   0.385808   -0.643146
DD2259.0   0.661680   0.386051   -0.642846
DD2260.0   0.661818   0.386282   -0.642549
DD2261.0   0.661958   0.386503   -0.642254
DD2262.0   0.662100   0.386715   -0.641962
DD2263.0   0.662242   0.386920   -0.641674
DD2264.0   0.662384   0.387119   -0.641390
DD2265.0   0.662523   0.387313   -0.641111
DD2266.0   0.662660   0.387504   -0.640838
DD2267.0   0.662793   0.387692   -0.640572
DD2268.0   0.662922   0.387877   -0.640311
DD2269.0   0.663047   0.388062   -0.640058
DD2270.0   0.663168   0.388244   -0.639810
DD2271.0   0.663285   0.388426   -0.639569
DD2272.0   0.663399   0.388606   -0.639332
DD2273.0   0.663511   0.388786   -0.639100
DD2274.0   0.663621   0.388965   -0.638871
DD2275.0   0.663731   0.389143   -0.638643
DD2276.0   0.663841   0.389322   -0.638416
DD2277.0   0.663953   0.389500   -0.638188
DD2278.0   0.664068   0.389680   -0.637958
DD2279.0   0.664186   0.389861   -0.637724
DD2280.0   0.664308   0.390044   -0.637485
DD2281.0   0.664433   0.390231   -0.637240
DD2282.0   0.664564   0.390421   -0.636989
DD2283.0   0.664698   0.390617   -0.636731
DD2284.0   0.664836   0.390818   -0.636465
DD2285.0   0.664979   0.391025   -0.636192
DD2286.0   0.665124   0.391239   -0.635912
DD2287.0   0.665272   0.391460   -0.635625
DD2288.0   0.665423   0.391688   -0.635333
DD2289.0   0.665574   0.391922   -0.635035
DD2290.0   0.665727   0.392161   -0.634734
DD2291.0   0.665879   0.392405   -0.634430
DD2292.0   0.666032   0.392652   -0.634125
DD2293.0   0.666183   0.392900   -0.633821
DD2294.0   0.666334   0.393148   -0.633518
DD2295.0   0.666482   0.393394   -0.633219
DD2296.0   0.666628   0.393634   -0.632925
DD2297.0   0.666772   0.393868   -0.632637
DD2298.0   0.666913   0.394092   -0.632356
DD2299.0   0.667052   0.394306   -0.632085
DD2300.0   0.667188   0.394506   -0.631823
DD2301.0   0.667321   0.394693   -0.631572
DD2302.0   0.667453   0.394863   -0.631331
DD2303.0   0.667583   0.395018   -0.631101
DD2304.0   0.667712   0.395155   -0.630880
DD2305.0   0.667842   0.395275   -0.630668
DD2306.0   0.667972   0.395379   -0.630464
DD2307.0   0.668106   0.395467   -0.630266
DD2308.0   0.668242   0.395541   -0.630072
DD2309.0   0.668384   0.395602   -0.629879
DD2310.0   0.668532   0.395652   -0.629685
DD2311.0   0.668687   0.395694   -0.629488
DD2312.0   0.668850   0.395729   -0.629285
DD2313.0   0.669022   0.395761   -0.629074
DD2314.0   0.669202   0.395792   -0.628853
DD2315.0   0.669392   0.395823   -0.628623
DD2316.0   0.669591   0.395857   -0.628381
DD2317.0   0.669798   0.395895   -0.628127
DD2318.0   0.670012   0.395939   -0.627864
DD2319.0   0.670232   0.395987   -0.627592
DD2320.0   0.670456   0.396041   -0.627312
DD2321.0   0.670684   0.396100   -0.627028
DD2322.0   0.670912   0.396163   -0.626743
DD2323.0   0.671140   0.396228   -0.626457
DD2324.0   0.671366   0.396294   -0.626176
DD2325.0   0.671587   0.396359   -0.625901
DD2326.0   0.671804   0.396421   -0.625635
DD2327.0   0.672014   0.396478   -0.625379
DD2328.0   0.672217   0.396529   -0.625136
DD2329.0   0.672414   0.396572   -0.624906
DD2330.0   0.672603   0.396605   -0.624689
DD2331.0   0.672786   0.396628   -0.624486
DD2332.0   0.672963   0.396640   -0.624294
DD2333.0   0.673137   0.396640   -0.624113
DD2334.0   0.673308   0.396628   -0.623941
DD2335.0   0.673479   0.396604   -0.623776
DD2336.0   0.673652   0.396568   -0.623615
DD2337.0   0.673829   0.396521   -0.623455
DD2338.0   0.674011   0.396464   -0.623294
DD2339.0   0.674202   0.396396   -0.623129
DD2340.0   0.674401   0.396320   -0.622959
DD2341.0   0.674611   0.396236   -0.622781
DD2342.0   0.674832   0.396146   -0.622593
DD2343.0   0.675065   0.396051   -0.622394
DD2344.0   0.675310   0.395953   -0.622185
DD2345.0   0.675566   0.395853   -0.621963
DD2346.0   0.675832   0.395752   -0.621730
DD2347.0   0.676107   0.395653   -0.621487
DD2348.0   0.676390   0.395555   -0.621232
DD2349.0   0.676680   0.395461   -0.620969
DD2350.0   0.676974   0.395371   -0.620699
DD2351.0   0.677271   0.395285   -0.620422
DD2352.0   0.677570   0.395204   -0.620142
DD2353.0   0.677868   0.395128   -0.619860
DD2354.0   0.678164   0.395057   -0.619577
DD2355.0   0.678458   0.394990   -0.619295
DD2356.0   0.678747   0.394927   -0.619017
DD2357.0   0.679033   0.394866   -0.618742
DD2358.0   0.679313   0.394809   -0.618473
DD2359.0   0.679588   0.394752   -0.618211
DD2360.0   0.679859   0.394696   -0.617954
DD2361.0   0.680126   0.394641   -0.617703
DD2362.0   0.680389   0.394585   -0.617458
DD2363.0   0.680650   0.394528   -0.617216
DD2364.0   0.680910   0.394471   -0.616978
DD2365.0   0.681170   0.394413   -0.616740
DD2366.0   0.681432   0.394355   -0.616502
DD2367.0   0.681696   0.394298   -0.616262
DD2368.0   0.681963   0.394241   -0.616017
DD2369.0   0.682234   0.394185   -0.615767
DD2370.0   0.682509   0.394132   -0.615511
DD2371.0   0.682788   0.394082   -0.615247
DD2372.0   0.683071   0.394034   -0.614976
DD2373.0   0.683356   0.393989   -0.614699
DD2374.0   0.683643   0.393948   -0.614416
DD2375.0   0.683931   0.393909   -0.614129
DD2376.0   0.684218   0.393873   -0.613839
DD2377.0   0.684502   0.393838   -0.613548
DD2378.0   0.684784   0.393803   -0.613258
DD2379.0   0.685061   0.393768   -0.612971
DD2380.0   0.685333   0.393730   -0.612689
DD2381.0   0.685600   0.393688   -0.612414
DD2382.0   0.685862   0.393641   -0.612146
DD2383.0   0.686118   0.393587   -0.611888
DD2384.0   0.686369   0.393524   -0.611638
DD2385.0   0.686617   0.393452   -0.611398
DD2386.0   0.686862   0.393370   -0.611167
DD2387.0   0.687106   0.393276   -0.610944
DD2388.0   0.687351   0.393170   -0.610728
DD2389.0   0.687598   0.393051   -0.610517
DD2390.0   0.687849   0.392921   -0.610311
DD2391.0   0.688106   0.392778   -0.610106
DD2392.0   0.688370   0.392623   -0.609901
DD2393.0   0.688642   0.392458   -0.609694
DD2394.0   0.688923   0.392284   -0.609483
DD2395.0   0.689214   0.392102   -0.609266
DD2396.0   0.689516   0.391914   -0.609041
DD2397.0   0.689828   0.391721   -0.608806
DD2398.0   0.690150   0.391528   -0.608561
DD2399.0   0.690483   0.391334   -0.608303
DD2400.0   0.690824   0.391144   -0.608033
DD2401.0   0.691173   0.390960   -0.607748
DD2402.0   0.691530   0.390783   -0.607449
DD2403.0   0.691892   0.390616   -0.607136
DD2404.0   0.692260   0.390462   -0.606809
DD2405.0   0.692630   0.390323   -0.606467
DD2406.0   0.693003   0.390199   -0.606113
DD2407.0   0.693377   0.390092   -0.605747
DD2408.0   0.693750   0.390003   -0.605370
DD2409.0   0.694121   0.389933   -0.604984
DD2410.0   0.694489   0.389882   -0.604590
DD2411.0   0.694852   0.389849   -0.604190
DD2412.0   0.695211   0.389834   -0.603785
DD2413.0   0.695564   0.389836   -0.603377
DD2414.0   0.695909   0.389854   -0.602969
DD2415.0   0.696247   0.389886   -0.602561
DD2416.0   0.696578   0.389931   -0.602154
DD2417.0   0.696900   0.389988   -0.601750
DD2418.0   0.697214   0.390055   -0.601349
DD2419.0   0.697520   0.390131   -0.600952
DD2420.0   0.697818   0.390214   -0.600558
DD2421.0   0.698108   0.390305   -0.600169
DD2422.0   0.698391   0.390401   -0.599784
DD2423.0   0.698667   0.390502   -0.599401
DD2424.0   0.698937   0.390608   -0.599023
DD2425.0   0.699201   0.390719   -0.598646
DD2426.0   0.699459   0.390834   -0.598272
DD2427.0   0.699712   0.390953   -0.597900
DD2428.0   0.699959   0.391076   -0.597531
DD2429.0   0.700202   0.391204   -0.597163
DD2430.0   0.700439   0.391335   -0.596797
DD2431.0   0.700672   0.391470   -0.596434
DD2432.0   0.700900   0.391608   -0.596073
DD2433.0   0.701123   0.391749   -0.595716
DD2434.0   0.701341   0.391891   -0.595364
DD2435.0   0.701555   0.392034   -0.595015
DD2436.0   0.701766   0.392176   -0.594672
DD2437.0   0.701973   0.392315   -0.594335
DD2438.0   0.702178   0.392450   -0.594004
DD2439.0   0.702383   0.392579   -0.593678
DD2440.0   0.702587   0.392698   -0.593359
DD2441.0   0.702794   0.392806   -0.593046
DD2442.0   0.703005   0.392900   -0.592739
DD2443.0   0.703220   0.392978   -0.592436
DD2444.0   0.703443   0.393038   -0.592137
DD2445.0   0.703674   0.393079   -0.591841
DD2446.0   0.703914   0.393099   -0.591548
DD2447.0   0.704165   0.393099   -0.591254
DD2448.0   0.704428   0.393077   -0.590961
DD2449.0   0.704701   0.393036   -0.590666
DD2450.0   0.704986   0.392977   -0.590368
DD2451.0   0.705281   0.392901   -0.590066
DD2452.0   0.705586   0.392811   -0.589760
DD2453.0   0.705899   0.392710   -0.589450
DD2454.0   0.706219   0.392601   -0.589134
DD2455.0   0.706544   0.392486   -0.588814
DD2456.0   0.706873   0.392368   -0.588489
DD2457.0   0.707204   0.392251   -0.588159
DD2458.0   0.707537   0.392134   -0.587827
DD2459.0   0.707869   0.392021   -0.587492
DD2460.0   0.708202   0.391911   -0.587154
DD2461.0   0.708533   0.391805   -0.586815
DD2462.0   0.708865   0.391703   -0.586475
DD2463.0   0.709197   0.391603   -0.586134
DD2464.0   0.709532   0.391505   -0.585791
DD2465.0   0.709869   0.391406   -0.585448
DD2466.0   0.710210   0.391307   -0.585102
DD2467.0   0.710558   0.391204   -0.584752
DD2468.0   0.710914   0.391096   -0.584399
DD2469.0   0.711280   0.390983   -0.584039
DD2470.0   0.711656   0.390862   -0.583673
DD2471.0   0.712043   0.390734   -0.583298
DD2472.0   0.712444   0.390598   -0.582913
DD2473.0   0.712857   0.390454   -0.582517
DD2474.0   0.713284   0.390303   -0.582108
DD2475.0   0.713722   0.390144   -0.581687
DD2476.0   0.714173   0.389980   -0.581252
DD2477.0   0.714635   0.389811   -0.580804
DD2478.0   0.715107   0.389639   -0.580341
DD2479.0   0.715588   0.389465   -0.579865
DD2480.0   0.716077   0.389290   -0.579376
DD2481.0   0.716573   0.389117   -0.578873
DD2482.0   0.717074   0.388947   -0.578358
DD2483.0   0.717580   0.388782   -0.577832
DD2484.0   0.718090   0.388624   -0.577294
DD2485.0   0.718603   0.388474   -0.576745
DD2486.0   0.719118   0.388334   -0.576185
DD2487.0   0.719635   0.388207   -0.575616
DD2488.0   0.720153   0.388093   -0.575036
DD2489.0   0.720671   0.387994   -0.574448
DD2490.0   0.721188   0.387912   -0.573850
DD2491.0   0.721704   0.387848   -0.573245
DD2492.0   0.722217   0.387802   -0.572631
DD2493.0   0.722725   0.387776   -0.572012
DD2494.0   0.723229   0.387769   -0.571386
DD2495.0   0.723726   0.387782   -0.570756
DD2496.0   0.724215   0.387813   -0.570122
DD2497.0   0.724696   0.387863   -0.569486
DD2498.0   0.725168   0.387930   -0.568850
DD2499.0   0.725630   0.388013   -0.568215
DD2500.0   0.726081   0.388109   -0.567582
DD2501.0   0.726522   0.388216   -0.566952
DD2502.0   0.726953   0.388333   -0.566327
DD2503.0   0.727373   0.388458   -0.565709
DD2504.0   0.727782   0.388587   -0.565099
DD2505.0   0.728181   0.388718   -0.564498
DD2506.0   0.728570   0.388850   -0.563908
DD2507.0   0.728948   0.388980   -0.563331
DD2508.0   0.729314   0.389106   -0.562770
DD2509.0   0.729667   0.389228   -0.562228
DD2510.0   0.730006   0.389343   -0.561708
DD2511.0   0.730329   0.389449   -0.561214
DD2512.0   0.730632   0.389547   -0.560750
DD2513.0   0.730913   0.389636   -0.560320
DD2514.0   0.731170   0.389714   -0.559931
DD2515.0   0.731397   0.389782   -0.559585
DD2516.0   0.731593   0.389839   -0.559288
DD2517.0   0.731754   0.389884   -0.559045
DD2518.0   0.731877   0.389918   -0.558859
DD2519.0   0.731961   0.389941   -0.558734
DD2520.0   0.732003   0.389953   -0.558670
