6.05010507006 0.491929 0.487221 0.495232 0.493929 0.489221 0.497232 10
6.02319862032 0.491909 0.4872 0.49519 0.493909 0.4892 0.49719 10
5.99654864503 0.491888 0.487179 0.495148 0.493888 0.489179 0.497148 10
5.97014439277 0.491866 0.48716 0.49511 0.493866 0.48916 0.49711 10
5.9439890382 0.491845 0.487139 0.495074 0.493845 0.489139 0.497074 10
5.91807660047 0.491824 0.487114 0.495041 0.493824 0.489114 0.497041 10
5.89240348214 0.491806 0.48709 0.495005 0.493806 0.48909 0.497005 10
5.86696615838 0.491785 0.487067 0.494971 0.493785 0.489067 0.496971 10
5.84176117534 0.491764 0.48704 0.494936 0.493764 0.48904 0.496936 10
5.81678514836 0.491747 0.487009 0.494902 0.493747 0.489009 0.496902 10
5.79203476016 0.49173 0.486981 0.494864 0.49373 0.488981 0.496864 10
5.76750675919 0.491711 0.486956 0.494826 0.493711 0.488956 0.496826 10
5.74319795799 0.491694 0.486929 0.49479 0.493694 0.488929 0.49679 10
5.71910523154 0.491673 0.486906 0.494751 0.493673 0.488906 0.496751 10
5.69522551575 0.49165 0.486885 0.494715 0.49365 0.488885 0.496715 10
5.67155580594 0.491623 0.486863 0.494681 0.493623 0.488863 0.496681 10
5.64809315541 0.491597 0.48684 0.494648 0.493597 0.48884 0.496648 10
5.62483467398 0.491572 0.486809 0.494616 0.493572 0.488809 0.496616 10
5.60177752664 0.491545 0.486786 0.494584 0.493545 0.488786 0.496584 10
5.57891893223 0.491522 0.486761 0.494553 0.493522 0.488761 0.496553 10
5.55625616212 0.491501 0.486741 0.494522 0.493501 0.488741 0.496522 10
5.53378653897 0.491478 0.486716 0.494492 0.493478 0.488716 0.496492 10
5.5115074355 0.491459 0.486691 0.494456 0.493459 0.488691 0.496456 10
5.48941627331 0.491435 0.48667 0.494421 0.493435 0.48867 0.496421 10
5.46751052172 0.491412 0.486647 0.494387 0.493412 0.488647 0.496387 10
5.44578769668 0.491389 0.486624 0.494353 0.493389 0.488624 0.496353 10
5.42424535963 0.491368 0.486599 0.49432 0.493368 0.488599 0.49632 10
5.40288111651 0.491345 0.486576 0.494284 0.493345 0.488576 0.496284 10
5.38169261666 0.491322 0.486554 0.49425 0.493322 0.488554 0.49625 10
5.36067755189 0.491297 0.486531 0.494215 0.493297 0.488531 0.496215 10
5.33983365548 0.49127 0.486508 0.494183 0.49327 0.488508 0.496183 10
5.3191587012 0.491246 0.486485 0.494152 0.493246 0.488485 0.496152 10
5.29865050248 0.491219 0.486462 0.494122 0.493219 0.488462 0.496122 10
5.27830691142 0.491196 0.486441 0.494091 0.493196 0.488441 0.496091 10
5.25812581801 0.491175 0.48642 0.494059 0.493175 0.48842 0.496059 10
5.2381051492 0.491152 0.486403 0.494028 0.493152 0.488403 0.496028 10
5.21824286815 0.491129 0.486382 0.493998 0.493129 0.488382 0.495998 10
5.19853697339 0.491108 0.486363 0.493967 0.493108 0.488363 0.495967 10
5.17898549807 0.491085 0.486342 0.493937 0.493085 0.488342 0.495937 10
5.15958650916 0.491064 0.486323 0.493906 0.493064 0.488323 0.495906 10
5.14033810674 0.491043 0.4863 0.493874 0.493043 0.4883 0.495874 10
5.1212384233 0.491023 0.486279 0.493842 0.493023 0.488279 0.495842 10
5.102285623 0.491 0.486258 0.493809 0.493 0.488258 0.495809 10
5.08347790102 0.490977 0.486235 0.493777 0.492977 0.488235 0.495777 10
5.06481348287 0.490954 0.48621 0.493744 0.492954 0.48821 0.495744 10
5.04629062378 0.490931 0.486187 0.493712 0.492931 0.488187 0.495712 10
5.02790760803 0.490904 0.486163 0.493679 0.492904 0.488163 0.495679 10
5.00966274837 0.490878 0.486136 0.493647 0.492878 0.488136 0.495647 10
4.99155534646 0.490851 0.486105 0.493613 0.492851 0.488105 0.495613 10
4.97358088686 0.490824 0.486073 0.493575 0.492824 0.488073 0.495575 10
4.95574064767 0.490797 0.486041 0.493531 0.492797 0.488041 0.495531 10
4.93803208824 0.490773 0.486014 0.493483 0.492773 0.488014 0.495483 10
4.92045365504 0.490752 0.485989 0.493437 0.492752 0.487989 0.495437 10
4.90300381948 0.490733 0.485966 0.49339 0.492733 0.487966 0.49539 10
4.88568107758 0.490712 0.485947 0.493342 0.492712 0.487947 0.495342 10
4.86848394941 0.490693 0.48593 0.4933 0.492693 0.48793 0.4953 10
4.85141097864 0.490675 0.485913 0.493256 0.492675 0.487913 0.495256 10
4.83446073204 0.490658 0.485897 0.493212 0.492658 0.487897 0.495212 10
4.81763179903 0.490643 0.485882 0.493172 0.492643 0.487882 0.495172 10
4.80092279121 0.490626 0.485867 0.493128 0.492626 0.487867 0.495128 10
4.78433234194 0.490611 0.485852 0.493084 0.492611 0.487852 0.495084 10
4.76785910589 0.490593 0.48584 0.493042 0.492593 0.48784 0.495042 10
4.75150175863 0.490576 0.485831 0.493004 0.492576 0.487831 0.495004 10
4.7352589962 0.490555 0.485815 0.492972 0.492555 0.487815 0.494972 10
4.71912953474 0.490532 0.485787 0.492934 0.492532 0.487787 0.494934 10
4.70311211006 0.490509 0.485754 0.492878 0.492509 0.487754 0.494878 10
4.68720547731 0.490487 0.48573 0.492821 0.492487 0.48773 0.494821 10
4.67140841054 0.490471 0.485712 0.492802 0.492471 0.487712 0.494802 10
4.65571970238 0.490454 0.485688 0.492775 0.492454 0.487688 0.494775 10
4.64013816369 0.490437 0.485667 0.492749 0.492437 0.487667 0.494749 10
4.62466262316 0.49042 0.485642 0.492722 0.49242 0.487642 0.494722 10
4.60929192703 0.490401 0.485621 0.492695 0.492401 0.487621 0.494695 10
4.59402493874 0.490384 0.485598 0.492667 0.492384 0.487598 0.494667 10
4.57886053856 0.490366 0.485575 0.49264 0.492366 0.487575 0.49464 10
4.56379762334 0.490349 0.485552 0.492613 0.492349 0.487552 0.494613 10
4.54883510616 0.490332 0.485531 0.492585 0.492332 0.487531 0.494585 10
4.53397191604 0.490315 0.48551 0.492558 0.492315 0.48751 0.494558 10
4.51920699764 0.490296 0.485489 0.492531 0.492296 0.487489 0.494531 10
4.50453931097 0.490279 0.485466 0.492503 0.492279 0.487466 0.494503 10
4.4899678311 0.490263 0.485445 0.492474 0.492263 0.487445 0.494474 10
4.47549154791 0.490244 0.485426 0.492447 0.492244 0.487426 0.494447 10
4.46110946578 0.490229 0.485405 0.492419 0.492229 0.487405 0.494419 10
4.44682060335 0.490212 0.485384 0.49239 0.492212 0.487384 0.49439 10
4.43262399328 0.490195 0.485365 0.492361 0.492195 0.487365 0.494361 10
4.41851868194 0.490178 0.485344 0.492333 0.492178 0.487344 0.494333 10
4.40450372922 0.490162 0.485323 0.492302 0.492162 0.487323 0.494302 10
4.39057820826 0.490145 0.485302 0.492274 0.492145 0.487302 0.494274 10
4.37674120521 0.49013 0.485283 0.492243 0.49213 0.487283 0.494243 10
4.36299181901 0.490113 0.485262 0.492215 0.492113 0.487262 0.494215 10
4.34932916116 0.490097 0.485241 0.492186 0.492097 0.487241 0.494186 10
4.3357523555 0.49008 0.48522 0.492155 0.49208 0.48722 0.494155 10
4.32226053798 0.490065 0.485199 0.492127 0.492065 0.487199 0.494127 10
4.30885285647 0.49005 0.48518 0.492096 0.49205 0.48718 0.494096 10
4.29552847053 0.490035 0.485159 0.492068 0.492035 0.487159 0.494068 10
4.28228655122 0.490017 0.485136 0.492037 0.492017 0.487136 0.494037 10
4.26912628089 0.490002 0.485115 0.492005 0.492002 0.487115 0.494005 10
4.256046853 0.489985 0.485093 0.491974 0.491985 0.487093 0.493974 10
4.24304747191 0.489968 0.48507 0.491944 0.491968 0.48707 0.493944 10
4.23012735271 0.489951 0.485047 0.491911 0.491951 0.487047 0.493911 10
4.21728572103 0.489932 0.485026 0.491879 0.491932 0.487026 0.493879 10
4.20452181286 0.489914 0.485003 0.491848 0.491914 0.487003 0.493848 10
4.19183487436 0.489897 0.484982 0.491816 0.491897 0.486982 0.493816 10
4.17922416173 0.48988 0.484961 0.491784 0.49188 0.486961 0.493784 10
4.16668894099 0.489863 0.48494 0.491753 0.491863 0.48694 0.493753 10
4.15422848784 0.489846 0.484917 0.491721 0.491846 0.486917 0.493721 10
4.14184208752 0.489829 0.484896 0.49169 0.491829 0.486896 0.49369 10
4.12952903459 0.489811 0.484873 0.491658 0.491811 0.486873 0.493658 10
4.11728863285 0.489794 0.484852 0.491625 0.491794 0.486852 0.493625 10
4.10512019513 0.489779 0.484831 0.491593 0.491779 0.486831 0.493593 10
4.09302304316 0.489764 0.48481 0.491562 0.491764 0.48681 0.493562 10
4.08099650744 0.489746 0.484789 0.49153 0.491746 0.486789 0.49353 10
4.06903992706 0.489731 0.484768 0.491497 0.491731 0.486768 0.493497 10
4.05715264959 0.489716 0.484747 0.491465 0.491716 0.486747 0.493465 10
4.04533403096 0.489701 0.484726 0.491433 0.491701 0.486726 0.493433 10
4.03358343525 0.489685 0.484705 0.491402 0.491685 0.486705 0.493402 10
4.02190023464 0.48967 0.484684 0.491368 0.49167 0.486684 0.493368 10
4.01028380925 0.489657 0.484663 0.491335 0.491657 0.486663 0.493335 10
3.99873457221 0.489642 0.484644 0.491301 0.491642 0.486644 0.493301 10
3.98724884333 0.489626 0.484623 0.491269 0.491626 0.486623 0.493269 10
3.97582910177 0.489611 0.484602 0.491234 0.491611 0.486602 0.493234 10
3.96447373261 0.489596 0.484581 0.4912 0.491596 0.486581 0.4932 10
3.95318215387 0.489581 0.484559 0.491166 0.491581 0.486559 0.493166 10
3.9419537907 0.489567 0.484538 0.491131 0.491567 0.486538 0.493131 10
3.93078807532 0.489554 0.484517 0.491097 0.491554 0.486517 0.493097 10
3.91968444696 0.489541 0.484494 0.491061 0.491541 0.486494 0.493061 10
3.90864235171 0.489529 0.484469 0.491026 0.491529 0.486469 0.493026 10
3.89766124244 0.489516 0.484442 0.49099 0.491516 0.486442 0.49299 10
3.88674057866 0.489504 0.484412 0.490954 0.491504 0.486412 0.492954 10
3.87587982647 0.489491 0.484375 0.490925 0.491491 0.486375 0.492925 10
3.86507845842 0.489474 0.484343 0.490899 0.491474 0.486343 0.492899 10
3.85433595341 0.489455 0.484314 0.490874 0.491455 0.486314 0.492874 10
3.84365179662 0.489438 0.484286 0.490849 0.491438 0.486286 0.492849 10
3.83302547938 0.489418 0.484259 0.490824 0.491418 0.486259 0.492824 10
3.82245649911 0.489401 0.484232 0.490799 0.491401 0.486232 0.492799 10
3.81194435921 0.489382 0.484208 0.490775 0.491382 0.486208 0.492775 10
3.80148856895 0.489363 0.484183 0.49075 0.491363 0.486183 0.49275 10
3.79108864344 0.489344 0.484158 0.490725 0.491344 0.486158 0.492725 10
3.78074410348 0.489325 0.484135 0.4907 0.491325 0.486135 0.4927 10
3.7704544755 0.489306 0.484112 0.490677 0.491306 0.486112 0.492677 10
3.7602192915 0.489287 0.484089 0.490652 0.491287 0.486089 0.492652 10
3.75003808891 0.489268 0.484068 0.490628 0.491268 0.486068 0.492628 10
3.73991041058 0.489249 0.484047 0.490603 0.491249 0.486047 0.492603 10
3.72983580463 0.48923 0.484026 0.49058 0.49123 0.486026 0.49258 10
3.71981382444 0.489211 0.484005 0.490555 0.491211 0.486005 0.492555 10
3.7098440285 0.489191 0.483984 0.49053 0.491191 0.485984 0.49253 10
3.6999259804 0.489174 0.483967 0.490506 0.491174 0.485967 0.492506 10
3.69005924874 0.489155 0.483948 0.490479 0.491155 0.485948 0.492479 10
3.68024340701 0.48914 0.483933 0.490452 0.49114 0.485933 0.492452 10
3.67047803359 0.489129 0.48391 0.49042 0.491129 0.48591 0.49242 10
3.66076271163 0.489113 0.483883 0.490389 0.491113 0.485883 0.492389 10
3.651097029 0.489094 0.483857 0.490363 0.491094 0.485857 0.492363 10
3.64148057822 0.489075 0.483832 0.490336 0.491075 0.485832 0.492336 10
3.63191295639 0.489056 0.483807 0.490311 0.491056 0.485807 0.492311 10
3.62239376513 0.489035 0.483782 0.490286 0.491035 0.485782 0.492286 10
3.61292261051 0.489014 0.483759 0.490263 0.491014 0.485759 0.492263 10
3.60349910299 0.488997 0.483742 0.490241 0.490997 0.485742 0.492241 10
3.59412285736 0.488982 0.483717 0.490212 0.490982 0.485717 0.492212 10
3.58479349268 0.488963 0.483693 0.490185 0.490963 0.485693 0.492185 10
3.57551063221 0.488942 0.48367 0.490162 0.490942 0.48567 0.492162 10
3.56627390335 0.488926 0.483647 0.490136 0.490926 0.485647 0.492136 10
3.55708293761 0.488907 0.483624 0.490109 0.490907 0.485624 0.492109 10
3.54793737052 0.488888 0.483599 0.490082 0.490888 0.485599 0.492082 10
3.53883684159 0.488871 0.483576 0.490057 0.490871 0.485576 0.492057 10
3.52978099426 0.488852 0.483551 0.490031 0.490852 0.485551 0.492031 10
3.52076947581 0.488833 0.483527 0.490004 0.490833 0.485527 0.492004 10
3.51180193737 0.488814 0.483504 0.489979 0.490814 0.485504 0.491979 10
3.50287803381 0.488795 0.483481 0.489954 0.490795 0.485481 0.491954 10
3.49399771037 0.488776 0.483456 0.489928 0.490776 0.485456 0.491928 10
3.4851597693 0.488757 0.483433 0.489903 0.490757 0.485433 0.491903 10
3.47636473651 0.488739 0.483408 0.489878 0.490739 0.485408 0.491878 10
3.46761199469 0.48872 0.483385 0.489853 0.49072 0.485385 0.491853 10
3.45890121678 0.488701 0.483363 0.489829 0.490701 0.485363 0.491829 10
3.45023207918 0.488682 0.483338 0.489802 0.490682 0.485338 0.491802 10
3.44160426172 0.488663 0.483313 0.489777 0.490663 0.485313 0.491777 10
3.43301744757 0.488644 0.48329 0.489752 0.490644 0.48529 0.491752 10
3.42447132326 0.488625 0.483267 0.489727 0.490625 0.485267 0.491727 10
3.41596557859 0.488606 0.483242 0.489705 0.490606 0.485242 0.491705 10
3.4074999066 0.488587 0.48322 0.489678 0.490587 0.48522 0.491678 10
3.39907400353 0.488568 0.483197 0.489655 0.490568 0.485197 0.491655 10
3.39068756876 0.488551 0.483174 0.48963 0.490551 0.485174 0.49163 10
3.38234030482 0.488532 0.483151 0.489605 0.490532 0.485151 0.491605 10
3.37403191728 0.488512 0.483126 0.489581 0.490512 0.485126 0.491581 10
3.36576211474 0.488495 0.483103 0.489556 0.490495 0.485103 0.491556 10
3.35753060882 0.488476 0.48308 0.489533 0.490476 0.48508 0.491533 10
3.34933711407 0.488457 0.483057 0.489508 0.490457 0.485057 0.491508 10
3.34118134796 0.488438 0.483035 0.489485 0.490438 0.485035 0.491485 10
3.33306303085 0.488421 0.483012 0.48946 0.490421 0.485012 0.49146 10
3.32498188593 0.488404 0.482989 0.489436 0.490404 0.484989 0.491436 10
3.31693763918 0.488385 0.482966 0.489411 0.490385 0.484966 0.491411 10
3.30893001938 0.488366 0.482943 0.489386 0.490366 0.484943 0.491386 10
3.30095875801 0.488348 0.48292 0.489361 0.490348 0.48492 0.491361 10
3.29302358927 0.488329 0.482899 0.489338 0.490329 0.484899 0.491338 10
3.28512425001 0.48831 0.482876 0.489314 0.49031 0.484876 0.491314 10
3.27726047972 0.488293 0.482853 0.489289 0.490293 0.484853 0.491289 10
3.26943202047 0.488274 0.48283 0.489264 0.490274 0.48483 0.491264 10
3.2616386169 0.488257 0.482808 0.489239 0.490257 0.484808 0.491239 10
3.25388001619 0.48824 0.482785 0.489212 0.49024 0.484785 0.491212 10
3.246155968 0.488221 0.482762 0.489188 0.490221 0.484762 0.491188 10
3.23846622448 0.488203 0.482739 0.489163 0.490203 0.484739 0.491163 10
3.2308105402 0.488184 0.482716 0.489138 0.490184 0.484716 0.491138 10
3.22318867213 0.488167 0.482691 0.489113 0.490167 0.484691 0.491113 10
3.21560037965 0.488148 0.482668 0.489088 0.490148 0.484668 0.491088 10
3.20804542444 0.488131 0.482644 0.489064 0.490131 0.484644 0.491064 10
3.20052357053 0.488112 0.482621 0.489039 0.490112 0.484621 0.491039 10
3.19303458422 0.488095 0.482598 0.489014 0.490095 0.484598 0.491014 10
3.1855782341 0.488076 0.482575 0.488991 0.490076 0.484575 0.490991 10
3.17815429096 0.488058 0.482552 0.488966 0.490058 0.484552 0.490966 10
3.17076252782 0.488039 0.482529 0.488942 0.490039 0.484529 0.490942 10
3.16340271985 0.48802 0.482506 0.488917 0.49002 0.484506 0.490917 10
3.1560746444 0.488003 0.482483 0.488892 0.490003 0.484483 0.490892 10
3.14877808094 0.487984 0.48246 0.488867 0.489984 0.48446 0.490867 10
3.14151281104 0.487967 0.482438 0.488842 0.489967 0.484438 0.490842 10
3.13427861833 0.487948 0.482415 0.488818 0.489948 0.484415 0.490818 10
3.1270752885 0.487931 0.482392 0.488793 0.489931 0.484392 0.490793 10
3.11990260928 0.487914 0.482369 0.488766 0.489914 0.484369 0.490766 10
3.11276037039 0.487894 0.482346 0.488741 0.489894 0.484346 0.490741 10
3.1056483635 0.487875 0.482323 0.488717 0.489875 0.484323 0.490717 10
3.09856638229 0.487856 0.482298 0.488692 0.489856 0.484298 0.490692 10
3.09151422231 0.487839 0.482275 0.488667 0.489839 0.484275 0.490667 10
3.08449168106 0.48782 0.482251 0.488642 0.48982 0.484251 0.490642 10
3.07749855791 0.487801 0.482228 0.488617 0.489801 0.484228 0.490617 10
3.07053465409 0.487782 0.482205 0.488593 0.489782 0.484205 0.490593 10
3.06359977268 0.487763 0.482182 0.488568 0.489763 0.484182 0.490568 10
3.05669371856 0.487744 0.482157 0.488543 0.489744 0.484157 0.490543 10
3.04981629843 0.487725 0.482134 0.488518 0.489725 0.484134 0.490518 10
3.04296732074 0.487704 0.482111 0.488493 0.489704 0.484111 0.490493 10
3.03614659574 0.487685 0.482088 0.488469 0.489685 0.484088 0.490469 10
3.02935393536 0.487666 0.482066 0.488444 0.489666 0.484066 0.490444 10
3.02258915329 0.487645 0.482041 0.488419 0.489645 0.484041 0.490419 10
3.01585206488 0.487624 0.482018 0.488394 0.489624 0.484018 0.490394 10
3.0091424872 0.487603 0.481993 0.488369 0.489603 0.483993 0.490369 10
3.00246023892 0.487582 0.48197 0.488345 0.489582 0.48397 0.490345 10
2.99580538563 0.487559 0.481944 0.48832 0.489559 0.483944 0.49032 10
2.98917701356 0.487536 0.481919 0.488295 0.489536 0.483919 0.490295 10
2.98257568203 0.487511 0.481892 0.488272 0.489511 0.483892 0.490272 10
2.97600097088 0.487486 0.481863 0.488251 0.489486 0.483863 0.490251 10
2.96945270684 0.487461 0.481835 0.488232 0.489461 0.483835 0.490232 10
2.96293071814 0.487437 0.481808 0.488215 0.489437 0.483808 0.490215 10
2.95643483458 0.487414 0.481781 0.4882 0.489414 0.483781 0.4902 10
2.94996488743 0.487391 0.481755 0.488184 0.489391 0.483755 0.490184 10
2.94352070948 0.487368 0.481728 0.488169 0.489368 0.483728 0.490169 10
2.93710213499 0.487347 0.481703 0.488154 0.489347 0.483703 0.490154 10
2.93070899968 0.487326 0.48168 0.488141 0.489326 0.48368 0.490141 10
2.92434114071 0.487307 0.481657 0.488125 0.489307 0.483657 0.490125 10
2.91799839668 0.487288 0.481635 0.48811 0.489288 0.483635 0.49011 10
2.9116806076 0.487269 0.481612 0.488095 0.489269 0.483612 0.490095 10
2.90538761486 0.487252 0.481589 0.488079 0.489252 0.483589 0.490079 10
2.89911926126 0.487235 0.481568 0.488062 0.489235 0.483568 0.490062 10
2.89287539095 0.487219 0.481547 0.488047 0.489219 0.483547 0.490047 10
2.88665584942 0.487202 0.481526 0.48803 0.489202 0.483526 0.49003 10
2.88046048351 0.487185 0.481503 0.488013 0.489185 0.483503 0.490013 10
2.87428914139 0.48717 0.481484 0.487996 0.48917 0.483484 0.489996 10
2.86814167251 0.487154 0.481463 0.487976 0.489154 0.483463 0.489976 10
2.86201792765 0.487139 0.481442 0.487959 0.489139 0.483442 0.489959 10
2.85591775883 0.487124 0.481423 0.487942 0.489124 0.483423 0.489942 10
2.84984101937 0.487111 0.481402 0.487923 0.489111 0.483402 0.489923 10
2.84378756381 0.487095 0.481381 0.487902 0.489095 0.483381 0.489902 10
2.83775724794 0.487082 0.48136 0.487883 0.489082 0.48336 0.489883 10
2.83174992879 0.487065 0.481339 0.487866 0.489065 0.483339 0.489866 10
2.82576546457 0.48705 0.481318 0.487847 0.48905 0.483318 0.489847 10
2.81980371471 0.487036 0.481299 0.487828 0.489036 0.483299 0.489828 10
2.81386453982 0.487021 0.481278 0.487809 0.489021 0.483278 0.489809 10
2.80794780169 0.487006 0.481259 0.48779 0.489006 0.483259 0.48979 10
2.80205336325 0.486992 0.481242 0.48777 0.488992 0.483242 0.48977 10
2.79618108859 0.486979 0.481223 0.487751 0.488979 0.483223 0.489751 10
2.79033084294 0.486966 0.481203 0.48773 0.488966 0.483203 0.48973 10
2.78450249264 0.486952 0.481184 0.487711 0.488952 0.483184 0.489711 10
2.77869590516 0.486941 0.481165 0.48769 0.488941 0.483165 0.48969 10
2.77291094905 0.486927 0.481146 0.487671 0.488927 0.483146 0.489671 10
2.76714749396 0.486916 0.481129 0.48765 0.488916 0.483129 0.48965 10
2.76140541061 0.486905 0.48111 0.487629 0.488905 0.48311 0.489629 10
2.75568457079 0.486893 0.481091 0.487608 0.488893 0.483091 0.489608 10
2.74998541481 0.486884 0.481074 0.487585 0.488884 0.483074 0.489585 10
2.7443061141 0.486872 0.481057 0.487564 0.488872 0.483057 0.489564 10
2.73864824615 0.486863 0.481039 0.48754 0.488863 0.483039 0.48954 10
2.73301111927 0.486855 0.481024 0.487513 0.488855 0.483024 0.489513 10
2.72739461045 0.486828 0.480994 0.487502 0.488828 0.482994 0.489502 10
2.72179859765 0.486815 0.480994 0.487492 0.488815 0.482994 0.489492 10
2.71622295981 0.486807 0.480984 0.487469 0.488807 0.482984 0.489469 10
2.71066757686 0.486802 0.480967 0.487441 0.488802 0.482967 0.489441 10
2.70513232968 0.486775 0.480904 0.487402 0.488775 0.482904 0.489402 10
2.69961710014 0.486765 0.480896 0.487385 0.488765 0.482896 0.489385 10
2.69412177102 0.486746 0.480881 0.48737 0.488746 0.482881 0.48937 10
2.68864622607 0.486742 0.480854 0.487334 0.488742 0.482854 0.489334 10
2.68319034997 0.486727 0.480837 0.487317 0.488727 0.482837 0.489317 10
2.6777540283 0.486714 0.480816 0.487294 0.488714 0.482816 0.489294 10
2.67233714759 0.4867 0.480797 0.487271 0.4887 0.482797 0.489271 10
2.66693959523 0.486687 0.480776 0.487246 0.488687 0.482776 0.489246 10
2.66156125953 0.486674 0.480757 0.487223 0.488674 0.482757 0.489223 10
2.65620202968 0.48666 0.480736 0.4872 0.48866 0.482736 0.4892 10
2.65086179573 0.486645 0.480715 0.487177 0.488645 0.482715 0.489177 10
2.64554044864 0.486632 0.480694 0.487154 0.488632 0.482694 0.489154 10
2.64023788017 0.486617 0.480675 0.487132 0.488617 0.482675 0.489132 10
2.63495398297 0.486603 0.480654 0.487109 0.488603 0.482654 0.489109 10
2.62968865053 0.48659 0.480635 0.487086 0.48859 0.482635 0.489086 10
2.62444177715 0.486576 0.480614 0.487063 0.488576 0.482614 0.489063 10
2.61921325797 0.486561 0.480595 0.487038 0.488561 0.482595 0.489038 10
2.61400298894 0.486548 0.480574 0.487015 0.488548 0.482574 0.489015 10
2.60881086684 0.486535 0.480555 0.486992 0.488535 0.482555 0.488992 10
2.60363678922 0.486521 0.480536 0.486969 0.488521 0.482536 0.488969 10
2.59848065444 0.486508 0.480515 0.486945 0.488508 0.482515 0.488945 10
2.59334236164 0.486494 0.480496 0.48692 0.488494 0.482496 0.48892 10
2.58822181074 0.486479 0.480475 0.486895 0.488479 0.482475 0.488895 10
2.58311890242 0.486466 0.480454 0.486872 0.488466 0.482454 0.488872 10
2.57803353814 0.486451 0.480433 0.486847 0.488451 0.482433 0.488847 10
2.57296562009 0.486435 0.480412 0.486824 0.488435 0.482412 0.488824 10
2.56791505123 0.48642 0.480391 0.4868 0.48842 0.482391 0.4888 10
2.56288173525 0.486405 0.48037 0.486777 0.488405 0.48237 0.488777 10
2.55786557658 0.486391 0.480351 0.486754 0.488391 0.482351 0.488754 10
2.55286648036 0.486376 0.48033 0.486731 0.488376 0.48233 0.488731 10
2.54788435246 0.486363 0.480311 0.486706 0.488363 0.482311 0.488706 10
2.54291909946 0.48635 0.480292 0.486683 0.48835 0.482292 0.488683 10
2.53797062865 0.486334 0.480273 0.486659 0.488334 0.482273 0.488659 10
2.53303884801 0.486321 0.480252 0.486632 0.488321 0.482252 0.488632 10
2.52812366621 0.486308 0.480231 0.486607 0.488308 0.482231 0.488607 10
2.52322499262 0.486292 0.48021 0.486582 0.488292 0.48221 0.488582 10
2.51834273727 0.486277 0.480189 0.486557 0.488277 0.482189 0.488557 10
2.51347681088 0.486262 0.480168 0.486533 0.488262 0.482168 0.488533 10
2.50862712481 0.486248 0.480149 0.486508 0.488248 0.482149 0.488508 10
2.5037935911 0.486233 0.48013 0.486485 0.488233 0.48213 0.488485 10
2.49897650109 0.48622 0.480109 0.48646 0.48822 0.482109 0.48846 10
2.49417463215 0.486205 0.48009 0.486433 0.488205 0.48209 0.488433 10
2.48938903429 0.486191 0.480067 0.486409 0.488191 0.482067 0.488409 10
2.48461924336 0.486176 0.480046 0.486384 0.488176 0.482046 0.488384 10
2.47986517465 0.486159 0.480027 0.486359 0.488159 0.482027 0.488359 10
2.47512674401 0.486145 0.480008 0.486336 0.488145 0.482008 0.488336 10
2.47040386793 0.486132 0.479989 0.486309 0.488132 0.481989 0.488309 10
2.4656964635 0.486117 0.479968 0.486283 0.488117 0.481968 0.488283 10
2.46100444841 0.486103 0.479947 0.486258 0.488103 0.481947 0.488258 10
2.45632774096 0.486088 0.479927 0.486233 0.488088 0.481927 0.488233 10
2.45166626005 0.486077 0.479906 0.486206 0.488077 0.481906 0.488206 10
2.44701992515 0.486062 0.479886 0.48618 0.488062 0.481886 0.48818 10
2.44238865633 0.486048 0.479866 0.486155 0.488048 0.481866 0.488155 10
2.43777237423 0.486035 0.479845 0.486128 0.488035 0.481845 0.488128 10
2.43317100006 0.486021 0.479824 0.486102 0.488021 0.481824 0.488102 10
2.42858445562 0.486008 0.479803 0.486075 0.488008 0.481803 0.488075 10
2.42401266324 0.485993 0.479783 0.486048 0.487993 0.481783 0.488048 10
2.41945554583 0.485979 0.479762 0.48602 0.487979 0.481762 0.48802 10
2.41491302684 0.485968 0.479741 0.485993 0.487968 0.481741 0.487993 10
2.41038503029 0.485955 0.479718 0.485964 0.487955 0.481718 0.487964 10
2.4058714807 0.485941 0.479697 0.485938 0.487941 0.481697 0.487938 10
2.40137230317 0.48593 0.479676 0.485909 0.48793 0.481676 0.487909 10
2.39688742332 0.485917 0.479655 0.48588 0.487917 0.481655 0.48788 10
2.39241676727 0.485905 0.479632 0.485852 0.487905 0.481632 0.487852 10
2.3879602617 0.485892 0.479611 0.485823 0.487892 0.481611 0.487823 10
2.3835178338 0.48588 0.479588 0.485794 0.48788 0.481588 0.487794 10
2.37908941125 0.485867 0.479565 0.485766 0.487867 0.481565 0.487766 10
2.37467492227 0.485854 0.479544 0.485735 0.487854 0.481544 0.487735 10
2.37027429557 0.48584 0.479521 0.485707 0.48784 0.481521 0.487707 10
2.36588746036 0.485825 0.4795 0.485678 0.487825 0.4815 0.487678 10
2.36151434634 0.485812 0.479477 0.485648 0.487812 0.481477 0.487648 10
2.35715488372 0.485796 0.479456 0.485617 0.487796 0.481456 0.487617 10
2.35280900318 0.485779 0.479435 0.485585 0.487779 0.481435 0.487585 10
2.34847663588 0.485762 0.479412 0.485554 0.487762 0.481412 0.487554 10
2.34415771346 0.485743 0.479392 0.485522 0.487743 0.481392 0.487522 10
2.33985216806 0.485722 0.479371 0.485487 0.487722 0.481371 0.487487 10
2.33555993226 0.485695 0.479348 0.485453 0.487695 0.481348 0.487453 10
2.3312809391 0.485661 0.479327 0.485424 0.487661 0.481327 0.487424 10
2.32701512212 0.485627 0.479308 0.485405 0.487627 0.481308 0.487405 10
2.32276241527 0.485596 0.479289 0.485392 0.487596 0.481289 0.487392 10
2.318522753 0.485567 0.479269 0.485379 0.487567 0.481269 0.487379 10
2.31429607016 0.485543 0.479252 0.485367 0.487543 0.481252 0.487367 10
2.3100823021 0.48552 0.479233 0.485356 0.48752 0.481233 0.487356 10
2.30588138457 0.485501 0.479216 0.485344 0.487501 0.481216 0.487344 10
2.30169325377 0.485482 0.479199 0.485333 0.487482 0.481199 0.487333 10
2.29751784634 0.485465 0.47918 0.485321 0.487465 0.48118 0.487321 10
2.29335509935 0.485451 0.479163 0.48531 0.487451 0.481163 0.48731 10
2.28920495029 0.485436 0.479144 0.485299 0.487436 0.481144 0.487299 10
2.28506733707 0.485423 0.479124 0.485287 0.487423 0.481124 0.487287 10
2.28094219804 0.485411 0.479107 0.485276 0.487411 0.481107 0.487276 10
2.27682947194 0.4854 0.479088 0.485264 0.4874 0.481088 0.487264 10
2.27272909793 0.48539 0.479069 0.485253 0.48739 0.481069 0.487253 10
2.2686410156 0.485382 0.47905 0.485239 0.487382 0.48105 0.487239 10
2.26456516492 0.485373 0.479031 0.485228 0.487373 0.481031 0.487228 10
2.26050148626 0.485367 0.47901 0.485217 0.487367 0.48101 0.487217 10
2.25644992041 0.48536 0.478991 0.485205 0.48736 0.480991 0.487205 10
2.25241040853 0.485356 0.478972 0.485194 0.487356 0.480972 0.487194 10
2.24838313276 0.48535 0.478951 0.485182 0.48735 0.480951 0.487182 10
2.24436731334 0.485346 0.478932 0.485171 0.487346 0.480932 0.487171 10
2.24036361436 0.485342 0.478913 0.485159 0.487342 0.480913 0.487159 10
2.23637173791 0.485342 0.478894 0.485148 0.487342 0.480894 0.487148 10
2.23239162711 0.485342 0.478873 0.485136 0.487342 0.480873 0.487136 10
2.22842322544 0.485344 0.478852 0.485127 0.487344 0.480852 0.487127 10
2.22446647674 0.48535 0.478831 0.485115 0.48735 0.480831 0.487115 10
2.22052132522 0.485396 0.478796 0.485106 0.487396 0.480796 0.487106 10
2.21658771548 0.48536 0.478791 0.485096 0.48736 0.480791 0.487096 10
2.21266559244 0.485354 0.478764 0.485077 0.487354 0.480764 0.487077 10
2.20875490142 0.485346 0.478749 0.485064 0.487346 0.480749 0.487064 10
2.20485558808 0.485333 0.47873 0.485049 0.487333 0.48073 0.487049 10
2.20096759842 0.485321 0.478711 0.485033 0.487321 0.480711 0.487033 10
2.19709087883 0.48531 0.478692 0.485016 0.48731 0.480692 0.487016 10
2.19322537601 0.485297 0.478672 0.485001 0.487297 0.480672 0.487001 10
2.18937103703 0.485283 0.478653 0.484984 0.487283 0.480653 0.486984 10
2.18552780928 0.48527 0.478636 0.484969 0.48727 0.480636 0.486969 10
2.18169564051 0.485257 0.478617 0.484951 0.487257 0.480617 0.486951 10
2.1778744788 0.485243 0.4786 0.484934 0.487243 0.4806 0.486934 10
2.17406427256 0.48523 0.478583 0.484919 0.48723 0.480583 0.486919 10
2.17026497053 0.485218 0.478566 0.484902 0.487218 0.480566 0.486902 10
2.1664765218 0.485205 0.478548 0.484885 0.487205 0.480548 0.486885 10
2.16269887575 0.485192 0.478533 0.484869 0.487192 0.480533 0.486869 10
2.15893198211 0.48518 0.478518 0.484852 0.48718 0.480518 0.486852 10
2.15517579093 0.485167 0.478501 0.484835 0.487167 0.480501 0.486835 10
2.15143025257 0.485156 0.478486 0.484818 0.487156 0.480486 0.486818 10
2.1476953177 0.485144 0.478468 0.484801 0.487144 0.480468 0.486801 10
2.14397093731 0.485133 0.478453 0.484785 0.487133 0.480453 0.486785 10
2.14025706271 0.485121 0.478436 0.48477 0.487121 0.480436 0.48677 10
2.13655364551 0.48511 0.478421 0.484753 0.48711 0.480421 0.486753 10
2.13286063762 0.485098 0.478403 0.484738 0.487098 0.480403 0.486738 10
2.12917799125 0.485087 0.478388 0.484723 0.487087 0.480388 0.486723 10
2.12550565893 0.485075 0.478373 0.484707 0.487075 0.480373 0.486707 10
2.12184359347 0.485064 0.478356 0.484692 0.487064 0.480356 0.486692 10
2.11819174799 0.485053 0.478339 0.484675 0.487053 0.480339 0.486675 10
2.11455007588 0.485041 0.478321 0.48466 0.487041 0.480321 0.48666 10
2.11091853086 0.48503 0.478304 0.484644 0.48703 0.480304 0.486644 10
2.1072970669 0.485018 0.478287 0.484629 0.487018 0.480287 0.486629 10
2.10368563827 0.485007 0.47827 0.484614 0.487007 0.48027 0.486614 10
2.10008419955 0.484995 0.478253 0.484599 0.486995 0.480253 0.486599 10
2.09649270555 0.484984 0.478236 0.484585 0.486984 0.480236 0.486585 10
2.09291111141 0.484972 0.478218 0.48457 0.486972 0.480218 0.48657 10
2.08933937252 0.484961 0.478199 0.484555 0.486961 0.480199 0.486555 10
2.08577744454 0.48495 0.478182 0.484539 0.48695 0.480182 0.486539 10
2.08222528344 0.484938 0.478163 0.484524 0.486938 0.480163 0.486524 10
2.07868284542 0.484927 0.478146 0.484511 0.486927 0.480146 0.486511 10
2.07515008697 0.484915 0.478127 0.484496 0.486915 0.480127 0.486496 10
2.07162696484 0.484904 0.478108 0.48448 0.486904 0.480108 0.48648 10
2.06811343605 0.484892 0.478091 0.484465 0.486892 0.480091 0.486465 10
2.06460945788 0.484879 0.478072 0.484452 0.486879 0.480072 0.486452 10
2.06111498788 0.484868 0.478054 0.484436 0.486868 0.480054 0.486436 10
2.05762998383 0.484856 0.478035 0.484423 0.486856 0.480035 0.486423 10
2.05415440381 0.484843 0.478016 0.484408 0.486843 0.480016 0.486408 10
2.05068820611 0.484831 0.477999 0.484394 0.486831 0.479999 0.486394 10
2.04723134931 0.48482 0.47798 0.484379 0.48682 0.47998 0.486379 10
2.04378379222 0.484808 0.477963 0.484366 0.486808 0.479963 0.486366 10
2.04034549391 0.484797 0.477944 0.484351 0.486797 0.479944 0.486351 10
2.03691641368 0.484784 0.477925 0.484337 0.486784 0.479925 0.486337 10
2.03349651109 0.484772 0.477908 0.484324 0.486772 0.479908 0.486324 10
2.03008574594 0.484761 0.477889 0.484309 0.486761 0.479889 0.486309 10
2.02668407827 0.484749 0.477869 0.484293 0.486749 0.479869 0.486293 10
2.02329146837 0.484738 0.47785 0.48428 0.486738 0.47985 0.48628 10
2.01990787675 0.484726 0.477831 0.484267 0.486726 0.479831 0.486267 10
2.01653326416 0.484713 0.477812 0.484251 0.486713 0.479812 0.486251 10
2.0131675916 0.484702 0.477795 0.484238 0.486702 0.479795 0.486238 10
2.00981082028 0.48469 0.477776 0.484225 0.48669 0.479776 0.486225 10
2.00646291165 0.484679 0.477757 0.484211 0.486679 0.479757 0.486211 10
2.0031238274 0.484667 0.477738 0.484198 0.486667 0.479738 0.486198 10
1.99979384142 0.484656 0.477719 0.484185 0.486656 0.479719 0.486185 10
1.9964719798568 0.484644 0.4777 0.484171 0.486644 0.4797 0.486171 10
1.99315914111 0.484633 0.477681 0.484158 0.486633 0.479681 0.486158 10
1.9898549756827 0.484621 0.477662 0.484145 0.486621 0.479662 0.486145 10
1.9865594464051 0.48461 0.477642 0.484131 0.48661 0.479642 0.486131 10
1.9832725162947 0.484599 0.477623 0.484118 0.486599 0.479623 0.486118 10
1.9799941485863 0.484587 0.477604 0.484105 0.486587 0.479604 0.486105 10
1.9767243067301 0.484576 0.477587 0.484093 0.486576 0.479587 0.486093 10
1.9734629543904 0.484564 0.477566 0.48408 0.486564 0.479566 0.48608 10
1.9702100554436 0.484553 0.477547 0.484066 0.486553 0.479547 0.486066 10
1.9669655739768 0.484541 0.477528 0.484055 0.486541 0.479528 0.486055 10
1.9637294742863 0.48453 0.477509 0.484042 0.48653 0.479509 0.486042 10
1.9605017208762 0.484518 0.47749 0.484028 0.486518 0.47949 0.486028 10
1.9572822784565 0.484507 0.477471 0.484017 0.486507 0.479471 0.486017 10
1.9540711119418 0.484496 0.477452 0.484003 0.486496 0.479452 0.486003 10
1.9508681864496 0.484484 0.477433 0.483992 0.486484 0.479433 0.485992 10
1.9476734672993 0.484473 0.477414 0.483979 0.486473 0.479414 0.485979 10
1.9444869200102 0.484461 0.477396 0.483967 0.486461 0.479396 0.485967 10
1.9413085103001 0.48445 0.477375 0.483954 0.48645 0.479375 0.485954 10
1.9381382040842 0.484436 0.477356 0.483942 0.486436 0.479356 0.485942 10
1.9349759674732 0.484425 0.477337 0.483931 0.486425 0.479337 0.485931 10
1.9318217667724 0.484414 0.477318 0.483918 0.486414 0.479318 0.485918 10
1.9286755684797 0.484402 0.477299 0.483906 0.486402 0.479299 0.485906 10
1.9255373392847 0.484391 0.47728 0.483895 0.486391 0.47928 0.485895 10
1.9224070460668 0.484377 0.477261 0.483883 0.486377 0.479261 0.485883 10
1.9192846558944 0.484366 0.47724 0.48387 0.486366 0.47924 0.48587 10
1.9161701360231 0.484354 0.477221 0.483859 0.486354 0.479221 0.485859 10
1.9130634538947 0.484341 0.477202 0.483845 0.486341 0.479202 0.485845 10
1.9099645771353 0.484328 0.477183 0.483834 0.486328 0.479183 0.485834 10
1.9068734735547 0.484316 0.477164 0.48382 0.486316 0.479164 0.48582 10
1.9037901111445 0.484303 0.477145 0.483807 0.486303 0.479145 0.485807 10
1.9007144580769 0.48429 0.477126 0.483796 0.48629 0.479126 0.485796 10
1.8976464827038 0.484278 0.477106 0.483782 0.486278 0.479106 0.485782 10
1.8945861535551 0.484265 0.477089 0.483769 0.486265 0.479089 0.485769 10
1.8915334393373 0.484251 0.47707 0.483756 0.486251 0.47907 0.485756 10
1.8884883089329 0.48424 0.477053 0.483742 0.48624 0.479053 0.485742 10
1.8854507313984 0.484227 0.477034 0.483729 0.486227 0.479034 0.485729 10
1.8824206759636 0.484213 0.477019 0.483717 0.486213 0.479019 0.485717 10
1.87939811203 0.484202 0.477 0.483704 0.486202 0.479 0.485704 10
1.87638300917 0.48419 0.476983 0.483691 0.48619 0.478983 0.485691 10
1.8733753371252 0.484177 0.476965 0.483677 0.486177 0.478965 0.485677 10
1.8703750658055 0.484166 0.476946 0.483666 0.486166 0.478946 0.485666 10
1.8673821652878 0.484152 0.476929 0.483653 0.486152 0.478929 0.485653 10
1.8643966058151 0.484141 0.476912 0.483639 0.486141 0.478912 0.485639 10
1.8614183577949 0.484127 0.476893 0.483626 0.486127 0.478893 0.485626 10
1.8584473917982 0.484116 0.476876 0.483612 0.486116 0.478876 0.485612 10
1.8554836785585 0.484105 0.476857 0.483599 0.486105 0.478857 0.485599 10
1.8525271889707 0.484091 0.476839 0.483588 0.486091 0.478839 0.485588 10
1.8495778940896 0.48408 0.476822 0.483574 0.48608 0.478822 0.485574 10
1.8466357651292 0.484068 0.476803 0.483561 0.486068 0.478803 0.485561 10
1.8437007734611 0.484057 0.476786 0.483548 0.486057 0.478786 0.485548 10
1.8407728906142 0.484045 0.476767 0.483534 0.486045 0.478767 0.485534 10
1.8378520882727 0.484034 0.47675 0.483523 0.486034 0.47875 0.485523 10
1.8349383382755 0.484021 0.476731 0.483509 0.486021 0.478731 0.485509 10
1.8320316126153 0.484009 0.476714 0.483496 0.486009 0.478714 0.485496 10
1.8291318834371 0.483998 0.476695 0.483483 0.485998 0.478695 0.485483 10
1.8262391230373 0.483988 0.476677 0.483471 0.485988 0.478677 0.485471 10
1.8233533038628 0.483977 0.47666 0.483458 0.485977 0.47866 0.485458 10
1.8204743985099 0.483965 0.476641 0.483445 0.485965 0.478641 0.485445 10
1.8176023797232 0.483956 0.476624 0.483431 0.485956 0.478624 0.485431 10
1.8147372203944 0.483944 0.476605 0.48342 0.485944 0.478605 0.48542 10
1.811878893562 0.483933 0.476588 0.483406 0.485933 0.478588 0.485406 10
1.8090273724092 0.483923 0.476569 0.483393 0.485923 0.478569 0.485393 10
1.8061826302639 0.483914 0.476551 0.483382 0.485914 0.478551 0.485382 10
1.8033446405974 0.483902 0.476534 0.483368 0.485902 0.478534 0.485368 10
1.8005133770229 0.483893 0.476515 0.483357 0.485893 0.478515 0.485357 10
1.7976888132953 0.483883 0.476498 0.483344 0.485883 0.478498 0.485344 10
1.79487092331 0.483874 0.476481 0.48333 0.485874 0.478481 0.48533 10
1.7920596811016 0.483864 0.476462 0.483319 0.485864 0.478462 0.485319 10
1.7892550608433 0.483855 0.476445 0.483305 0.485855 0.478445 0.485305 10
1.7864570368459 0.483847 0.476426 0.483292 0.485847 0.478426 0.485292 10
1.7836655835568 0.483838 0.476408 0.483281 0.485838 0.478408 0.485281 10
1.7808806755592 0.483828 0.476391 0.483267 0.485828 0.478391 0.485267 10
1.7781022875711 0.48382 0.476374 0.483254 0.48582 0.478374 0.485254 10
1.7753303944442 0.483813 0.476355 0.483241 0.485813 0.478355 0.485241 10
1.7725649711635 0.483803 0.476338 0.483229 0.485803 0.478338 0.485229 10
1.7698059928459 0.483796 0.476319 0.483216 0.485796 0.478319 0.485216 10
1.7670534347396 0.483786 0.476302 0.483202 0.485786 0.478302 0.485202 10
1.7643072722229 0.483778 0.476283 0.483189 0.485778 0.478283 0.485189 10
1.7615674808041 0.483769 0.476265 0.483178 0.485769 0.478265 0.485178 10
1.7588340361195 0.483761 0.476246 0.483166 0.485761 0.478246 0.485166 10
1.7561069139335 0.483752 0.476227 0.483153 0.485752 0.478227 0.485153 10
1.7533860901374 0.483744 0.47621 0.483141 0.485744 0.47821 0.485141 10
1.7506715407484 0.483735 0.476193 0.48313 0.485735 0.478193 0.48513 10
1.7479633089343 0.483725 0.476174 0.48312 0.485725 0.478174 0.48512 10
1.7452611698792 0.483715 0.476157 0.483109 0.485715 0.478157 0.485109 10
1.7425653010697 0.483706 0.476138 0.483097 0.485706 0.478138 0.485097 10
1.7398756119735 0.483698 0.476118 0.483084 0.485698 0.478118 0.485084 10
1.7371920792325 0.483687 0.476101 0.483073 0.485687 0.478101 0.485073 10
1.7345146796027 0.483677 0.476082 0.483061 0.485677 0.478082 0.485061 10
1.7318433899609 0.483666 0.476065 0.48305 0.485666 0.478065 0.48505 10
1.7291781873031 0.483656 0.476048 0.483036 0.485656 0.478048 0.485036 10
1.7265190487441 0.483645 0.476031 0.483025 0.485645 0.478031 0.485025 10
1.7238659515168 0.483635 0.476012 0.483012 0.485635 0.478012 0.485012 10
1.7212188729713 0.483624 0.475995 0.483 0.485624 0.477995 0.485 10
1.7185777905739 0.483612 0.475977 0.482987 0.485612 0.477977 0.484987 10
1.7159426819069 0.483601 0.475958 0.482974 0.485601 0.477958 0.484974 10
1.7133135246674 0.483591 0.475941 0.48296 0.485591 0.477941 0.48496 10
1.7106902966666 0.48358 0.475924 0.482949 0.48558 0.477924 0.484949 10
1.7080729758291 0.483569 0.475907 0.482935 0.485569 0.477907 0.484935 10
1.7054615401925 0.483557 0.47589 0.482922 0.485557 0.47789 0.484922 10
1.7028559679061 0.483546 0.475872 0.482911 0.485546 0.477872 0.484911 10
1.7002562372304 0.483536 0.475857 0.482897 0.485536 0.477857 0.484897 10
1.6976623265366 0.483527 0.475838 0.482884 0.485527 0.477838 0.484884 10
1.6950742143057 0.483515 0.475821 0.482871 0.485515 0.477821 0.484871 10
1.6924918791277 0.483504 0.475804 0.482859 0.485504 0.477804 0.484859 10
1.6899152997011 0.483494 0.475787 0.482846 0.485494 0.477787 0.484846 10
1.6873444548319 0.483483 0.475769 0.482832 0.485483 0.477769 0.484832 10
1.6847793234334 0.483471 0.475752 0.482819 0.485471 0.477752 0.484819 10
1.682219884525 0.48346 0.475733 0.482806 0.48546 0.477733 0.484806 10
1.6796661172319 0.483448 0.475716 0.482792 0.485448 0.477716 0.484792 10
1.6771180007842 0.483439 0.475701 0.482779 0.485439 0.477701 0.484779 10
1.6745755145163 0.483427 0.475684 0.482766 0.485427 0.477684 0.484766 10
1.6720386378662 0.483416 0.475666 0.482752 0.485416 0.477666 0.484752 10
1.669507350375 0.483406 0.475649 0.482739 0.485406 0.477649 0.484739 10
1.6669816316859 0.483397 0.475632 0.482726 0.485397 0.477632 0.484726 10
1.6644614615441 0.483387 0.475615 0.482712 0.485387 0.477615 0.484712 10
1.6619468197954 0.483378 0.475598 0.482699 0.485378 0.477598 0.484699 10
1.6594376863864 0.483368 0.475581 0.482685 0.485368 0.477581 0.484685 10
1.6569273882773 0.483359 0.475563 0.482672 0.485359 0.477563 0.484672 10
1.6544287082704 0.483349 0.475546 0.482659 0.485349 0.477546 0.484659 10
1.651935751023 0.483342 0.475529 0.482645 0.485342 0.477529 0.484645 10
1.6494484957241 0.483332 0.47551 0.482632 0.485332 0.47751 0.484632 10
1.6469669216661 0.483324 0.475493 0.482621 0.485324 0.477493 0.484621 10
1.6444910082447 0.483315 0.475476 0.482609 0.485315 0.477476 0.484609 10
1.6420207349576 0.483307 0.475459 0.482598 0.485307 0.477459 0.484598 10
1.6395560814043 0.483298 0.475441 0.482586 0.485298 0.477441 0.484586 10
1.6370970272855 0.483288 0.475422 0.482573 0.485288 0.477422 0.484573 10
1.634643552402 0.483279 0.475405 0.482563 0.485279 0.477405 0.484563 10
1.6321946177532 0.483269 0.475386 0.48255 0.485269 0.477386 0.48455 10
1.6297482285988 0.483258 0.475369 0.482539 0.485258 0.477369 0.484539 10
1.6273073714689 0.483248 0.475352 0.482527 0.485248 0.477352 0.484527 10
1.6248720265054 0.483239 0.475335 0.482516 0.485239 0.477335 0.484516 10
1.6224421739479 0.483227 0.475315 0.482504 0.485227 0.477315 0.484504 10
1.6200177941331 0.483218 0.475298 0.482491 0.485218 0.477298 0.484491 10
1.6175988674937 0.483206 0.475281 0.482479 0.485206 0.477281 0.484479 10
1.6151853745586 0.483195 0.475264 0.482468 0.485195 0.477264 0.484468 10
1.6127772959517 0.483183 0.475247 0.482455 0.485183 0.477247 0.484455 10
1.6103746123913 0.483172 0.47523 0.482443 0.485172 0.47723 0.484443 10
1.6079773046901 0.48316 0.475213 0.48243 0.48516 0.477213 0.48443 10
1.605585353754 0.483149 0.475197 0.482417 0.485149 0.477197 0.484417 10
1.6031987405818 0.483138 0.47518 0.482405 0.485138 0.47718 0.484405 10
1.6008174462644 0.483126 0.475163 0.482392 0.485126 0.477163 0.484392 10
1.5984414519847 0.483117 0.475148 0.482378 0.485117 0.477148 0.484378 10
1.5960697420014 0.483107 0.47513 0.482365 0.485107 0.47713 0.484365 10
1.5937002641799 0.483096 0.475115 0.482352 0.485096 0.477115 0.484352 10
1.5913360430875 0.483086 0.4751 0.482338 0.485086 0.4771 0.484338 10
1.5889770602157 0.483078 0.475083 0.482325 0.485078 0.477083 0.484325 10
1.5866232971453 0.483069 0.475066 0.482314 0.485069 0.477066 0.484314 10
1.5842747355458 0.483061 0.47505 0.4823 0.485061 0.47705 0.4843 10
1.5819313571745 0.483052 0.475031 0.482289 0.485052 0.477031 0.484289 10
1.5795931438767 0.483042 0.475012 0.482277 0.485042 0.477012 0.484277 10
1.5772600775845 0.483033 0.474993 0.482266 0.485033 0.476993 0.484266 10
1.5749321403165 0.483023 0.474974 0.482254 0.485023 0.476974 0.484254 10
1.5726093141775 0.483012 0.474955 0.482243 0.485012 0.476955 0.484243 10
1.5702915813576 0.483 0.474938 0.482232 0.485 0.476938 0.484232 10
1.5679789241319 0.482991 0.474919 0.482218 0.484991 0.476919 0.484218 10
1.56567132486 0.482979 0.474902 0.482207 0.484979 0.476902 0.484207 10
1.5633687659853 0.482968 0.474883 0.482195 0.484968 0.476883 0.484195 10
1.5610712300348 0.482956 0.474865 0.482182 0.484956 0.476865 0.484182 10
1.5587747920537 0.482945 0.474848 0.482169 0.484945 0.476848 0.484169 10
1.5564832167911 0.482933 0.474833 0.482157 0.484933 0.476833 0.484157 10
1.5541966249012 0.482924 0.474816 0.482144 0.484924 0.476816 0.484144 10
1.5519149991891 0.482914 0.474801 0.48213 0.484914 0.476801 0.48413 10
1.549638322541 0.482907 0.474783 0.482119 0.484907 0.476783 0.484119 10
1.5473665779241 0.482897 0.474768 0.482108 0.484897 0.476768 0.484108 10
1.5450997483856 0.482888 0.474751 0.482096 0.484888 0.476751 0.484096 10
1.5428378170526 0.48288 0.474732 0.482085 0.48488 0.476732 0.484085 10
1.5405807671315 0.482871 0.474715 0.482073 0.484871 0.476715 0.484073 10
1.5383285819072 0.482861 0.474696 0.482062 0.484861 0.476696 0.484062 10
1.5360812447434 0.48285 0.474678 0.48205 0.48485 0.476678 0.48405 10
1.5338387390815 0.48284 0.474659 0.482039 0.48484 0.476659 0.484039 10
1.5316010484401 0.482827 0.474642 0.482027 0.484827 0.476642 0.484027 10
1.5293681564151 0.482815 0.474625 0.482014 0.484815 0.476625 0.484014 10
1.5271400466787 0.482804 0.474608 0.482003 0.484804 0.476608 0.484003 10
1.5249150513037 0.482792 0.474593 0.481989 0.484792 0.476593 0.483989 10
1.5226924034084 0.482781 0.474577 0.481978 0.484781 0.476577 0.483978 10
1.5204745014863 0.482771 0.474562 0.481966 0.484771 0.476562 0.483966 10
1.5182613294621 0.482762 0.474545 0.481955 0.484762 0.476545 0.483955 10
1.5160528713351 0.482754 0.474528 0.481944 0.484754 0.476528 0.483944 10
1.5138491111788 0.482743 0.474509 0.481932 0.484743 0.476509 0.483932 10
1.5116500331403 0.482731 0.47449 0.481919 0.484731 0.47649 0.483919 10
1.5094556214397 0.482718 0.474472 0.481907 0.484718 0.476472 0.483907 10
1.5072658603702 0.482706 0.474457 0.481894 0.484706 0.476457 0.483894 10
1.5050807342972 0.482697 0.474442 0.481882 0.484697 0.476442 0.483882 10
1.5029002276581 0.482687 0.474425 0.481871 0.484687 0.476425 0.483871 10
1.5007243249617 0.48268 0.474406 0.481858 0.48468 0.476406 0.483858 10
1.4985530831006 0.482666 0.474387 0.481846 0.484666 0.476387 0.483846 10
1.4963862697806 0.482655 0.474371 0.481835 0.484655 0.476371 0.483835 10
1.4942240866819 0.482649 0.474354 0.481821 0.484649 0.476354 0.483821 10
1.4920664462611 0.482636 0.474333 0.481812 0.484636 0.476333 0.483812 10
1.4899110295293 0.482626 0.474318 0.481799 0.484626 0.476318 0.483799 10
1.4877583634232 0.482617 0.474301 0.481787 0.484617 0.476301 0.483787 10
1.4856102068105 0.482605 0.474284 0.481776 0.484605 0.476284 0.483776 10
1.4834665447103 0.482594 0.474266 0.481764 0.484594 0.476266 0.483764 10
1.4813273622096 0.482584 0.474249 0.481753 0.484584 0.476249 0.483753 10
1.4791926444632 0.482573 0.474232 0.481741 0.484573 0.476232 0.483741 10
1.4770623766933 0.482562 0.474215 0.48173 0.484562 0.476215 0.48373 10
1.4749365441891 0.482552 0.474198 0.481717 0.484552 0.476198 0.483717 10
1.4728151323061 0.482542 0.474183 0.481705 0.484542 0.476183 0.483705 10
1.4706981264663 0.482531 0.474165 0.481694 0.484531 0.476165 0.483694 10
1.4685855121571 0.482521 0.47415 0.481682 0.484521 0.47615 0.483682 10
1.4664772749317 0.482512 0.474133 0.481671 0.484512 0.476133 0.483671 10
1.4643734004081 0.4825 0.474116 0.481659 0.4845 0.476116 0.483659 10
1.4622738742691 0.482491 0.474101 0.481648 0.484491 0.476101 0.483648 10
1.4601786822616 0.482479 0.474083 0.481636 0.484479 0.476083 0.483636 10
1.4580878101968 0.48247 0.474066 0.481625 0.48447 0.476066 0.483625 10
1.4559994494445 0.482459 0.474049 0.481614 0.484459 0.476049 0.483614 10
1.4539130946544 0.482449 0.474032 0.481602 0.484449 0.476032 0.483602 10
1.4518310294636 0.482439 0.474015 0.481591 0.484439 0.476015 0.483591 10
1.4497532398892 0.48243 0.473996 0.481579 0.48443 0.475996 0.483579 10
1.4476797120112 0.482418 0.473978 0.481568 0.484418 0.475978 0.483568 10
1.4456104319714 0.482409 0.473961 0.481556 0.484409 0.475961 0.483556 10
1.4435453859731 0.482399 0.473944 0.481545 0.484399 0.475944 0.483545 10
1.4414845602812 0.48239 0.473925 0.481533 0.48439 0.475925 0.483533 10
1.4394279412215 0.482378 0.473908 0.481522 0.484378 0.475908 0.483522 10
1.4373755151802 0.482369 0.473891 0.481511 0.484369 0.475891 0.483511 10
1.4353272686041 0.482357 0.473874 0.481499 0.484357 0.475874 0.483499 10
1.4332831879998 0.482348 0.473856 0.481488 0.484348 0.475856 0.483488 10
1.4312432599335 0.482338 0.473839 0.481474 0.484338 0.475839 0.483474 10
1.4292074710307 0.482329 0.473822 0.481463 0.484329 0.475822 0.483463 10
1.4271758079758 0.482319 0.473805 0.481451 0.484319 0.475805 0.483451 10
1.425148257512 0.48231 0.473788 0.48144 0.48431 0.475788 0.48344 10
1.4231247090219 0.4823 0.473771 0.481429 0.4843 0.475771 0.483429 10
1.4211012465037 0.482291 0.473753 0.481417 0.484291 0.475753 0.483417 10
1.4190818688353 0.482281 0.473736 0.481406 0.484281 0.475736 0.483406 10
1.4170665629466 0.482272 0.473719 0.481394 0.484272 0.475719 0.483394 10
1.4150553158249 0.482262 0.473702 0.481383 0.484262 0.475702 0.483383 10
1.4130481145143 0.482253 0.473685 0.481371 0.484253 0.475685 0.483371 10
1.4110449461156 0.482241 0.473668 0.48136 0.484241 0.475668 0.48336 10
1.4090457977858 0.482232 0.473652 0.481348 0.484232 0.475652 0.483348 10
1.4070506567378 0.482222 0.473635 0.481337 0.484222 0.475635 0.483337 10
1.4050595102402 0.482212 0.473618 0.481326 0.484212 0.475618 0.483326 10
1.403072345617 0.482201 0.473603 0.481312 0.484201 0.475603 0.483312 10
1.4010891502472 0.482191 0.473586 0.481301 0.484191 0.475586 0.483301 10
1.3991100203328 0.48218 0.473568 0.481289 0.48418 0.475568 0.483289 10
1.397134617046 0.482171 0.473551 0.481278 0.484171 0.475551 0.483278 10
1.3951632542669 0.482161 0.473534 0.481265 0.484161 0.475534 0.483265 10
1.3931958107906 0.48215 0.473517 0.481253 0.48415 0.475517 0.483253 10
1.3912322742775 0.482138 0.4735 0.481242 0.484138 0.4755 0.483242 10
1.3892713301326 0.482129 0.473484 0.481228 0.484129 0.475484 0.483228 10
1.3873114644538 0.482117 0.473467 0.481217 0.484117 0.475467 0.483217 10
1.3853554804948 0.482108 0.47345 0.481203 0.484108 0.47545 0.483203 10
1.3834033660737 0.482098 0.473433 0.481192 0.484098 0.475433 0.483192 10
1.3814551090611 0.482088 0.473418 0.481179 0.484088 0.475418 0.483179 10
1.3795106973795 0.482077 0.473399 0.481167 0.484077 0.475399 0.483167 10
1.3775701190031 0.482068 0.473381 0.481156 0.484068 0.475381 0.483156 10
1.3756333619578 0.482058 0.473364 0.481142 0.484058 0.475364 0.483142 10
1.3737004143204 0.482048 0.473347 0.481131 0.484048 0.475347 0.483131 10
1.3717712642187 0.482039 0.47333 0.48112 0.484039 0.47533 0.48312 10
1.3698458998311 0.482027 0.473313 0.481108 0.484027 0.475313 0.483108 10
1.3679243093863 0.482018 0.473296 0.481097 0.484018 0.475296 0.483097 10
1.3660064811632 0.482008 0.47328 0.481083 0.484008 0.47528 0.483083 10
1.3640924034903 0.481997 0.473263 0.481072 0.483997 0.475263 0.483072 10
1.3621820647459 0.481987 0.473246 0.48106 0.483987 0.475246 0.48306 10
1.3602754533574 0.481976 0.473231 0.481049 0.483976 0.475231 0.483049 10
1.3583725578012 0.481966 0.473214 0.481038 0.483966 0.475214 0.483038 10
1.3564720710885 0.481955 0.473198 0.481026 0.483955 0.475198 0.483026 10
1.3545724551229 0.481944 0.473181 0.481015 0.483944 0.475181 0.483015 10
1.3526765320226 0.481934 0.473166 0.481001 0.483934 0.475166 0.483001 10
1.3507842904159 0.481923 0.473149 0.48099 0.483923 0.475149 0.48299 10
1.3488957189795 0.481913 0.473132 0.480978 0.483913 0.475132 0.482978 10
1.3470108064374 0.481902 0.473114 0.480967 0.483902 0.475114 0.482967 10
1.3451295415611 0.481892 0.473099 0.480954 0.483892 0.475099 0.482954 10
1.3432519131693 0.481881 0.473082 0.480942 0.483881 0.475082 0.482942 10
1.3413779101274 0.481869 0.473065 0.480931 0.483869 0.475065 0.482931 10
1.3395075213476 0.48186 0.473048 0.480919 0.48386 0.475048 0.482919 10
1.3376407357884 0.48185 0.47303 0.480906 0.48385 0.47503 0.482906 10
1.3357775424546 0.481841 0.473013 0.480894 0.483841 0.475013 0.482894 10
1.3339179303966 0.481831 0.472996 0.480883 0.483831 0.474996 0.482883 10
1.3320618887107 0.481821 0.472979 0.480874 0.483821 0.474979 0.482874 10
1.3302094065385 0.481812 0.472962 0.480862 0.483812 0.474962 0.482862 10
1.3283604730669 0.4818 0.472945 0.480851 0.4838 0.474945 0.482851 10
1.3265150775276 0.481791 0.472927 0.480839 0.483791 0.474927 0.482839 10
1.3246731555682 0.481781 0.472912 0.480828 0.483781 0.474912 0.482828 10
1.322830671881 0.48177 0.472895 0.480818 0.48377 0.474895 0.482818 10
1.3209917052377 0.48176 0.47288 0.480807 0.48376 0.47488 0.482807 10
1.3191562450075 0.481751 0.472863 0.480795 0.483751 0.474863 0.482795 10
1.3173242806037 0.481741 0.472845 0.480784 0.483741 0.474845 0.482784 10
1.315495801483 0.481732 0.47283 0.480772 0.483732 0.47483 0.482772 10
1.3136707971458 0.48172 0.472813 0.480763 0.48372 0.474813 0.482763 10
1.3118492571358 0.481711 0.472796 0.480751 0.483711 0.474796 0.482751 10
1.3100311710395 0.481701 0.472781 0.48074 0.483701 0.474781 0.48274 10
1.3082165284865 0.481692 0.472763 0.480729 0.483692 0.474763 0.482729 10
1.3064053191487 0.48168 0.472748 0.480717 0.48368 0.474748 0.482717 10
1.3045975327407 0.481671 0.472731 0.480706 0.483671 0.474731 0.482706 10
1.3027931590189 0.481661 0.472714 0.480694 0.483661 0.474714 0.482694 10
1.3009921877818 0.481648 0.472697 0.480685 0.483648 0.474697 0.482685 10
1.299194707963 0.481638 0.47268 0.480673 0.483638 0.47468 0.482673 10
1.2974004121541 0.481629 0.472662 0.480662 0.483629 0.474662 0.482662 10
1.2956095875879 0.481617 0.472645 0.48065 0.483617 0.474645 0.48265 10
1.2938221251054 0.481608 0.47263 0.480639 0.483608 0.47463 0.482639 10
1.2920363145865 0.481596 0.472613 0.480629 0.483596 0.474613 0.482629 10
1.2902514086595 0.481587 0.472598 0.480618 0.483587 0.474598 0.482618 10
1.2884698459229 0.481575 0.47258 0.480608 0.483575 0.47458 0.482608 10
1.2866916164643 0.481566 0.472563 0.480599 0.483566 0.474563 0.482599 10
1.2849167104117 0.481556 0.472548 0.480587 0.483556 0.474548 0.482587 10
1.2831451179328 0.481547 0.472531 0.480578 0.483547 0.474531 0.482578 10
1.2813768292352 0.481537 0.472516 0.480568 0.483537 0.474516 0.482568 10
1.2796118345661 0.481528 0.4725 0.480557 0.483528 0.4745 0.482557 10
1.2778501242122 0.481518 0.472483 0.480547 0.483518 0.474483 0.482547 10
1.276091688499 0.481507 0.472468 0.480536 0.483507 0.474468 0.482536 10
1.2743365177914 0.481497 0.472453 0.480524 0.483497 0.474453 0.482524 10
1.2725846024928 0.481488 0.472435 0.480515 0.483488 0.474435 0.482515 10
1.2708359330452 0.481478 0.47242 0.480503 0.483478 0.47442 0.482503 10
1.269090499929 0.481467 0.472405 0.480492 0.483467 0.474405 0.482492 10
1.2673482936628 0.481459 0.472388 0.480481 0.483459 0.474388 0.482481 10
1.2656093048032 0.481448 0.472372 0.480471 0.483448 0.474372 0.482471 10
1.2638735239446 0.481438 0.472355 0.48046 0.483438 0.474355 0.48246 10
1.2621409417188 0.481429 0.47234 0.480448 0.483429 0.47434 0.482448 10
1.2604094614521 0.481417 0.472323 0.480439 0.483417 0.474323 0.482439 10
1.2586791022481 0.481408 0.472308 0.480427 0.483408 0.474308 0.482427 10
1.2569519245826 0.481398 0.472292 0.480418 0.483398 0.474292 0.482418 10
1.2552279191991 0.48139 0.472275 0.480406 0.48339 0.474275 0.482406 10
1.2535070768777 0.481381 0.472258 0.480397 0.483381 0.474258 0.482397 10
1.2517893884352 0.481371 0.472241 0.480385 0.483371 0.474241 0.482385 10
1.2500748447246 0.481362 0.472226 0.480376 0.483362 0.474226 0.482376 10
1.2483634366356 0.481352 0.47221 0.480364 0.483352 0.47421 0.482364 10
1.2466551550936 0.481343 0.472195 0.480353 0.483343 0.474195 0.482353 10
1.2449499910602 0.481333 0.472178 0.480343 0.483333 0.474178 0.482343 10
1.2432479355326 0.481324 0.472163 0.480332 0.483324 0.474163 0.482332 10
1.2415489795434 0.481314 0.472147 0.48032 0.483314 0.474147 0.48232 10
1.2398531141609 0.481305 0.472132 0.480309 0.483305 0.474132 0.482309 10
1.2381603304882 0.481295 0.472117 0.480297 0.483295 0.474117 0.482297 10
1.2364706196638 0.481285 0.4721 0.480288 0.483285 0.4741 0.482288 10
1.2347839728608 0.481276 0.472084 0.480277 0.483276 0.474084 0.482277 10
1.2331003812871 0.481266 0.472069 0.480265 0.483266 0.474069 0.482265 10
1.2314198361849 0.481257 0.472052 0.480254 0.483257 0.474052 0.482254 10
1.229741134059 0.481247 0.472037 0.480244 0.483247 0.474037 0.482244 10
1.2280624982211 0.481238 0.47202 0.480233 0.483238 0.47402 0.482233 10
1.226386893412 0.481228 0.472004 0.480221 0.483228 0.474004 0.482221 10
1.2247143109743 0.481219 0.471987 0.480212 0.483219 0.473987 0.482212 10
1.2230447422846 0.481209 0.471972 0.4802 0.483209 0.473972 0.4822 10
1.2213781787528 0.4812 0.471955 0.480191 0.4832 0.473955 0.482191 10
1.2197146118225 0.48119 0.471939 0.480179 0.48319 0.473939 0.482179 10
1.2180540329707 0.481181 0.471924 0.480168 0.483181 0.473924 0.482168 10
1.2163964337072 0.481171 0.471909 0.480158 0.483171 0.473909 0.482158 10
1.214741805575 0.481162 0.471894 0.480147 0.483162 0.473894 0.482147 10
1.21309014015 0.481152 0.471877 0.480137 0.483152 0.473877 0.482137 10
1.2114414290405 0.481144 0.471861 0.480126 0.483144 0.473861 0.482126 10
1.2097956638876 0.481135 0.471846 0.480114 0.483135 0.473846 0.482114 10
1.2081528363644 0.481125 0.471831 0.480103 0.483125 0.473831 0.482103 10
1.2065129381764 0.481114 0.471816 0.480093 0.483114 0.473816 0.482093 10
1.2048759610611 0.481104 0.4718 0.480082 0.483104 0.4738 0.482082 10
1.2032418967877 0.481097 0.471785 0.480071 0.483097 0.473785 0.482071 10
1.2016107371574 0.481085 0.47177 0.480061 0.483085 0.47377 0.482061 10
1.1999826349479 0.481076 0.471753 0.480051 0.483076 0.473753 0.482051 10
1.1983539275047 0.481066 0.471737 0.48004 0.483066 0.473737 0.48204 10
1.19672727211 0.481057 0.471722 0.48003 0.483057 0.473722 0.48203 10
1.1951034993016 0.481049 0.471707 0.480019 0.483049 0.473707 0.482019 10
1.1934826010181 0.481039 0.47169 0.480009 0.483039 0.47369 0.482009 10
1.191864569213 0.48103 0.471676 0.479998 0.48303 0.473676 0.481998 10
1.1902493958705 0.48102 0.471661 0.479989 0.48302 0.473661 0.481989 10
1.1886370730057 0.481013 0.471644 0.479977 0.483013 0.473644 0.481977 10
