# snapshot   Lx   Ly   Lz
DD0401.0   -0.035547   0.998103   -0.045847
DD0402.0   -0.035976   0.998081   -0.045823
DD0403.0   -0.036825   0.998036   -0.045773
DD0404.0   -0.038081   0.997970   -0.045700
DD0405.0   -0.039722   0.997882   -0.045602
DD0406.0   -0.041723   0.997773   -0.045481
DD0407.0   -0.044052   0.997645   -0.045338
DD0408.0   -0.046674   0.997497   -0.045178
DD0409.0   -0.049549   0.997332   -0.045005
DD0410.0   -0.052638   0.997151   -0.044825
DD0411.0   -0.055899   0.996954   -0.044648
DD0412.0   -0.059288   0.996744   -0.044485
DD0413.0   -0.062762   0.996522   -0.044347
DD0414.0   -0.066276   0.996290   -0.044249
DD0415.0   -0.069785   0.996051   -0.044206
DD0416.0   -0.073245   0.995807   -0.044233
DD0417.0   -0.076611   0.995562   -0.044344
DD0418.0   -0.079842   0.995317   -0.044555
DD0419.0   -0.082894   0.995077   -0.044876
DD0420.0   -0.085730   0.994844   -0.045318
DD0421.0   -0.088313   0.994622   -0.045889
DD0422.0   -0.090613   0.994414   -0.046593
DD0423.0   -0.092604   0.994222   -0.047432
DD0424.0   -0.094269   0.994048   -0.048405
DD0425.0   -0.095595   0.993894   -0.049509
DD0426.0   -0.096580   0.993762   -0.050737
DD0427.0   -0.097230   0.993650   -0.052081
DD0428.0   -0.097557   0.993559   -0.053531
DD0429.0   -0.097582   0.993486   -0.055076
DD0430.0   -0.097334   0.993431   -0.056703
DD0431.0   -0.096844   0.993391   -0.058398
DD0432.0   -0.096152   0.993363   -0.060145
DD0433.0   -0.095298   0.993345   -0.061928
DD0434.0   -0.094322   0.993332   -0.063731
DD0435.0   -0.093267   0.993324   -0.065535
DD0436.0   -0.092171   0.993317   -0.067323
DD0437.0   -0.091072   0.993309   -0.069079
DD0438.0   -0.090003   0.993299   -0.070785
DD0439.0   -0.088990   0.993284   -0.072429
DD0440.0   -0.088056   0.993265   -0.073997
DD0441.0   -0.087216   0.993240   -0.075479
DD0442.0   -0.086481   0.993211   -0.076869
DD0443.0   -0.085852   0.993176   -0.078163
DD0444.0   -0.085328   0.993137   -0.079361
DD0445.0   -0.084899   0.993095   -0.080464
DD0446.0   -0.084552   0.993050   -0.081478
DD0447.0   -0.084269   0.993005   -0.082407
DD0448.0   -0.084028   0.992960   -0.083259
DD0449.0   -0.083806   0.992918   -0.084040
DD0450.0   -0.083578   0.992880   -0.084756
DD0451.0   -0.083320   0.992847   -0.085409
DD0452.0   -0.083008   0.992823   -0.086000
DD0453.0   -0.082621   0.992808   -0.086530
DD0454.0   -0.082142   0.992804   -0.086992
DD0455.0   -0.081557   0.992813   -0.087381
DD0456.0   -0.080854   0.992837   -0.087688
DD0457.0   -0.080031   0.992876   -0.087900
DD0458.0   -0.079084   0.992931   -0.088007
DD0459.0   -0.078018   0.993004   -0.087996
DD0460.0   -0.076837   0.993094   -0.087854
DD0461.0   -0.075552   0.993203   -0.087571
DD0462.0   -0.074172   0.993328   -0.087137
DD0463.0   -0.072709   0.993471   -0.086542
DD0464.0   -0.071175   0.993631   -0.085781
DD0465.0   -0.069581   0.993805   -0.084850
DD0466.0   -0.067938   0.993994   -0.083746
DD0467.0   -0.066253   0.994196   -0.082469
DD0468.0   -0.064535   0.994410   -0.081021
DD0469.0   -0.062789   0.994634   -0.079405
DD0470.0   -0.061020   0.994866   -0.077626
DD0471.0   -0.059228   0.995105   -0.075689
DD0472.0   -0.057417   0.995349   -0.073601
DD0473.0   -0.055586   0.995597   -0.071370
DD0474.0   -0.053736   0.995847   -0.069001
DD0475.0   -0.051867   0.996097   -0.066501
DD0476.0   -0.049979   0.996345   -0.063877
DD0477.0   -0.048072   0.996591   -0.061133
DD0478.0   -0.046145   0.996832   -0.058273
DD0479.0   -0.044198   0.997067   -0.055300
DD0480.0   -0.042229   0.997294   -0.052214
DD0481.0   -0.040240   0.997512   -0.049013
DD0482.0   -0.038233   0.997719   -0.045695
DD0483.0   -0.036208   0.997913   -0.042254
DD0484.0   -0.034169   0.998092   -0.038685
DD0485.0   -0.032120   0.998255   -0.034981
DD0486.0   -0.030065   0.998398   -0.031138
DD0487.0   -0.028012   0.998519   -0.027150
DD0488.0   -0.025970   0.998615   -0.023015
DD0489.0   -0.023951   0.998684   -0.018733
DD0490.0   -0.021970   0.998722   -0.014308
DD0491.0   -0.020044   0.998728   -0.009748
DD0492.0   -0.018192   0.998697   -0.005069
DD0493.0   -0.016430   0.998628   -0.000290
DD0494.0   -0.014777   0.998519   0.004560
DD0495.0   -0.013247   0.998370   0.009447
DD0496.0   -0.011848   0.998181   0.014329
DD0497.0   -0.010581   0.997953   0.019155
DD0498.0   -0.009440   0.997690   0.023869
DD0499.0   -0.008405   0.997397   0.028408
DD0500.0   -0.007448   0.997081   0.032707
DD0501.0   -0.006530   0.996749   0.036698
DD0502.0   -0.005605   0.996411   0.040315
DD0503.0   -0.004620   0.996077   0.043498
DD0504.0   -0.003523   0.995759   0.046194
DD0505.0   -0.002267   0.995468   0.048362
DD0506.0   -0.000812   0.995214   0.049978
DD0507.0   0.000867   0.995006   0.051033
DD0508.0   0.002777   0.994851   0.051539
DD0509.0   0.004902   0.994756   0.051527
DD0510.0   0.007208   0.994722   0.051048
DD0511.0   0.009636   0.994750   0.050167
DD0512.0   0.012113   0.994838   0.048963
DD0513.0   0.014548   0.994981   0.047525
DD0514.0   0.016845   0.995171   0.045943
DD0515.0   0.018907   0.995402   0.044306
DD0516.0   0.020642   0.995662   0.042699
DD0517.0   0.021971   0.995943   0.041197
DD0518.0   0.022831   0.996233   0.039858
DD0519.0   0.023183   0.996524   0.038731
DD0520.0   0.023003   0.996805   0.037846
DD0521.0   0.022295   0.997064   0.037218
DD0522.0   0.021092   0.997287   0.036850
DD0523.0   0.019447   0.997469   0.036736
DD0524.0   0.017428   0.997598   0.036861
DD0525.0   0.015113   0.997662   0.037210
DD0526.0   0.012591   0.997648   0.037764
DD0527.0   0.009948   0.997530   0.038510
DD0528.0   0.007271   0.997280   0.039446
DD0529.0   0.004621   0.996855   0.040571
DD0530.0   0.002046   0.996202   0.041896
DD0531.0   -0.000438   0.995253   0.043444
DD0532.0   -0.002846   0.993922   0.045250
DD0533.0   -0.005240   0.992105   0.047359
DD0534.0   -0.007723   0.989675   0.049824
DD0535.0   -0.010451   0.986489   0.052708
DD0536.0   -0.013613   0.982375   0.056060
DD0537.0   -0.017480   0.977168   0.059969
DD0538.0   -0.022327   0.970681   0.064491
DD0539.0   -0.028462   0.962730   0.069688
DD0540.0   -0.036176   0.953144   0.075597
DD0541.0   -0.045769   0.941785   0.082273
DD0542.0   -0.057498   0.928563   0.089763
DD0543.0   -0.071498   0.913426   0.098071
DD0544.0   -0.087856   0.896414   0.107235
DD0545.0   -0.106491   0.877632   0.117258
DD0546.0   -0.127176   0.857275   0.128145
DD0547.0   -0.149527   0.835622   0.139899
DD0548.0   -0.173002   0.813030   0.152521
DD0549.0   -0.196909   0.789917   0.166008
DD0550.0   -0.220409   0.766740   0.180340
DD0551.0   -0.242652   0.743966   0.195518
DD0552.0   -0.262665   0.722048   0.211489
DD0553.0   -0.279587   0.701383   0.228215
DD0554.0   -0.292549   0.682295   0.245595
DD0555.0   -0.300878   0.664998   0.263515
DD0556.0   -0.304069   0.649589   0.281820
DD0557.0   -0.301874   0.636037   0.300313
DD0558.0   -0.294246   0.624187   0.318764
DD0559.0   -0.281418   0.613772   0.336912
DD0560.0   -0.263871   0.604435   0.354477
DD0561.0   -0.242310   0.595759   0.371178
DD0562.0   -0.217627   0.587297   0.386738
DD0563.0   -0.190845   0.578604   0.400906
DD0564.0   -0.163062   0.569268   0.413465
DD0565.0   -0.135386   0.558938   0.424244
DD0566.0   -0.108881   0.547337   0.433119
DD0567.0   -0.084505   0.534282   0.440014
DD0568.0   -0.063067   0.519683   0.444897
DD0569.0   -0.045198   0.503547   0.447769
DD0570.0   -0.031331   0.485964   0.448654
DD0571.0   -0.021700   0.467102   0.447588
DD0572.0   -0.016356   0.447189   0.444609
DD0573.0   -0.015197   0.426500   0.439750
DD0574.0   -0.018004   0.405340   0.433036
DD0575.0   -0.024489   0.384033   0.424487
DD0576.0   -0.034347   0.362902   0.414127
DD0577.0   -0.047294   0.342262   0.401988
DD0578.0   -0.063107   0.322407   0.388129
DD0579.0   -0.081649   0.303600   0.372641
DD0580.0   -0.102873   0.286064   0.355660
DD0581.0   -0.126816   0.269975   0.337368
DD0582.0   -0.153577   0.255461   0.317996
DD0583.0   -0.183280   0.242593   0.297820
DD0584.0   -0.216033   0.231393   0.277143
DD0585.0   -0.251879   0.221826   0.256288
DD0586.0   -0.290767   0.213819   0.235574
DD0587.0   -0.332517   0.207254   0.215303
DD0588.0   -0.376801   0.201978   0.195735
DD0589.0   -0.423136   0.197827   0.177082
DD0590.0   -0.470906   0.194631   0.159494
DD0591.0   -0.519391   0.192221   0.143056
DD0592.0   -0.567803   0.190448   0.127789
DD0593.0   -0.615337   0.189182   0.113652
DD0594.0   -0.661209   0.188322   0.100562
DD0595.0   -0.704708   0.187798   0.088397
DD0596.0   -0.745236   0.187571   0.077012
DD0597.0   -0.782327   0.187628   0.066253
DD0598.0   -0.815661   0.187987   0.055971
DD0599.0   -0.845071   0.188681   0.046033
DD0600.0   -0.870532   0.189758   0.036325
DD0601.0   -0.892153   0.191275   0.026770
DD0602.0   -0.910112   0.193274   0.017291
DD0603.0   -0.924705   0.195809   0.007870
DD0604.0   -0.936262   0.198918   -0.001502
DD0605.0   -0.945150   0.202627   -0.010804
DD0606.0   -0.951713   0.206939   -0.020022
DD0607.0   -0.956289   0.211844   -0.029131
DD0608.0   -0.959229   0.217333   -0.038072
DD0609.0   -0.960791   0.223366   -0.046832
DD0610.0   -0.961242   0.229911   -0.055370
DD0611.0   -0.960791   0.236922   -0.063665
DD0612.0   -0.959611   0.244354   -0.071706
DD0613.0   -0.957836   0.252163   -0.079493
DD0614.0   -0.955569   0.260309   -0.087033
DD0615.0   -0.952904   0.268758   -0.094337
DD0616.0   -0.949852   0.277487   -0.101446
DD0617.0   -0.946493   0.286475   -0.108371
DD0618.0   -0.942804   0.295717   -0.115160
DD0619.0   -0.938840   0.305202   -0.121828
DD0620.0   -0.934579   0.314935   -0.128415
DD0621.0   -0.930022   0.324916   -0.134943
DD0622.0   -0.925151   0.335146   -0.141432
DD0623.0   -0.919995   0.345622   -0.147892
DD0624.0   -0.914557   0.356337   -0.154322
DD0625.0   -0.908848   0.367274   -0.160711
DD0626.0   -0.902885   0.378405   -0.167039
DD0627.0   -0.896697   0.389694   -0.173271
DD0628.0   -0.890317   0.401093   -0.179364
DD0629.0   -0.883793   0.412544   -0.185263
DD0630.0   -0.877178   0.423979   -0.190902
DD0631.0   -0.870531   0.435325   -0.196210
DD0632.0   -0.863919   0.446505   -0.201107
DD0633.0   -0.857409   0.457440   -0.205511
DD0634.0   -0.851067   0.468057   -0.209334
DD0635.0   -0.844958   0.478289   -0.212493
DD0636.0   -0.839137   0.488080   -0.214902
DD0637.0   -0.833650   0.497388   -0.216484
DD0638.0   -0.828530   0.506191   -0.217167
DD0639.0   -0.823791   0.514485   -0.216889
DD0640.0   -0.819433   0.522288   -0.215596
DD0641.0   -0.815433   0.529638   -0.213250
DD0642.0   -0.811753   0.536594   -0.209823
DD0643.0   -0.808334   0.543230   -0.205304
DD0644.0   -0.805102   0.549638   -0.199694
DD0645.0   -0.801970   0.555916   -0.193008
DD0646.0   -0.798840   0.562171   -0.185276
DD0647.0   -0.795606   0.568506   -0.176541
DD0648.0   -0.792163   0.575025   -0.166857
DD0649.0   -0.788402   0.581818   -0.156290
DD0650.0   -0.784224   0.588966   -0.144913
DD0651.0   -0.779532   0.596533   -0.132810
DD0652.0   -0.774243   0.604566   -0.120069
DD0653.0   -0.768282   0.613095   -0.106783
DD0654.0   -0.761588   0.622130   -0.093048
DD0655.0   -0.754111   0.631667   -0.078957
DD0656.0   -0.745813   0.641686   -0.064607
DD0657.0   -0.736666   0.652153   -0.050087
DD0658.0   -0.726654   0.663027   -0.035483
DD0659.0   -0.715769   0.674256   -0.020876
DD0660.0   -0.704010   0.685787   -0.006338
DD0661.0   -0.691385   0.697559   0.008062
DD0662.0   -0.677908   0.709516   0.022266
DD0663.0   -0.663599   0.721598   0.036219
DD0664.0   -0.648486   0.733749   0.049873
DD0665.0   -0.632602   0.745915   0.063179
DD0666.0   -0.615990   0.758045   0.076092
DD0667.0   -0.598696   0.770091   0.088565
DD0668.0   -0.580776   0.782008   0.100548
DD0669.0   -0.562294   0.793754   0.111989
DD0670.0   -0.543320   0.805292   0.122829
DD0671.0   -0.523928   0.816586   0.133008
DD0672.0   -0.504203   0.827606   0.142463
DD0673.0   -0.484229   0.838322   0.151130
DD0674.0   -0.464097   0.848712   0.158946
DD0675.0   -0.443899   0.858753   0.165851
DD0676.0   -0.423729   0.868428   0.171793
DD0677.0   -0.403681   0.877722   0.176727
DD0678.0   -0.383848   0.886624   0.180618
DD0679.0   -0.364322   0.895124   0.183445
DD0680.0   -0.345191   0.903216   0.185196
DD0681.0   -0.326543   0.910895   0.185875
DD0682.0   -0.308461   0.918160   0.185492
DD0683.0   -0.291023   0.925010   0.184069
DD0684.0   -0.274303   0.931446   0.181635
DD0685.0   -0.258372   0.937470   0.178227
DD0686.0   -0.243293   0.943085   0.173885
DD0687.0   -0.229125   0.948296   0.168653
DD0688.0   -0.215921   0.953108   0.162577
DD0689.0   -0.203728   0.957527   0.155703
DD0690.0   -0.192587   0.961559   0.148081
DD0691.0   -0.182535   0.965211   0.139760
DD0692.0   -0.173600   0.968490   0.130796
DD0693.0   -0.165808   0.971402   0.121246
DD0694.0   -0.159177   0.973953   0.111176
DD0695.0   -0.153719   0.976151   0.100658
DD0696.0   -0.149441   0.978003   0.089772
DD0697.0   -0.146342   0.979515   0.078608
DD0698.0   -0.144414   0.980695   0.067267
DD0699.0   -0.143640   0.981551   0.055857
DD0700.0   -0.143993   0.982095   0.044495
DD0701.0   -0.145436   0.982339   0.033305
DD0702.0   -0.147920   0.982296   0.022414
DD0703.0   -0.151382   0.981986   0.011948
DD0704.0   -0.155750   0.981427   0.002032
DD0705.0   -0.160935   0.980643   -0.007218
DD0706.0   -0.166839   0.979662   -0.015695
DD0707.0   -0.173352   0.978510   -0.023306
DD0708.0   -0.180355   0.977221   -0.029975
DD0709.0   -0.187723   0.975827   -0.035644
DD0710.0   -0.195327   0.974361   -0.040275
DD0711.0   -0.203036   0.972856   -0.043851
DD0712.0   -0.210722   0.971348   -0.046375
DD0713.0   -0.218263   0.969865   -0.047870
DD0714.0   -0.225545   0.968438   -0.048377
DD0715.0   -0.232463   0.967093   -0.047953
DD0716.0   -0.238928   0.965852   -0.046669
DD0717.0   -0.244864   0.964733   -0.044611
DD0718.0   -0.250211   0.963751   -0.041873
DD0719.0   -0.254924   0.962916   -0.038557
DD0720.0   -0.258975   0.962234   -0.034769
DD0721.0   -0.262351   0.961707   -0.030619
DD0722.0   -0.265051   0.961335   -0.026213
DD0723.0   -0.267087   0.961113   -0.021657
DD0724.0   -0.268482   0.961034   -0.017048
DD0725.0   -0.269265   0.961090   -0.012475
DD0726.0   -0.269474   0.961271   -0.008015
DD0727.0   -0.269151   0.961566   -0.003733
DD0728.0   -0.268339   0.961962   0.000320
DD0729.0   -0.267085   0.962449   0.004107
DD0730.0   -0.265434   0.963014   0.007604
DD0731.0   -0.263429   0.963646   0.010801
DD0732.0   -0.261116   0.964335   0.013697
DD0733.0   -0.258531   0.965072   0.016300
DD0734.0   -0.255713   0.965846   0.018624
DD0735.0   -0.252695   0.966650   0.020686
DD0736.0   -0.249507   0.967478   0.022505
DD0737.0   -0.246176   0.968322   0.024097
DD0738.0   -0.242729   0.969179   0.025478
DD0739.0   -0.239187   0.970043   0.026659
DD0740.0   -0.235571   0.970910   0.027648
DD0741.0   -0.231897   0.971778   0.028450
DD0742.0   -0.228184   0.972642   0.029066
DD0743.0   -0.224445   0.973501   0.029495
DD0744.0   -0.220694   0.974352   0.029734
DD0745.0   -0.216943   0.975193   0.029780
DD0746.0   -0.213203   0.976022   0.029631
DD0747.0   -0.209483   0.976838   0.029288
DD0748.0   -0.205792   0.977638   0.028756
DD0749.0   -0.202138   0.978422   0.028039
DD0750.0   -0.198525   0.979188   0.027146
DD0751.0   -0.194958   0.979934   0.026090
DD0752.0   -0.191442   0.980660   0.024887
DD0753.0   -0.187978   0.981366   0.023558
DD0754.0   -0.184566   0.982049   0.022123
DD0755.0   -0.181206   0.982712   0.020607
DD0756.0   -0.177894   0.983352   0.019035
DD0757.0   -0.174627   0.983972   0.017433
DD0758.0   -0.171399   0.984572   0.015827
DD0759.0   -0.168205   0.985152   0.014241
DD0760.0   -0.165038   0.985715   0.012700
DD0761.0   -0.161893   0.986260   0.011225
DD0762.0   -0.158764   0.986791   0.009834
DD0763.0   -0.155647   0.987307   0.008543
DD0764.0   -0.152540   0.987810   0.007365
DD0765.0   -0.149443   0.988301   0.006307
DD0766.0   -0.146358   0.988779   0.005374
DD0767.0   -0.143289   0.989245   0.004568
DD0768.0   -0.140240   0.989699   0.003886
DD0769.0   -0.137218   0.990140   0.003324
DD0770.0   -0.134231   0.990567   0.002873
DD0771.0   -0.131285   0.990980   0.002526
DD0772.0   -0.128387   0.991379   0.002270
DD0773.0   -0.125540   0.991762   0.002094
DD0774.0   -0.122748   0.992129   0.001986
DD0775.0   -0.120012   0.992481   0.001934
DD0776.0   -0.117332   0.992818   0.001924
DD0777.0   -0.114703   0.993140   0.001946
DD0778.0   -0.112122   0.993447   0.001986
DD0779.0   -0.109583   0.993741   0.002033
DD0780.0   -0.107078   0.994023   0.002073
DD0781.0   -0.104600   0.994293   0.002095
DD0782.0   -0.102142   0.994552   0.002086
DD0783.0   -0.099695   0.994803   0.002033
DD0784.0   -0.097253   0.995044   0.001924
DD0785.0   -0.094809   0.995278   0.001747
DD0786.0   -0.092358   0.995505   0.001492
DD0787.0   -0.089895   0.995726   0.001147
DD0788.0   -0.087418   0.995940   0.000707
DD0789.0   -0.084925   0.996149   0.000165
DD0790.0   -0.082415   0.996352   -0.000482
DD0791.0   -0.079891   0.996549   -0.001234
DD0792.0   -0.077355   0.996741   -0.002087
DD0793.0   -0.074810   0.996926   -0.003035
DD0794.0   -0.072262   0.997105   -0.004070
DD0795.0   -0.069717   0.997278   -0.005179
DD0796.0   -0.067179   0.997444   -0.006350
DD0797.0   -0.064656   0.997602   -0.007566
DD0798.0   -0.062153   0.997753   -0.008812
DD0799.0   -0.059676   0.997896   -0.010071
DD0800.0   -0.057228   0.998031   -0.011328
DD0801.0   -0.054814   0.998158   -0.012566
DD0802.0   -0.052435   0.998277   -0.013772
DD0803.0   -0.050094   0.998388   -0.014932
DD0804.0   -0.047789   0.998492   -0.016037
DD0805.0   -0.045520   0.998590   -0.017078
DD0806.0   -0.043286   0.998681   -0.018047
DD0807.0   -0.041085   0.998766   -0.018940
DD0808.0   -0.038915   0.998846   -0.019754
DD0809.0   -0.036774   0.998923   -0.020489
DD0810.0   -0.034660   0.998995   -0.021145
DD0811.0   -0.032572   0.999065   -0.021725
DD0812.0   -0.030512   0.999133   -0.022231
DD0813.0   -0.028478   0.999199   -0.022669
DD0814.0   -0.026475   0.999263   -0.023042
DD0815.0   -0.024504   0.999325   -0.023356
DD0816.0   -0.022570   0.999386   -0.023616
DD0817.0   -0.020678   0.999446   -0.023826
DD0818.0   -0.018834   0.999504   -0.023990
DD0819.0   -0.017046   0.999559   -0.024111
DD0820.0   -0.015319   0.999612   -0.024191
DD0821.0   -0.013662   0.999661   -0.024233
DD0822.0   -0.012082   0.999708   -0.024237
DD0823.0   -0.010587   0.999751   -0.024205
DD0824.0   -0.009182   0.999789   -0.024137
DD0825.0   -0.007874   0.999824   -0.024034
DD0826.0   -0.006666   0.999855   -0.023899
DD0827.0   -0.005563   0.999882   -0.023733
DD0828.0   -0.004565   0.999905   -0.023539
DD0829.0   -0.003673   0.999924   -0.023321
DD0830.0   -0.002885   0.999940   -0.023082
DD0831.0   -0.002198   0.999953   -0.022827
DD0832.0   -0.001605   0.999964   -0.022559
DD0833.0   -0.001100   0.999972   -0.022281
DD0834.0   -0.000675   0.999978   -0.021995
DD0835.0   -0.000321   0.999982   -0.021701
DD0836.0   -0.000029   0.999984   -0.021399
DD0837.0   0.000211   0.999985   -0.021086
DD0838.0   0.000407   0.999985   -0.020758
DD0839.0   0.000567   0.999984   -0.020410
DD0840.0   0.000698   0.999981   -0.020036
DD0841.0   0.000806   0.999977   -0.019631
DD0842.0   0.000896   0.999973   -0.019190
DD0843.0   0.000969   0.999967   -0.018711
DD0844.0   0.001030   0.999960   -0.018193
DD0845.0   0.001079   0.999952   -0.017639
DD0846.0   0.001119   0.999944   -0.017055
DD0847.0   0.001151   0.999935   -0.016451
DD0848.0   0.001178   0.999925   -0.015839
DD0849.0   0.001202   0.999915   -0.015232
DD0850.0   0.001225   0.999905   -0.014648
DD0851.0   0.001252   0.999896   -0.014103
DD0852.0   0.001286   0.999887   -0.013611
DD0853.0   0.001328   0.999879   -0.013187
DD0854.0   0.001382   0.999872   -0.012838
DD0855.0   0.001448   0.999867   -0.012572
DD0856.0   0.001525   0.999863   -0.012387
DD0857.0   0.001612   0.999861   -0.012280
DD0858.0   0.001703   0.999860   -0.012240
DD0859.0   0.001795   0.999862   -0.012253
DD0860.0   0.001880   0.999865   -0.012298
DD0861.0   0.001954   0.999869   -0.012353
DD0862.0   0.002008   0.999874   -0.012393
DD0863.0   0.002038   0.999879   -0.012392
DD0864.0   0.002038   0.999883   -0.012322
DD0865.0   0.002003   0.999887   -0.012156
DD0866.0   0.001932   0.999888   -0.011866
DD0867.0   0.001822   0.999887   -0.011422
DD0868.0   0.001670   0.999880   -0.010798
DD0869.0   0.001474   0.999868   -0.009965
DD0870.0   0.001232   0.999847   -0.008892
DD0871.0   0.000938   0.999815   -0.007552
DD0872.0   0.000587   0.999771   -0.005913
DD0873.0   0.000171   0.999710   -0.003945
DD0874.0   -0.000321   0.999629   -0.001617
DD0875.0   -0.000901   0.999523   0.001102
DD0876.0   -0.001584   0.999389   0.004240
DD0877.0   -0.002387   0.999220   0.007822
DD0878.0   -0.003326   0.999013   0.011870
DD0879.0   -0.004419   0.998761   0.016401
DD0880.0   -0.005682   0.998460   0.021423
DD0881.0   -0.007131   0.998103   0.026938
DD0882.0   -0.008778   0.997689   0.032938
DD0883.0   -0.010631   0.997212   0.039403
DD0884.0   -0.012693   0.996672   0.046301
DD0885.0   -0.014964   0.996068   0.053591
DD0886.0   -0.017436   0.995402   0.061217
DD0887.0   -0.020095   0.994678   0.069115
DD0888.0   -0.022924   0.993900   0.077210
DD0889.0   -0.025896   0.993075   0.085418
DD0890.0   -0.028982   0.992214   0.093654
DD0891.0   -0.032149   0.991327   0.101825
DD0892.0   -0.035360   0.990424   0.109844
DD0893.0   -0.038579   0.989517   0.117626
DD0894.0   -0.041768   0.988617   0.125096
DD0895.0   -0.044893   0.987734   0.132190
DD0896.0   -0.047922   0.986877   0.138856
DD0897.0   -0.050831   0.986053   0.145060
DD0898.0   -0.053598   0.985266   0.150785
DD0899.0   -0.056209   0.984517   0.156031
DD0900.0   -0.058657   0.983806   0.160815
DD0901.0   -0.060941   0.983128   0.165170
DD0902.0   -0.063065   0.982478   0.169144
DD0903.0   -0.065041   0.981846   0.172796
DD0904.0   -0.066883   0.981222   0.176192
DD0905.0   -0.068608   0.980594   0.179404
DD0906.0   -0.070237   0.979950   0.182506
DD0907.0   -0.071790   0.979278   0.185569
DD0908.0   -0.073286   0.978568   0.188660
DD0909.0   -0.074742   0.977809   0.191835
DD0910.0   -0.076171   0.976996   0.195139
DD0911.0   -0.077584   0.976124   0.198603
DD0912.0   -0.078985   0.975195   0.202242
DD0913.0   -0.080371   0.974213   0.206054
DD0914.0   -0.081737   0.973186   0.210020
DD0915.0   -0.083071   0.972126   0.214105
DD0916.0   -0.084357   0.971049   0.218259
DD0917.0   -0.085574   0.969974   0.222420
DD0918.0   -0.086701   0.968921   0.226519
DD0919.0   -0.087718   0.967912   0.230480
DD0920.0   -0.088601   0.966968   0.234231
DD0921.0   -0.089335   0.966107   0.237700
DD0922.0   -0.089904   0.965347   0.240825
DD0923.0   -0.090300   0.964700   0.243557
DD0924.0   -0.090521   0.964177   0.245858
DD0925.0   -0.090570   0.963780   0.247708
DD0926.0   -0.090457   0.963511   0.249103
DD0927.0   -0.090197   0.963363   0.250056
DD0928.0   -0.089810   0.963327   0.250596
DD0929.0   -0.089318   0.963390   0.250763
DD0930.0   -0.088747   0.963537   0.250609
DD0931.0   -0.088122   0.963750   0.250194
DD0932.0   -0.087468   0.964010   0.249580
DD0933.0   -0.086807   0.964299   0.248833
DD0934.0   -0.086159   0.964599   0.248016
DD0935.0   -0.085540   0.964893   0.247190
DD0936.0   -0.084964   0.965167   0.246410
DD0937.0   -0.084440   0.965407   0.245725
DD0938.0   -0.083973   0.965603   0.245175
DD0939.0   -0.083566   0.965746   0.244796
DD0940.0   -0.083222   0.965829   0.244613
DD0941.0   -0.082938   0.965848   0.244646
DD0942.0   -0.082715   0.965799   0.244910
DD0943.0   -0.082550   0.965679   0.245412
DD0944.0   -0.082442   0.965488   0.246157
DD0945.0   -0.082392   0.965225   0.247144
DD0946.0   -0.082399   0.964890   0.248371
DD0947.0   -0.082464   0.964484   0.249831
DD0948.0   -0.082591   0.964007   0.251517
DD0949.0   -0.082782   0.963462   0.253421
DD0950.0   -0.083040   0.962848   0.255532
DD0951.0   -0.083368   0.962169   0.257842
DD0952.0   -0.083768   0.961424   0.260338
DD0953.0   -0.084242   0.960616   0.263010
DD0954.0   -0.084791   0.959747   0.265847
DD0955.0   -0.085413   0.958819   0.268838
DD0956.0   -0.086108   0.957834   0.271972
DD0957.0   -0.086869   0.956796   0.275236
DD0958.0   -0.087691   0.955708   0.278619
DD0959.0   -0.088566   0.954573   0.282107
DD0960.0   -0.089486   0.953396   0.285688
DD0961.0   -0.090442   0.952181   0.289348
DD0962.0   -0.091421   0.950932   0.293071
DD0963.0   -0.092415   0.949655   0.296844
DD0964.0   -0.093412   0.948353   0.300650
DD0965.0   -0.094404   0.947033   0.304477
DD0966.0   -0.095382   0.945696   0.308311
DD0967.0   -0.096339   0.944347   0.312141
DD0968.0   -0.097272   0.942988   0.315958
DD0969.0   -0.098177   0.941618   0.319755
DD0970.0   -0.099053   0.940239   0.323530
DD0971.0   -0.099899   0.938849   0.327281
DD0972.0   -0.100719   0.937448   0.331010
DD0973.0   -0.101512   0.936033   0.334718
DD0974.0   -0.102282   0.934605   0.338407
DD0975.0   -0.103030   0.933164   0.342076
DD0976.0   -0.103754   0.931713   0.345722
DD0977.0   -0.104455   0.930256   0.349339
DD0978.0   -0.105128   0.928802   0.352912
DD0979.0   -0.105767   0.927359   0.356425
DD0980.0   -0.106366   0.925941   0.359854
DD0981.0   -0.106915   0.924562   0.363173
DD0982.0   -0.107406   0.923237   0.366352
DD0983.0   -0.107829   0.921981   0.369362
DD0984.0   -0.108176   0.920807   0.372178
DD0985.0   -0.108442   0.919724   0.374782
DD0986.0   -0.108624   0.918737   0.377162
DD0987.0   -0.108722   0.917845   0.379322
DD0988.0   -0.108742   0.917041   0.381277
DD0989.0   -0.108695   0.916310   0.383055
DD0990.0   -0.108593   0.915632   0.384700
DD0991.0   -0.108454   0.914982   0.386261
DD0992.0   -0.108297   0.914333   0.387800
DD0993.0   -0.108142   0.913654   0.389377
DD0994.0   -0.108008   0.912918   0.391053
DD0995.0   -0.107912   0.912101   0.392877
DD0996.0   -0.107867   0.911187   0.394890
DD0997.0   -0.107881   0.910166   0.397114
DD0998.0   -0.107955   0.909040   0.399550
DD0999.0   -0.108086   0.907820   0.402180
DD1000.0   -0.108264   0.906527   0.404965
DD1001.0   -0.108471   0.905191   0.407846
DD1002.0   -0.108688   0.903850   0.410748
DD1003.0   -0.108889   0.902547   0.413589
DD1004.0   -0.109050   0.901326   0.416278
DD1005.0   -0.109144   0.900231   0.418724
DD1006.0   -0.109146   0.899303   0.420843
DD1007.0   -0.109034   0.898577   0.422565
DD1008.0   -0.108790   0.898081   0.423831
DD1009.0   -0.108401   0.897832   0.424602
DD1010.0   -0.107859   0.897838   0.424859
DD1011.0   -0.107160   0.898097   0.424603
DD1012.0   -0.106306   0.898598   0.423854
DD1013.0   -0.105304   0.899321   0.422647
DD1014.0   -0.104161   0.900241   0.421033
DD1015.0   -0.102890   0.901326   0.419072
DD1016.0   -0.101504   0.902542   0.416830
DD1017.0   -0.100015   0.903855   0.414379
DD1018.0   -0.098437   0.905228   0.411790
DD1019.0   -0.096783   0.906629   0.409132
DD1020.0   -0.095064   0.908025   0.406471
DD1021.0   -0.093291   0.909388   0.403866
DD1022.0   -0.091474   0.910693   0.401373
DD1023.0   -0.089620   0.911918   0.399040
DD1024.0   -0.087738   0.913044   0.396910
DD1025.0   -0.085833   0.914054   0.395020
DD1026.0   -0.083914   0.914937   0.393403
DD1027.0   -0.081988   0.915681   0.392086
DD1028.0   -0.080061   0.916279   0.391090
DD1029.0   -0.078141   0.916723   0.390432
DD1030.0   -0.076234   0.917013   0.390120
DD1031.0   -0.074349   0.917147   0.390157
DD1032.0   -0.072491   0.917130   0.390537
DD1033.0   -0.070666   0.916967   0.391246
DD1034.0   -0.068879   0.916668   0.392263
DD1035.0   -0.067135   0.916247   0.393556
DD1036.0   -0.065436   0.915720   0.395090
DD1037.0   -0.063784   0.915104   0.396821
DD1038.0   -0.062181   0.914419   0.398702
DD1039.0   -0.060627   0.913687   0.400684
DD1040.0   -0.059121   0.912927   0.402718
DD1041.0   -0.057660   0.912160   0.404755
DD1042.0   -0.056245   0.911403   0.406753
DD1043.0   -0.054871   0.910673   0.408675
DD1044.0   -0.053535   0.909982   0.410490
DD1045.0   -0.052233   0.909341   0.412173
DD1046.0   -0.050959   0.908755   0.413710
DD1047.0   -0.049709   0.908230   0.415093
DD1048.0   -0.048475   0.907765   0.416319
DD1049.0   -0.047248   0.907358   0.417396
DD1050.0   -0.046019   0.907004   0.418335
DD1051.0   -0.044780   0.906696   0.419153
DD1052.0   -0.043518   0.906426   0.419869
DD1053.0   -0.042223   0.906184   0.420510
DD1054.0   -0.040883   0.905956   0.421102
DD1055.0   -0.039489   0.905731   0.421675
DD1056.0   -0.038029   0.905495   0.422258
DD1057.0   -0.036496   0.905233   0.422884
DD1058.0   -0.034882   0.904933   0.423582
DD1059.0   -0.033182   0.904579   0.424383
DD1060.0   -0.031394   0.904159   0.425313
DD1061.0   -0.029515   0.903662   0.426397
DD1062.0   -0.027546   0.903078   0.427653
DD1063.0   -0.025490   0.902399   0.429095
DD1064.0   -0.023349   0.901621   0.430731
DD1065.0   -0.021127   0.900745   0.432559
DD1066.0   -0.018829   0.899773   0.434572
DD1067.0   -0.016459   0.898713   0.436749
DD1068.0   -0.014018   0.897579   0.439065
DD1069.0   -0.011511   0.896387   0.441485
DD1070.0   -0.008936   0.895157   0.443964
DD1071.0   -0.006293   0.893915   0.446452
DD1072.0   -0.003579   0.892687   0.448893
DD1073.0   -0.000791   0.891503   0.451228
DD1074.0   0.002077   0.890393   0.453396
DD1075.0   0.005031   0.889386   0.455338
DD1076.0   0.008074   0.888509   0.456999
DD1077.0   0.011212   0.887788   0.458330
DD1078.0   0.014445   0.887242   0.459291
DD1079.0   0.017772   0.886886   0.459852
DD1080.0   0.021191   0.886729   0.459996
DD1081.0   0.024690   0.886773   0.459718
DD1082.0   0.028258   0.887014   0.459026
DD1083.0   0.031876   0.887441   0.457941
DD1084.0   0.035521   0.888040   0.456496
DD1085.0   0.039166   0.888789   0.454734
DD1086.0   0.042781   0.889664   0.452705
DD1087.0   0.046333   0.890637   0.450468
DD1088.0   0.049785   0.891679   0.448085
DD1089.0   0.053102   0.892760   0.445620
DD1090.0   0.056248   0.893851   0.443137
DD1091.0   0.059187   0.894922   0.440700
DD1092.0   0.061886   0.895946   0.438369
DD1093.0   0.064316   0.896899   0.436199
DD1094.0   0.066449   0.897758   0.434241
DD1095.0   0.068263   0.898505   0.432540
DD1096.0   0.069737   0.899121   0.431133
DD1097.0   0.070856   0.899595   0.430051
DD1098.0   0.071608   0.899916   0.429316
DD1099.0   0.071986   0.900079   0.428945
