# snapshot   x_cen   y_cen   z_cen
DD0398   19347.237   19248.817   18773.455
DD0399   19350.192   19251.838   18776.236
DD0400   19356.057   19257.833   18781.755
DD0401   19364.741   19266.710   18789.928
DD0402   19376.115   19278.337   18800.632
DD0403   19390.017   19292.548   18813.713
DD0404   19406.256   19309.146   18828.993
DD0405   19424.622   19327.919   18846.273
DD0406   19444.894   19348.639   18865.344
DD0407   19466.848   19371.077   18885.996
DD0408   19490.263   19395.006   18908.018
DD0409   19514.925   19420.208   18931.210
DD0410   19540.636   19446.480   18955.386
DD0411   19567.216   19473.636   18980.374
DD0412   19594.503   19501.512   19006.022
DD0413   19622.356   19529.963   19032.197
DD0414   19650.655   19558.865   19058.786
DD0415   19679.299   19588.114   19085.692
DD0416   19708.204   19617.625   19112.838
DD0417   19737.304   19647.330   19140.160
DD0418   19766.545   19677.173   19167.608
DD0419   19795.887   19707.113   19195.143
DD0420   19825.297   19737.117   19222.735
DD0421   19854.753   19767.160   19250.361
DD0422   19884.236   19797.225   19278.006
DD0423   19913.734   19827.300   19305.656
DD0424   19943.238   19857.373   19333.303
DD0425   19972.740   19887.441   19360.941
DD0426   20002.237   19917.497   19388.566
DD0427   20031.726   19947.539   19416.175
DD0428   20061.203   19977.566   19443.765
DD0429   20090.669   20007.577   19471.335
DD0430   20120.121   20037.570   19498.885
DD0431   20149.558   20067.546   19526.413
DD0432   20178.981   20097.504   19553.919
DD0433   20208.388   20127.444   19581.404
DD0434   20237.780   20157.367   19608.866
DD0435   20267.157   20187.273   19636.305
DD0436   20296.519   20217.162   19663.723
DD0437   20325.864   20247.034   19691.119
DD0438   20355.195   20276.889   19718.494
DD0439   20384.510   20306.728   19745.846
DD0440   20413.810   20336.551   19773.177
DD0441   20443.094   20366.357   19800.487
DD0442   20472.363   20396.147   19827.775
DD0443   20501.616   20425.921   19855.043
DD0444   20530.854   20455.678   19882.290
DD0445   20560.077   20485.420   19909.516
DD0446   20589.284   20515.145   19936.723
DD0447   20618.475   20544.855   19963.909
DD0448   20647.650   20574.548   19991.075
DD0449   20676.810   20604.226   20018.222
DD0450   20705.953   20633.888   20045.350
DD0451   20735.081   20663.533   20072.458
DD0452   20764.192   20693.164   20099.548
DD0453   20793.287   20722.778   20126.619
DD0454   20822.365   20752.377   20153.671
DD0455   20851.426   20781.961   20180.705
DD0456   20880.471   20811.530   20207.721
DD0457   20909.499   20841.083   20234.719
DD0458   20938.511   20870.622   20261.699
DD0459   20967.505   20900.146   20288.661
DD0460   20996.482   20929.656   20315.606
DD0461   21025.443   20959.151   20342.533
DD0462   21054.387   20988.633   20369.443
DD0463   21083.314   21018.100   20396.335
DD0464   21112.223   21047.555   20423.210
DD0465   21141.116   21076.996   20450.068
DD0466   21169.992   21106.424   20476.908
DD0467   21198.852   21135.840   20503.731
DD0468   21227.694   21165.243   20530.537
DD0469   21256.519   21194.634   20557.326
DD0470   21285.328   21224.014   20584.096
DD0471   21314.119   21253.382   20610.849
DD0472   21342.894   21282.740   20637.585
DD0473   21371.652   21312.086   20664.302
DD0474   21400.392   21341.422   20691.001
DD0475   21429.116   21370.748   20717.682
DD0476   21457.822   21400.064   20744.345
DD0477   21486.511   21429.370   20770.990
DD0478   21515.184   21458.667   20797.616
DD0479   21543.839   21487.955   20824.224
DD0480   21572.477   21517.234   20850.814
DD0481   21601.098   21546.505   20877.385
DD0482   21629.702   21575.767   20903.939
DD0483   21658.289   21605.021   20930.475
DD0484   21686.859   21634.267   20956.993
DD0485   21715.413   21663.505   20983.494
DD0486   21743.950   21692.735   21009.977
DD0487   21772.470   21721.958   21036.444
DD0488   21800.974   21751.173   21062.894
DD0489   21829.462   21780.380   21089.327
DD0490   21857.933   21809.581   21115.744
DD0491   21886.388   21838.774   21142.145
DD0492   21914.827   21867.960   21168.529
DD0493   21943.251   21897.140   21194.898
DD0494   21971.659   21926.313   21221.250
DD0495   22000.051   21955.479   21247.586
DD0496   22028.427   21984.639   21273.906
DD0497   22056.789   22013.793   21300.210
DD0498   22085.135   22042.940   21326.497
DD0499   22113.465   22072.082   21352.768
DD0500   22141.781   22101.219   21379.021
DD0501   22170.081   22130.350   21405.257
DD0502   22198.366   22159.475   21431.476
DD0503   22226.636   22188.596   21457.676
DD0504   22254.890   22217.711   21483.858
DD0505   22283.128   22246.821   21510.021
DD0506   22311.351   22275.926   21536.164
DD0507   22339.558   22305.026   21562.288
DD0508   22367.749   22334.121   21588.391
DD0509   22395.923   22363.210   21614.473
DD0510   22424.081   22392.293   21640.535
DD0511   22452.222   22421.370   21666.574
DD0512   22480.347   22450.440   21692.593
DD0513   22508.454   22479.503   21718.589
DD0514   22536.545   22508.560   21744.563
DD0515   22564.620   22537.608   21770.514
DD0516   22592.677   22566.649   21796.444
DD0517   22620.718   22595.680   21822.351
DD0518   22648.742   22624.703   21848.236
DD0519   22676.750   22653.717   21874.098
DD0520   22704.742   22682.722   21899.938
DD0521   22732.717   22711.716   21925.756
DD0522   22760.677   22740.701   21951.552
DD0523   22788.620   22769.676   21977.326
DD0524   22816.548   22798.641   22003.078
DD0525   22844.460   22827.595   22028.808
DD0526   22872.357   22856.539   22054.516
DD0527   22900.239   22885.473   22080.201
DD0528   22928.105   22914.397   22105.863
DD0529   22955.955   22943.310   22131.502
DD0530   22983.791   22972.213   22157.118
DD0531   23011.611   23001.105   22182.709
DD0532   23039.416   23029.987   22208.275
DD0533   23067.205   23058.858   22233.816
DD0534   23094.979   23087.717   22259.331
DD0535   23122.738   23116.565   22284.818
DD0536   23150.481   23145.401   22310.277
DD0537   23178.208   23174.224   22335.706
DD0538   23205.920   23203.033   22361.106
DD0539   23233.617   23231.826   22386.474
DD0540   23261.298   23260.603   22411.811
DD0541   23288.963   23289.360   22437.114
DD0542   23316.612   23318.097   22462.385
DD0543   23344.246   23346.809   22487.622
DD0544   23371.865   23375.496   22512.826
DD0545   23399.469   23404.152   22537.998
DD0546   23427.058   23432.776   22563.139
DD0547   23454.632   23461.363   22588.252
DD0548   23482.193   23489.910   22613.339
DD0549   23509.740   23518.414   22638.405
DD0550   23537.276   23546.873   22663.453
DD0551   23564.799   23575.283   22688.491
DD0552   23592.312   23603.643   22713.523
DD0553   23619.816   23631.951   22738.558
DD0554   23647.311   23660.209   22763.602
DD0555   23674.799   23688.415   22788.663
DD0556   23702.282   23716.572   22813.749
DD0557   23729.759   23744.681   22838.866
DD0558   23757.233   23772.747   22864.022
DD0559   23784.705   23800.772   22889.222
DD0560   23812.174   23828.760   22914.470
DD0561   23839.642   23856.716   22939.769
DD0562   23867.109   23884.645   22965.119
DD0563   23894.576   23912.550   22990.521
DD0564   23922.041   23940.435   23015.972
DD0565   23949.504   23968.305   23041.469
DD0566   23976.966   23996.163   23067.006
DD0567   24004.426   24024.011   23092.579
DD0568   24031.881   24051.853   23118.180
DD0569   24059.333   24079.691   23143.804
DD0570   24086.780   24107.526   23169.444
DD0571   24114.221   24135.360   23195.095
DD0572   24141.656   24163.196   23220.752
DD0573   24169.084   24191.034   23246.412
DD0574   24196.505   24218.876   23272.070
DD0575   24223.919   24246.722   23297.726
DD0576   24251.324   24274.574   23323.378
DD0577   24278.722   24302.432   23349.025
DD0578   24306.111   24330.296   23374.666
DD0579   24333.492   24358.165   23400.300
DD0580   24360.864   24386.038   23425.927
DD0581   24388.227   24413.913   23451.544
DD0582   24415.580   24441.788   23477.151
DD0583   24442.923   24469.660   23502.744
DD0584   24470.256   24497.525   23528.322
DD0585   24497.577   24525.380   23553.880
DD0586   24524.886   24553.223   23579.417
DD0587   24552.182   24581.050   23604.930
DD0588   24579.466   24608.859   23630.415
DD0589   24606.737   24636.648   23655.873
DD0590   24633.994   24664.415   23681.301
DD0591   24661.238   24692.160   23706.700
DD0592   24688.469   24719.883   23732.068
DD0593   24715.687   24747.584   23757.408
DD0594   24742.892   24775.264   23782.720
DD0595   24770.085   24802.925   23808.006
DD0596   24797.267   24830.568   23833.267
DD0597   24824.437   24858.195   23858.506
DD0598   24851.597   24885.807   23883.724
DD0599   24878.746   24913.406   23908.923
DD0600   24905.886   24940.993   23934.105
DD0601   24933.016   24968.569   23959.270
DD0602   24960.137   24996.136   23984.420
DD0603   24987.250   25023.693   24009.556
DD0604   25014.353   25051.241   24034.679
DD0605   25041.448   25078.780   24059.788
DD0606   25068.533   25106.311   24084.886
DD0607   25095.611   25133.834   24109.971
DD0608   25122.679   25161.347   24135.045
DD0609   25149.739   25188.853   24160.107
DD0610   25176.789   25216.349   24185.158
DD0611   25203.830   25243.836   24210.199
DD0612   25230.863   25271.314   24235.229
DD0613   25257.885   25298.783   24260.248
DD0614   25284.899   25326.243   24285.258
DD0615   25311.902   25353.693   24310.257
DD0616   25338.896   25381.133   24335.246
DD0617   25365.880   25408.564   24360.226
DD0618   25392.854   25435.985   24385.197
DD0619   25419.818   25463.397   24410.158
DD0620   25446.771   25490.798   24435.111
DD0621   25473.714   25518.189   24460.054
DD0622   25500.647   25545.570   24484.989
DD0623   25527.569   25572.941   24509.916
DD0624   25554.480   25600.301   24534.834
DD0625   25581.380   25627.650   24559.743
DD0626   25608.269   25654.989   24584.645
DD0627   25635.148   25682.317   24609.538
DD0628   25662.015   25709.633   24634.424
DD0629   25688.871   25736.938   24659.301
DD0630   25715.715   25764.232   24684.171
DD0631   25742.548   25791.515   24709.033
DD0632   25769.369   25818.786   24733.887
DD0633   25796.178   25846.045   24758.733
DD0634   25822.976   25873.292   24783.572
DD0635   25849.762   25900.527   24808.403
DD0636   25876.536   25927.751   24833.226
DD0637   25903.298   25954.963   24858.043
DD0638   25930.048   25982.163   24882.852
DD0639   25956.786   26009.351   24907.653
DD0640   25983.511   26036.528   24932.447
DD0641   26010.225   26063.692   24957.235
DD0642   26036.927   26090.846   24982.015
DD0643   26063.617   26117.987   25006.787
DD0644   26090.295   26145.118   25031.553
DD0645   26116.961   26172.237   25056.312
DD0646   26143.616   26199.345   25081.063
DD0647   26170.259   26226.442   25105.807
DD0648   26196.891   26253.528   25130.544
DD0649   26223.512   26280.604   25155.273
DD0650   26250.122   26307.669   25179.995
DD0651   26276.722   26334.723   25204.710
DD0652   26303.311   26361.768   25229.417
DD0653   26329.889   26388.802   25254.116
DD0654   26356.458   26415.826   25278.808
DD0655   26383.017   26442.840   25303.492
DD0656   26409.567   26469.845   25328.167
DD0657   26436.107   26496.840   25352.835
DD0658   26462.639   26523.827   25377.494
DD0659   26489.161   26550.804   25402.145
DD0660   26515.676   26577.772   25426.788
DD0661   26542.182   26604.732   25451.422
DD0662   26568.679   26631.684   25476.047
DD0663   26595.170   26658.627   25500.665
DD0664   26621.652   26685.562   25525.273
DD0665   26648.127   26712.489   25549.873
DD0666   26674.594   26739.409   25574.465
DD0667   26701.054   26766.321   25599.048
DD0668   26727.507   26793.225   25623.622
DD0669   26753.953   26820.122   25648.188
DD0670   26780.391   26847.011   25672.745
DD0671   26806.823   26873.894   25697.294
DD0672   26833.247   26900.768   25721.834
DD0673   26859.664   26927.636   25746.366
DD0674   26886.074   26954.496   25770.890
DD0675   26912.476   26981.348   25795.405
DD0676   26938.871   27008.193   25819.912
DD0677   26965.259   27035.031   25844.412
DD0678   26991.640   27061.862   25868.904
DD0679   27018.012   27088.685   25893.387
DD0680   27044.378   27115.501   25917.864
DD0681   27070.736   27142.309   25942.333
DD0682   27097.086   27169.110   25966.795
DD0683   27123.429   27195.904   25991.249
DD0684   27149.764   27222.691   26015.697
DD0685   27176.091   27249.470   26040.137
DD0686   27202.411   27276.242   26064.571
DD0687   27228.723   27303.007   26088.998
DD0688   27255.027   27329.764   26113.418
DD0689   27281.324   27356.515   26137.832
DD0690   27307.614   27383.258   26162.239
DD0691   27333.895   27409.994   26186.640
DD0692   27360.170   27436.724   26211.034
DD0693   27386.437   27463.446   26235.422
DD0694   27412.697   27490.162   26259.803
DD0695   27438.949   27516.871   26284.178
DD0696   27465.194   27543.573   26308.547
DD0697   27491.432   27570.268   26332.909
DD0698   27517.663   27596.956   26357.264
DD0699   27543.886   27623.638   26381.613
DD0700   27570.102   27650.314   26405.955
DD0701   27596.311   27676.982   26430.290
DD0702   27622.512   27703.645   26454.619
DD0703   27648.706   27730.301   26478.940
DD0704   27674.893   27756.950   26503.254
DD0705   27701.072   27783.593   26527.561
DD0706   27727.244   27810.230   26551.860
DD0707   27753.408   27836.861   26576.151
DD0708   27779.564   27863.485   26600.435
DD0709   27805.713   27890.104   26624.710
DD0710   27831.854   27916.716   26648.978
DD0711   27857.987   27943.323   26673.238
DD0712   27884.113   27969.923   26697.489
DD0713   27910.230   27996.517   26721.732
DD0714   27936.341   28023.106   26745.967
DD0715   27962.444   28049.688   26770.194
DD0716   27988.539   28076.265   26794.412
DD0717   28014.627   28102.835   26818.622
DD0718   28040.708   28129.399   26842.823
DD0719   28066.782   28155.958   26867.017
DD0720   28092.849   28182.510   26891.201
DD0721   28118.909   28209.057   26915.378
DD0722   28144.963   28235.598   26939.546
DD0723   28171.010   28262.133   26963.707
DD0724   28197.051   28288.662   26987.859
DD0725   28223.086   28315.186   27012.003
DD0726   28249.115   28341.704   27036.139
DD0727   28275.138   28368.217   27060.267
DD0728   28301.155   28394.724   27084.387
DD0729   28327.167   28421.226   27108.500
DD0730   28353.173   28447.722   27132.603
DD0731   28379.174   28474.213   27156.699
DD0732   28405.169   28500.698   27180.787
DD0733   28431.159   28527.179   27204.867
DD0734   28457.143   28553.654   27228.938
DD0735   28483.122   28580.124   27253.001
DD0736   28509.095   28606.589   27277.056
DD0737   28535.063   28633.049   27301.102
DD0738   28561.026   28659.504   27325.141
DD0739   28586.983   28685.953   27349.171
DD0740   28612.935   28712.398   27373.193
DD0741   28638.881   28738.837   27397.206
DD0742   28664.822   28765.271   27421.212
DD0743   28690.758   28791.701   27445.209
DD0744   28716.687   28818.125   27469.198
DD0745   28742.612   28844.543   27493.179
DD0746   28768.531   28870.957   27517.151
DD0747   28794.443   28897.366   27541.115
DD0748   28820.351   28923.769   27565.071
DD0749   28846.252   28950.167   27589.019
DD0750   28872.147   28976.561   27612.958
DD0751   28898.036   29002.949   27636.889
DD0752   28923.919   29029.331   27660.811
DD0753   28949.795   29055.709   27684.725
DD0754   28975.666   29082.082   27708.630
DD0755   29001.529   29108.450   27732.527
DD0756   29027.386   29134.813   27756.416
DD0757   29053.237   29161.171   27780.296
DD0758   29079.080   29187.525   27804.167
DD0759   29104.917   29213.874   27828.030
DD0760   29130.746   29240.218   27851.884
DD0761   29156.569   29266.557   27875.729
DD0762   29182.384   29292.891   27899.566
DD0763   29208.192   29319.222   27923.394
DD0764   29233.993   29345.547   27947.213
DD0765   29259.786   29371.868   27971.023
DD0766   29285.572   29398.184   27994.824
DD0767   29311.351   29424.495   28018.616
DD0768   29337.123   29450.802   28042.400
DD0769   29362.888   29477.104   28066.174
DD0770   29388.646   29503.402   28089.940
DD0771   29414.397   29529.694   28113.697
DD0772   29440.141   29555.981   28137.445
DD0773   29465.879   29582.263   28161.184
DD0774   29491.611   29608.540   28184.914
DD0775   29517.338   29634.811   28208.636
DD0776   29543.058   29661.077   28232.348
DD0777   29568.773   29687.337   28256.053
DD0778   29594.482   29713.592   28279.748
DD0779   29620.186   29739.840   28303.435
DD0780   29645.885   29766.083   28327.113
DD0781   29671.580   29792.320   28350.783
DD0782   29697.270   29818.551   28374.444
DD0783   29722.955   29844.776   28398.098
DD0784   29748.637   29870.996   28421.744
DD0785   29774.314   29897.210   28445.381
DD0786   29799.987   29923.419   28469.011
DD0787   29825.655   29949.622   28492.634
DD0788   29851.320   29975.820   28516.249
DD0789   29876.980   30002.013   28539.857
DD0790   29902.636   30028.200   28563.458
DD0791   29928.287   30054.383   28587.052
DD0792   29953.934   30080.561   28610.639
DD0793   29979.576   30106.734   28634.219
DD0794   30005.213   30132.902   28657.792
DD0795   30030.845   30159.065   28681.358
DD0796   30056.471   30185.224   28704.917
DD0797   30082.092   30211.377   28728.470
DD0798   30107.708   30237.526   28752.016
DD0799   30133.317   30263.670   28775.555
DD0800   30158.921   30289.810   28799.087
DD0801   30184.518   30315.944   28822.613
DD0802   30210.110   30342.074   28846.133
DD0803   30235.695   30368.199   28869.646
DD0804   30261.274   30394.319   28893.152
DD0805   30286.847   30420.433   28916.652
DD0806   30312.413   30446.542   28940.146
DD0807   30337.974   30472.646   28963.634
DD0808   30363.529   30498.744   28987.115
DD0809   30389.077   30524.836   29010.591
DD0810   30414.620   30550.923   29034.060
DD0811   30440.157   30577.003   29057.523
DD0812   30465.689   30603.078   29080.980
DD0813   30491.215   30629.146   29104.431
DD0814   30516.737   30655.209   29127.877
DD0815   30542.254   30681.265   29151.316
DD0816   30567.766   30707.315   29174.750
DD0817   30593.274   30733.359   29198.179
DD0818   30618.779   30759.398   29221.602
DD0819   30644.279   30785.430   29245.019
DD0820   30669.775   30811.457   29268.432
DD0821   30695.269   30837.478   29291.839
DD0822   30720.758   30863.493   29315.241
DD0823   30746.245   30889.502   29338.638
DD0824   30771.727   30915.506   29362.031
DD0825   30797.207   30941.505   29385.418
DD0826   30822.683   30967.498   29408.800
DD0827   30848.156   30993.485   29432.177
DD0828   30873.624   31019.467   29455.549
DD0829   30899.090   31045.443   29478.916
DD0830   30924.551   31071.415   29502.279
DD0831   30950.008   31097.381   29525.636
DD0832   30975.461   31123.341   29548.988
DD0833   31000.910   31149.297   29572.336
DD0834   31026.355   31175.249   29595.679
DD0835   31051.796   31201.195   29619.017
DD0836   31077.231   31227.138   29642.350
DD0837   31102.663   31253.076   29665.679
DD0838   31128.089   31279.010   29689.003
DD0839   31153.511   31304.940   29712.323
DD0840   31178.927   31330.866   29735.638
DD0841   31204.338   31356.788   29758.948
DD0842   31229.744   31382.707   29782.254
DD0843   31255.144   31408.622   29805.556
DD0844   31280.538   31434.534   29828.853
DD0845   31305.926   31460.442   29852.145
DD0846   31331.309   31486.346   29875.433
DD0847   31356.685   31512.247   29898.716
DD0848   31382.056   31538.144   29921.995
DD0849   31407.421   31564.038   29945.269
DD0850   31432.779   31589.928   29968.539
DD0851   31458.133   31615.815   29991.805
DD0852   31483.480   31641.699   30015.066
DD0853   31508.822   31667.579   30038.323
DD0854   31534.160   31693.455   30061.576
DD0855   31559.492   31719.329   30084.825
DD0856   31584.820   31745.199   30108.069
DD0857   31610.143   31771.066   30131.310
DD0858   31635.462   31796.929   30154.546
DD0859   31660.777   31822.789   30177.778
DD0860   31686.089   31848.646   30201.006
DD0861   31711.397   31874.500   30224.230
DD0862   31736.701   31900.350   30247.450
DD0863   31762.002   31926.198   30270.665
DD0864   31787.299   31952.042   30293.877
DD0865   31812.594   31977.882   30317.084
DD0866   31837.884   32003.720   30340.287
DD0867   31863.172   32029.554   30363.486
DD0868   31888.456   32055.386   30386.681
DD0869   31913.736   32081.214   30409.873
DD0870   31939.014   32107.039   30433.060
DD0871   31964.288   32132.861   30456.244
DD0872   31989.558   32158.680   30479.424
DD0873   32014.825   32184.495   30502.601
DD0874   32040.089   32210.307   30525.774
DD0875   32065.350   32236.116   30548.944
DD0876   32090.607   32261.921   30572.110
DD0877   32115.862   32287.722   30595.273
DD0878   32141.113   32313.519   30618.433
DD0879   32166.362   32339.313   30641.590
DD0880   32191.607   32365.102   30664.743
DD0881   32216.850   32390.888   30687.893
DD0882   32242.091   32416.668   30711.039
DD0883   32267.329   32442.445   30734.183
DD0884   32292.564   32468.217   30757.323
DD0885   32317.798   32493.984   30780.459
DD0886   32343.029   32519.746   30803.593
DD0887   32368.258   32545.504   30826.723
DD0888   32393.485   32571.257   30849.850
DD0889   32418.709   32597.005   30872.973
DD0890   32443.932   32622.748   30896.092
DD0891   32469.153   32648.485   30919.208
DD0892   32494.371   32674.218   30942.320
DD0893   32519.587   32699.945   30965.427
DD0894   32544.800   32725.667   30988.531
DD0895   32570.011   32751.383   31011.629
DD0896   32595.219   32777.094   31034.723
DD0897   32620.425   32802.800   31057.812
DD0898   32645.627   32828.501   31080.896
DD0899   32670.826   32854.197   31103.974
DD0900   32696.021   32879.887   31127.047
DD0901   32721.213   32905.573   31150.114
DD0902   32746.401   32931.255   31173.175
DD0903   32771.586   32956.932   31196.230
DD0904   32796.766   32982.605   31219.279
DD0905   32821.941   33008.274   31242.322
DD0906   32847.113   33033.939   31265.359
DD0907   32872.279   33059.600   31288.389
DD0908   32897.441   33085.259   31311.414
DD0909   32922.598   33110.913   31334.432
DD0910   32947.749   33136.565   31357.443
DD0911   32972.896   33162.213   31380.448
DD0912   32998.036   33187.858   31403.447
DD0913   33023.172   33213.499   31426.439
DD0914   33048.302   33239.137   31449.424
DD0915   33073.426   33264.772   31472.403
DD0916   33098.544   33290.403   31495.375
DD0917   33123.657   33316.030   31518.340
DD0918   33148.765   33341.654   31541.299
DD0919   33173.867   33367.275   31564.251
DD0920   33198.964   33392.891   31587.197
DD0921   33224.056   33418.505   31610.136
DD0922   33249.143   33444.115   31633.069
DD0923   33274.226   33469.721   31655.996
DD0924   33299.305   33495.325   31678.917
DD0925   33324.379   33520.925   31701.832
DD0926   33349.450   33546.522   31724.741
DD0927   33374.517   33572.116   31747.644
DD0928   33399.581   33597.708   31770.542
DD0929   33424.642   33623.296   31793.433
DD0930   33449.700   33648.881   31816.319
DD0931   33474.755   33674.462   31839.200
DD0932   33499.807   33700.041   31862.074
DD0933   33524.857   33725.615   31884.942
DD0934   33549.903   33751.186   31907.805
DD0935   33574.946   33776.753   31930.661
DD0936   33599.987   33802.316   31953.511
DD0937   33625.024   33827.875   31976.355
DD0938   33650.058   33853.429   31999.192
DD0939   33675.089   33878.979   32022.024
DD0940   33700.117   33904.524   32044.848
DD0941   33725.141   33930.064   32067.666
DD0942   33750.162   33955.599   32090.478
DD0943   33775.179   33981.129   32113.284
DD0944   33800.193   34006.655   32136.083
DD0945   33825.203   34032.176   32158.876
DD0946   33850.210   34057.692   32181.662
DD0947   33875.213   34083.204   32204.443
DD0948   33900.212   34108.711   32227.217
DD0949   33925.207   34134.215   32249.985
DD0950   33950.198   34159.714   32272.747
DD0951   33975.184   34185.209   32295.503
DD0952   34000.166   34210.701   32318.254
DD0953   34025.143   34236.190   32340.998
DD0954   34050.115   34261.675   32363.736
DD0955   34075.082   34287.158   32386.469
DD0956   34100.045   34312.638   32409.196
DD0957   34125.002   34338.116   32431.917
DD0958   34149.955   34363.591   32454.634
DD0959   34174.902   34389.065   32477.345
DD0960   34199.845   34414.537   32500.051
DD0961   34224.783   34440.008   32522.752
DD0962   34249.716   34465.477   32545.449
DD0963   34274.645   34490.945   32568.141
DD0964   34299.569   34516.412   32590.829
DD0965   34324.489   34541.878   32613.512
DD0966   34349.405   34567.342   32636.191
DD0967   34374.317   34592.805   32658.865
DD0968   34399.224   34618.266   32681.536
DD0969   34424.127   34643.726   32704.202
DD0970   34449.027   34669.183   32726.864
DD0971   34473.922   34694.638   32749.521
DD0972   34498.812   34720.090   32772.174
DD0973   34523.699   34745.539   32794.823
DD0974   34548.582   34770.985   32817.468
DD0975   34573.461   34796.428   32840.108
DD0976   34598.335   34821.867   32862.744
DD0977   34623.207   34847.303   32885.376
DD0978   34648.074   34872.735   32908.004
DD0979   34672.938   34898.165   32930.629
DD0980   34697.798   34923.591   32953.250
DD0981   34722.656   34949.014   32975.867
DD0982   34747.510   34974.435   32998.481
DD0983   34772.361   34999.853   33021.091
DD0984   34797.210   35025.269   33043.699
DD0985   34822.055   35050.683   33066.303
DD0986   34846.897   35076.095   33088.905
DD0987   34871.737   35101.505   33111.503
DD0988   34896.574   35126.914   33134.098
DD0989   34921.408   35152.321   33156.691
DD0990   34946.239   35177.726   33179.280
DD0991   34971.068   35203.130   33201.866
DD0992   34995.893   35228.531   33224.449
DD0993   35020.716   35253.930   33247.028
DD0994   35045.535   35279.328   33269.604
DD0995   35070.352   35304.723   33292.177
DD0996   35095.167   35330.116   33314.747
DD0997   35119.979   35355.506   33337.314
DD0998   35144.788   35380.894   33359.877
DD0999   35169.596   35406.279   33382.438
DD1000   35194.401   35431.662   33404.995
DD1001   35219.204   35457.042   33427.550
DD1002   35244.006   35482.420   33450.103
DD1003   35268.806   35507.796   33472.653
DD1004   35293.604   35533.168   33495.200
DD1005   35318.401   35558.539   33517.746
DD1006   35343.196   35583.906   33540.289
DD1007   35367.989   35609.271   33562.830
DD1008   35392.780   35634.633   33585.369
DD1009   35417.569   35659.992   33607.906
DD1010   35442.357   35685.348   33630.440
DD1011   35467.142   35710.702   33652.972
DD1012   35491.924   35736.052   33675.502
DD1013   35516.704   35761.399   33698.028
DD1014   35541.481   35786.743   33720.553
DD1015   35566.255   35812.084   33743.074
DD1016   35591.026   35837.422   33765.593
DD1017   35615.794   35862.757   33788.109
DD1018   35640.559   35888.090   33810.623
DD1019   35665.321   35913.420   33833.134
DD1020   35690.079   35938.749   33855.642
DD1021   35714.835   35964.075   33878.148
DD1022   35739.589   35989.399   33900.652
DD1023   35764.339   36014.721   33923.153
DD1024   35789.087   36040.042   33945.651
DD1025   35813.831   36065.362   33968.148
DD1026   35838.574   36090.679   33990.641
DD1027   35863.313   36115.995   34013.132
DD1028   35888.051   36141.309   34035.620
DD1029   35912.785   36166.622   34058.105
DD1030   35937.517   36191.932   34080.587
DD1031   35962.247   36217.240   34103.065
DD1032   35986.975   36242.545   34125.540
DD1033   36011.700   36267.848   34148.011
DD1034   36036.423   36293.148   34170.478
DD1035   36061.143   36318.445   34192.940
DD1036   36085.862   36343.739   34215.399
DD1037   36110.579   36369.031   34237.853
DD1038   36135.294   36394.319   34260.304
DD1039   36160.007   36419.605   34282.750
DD1040   36184.718   36444.888   34305.192
DD1041   36209.428   36470.169   34327.631
DD1042   36234.136   36495.447   34350.066
DD1043   36258.843   36520.723   34372.498
DD1044   36283.548   36545.997   34394.927
DD1045   36308.252   36571.268   34417.352
DD1046   36332.955   36596.537   34439.775
DD1047   36357.656   36621.803   34462.195
DD1048   36382.356   36647.068   34484.613
DD1049   36407.054   36672.329   34507.027
DD1050   36431.751   36697.589   34529.439
DD1051   36456.446   36722.845   34551.849
DD1052   36481.140   36748.099   34574.255
DD1053   36505.832   36773.351   34596.659
DD1054   36530.522   36798.599   34619.060
DD1055   36555.210   36823.845   34641.458
DD1056   36579.897   36849.089   34663.853
DD1057   36604.583   36874.330   34686.245
DD1058   36629.267   36899.568   34708.634
DD1059   36653.949   36924.804   34731.020
DD1060   36678.630   36950.039   34753.404
DD1061   36703.309   36975.271   34775.784
DD1062   36727.987   37000.501   34798.162
DD1063   36752.663   37025.729   34820.537
DD1064   36777.338   37050.956   34842.910
DD1065   36802.011   37076.181   34865.280
DD1066   36826.683   37101.403   34887.649
DD1067   36851.352   37126.624   34910.015
DD1068   36876.020   37151.842   34932.379
DD1069   36900.684   37177.057   34954.739
DD1070   36925.344   37202.267   34977.097
DD1071   36949.999   37227.472   34999.450
DD1072   36974.648   37252.669   35021.796
DD1073   36999.286   37277.855   35044.135
DD1074   37023.912   37303.028   35066.463
DD1075   37048.519   37328.182   35088.775
DD1076   37073.101   37353.309   35111.064
DD1077   37097.646   37378.398   35133.321
DD1078   37122.142   37403.436   35155.533
DD1079   37146.567   37428.402   35177.682
DD1080   37170.897   37453.270   35199.745
DD1081   37195.097   37478.006   35221.692
DD1082   37219.124   37502.566   35243.482
DD1083   37242.923   37526.893   35265.066
DD1084   37266.426   37550.917   35286.381
DD1085   37289.550   37574.555   35307.353
DD1086   37312.195   37597.704   35327.891
DD1087   37334.246   37620.246   35347.890
DD1088   37355.569   37642.046   35367.229
DD1089   37376.015   37662.950   35385.773
DD1090   37395.422   37682.792   35403.375
DD1091   37413.614   37701.393   35419.874
DD1092   37430.409   37718.566   35435.107
DD1093   37445.622   37734.121   35448.904
DD1094   37459.070   37747.873   35461.101
DD1095   37470.581   37759.644   35471.541
DD1096   37479.998   37769.274   35480.082
DD1097   37487.188   37776.626   35486.603
DD1098   37492.042   37781.591   35491.006
DD1099   37494.488   37784.093   35493.224
