|        redshift |   name |                 xc |                 yc |                 zc |                 xv |                 yv |                  zv |
| 2.9999997541609 | RD0016 | 18246.775314636983 |  18125.54203257523 | 17732.408639132205 | 21.912444138536063 | 160.73178697867885 | -108.27182407341665 |
| 2.8079478016887 | DD0398 | 19171.438615357773 |  19069.02719978956 |  18607.70737498159 |  16.107631393051133 |  171.0538343719008 | -106.72170892495627 |
| 2.8020533632479 | DD0399 |  19201.30504046949 |  19099.60103371035 | 18635.905831850392 |   32.96695220621086 | 171.73904039112048 | -125.32564295787324 |
| 2.7961810885899 | DD0400 |  19231.07964104943 | 19130.085829589734 | 18664.082888523724 |   19.73827651509537 | 170.74460077473162 | -142.30869667377098 |
|  2.790330842939 | DD0401 |  19260.97936766562 |  19160.62612998921 | 18692.311020832625 |  -2.502458492991339 |  166.4429006782201 | -134.18158955559423 |
| 2.7845024926427 | DD0402 |  19290.78741042112 |  19191.14982031243 |  18720.44560095616 |  2.9976102966043077 |  164.1527535175895 | -114.54841467459283 |
|   2.77869590516 | DD0403 | 19320.648760341148 | 19221.656967314826 | 18748.486364551438 |  15.481239366372591 | 165.60460702115375 | -114.59325634081111 |
| 2.7729109490496 | DD0404 |  19350.49108171584 | 19252.074898178693 | 18776.578525834026 |    8.04504181284769 |  165.2188788852182 |  -124.7851505452845 |
| 2.7671474939581 | DD0405 | 19380.168742380698 | 19282.549046167012 | 18804.649637837323 |   5.174279214764896 | 165.60605611795174 | -113.70622813140997 |
| 2.7614054106088 | DD0406 | 19409.972990516955 | 19313.006849151443 | 18832.699769686296 |  15.760634568715213 |  171.7429034679721 | -108.73837749422134 |
| 2.7556845707904 | DD0407 |  19439.75841583858 |  19343.44837254659 |  18860.65591728851 |  18.193439606756066 | 173.40526872887352 | -116.56989572259337 |
| 2.7499994325891 | RD0017 | 19469.449361437906 |  19373.72514506543 | 18888.517534553546 |  13.317888385236532 | 175.57538298578075 | -112.49067075943775 |
| 2.7499854148081 | DD0408 | 19469.522139981596 | 19373.797565783432 | 18888.588141522087 |  13.317928568690553 |   175.585413219328 | -112.46847268043751 |
| 2.7443061141044 | DD0409 | 19499.273069353338 | 19404.209545949954 | 18916.578380797513 |   23.91501019228032 |  179.8411799424243 |  -111.0718379394609 |
| 2.7386482461544 | DD0410 |  19528.92902577177 |  19434.60250857564 | 18944.545054255523 |  26.017614788650445 | 182.23391960230828 | -118.90405180904276 |
| 2.7330111192659 | DD0411 |   19558.6397240065 | 19464.979450373114 | 18972.491088465682 |   19.62382621140524 | 182.16699268983686 |  -127.1178495136225 |
| 2.7273946104466 | DD0412 |  19588.33193533015 | 19495.340434843125 |  19000.41655022412 |  16.050417406867645 | 183.93071722448272 | -122.65361321902199 |
|  2.721798597648 | DD0413 |  19618.00572591079 |  19525.61178728446 |  19028.24776810281 |  12.320787677368216 |  182.8820967333512 | -124.70225678255298 |
| 2.7162229598118 | DD0414 |  19647.58731277719 | 19555.940936586278 |  19056.13217424938 |  17.218117042103223 | 180.24935645207307 | -123.03714118362717 |
| 2.7106675768597 | DD0415 | 19677.298307883204 |  19586.25431812541 | 19084.070166658792 |  12.458585563009448 |  170.6518485285278 | -120.04456764270296 |
| 2.7051323296836 | DD0416 | 19706.917229984687 |    19616.477924577 | 19111.839932977837 |  17.299217118065727 |  160.7922108283442 | -117.14612369165175 |
| 2.6996171001351 | DD0417 | 19736.517992768833 | 19646.759847485693 |  19139.66341677863 |  17.898253713889535 | 160.07381434416754 | -124.33769991149651 |
| 2.6941217710161 | DD0418 | 19766.174951427238 | 19677.026189405435 | 19167.466723815796 |  17.032700207259612 | 151.72023067635075 |  -134.3354269004353 |
| 2.6886462260689 | DD0419 | 19795.739699211033 | 19707.202611047414 | 19195.249918901325 |  10.115622539952362 |  151.9886606651256 |  -127.9140692630875 |
| 2.6831903499668 | DD0420 |  19825.28648033406 |  19737.43786535533 |  19223.08757765542 |   18.03419859042339 |  154.4424839255863 | -130.21682856388352 |
| 2.6777540283045 | DD0421 | 19854.889979677755 | 19767.657722719698 |  19250.83085215383 |  10.490996084538954 |  158.9273890888027 | -132.94039617334442 |
| 2.6723371475887 | DD0422 |  19884.47585942885 |  19797.78751253652 | 19278.479475851353 |   5.516000909067562 |  162.4191310857187 |   -129.706003074089 |
|  2.666939595229 | DD0423 |  19914.04418238305 |  19827.90180657274 |  19306.25770631395 |  3.7090061836192074 | 166.88603846242847 | -127.55200821803056 |
| 2.6615612595288 | DD0424 | 19943.595011032627 |  19858.00066517798 | 19333.941412799944 |   8.698284999257282 | 173.71648092037185 |  -122.7234534272656 |
| 2.6562020296762 | DD0425 | 19973.203468698168 | 19888.084148411035 |  19361.53032846903 |   19.61714879156002 | 176.13983772959054 | -132.49337597847423 |
| 2.6508617957349 | DD0426 | 20002.719604810118 |  19918.15231604303 | 19389.249699362827 |   19.62416914492782 | 181.98983650619348 | -129.65059407969218 |
|  2.645540448636 | DD0427 | 20032.143151581055 | 19948.129946906996 | 19416.874404447473 |  22.177005847001915 | 183.95120246923327 | -144.04956605903428 |
| 2.6402378801687 | DD0428 | 20061.624621954586 | 19978.167551842762 | 19444.479566909016 |  12.365745496841535 | 187.43874797889242 |   -141.591175558764 |
| 2.6349539829721 | DD0429 |  20091.23990581147 |  20008.19001884241 | 19472.140748405767 |  13.306863346885873 | 198.24517973568058 | -124.44604137286863 |
| 2.6296886505266 | DD0430 | 20120.611673907213 | 20038.121797121144 |  19499.63151071383 |   34.55086243297742 | 197.15160256363515 | -112.63713378725564 |
| 2.6244417771454 | DD0431 | 20150.117595547516 | 20068.114054420086 | 19527.178414702325 |  40.168921428960864 |  198.0808112434156 |  -124.9831803514949 |
| 2.6192132579666 | DD0432 |  20179.45507435628 |  20098.01552065839 |  19554.63019309875 |   37.18564036365525 | 190.95442313164898 |  -139.0636403363497 |
| 2.6140029889446 | DD0433 |  20208.92726440195 | 20127.977800844896 | 19582.138453707845 |   29.58359229514646 | 192.73857175478716 | -118.62863402447142 |
| 2.6088108668423 | DD0434 | 20238.306740477085 | 20157.849186799554 | 19609.551491133196 |  38.581047183985376 |  192.5713782186351 | -111.22052589805008 |
| 2.6036367892231 | DD0435 | 20267.669390143015 | 20187.781720269588 | 19637.021349893388 |   53.08937599640642 | 188.88421323197497 | -129.39604773247447 |
| 2.5984806544428 | DD0436 |  20297.01527242158 | 20217.699520664242 |  19664.47215215681 |    50.3294383779646 |  183.5586522255869 | -138.43072131127747 |
| 2.5933423616422 | DD0437 | 20326.344446057177 |  20247.52627050646 | 19691.751208992344 |   40.57423186917061 | 190.43174179145032 | -144.84558711387058 |
| 2.5882218107391 | DD0438 |  20355.73345271094 |  20277.41466566856 | 19719.163858420154 |   31.74862721103814 | 191.08627729083935 | -127.67407527528803 |
| 2.5831189024207 | DD0439 |  20384.95290101026 | 20307.211905086817 |  19746.55762906753 |   42.82414220070715 | 185.94883280806982 | -127.37173401331917 |
| 2.5780335381363 | DD0440 |  20414.30899942674 | 20337.071120065604 | 19773.855878607017 |   47.99558857979544 | 182.08494509084514 | -142.32419632615037 |
| 2.5729656200897 | DD0441 |  20443.57202927734 |  20366.91588308919 | 19801.211958564414 |   43.13062756515969 | 186.54659084570036 |   -140.761448489851 |
|  2.567915051232 | DD0442 | 20472.818640068705 | 20396.669331080142 |  19828.47241643519 |   34.60003815028816 | 191.07927914211092 | -145.21418915789727 |
| 2.5628817352542 | DD0443 | 20502.048888928774 |  20426.40822036632 | 19855.714011222524 |  31.803790482874756 |  189.2670708089914 | -138.83866465176936 |
|   2.55786557658 | DD0444 | 20531.339968479413 | 20456.209741804887 | 19882.936800690837 |   34.50407664962303 | 191.29989918241196 | -123.58250857205245 |
| 2.5528664803591 | DD0445 | 20560.537772345313 |  20485.91978726372 | 19910.140842338053 |   50.82330625428488 | 187.03425955259726 | -120.57222111356329 |
| 2.5478843524596 | DD0446 |  20589.79673679081 |  20515.69279125819 |  19937.40354616229 |   66.94515140255713 | 186.17372007412428 |  -134.6873771472267 |
| 2.5429190994617 | DD0447 |  20618.96232078566 | 20545.374211016886 | 19964.570372020808 |   48.41334502797514 | 185.66591214297233 | -157.36338324045332 |
| 2.5379706286505 | DD0448 |  20648.11182445178 | 20575.041344928304 | 19991.718620919277 |  32.658368737954525 | 183.43893337924538 |   -142.373285957062 |
| 2.5330388480092 | DD0449 | 20677.400658948103 | 20604.771924634973 | 20018.848349315253 |  43.142243683876856 | 183.32201763039828 |  -136.1860362541713 |
| 2.5281236662127 | DD0450 |  20706.51838486866 |  20634.41075637799 | 20045.881827402372 |   32.66983992643113 | 185.30843887123862 |  -122.7022804513948 |
| 2.5232249926207 | DD0451 | 20735.620196310672 | 20664.035463032775 | 20072.974574988504 |   73.54138787952654 | 182.73695703776465 | -142.53864001618126 |
| 2.5183427372716 | DD0452 | 20764.628145847764 |  20693.64609772058 | 20100.126972226342 |   43.88711257404556 | 183.43622440328906 | -157.10623542656552 |
| 2.5134768108755 | DD0453 | 20793.776294810665 | 20723.242713324533 | 20127.183178085692 |   38.77318096869204 | 180.09209090088967 |  -161.2665030531626 |
| 2.5086271248081 | DD0454 | 20822.908909024314 | 20752.903580733604 | 20154.221141921167 |   38.96834499022422 | 179.80011749113874 |  -137.6381836966404 |
| 2.5037935911048 | DD0455 | 20852.026042388716 |  20782.47242376941 |  20181.39757097148 |   29.41045496945023 | 185.14595980305856 | -146.19488018838624 |
| 2.4999996211373 | RD0018 | 20874.786284244077 | 20805.706147454668 | 20202.489924615915 |   46.73025502946281 |  185.5500750667919 | -131.03632283676936 |
| 2.4989765010864 | DD0456 | 20881.047054987535 | 20812.025152764454 |  20208.31881025188 |   51.45143794169906 | 183.78792456772865 | -131.32715088196758 |
| 2.4941746321519 | DD0457 |   20910.0569976645 | 20841.568576244692 |  20235.30467149756 |   66.19691081289409 | 180.42399852974197 | -154.96660463564578 |
| 2.4893890342889 | DD0458 | 20939.049144340584 | 20871.095988881687 | 20262.270321743603 |  47.133088063451325 | 185.14857428419882 | -171.09286736703947 |
| 2.4846192433621 | DD0459 |  20968.10456555436 |  20900.60969494943 | 20289.218002410253 |  36.754351622208446 | 187.72815523152036 | -148.59307109866702 |
| 2.4798651746491 | DD0460 |  20997.06590728364 | 20930.109745470832 | 20316.147767010665 |   44.78883444294586 | 181.59657604449492 | -134.82590908479588 |
| 2.4751267440123 | DD0461 |  21026.01187167475 | 20959.596191469533 | 20343.059669041304 |   58.70821484645827 | 178.02927641440039 | -137.17488021962362 |
| 2.4704038679317 | DD0462 | 21054.863431408474 | 20989.069083741044 | 20369.953761759898 |   48.44478738520104 | 174.28037550192633 | -161.62445892564372 |
| 2.4656964634984 | DD0463 |  21083.77869075787 | 21018.528472858754 |  20396.83009819132 |   60.15630276317569 |   171.868406119509 | -139.00455599584944 |
| 2.4610044484096 | DD0464 | 21112.678729415933 | 21047.974409171347 | 20423.768025635312 |  39.256571514734844 | 174.06851803581418 |  -149.9138452545125 |
| 2.4563277409622 | DD0465 | 21141.801804528546 | 21077.486344611327 |  20450.60911492437 |   49.48825310303747 | 176.01324812070217 |  -137.8245819208634 |
|  2.451666260048 | DD0466 | 21170.433351384538 |   21106.8261236801 |  20477.51211457935 |   59.06958673884507 |  181.4902250158169 | -153.85787345814663 |
| 2.4470199251477 | DD0467 | 21199.367653698373 | 21136.232001476157 |  20504.31816580439 |   48.97405541077384 | 181.43677934588897 |  -170.9981643298853 |
| 2.4423886563259 | DD0468 | 21228.287155142378 | 21165.624625670196 | 20531.106722274344 |  38.506623841023945 | 185.78468446192517 | -147.14448334327184 |
|  2.437772374225 | DD0469 | 21257.112076006495 | 21195.004045522874 | 20557.798005265457 |    49.6015102420926 | 182.31261135960156 | -133.54222879286462 |
| 2.4331710000609 | DD0470 |  21285.84214574807 | 21224.370310077622 | 20584.551619952446 |   58.58237645395693 | 178.78073266766285 | -159.48236977529186 |
| 2.4285844556168 | DD0471 | 21314.637182568196 | 21253.723468167922 |  20611.36793851982 |    57.8482113328695 | 176.70652011343975 | -157.03698191389415 |
| 2.4240126632385 | DD0472 | 21343.417406275985 |  21283.06356841559 | 20638.167181397337 |  31.714969654309183 |  177.3688879769217 | -144.61332974213204 |
| 2.4194555458295 | DD0473 |  21372.18286683548 |  21312.39065923074 | 20664.869141170297 |  53.439164312742705 | 174.48932700090532 | -151.73519955975542 |
|  2.414913026845 | DD0474 |  21400.93361399941 |  21341.78515357487 | 20691.634277441015 |   37.52200551994201 |  172.4578612884848 | -157.86368447808874 |
| 2.4103850302881 | DD0475 |  21429.66969730293 | 21371.086476631484 | 20718.302017721115 |  35.044581295277766 | 173.12007899155213 | -169.69748808405214 |
| 2.4058714807037 | DD0476 |  21458.47174417196 |  21400.37493418967 |  20744.95267011765 |   46.35357625518245 |  180.8630359262921 | -147.74212111448261 |
| 2.4013723031744 | DD0477 | 21487.017384735413 |  21429.65057383547 | 20771.586284524758 |  56.089818543290136 |  181.9807745444882 |  -166.5725184162733 |
| 2.3968874233151 | DD0478 |  21515.70966504034 | 21458.913442953417 | 20798.283701837114 |  57.231011339016824 |  179.9354967197409 | -167.25101882257417 |
| 2.3924167672688 | DD0479 | 21544.387477581513 |  21488.24448640582 | 20824.964393250906 |   56.40730683121393 | 176.04222430933336 | -138.93847385145477 |
|  2.387960261701 | DD0480 |  21573.05087084951 | 21517.482062224553 |  20851.46639966713 |  59.705648702642186 | 173.13808579451418 |  -161.4879462051348 |
| 2.3835178337957 | DD0481 | 21601.699893127956 | 21546.788118853914 | 20877.951352733136 |  60.527996245935974 | 168.26728796709912 | -167.73888513822598 |
| 2.3790894112506 | DD0482 | 21630.172159000325 | 21576.000588277722 | 20904.581734958745 |   42.35995075396306 | 169.31148895489397 | -148.75749854465664 |
| 2.3746749222723 | DD0483 | 21658.873693840436 | 21605.281843968223 | 20930.951617655057 |   60.14871731448209 | 173.96600559903874 | -164.00528375609042 |
| 2.3702742955719 | DD0484 |  21687.39835545644 | 21634.469392325314 | 20957.467239291196 |  53.357657748405195 | 177.21158790296056 | -166.50310551760356 |
| 2.3658874603604 | DD0485 |  21715.90862498812 | 21663.726031399183 | 20984.047749903333 |  54.008380637744985 |  176.6797980471576 | -151.85741822406015 |
| 2.3615143463444 | DD0486 | 21744.567832628825 |  21692.97048383837 |  21010.44859161022 |   64.17771187567146 |  169.0907904371876 | -157.10938934420938 |
| 2.3571548837215 | DD0487 | 21772.967924767614 |  21722.20279509052 | 21037.077912926718 |   52.73610299406069 |  159.7405626399288 | -151.58399494332969 |
| 2.3528090031763 | DD0488 | 21801.435407878555 | 21751.423010412036 |   21063.3637418301 |   54.98798852195107 | 154.10515763072806 | -151.47344181966025 |
| 2.3484766358755 | DD0489 | 21830.052605951838 |  21780.63117487314 | 21089.878569348646 |   33.00289859148618 |  158.1885540442984 | -157.44826184511885 |
| 2.3441577134642 | DD0490 | 21858.409875216472 | 21809.827333355424 | 21116.295135268087 |   36.39230415650646 | 162.07748599430113 | -160.05811058343232 |
| 2.3398521680614 | DD0491 | 21886.917164152805 |  21839.01153055485 | 21142.530998177022 |   34.10861439015837 |   167.848167407924 | -161.45037190503257 |
| 2.3355599322558 | DD0492 | 21915.328323720456 | 21868.183810983097 | 21168.996953667094 |   37.36482030774425 | 170.57901476385487 | -160.17912618496345 |
| 2.3312809391021 | DD0493 | 21943.643082783714 | 21897.344218965944 |    21195.364470583 |   36.80768434075866 |  172.1630786986553 | -159.89810511228575 |
|  2.327015122116 | DD0494 |  21972.27361009316 |  21926.57528659895 | 21221.715766277568 |  33.879765182088036 |  177.5022177460713 | -159.86443192488275 |
| 2.3227624152714 | DD0495 | 22000.560470220593 | 21955.712187520192 |  21248.13348053247 |  37.780797890763786 | 181.72922728570407 |  -161.9063398306442 |
| 2.3185227529951 | DD0496 |  22028.91593716887 | 21984.837347835015 | 21274.369878853497 |   41.45123230236587 | 184.95352305706135 | -158.39245996442344 |
| 2.3142960701639 | DD0497 |  22057.34037282459 | 22013.950811146904 | 21300.755592196656 |   45.43117889677886 | 184.67732619581489 | -154.38287536715234 |
| 2.3100823021001 | DD0498 | 22085.585408810697 |  22043.13553080044 |  21327.04256913133 |   49.66054493085067 | 182.49345209391578 | -149.53522987048987 |
| 2.3058813845678 | DD0499 | 22113.899503608085 | 22072.225835566293 |  21353.31355420785 |   49.81808126122549 |  176.6998750625393 | -143.86481064590293 |
| 2.3016932537691 | DD0500 | 22142.283018064572 | 22101.387693603447 |  21379.56859274897 |  47.226537239005786 |  172.3333620946005 |  -140.1643780701604 |
| 2.2975178463403 | DD0501 | 22170.486635040244 | 22130.538237731722 |  21405.72450406517 |  42.910001427803344 |  171.1217051965724 | -140.38094309915823 |
| 2.2933550993481 | DD0502 | 22198.759760683653 | 22159.677510516096 |  21432.03101059478 |   39.20363601166327 | 170.60712273079344 | -141.04802359807255 |
| 2.2892049502857 | DD0503 |  22227.10275481905 |   22188.7221181845 | 21458.238479629035 |   31.51304454021884 | 170.50822359932198 |  -149.1565912977566 |
| 2.2850673370697 | DD0504 | 22255.265353001487 |  22217.83887020168 | 21484.430181586693 |  21.210178545973843 | 176.50774263028202 | -161.21180531452325 |
| 2.2809421980357 | DD0505 | 22283.581553903816 |  22246.94447759781 |  21510.60616088151 |  20.180787432660626 |  181.5521002284998 | -168.65945406441335 |
| 2.2768294719355 | DD0506 | 22311.968280012192 | 22276.038982255464 |  21536.76646174584 |  19.210860365184608 | 184.39027994238512 | -173.93575149905072 |
| 2.2727290979327 | DD0507 | 22340.090464659006 |  22305.12242589251 |  21562.91112823722 |  20.053945646139656 |  186.6606498853063 |  -177.8237687507178 |
|    2.2686410156 | DD0508 |  22368.28305132004 | 22334.194850057575 |  21589.04020423403 |   22.73381123031858 | 187.70318740547512 | -180.14765887694617 |
| 2.2645651649152 | DD0509 | 22396.462331898598 | 22363.340362047864 | 21615.237799353254 |   24.37756648758792 | 186.14321383862003 |  -180.4710389070397 |
| 2.2605014862577 | DD0510 | 22424.628349403978 | 22392.475146719207 |  21641.33593007291 |   21.61407717632922 |  188.5197263832892 | -178.15724440119155 |
| 2.2564499204054 | DD0511 | 22452.865422083512 | 22421.514969561616 |  21667.33432542598 |  21.547724952504474 | 193.07972885080034 | -177.56899524488085 |
| 2.2524104085314 | DD0512 |  22480.92076637306 | 22450.628317461164 |  21693.40147474425 |   19.37021734219666 | 199.62494452939546 | -180.05618839247705 |
| 2.2499997591733 | RD0019 |  22497.76461208869 | 22468.040792785974 | 21708.901203208072 |    21.3537124402167 |  206.3455064758319 | -183.09445173726277 |
| 2.2483831327635 | DD0513 |  22509.04558406394 | 22479.729395541097 | 21719.367157196422 |  24.063029815165706 | 209.70652718615105 | -181.40839384762862 |
| 2.2443673133401 | DD0514 | 22537.160643058716 |  22508.82323868713 | 21745.320516723055 |    31.2700114989498 |  213.8757900524522 | -181.74917217011733 |
| 2.2403636143616 | DD0515 |  22565.17629042217 | 22537.904892355058 |  21771.25677029449 |  31.017933494472086 |  215.3046727135666 | -175.12245049910715 |
| 2.2363717379123 | DD0516 |  22593.17872044305 |  22566.97606191115 |  21797.17756950802 |  38.561143759698226 | 220.87941136239405 |  -176.9473880242971 |
| 2.2323916271143 | DD0517 |  22621.25287760327 | 22596.036787133093 |  21823.08295669368 |   42.11535396334966 |  220.9059943214708 | -175.83832201056012 |
| 2.2284232254415 | DD0518 |  22649.22910276265 | 22625.087107806256 |  21848.97297417283 |   44.58416073124928 |  222.8329019720527 |  -178.3368768040895 |
| 2.2244664767397 | DD0519 | 22677.277347164676 | 22654.041952226646 | 21874.762552766573 |  53.012446242296505 | 218.53046145742834 | -175.15152776723912 |
| 2.2205213252242 | DD0520 | 22705.227533891575 |   22683.0714782822 | 21900.621852877313 |  50.615975521471256 |  219.5813757043401 | -173.05667950260977 |
| 2.2165877154761 | DD0521 | 22733.250031112184 | 22712.090718273008 |  21926.46590930884 |   47.08868467295931 | 223.56514189563205 | -163.47610405943396 |
| 2.2126655924396 | DD0522 | 22761.174344541207 | 22741.014287399754 | 21952.209339754914 |   50.34570002343101 | 222.41613653632794 |  -166.9973494774438 |
| 2.2087549014191 | DD0523 |  22789.08573078951 | 22770.012968512074 |  21978.02292954772 |   50.60537675469939 | 220.25800546588005 | -159.72208344972177 |
| 2.2048555880758 | DD0524 | 22817.069862855238 | 22799.001480669674 |  22003.73576807583 |  42.137118319434265 |  224.6606159690668 | -156.23130629475529 |
| 2.2009675984249 | DD0525 | 22844.955621161247 | 22827.894126438427 |  22029.43332064133 |    37.8006896358681 |  229.7391528492889 |  -161.7440428835942 |
|  2.197090878833 | DD0526 | 22872.828574328465 | 22856.862312734916 | 22055.201468529704 |  39.229226843295955 | 230.14638863242885 | -168.37284506910152 |
| 2.1932253760148 | DD0527 | 22900.688762740752 | 22885.820445838417 | 22080.868676432336 |   41.31093727664002 | 224.07632360352972 | -165.79553719697125 |
| 2.1893710370302 | DD0528 | 22928.536226628028 | 22914.682516134104 | 22106.520721358138 |  35.011368006258444 | 225.55046346580158 | -164.73855257981057 |
| 2.1855278092818 | DD0529 | 22956.457157769753 |  22943.62055371967 | 22132.157644003277 |  26.679020322322767 | 229.11859263327295 |  -179.6970820548196 |
| 2.1816956405118 | DD0530 | 22984.279396442464 | 22972.548652550933 |  22157.86574037816 |  39.781709526633165 | 222.28720833166366 | -187.55945630395533 |
| 2.1778744787995 | DD0531 |  23012.08903030575 | 23001.466850466302 | 22183.472643643174 |   31.29040582938947 | 225.96327871486145 | -176.12648595877917 |
|  2.174064272558 | DD0532 | 23039.886098979005 | 23030.288722310255 |  22209.06454573564 |   27.23820876296583 | 231.53395574708068 | -191.18965525338226 |
| 2.1702649705323 | DD0533 | 23067.670641927594 | 23059.187127721078 | 22234.641486731038 |   31.93847600027931 | 235.27665823805785 |  -194.9198417350599 |
| 2.1664765217957 | DD0534 |   23095.5293685119 | 23088.075744925234 |  22260.20350655515 |   35.59519333411605 | 236.07612240447173 |  -194.7716334258388 |
| 2.1626988757477 | DD0535 | 23123.289081339153 |  23116.86783762899 | 22285.663871417277 |   38.97731475908069 | 234.28025760348152 | -198.59342114757573 |
| 2.1589319821113 | DD0536 | 23150.949508863436 |   23145.7368866147 | 22311.196064592208 |    38.6863027142971 | 231.67351224093775 | -188.33322981310354 |
| 2.1551757909301 | DD0537 | 23178.684340608015 |   23174.5962588312 | 22336.626475047266 |   27.28844809883781 | 239.57535901500688 | -187.50342221144595 |
| 2.1514302525659 | DD0538 | 23206.406841736727 | 23203.358907288777 | 22362.041915812686 |  24.588706835130935 | 240.36126991727298 | -204.43479955768285 |
| 2.1476953176963 | DD0539 |  23234.11705083015 |  23232.19893305219 |  22387.44242620475 |   28.89198158350401 |  238.8367094584785 |  -201.2974600313519 |
| 2.1439709373116 | DD0540 | 23261.815006326775 | 23261.029392235843 | 22412.828045394148 |  28.375591725963414 | 241.35060656136687 | -204.31887588639776 |
| 2.1402570627129 | DD0541 | 23289.500746519316 |  23289.76292758926 | 22438.198812402417 |  27.069453580821953 | 242.99116107326182 | -201.00846554394985 |
| 2.1365536455093 | DD0542 | 23317.086812679543 |  23318.57425960848 | 22463.554766104946 |    31.9700185064604 |   240.041435588525 |  -200.5590166564209 |
| 2.1328606376152 | DD0543 | 23344.748133432393 | 23347.376134010276 |  22488.80834521408 |  24.458686300660084 | 241.93721452946113 | -197.52475373016847 |
| 2.1291779912485 | DD0544 | 23372.397352953132 | 23376.168586829168 | 22514.134685258305 |  31.185088658063787 |  240.8658286648334 | -209.51297447923832 |
| 2.1255056589275 | DD0545 | 23399.946702807854 | 23404.863847807894 | 22539.270715480034 |   33.13360498278139 | 239.47523038290524 | -202.82557030603073 |
| 2.1218435934688 | DD0546 | 23427.571729904223 | 23433.637462038158 | 22564.479583658198 |   26.81123591893841 | 238.81314064212242 | -200.54392810618276 |
|  2.118191747985 | DD0547 | 23455.096756460367 | 23462.401762044963 | 22589.585612859064 |  25.045987867183882 | 239.15669052613578 | -206.94978742949317 |
| 2.1145500758822 | DD0548 | 23482.697741108703 | 23491.156783336195 | 22614.676647536042 |  14.185050908489139 | 246.28925907391684 | -210.51859826099263 |
| 2.1109185308576 | DD0549 |  23510.28681186031 | 23519.814343405724 | 22639.752725840714 |   18.02889964773732 | 252.44085316267856 | -238.89471802679626 |
| 2.1072970668974 | DD0550 | 23537.864005750267 |  23548.55081045599 |  22664.72556508286 |  35.146923505678046 | 235.25473586535753 |  -248.4289156359481 |
| 2.1036856382745 | DD0551 |  23565.25251273822 | 23577.278104582758 |   22689.6833182926 |   72.94558207753406 | 164.36477179922335 | -189.25218148166465 |
| 2.1000841995458 | DD0552 |  23592.71733182786 |   23605.9962607797 | 22714.448970953265 |  54.127981555652426 | 146.30212088685923 | -126.28585697010988 |
| 2.0964927055507 | DD0553 | 23620.170179084744 |  23634.61668503935 |  22739.11057359564 |   51.24793151599886 | 147.00634889077426 | -130.97208528107603 |
| 2.0929111114082 | DD0554 | 23647.611091142462 | 23663.139104203827 | 22763.667856186745 |   47.46574460606533 | 147.79605517049663 | -118.91170673926703 |
| 2.0893393725151 | DD0555 | 23675.040104500207 | 23691.474411170846 |  22788.03171473615 |   59.97041423141148 | 142.04230557621585 | -129.04445172284386 |
| 2.0857774445436 | DD0556 |  23702.45725552528 |  23719.44415218677 |  22812.37944511591 |   70.16507109448185 |  132.3006458628548 | -121.56454311568912 |
| 2.0822252834392 | DD0557 | 23729.773541325074 |  23747.04713219901 | 22836.889163573407 |   88.09435428062015 | 116.84671041094093 | -107.86705148201128 |
| 2.0786828454188 | DD0558 | 23757.166973807398 | 23774.638723426517 | 22861.561522668166 |   83.15849400172148 | 122.28947579852884 |  -78.15739586266142 |
|  2.075150086968 | DD0559 | 23784.637896301945 | 23802.129717614924 | 22886.486418272274 |   71.82150214869257 | 117.34344999088962 |  -75.01303121407948 |
| 2.0716269648398 | DD0560 | 23812.007959040104 | 23829.609189626663 | 22911.396769636474 |  51.963522092939236 | 110.11474382705018 |  -88.85028538227049 |
| 2.0681134360516 | DD0561 | 23839.455787984043 | 23857.166623736637 | 22936.560959263345 |   42.25967472997126 |  96.01629947683985 | -117.98663906150188 |
| 2.0646094578841 | DD0562 |  23866.89217459907 | 23884.712811303023 |  22961.71129116422 |   47.69031503099931 |  92.33547962559399 | -127.51477063510939 |
| 2.0611149878785 | DD0563 | 23894.317154212018 | 23912.247787545948 |  22987.02710751515 |   34.18785633283022 |  93.92315474044594 | -124.44092382656204 |
| 2.0576299838348 | DD0564 | 23921.730762023104 |  23939.77158755938 | 23012.329546433295 |  31.025731927437985 |  94.15787678463178 | -132.03567970588327 |
| 2.0541544038098 | DD0565 | 23949.222890597808 | 23967.374103802973 |  23037.70850073037 |   35.06330184510932 |  89.85256566856862 | -125.42629554100988 |
|  2.050688206115 | DD0566 |  23976.61396200017 | 23994.965717822754 | 23063.074352302403 |   18.00495724455656 |  89.43528860502872 | -115.94303114673264 |
| 2.0472313493149 | DD0567 | 24004.083828045408 | 24022.636525846505 | 23088.607259365086 |  10.957237817288055 |   96.1847294055768 | -121.89347412693807 |
| 2.0437837922247 | DD0568 | 24033.706593379444 | 24055.796687282153 |   23129.5455253942 |  43.422980446528555 | 179.75693796387066 |   -72.8073125803943 |
| 2.0403454939085 | DD0569 | 24058.990509753356 | 24077.946288653533 | 23139.544967480946 |  12.712841533933384 | 102.97029273580144 |  -117.4589127222377 |
| 2.0369164136775 | DD0570 | 24086.337026656223 | 24105.585311744355 | 23165.130368494676 |  17.428677181172322 | 103.82787156271587 | -106.01621357165884 |
| 2.0334965110881 | DD0571 | 24113.762883919986 | 24133.304277377745 | 23190.703451283534 |  15.074432108108114 | 110.91739640089249 |  -94.30665791861108 |
| 2.0300857459398 | DD0572 | 24143.532702504697 | 24167.986939878727 | 23232.023647200145 |   54.87051186008461 | 170.99789795795888 | -106.22343651411865 |
| 2.0266840782737 | DD0573 | 24170.939458000452 | 24195.874544518945 | 23257.499234046758 |   50.73591915301395 |  169.2286216400755 | -125.97246942825619 |
| 2.0232914683702 | DD0574 |  24196.06601924286 | 24216.399572503167 |  23267.62145341081 |   7.900115030968139 | 127.05560710655742 | -102.02283877053736 |
| 2.0199078767477 | DD0575 |  24225.72052931298 | 24251.802084246752 | 23308.322281729572 |   38.44529456921174 |  135.6930956433907 | -141.59527393730224 |
| 2.0165332641603 | DD0576 | 24250.911436585116 | 24271.927392023816 |  23318.93114431655 |  16.487944908510602 | 139.71582927097907 |  -67.08058191517114 |
| 2.0131675915963 | DD0577 |  24278.27265720247 |  24299.67640634926 | 23344.613795484463 |  -4.935306048519931 |   139.753916541984 |  -78.97043525385855 |
| 2.0098108202766 | DD0578 |  24305.71436995064 | 24327.506715647156 | 23370.375950892765 | -3.3552551442829843 | 144.29745135985777 |  -70.27306081701586 |
| 2.0064629116523 | DD0579 |  24333.05434690395 | 24355.236091513845 |  23396.12666510995 | -17.306837234253855 | 148.45831059345713 |   -80.0185308220893 |
| 2.0031238274036 | DD0580 | 24360.475085386293 | 24383.138415191526 | 23421.865970750994 |  -8.085144252499537 | 144.67625149672708 |  -88.85732958061821 |
|             2.0 | RD0020 | 24386.115497250637 |  24409.25982358644 | 23446.071633903815 |   8.228468237433939 | 154.29244728413067 |  -76.46040602676842 |
| 1.9997879141072 | DD0581 |  24387.83960282918 |   24410.9855654757 |  23447.72927810317 |   6.571407788938607 | 154.44850960398796 |  -75.50029184656823 |
|  1.996466455692 | DD0582 | 24417.070606755107 |  24446.37858333473 | 23484.619014389158 |    37.0701152295977 |  136.9645047984245 | -169.40773272639723 |
|  1.993154327395 | DD0583 |   24442.6227312651 | 24466.736878961674 | 23499.420307863253 |   9.635826717576933 | 160.82735290098464 |  -86.59760819554216 |
| 1.9898511782557 | DD0584 | 24471.554218077017 | 24501.661361394832 | 23534.469382310243 |   36.54014143918168 |  136.4044427105789 | -172.32091440570613 |
| 1.9865569695913 | DD0585 | 24497.260161605755 |  24522.62216500275 | 23551.239056634513 |   32.10493380676071 |  162.8479070590797 |  -67.63071192656041 |
| 1.9832716629166 | DD0586 |  24525.98545262698 |  24556.80294391713 |  23584.07412928415 |  22.442085188307733 | 147.38196012622498 | -105.24475871015902 |
| 1.9799931202222 | DD0587 | 24553.152752841095 |  24584.28043022237 | 23608.823747315684 |   65.18099846265527 | 156.72880669289484 | -109.66466528813207 |
| 1.9767216452985 | DD0588 | 24580.321534631905 |  24611.66781180111 | 23633.479574256195 |  60.758505341404316 |  155.5087195257506 |  -77.72551757448285 |
| 1.9734589728662 | DD0589 |  24607.47725310301 | 24638.950221539864 | 23657.935026480212 |   60.91404118192406 | 161.72826785892573 |   -75.7764519116893 |
| 1.9702050652642 | DD0590 | 24634.065552885626 | 24663.447864706868 |  23681.63514328381 |   67.17989770457984 |  185.5369613757132 | -55.743201627908505 |
| 1.9669598850519 | DD0591 |  24661.65711320924 |  24692.82902970817 | 23707.444974921746 |   21.19846776513282 | 243.56099534384433 |  -98.22592995803595 |
| 1.9637233950079 | DD0592 | 24688.866306822878 | 24720.998256948496 | 23731.760149766986 |  27.962294580333857 | 144.17015395148312 | -125.43284950967792 |
| 1.9604955581284 | DD0593 |  24715.87734948797 | 24748.507834377673 | 23756.707954164816 |   36.96431911245083 |  131.2652393001071 | -104.62137652331066 |
| 1.9572763376252 | DD0594 | 24743.432072273503 | 24775.262867559042 | 23784.239360695334 |   45.10107903460409 | 150.99876572655242 |  -94.30917797492909 |
| 1.9540656969245 | DD0595 | 24770.510396047386 | 24803.119002898486 |  23808.69584696062 |  58.253557063800756 | 196.29632161027723 |  -76.37394007162517 |
| 1.9508635996652 | DD0596 | 24797.575849280845 | 24830.591852305588 | 23833.787569434622 |   50.58927690381532 |  172.4996862319474 | -128.29446761417086 |
| 1.9476700096972 | DD0597 | 24824.721562727853 | 24858.331957758313 |  23858.95805122928 |   42.93117029009135 | 131.57251970166158 | -113.69488129451132 |
| 1.9444848910802 | DD0598 |  24851.85466129118 | 24885.967434975526 | 23884.207621971935 |  58.689331423585905 | 158.53016577017124 |  -81.69599295693898 |
| 1.9413082080816 | DD0599 |  24878.97517179179 | 24913.591312897865 | 23909.350000971568 |    42.0889136707751 | 136.70534766219913 |  -85.87971619162765 |
| 1.9381366382215 | DD0600 | 24906.110983899536 | 24941.231519781373 |  23934.50509495555 |  53.428986898970145 | 161.82589926629097 |  -74.10849780798401 |
| 1.9349728487381 | DD0601 |  24933.23934660111 | 24968.771766562702 |  23959.74454602183 |   68.95215892074357 | 166.77860415305298 |  -79.73556316466356 |
| 1.9318174032762 | DD0602 | 24960.355221148573 | 24996.393918845155 | 23984.876601158776 |     35.416703755014 |  138.6267758169142 |  -92.84547610603708 |
| 1.9286702668493 | DD0603 | 24987.458633915776 | 25024.004596624785 |  24009.99469284478 |   40.71943268131418 | 160.11188741670412 |  -73.33130595732524 |
| 1.9255314046714 | DD0604 |  25014.64341932252 | 25051.510017351047 |  24035.09884778575 |   34.52987889591889 |  161.1409109630086 |  -68.88237239378772 |
| 1.9224007821563 | DD0605 | 25041.722087770562 | 25079.097722298106 | 24060.189092589884 |  30.770631566768017 |  151.7306615271932 |  -97.69522211889374 |
| 1.9192783649157 | DD0606 | 25068.788372948224 | 25106.580020196252 | 24085.265453771866 |  20.057504221363594 |  150.2598366979149 |    -78.812518938294 |
|  1.916164118758 | DD0607 |  25095.93641031972 |  25134.14485410304 |  24110.32795775134 |  16.372112798350823 | 154.87781542253543 | -112.15369823348306 |
| 1.9130580096868 | DD0608 |  25122.97810719943 |  25161.69834060379 | 24135.376630854003 |  31.362498723473834 | 161.31171119280148 |  -97.59896306624792 |
| 1.9099600038993 | DD0609 | 25150.007498471667 | 25189.146194712073 | 24160.505809425085 |  17.925731624094997 |  149.3450790817018 | -125.99278829834545 |
| 1.9068700677852 | DD0610 |  25177.11902021514 |   25216.6769614343 | 24185.432589270127 |  27.501676209172288 |  160.4423346104362 | -119.91736095950253 |
|  1.903788167925 | DD0611 | 25204.123977536576 | 25244.101945338865 | 24210.534437334565 |   24.57466660322425 | 169.98252802102164 | -136.87953680407838 |
| 1.9007142710891 | DD0612 | 25231.116706080415 | 25271.610092248673 | 24235.528148490295 |  30.339657941330472 | 171.57953468433556 | -116.16876039497818 |
| 1.8976448030858 | DD0613 | 25258.222809610434 |  25299.04322313166 | 24260.537807214605 |  36.974146311270744 |  189.6422740227109 | -109.94867608598759 |
| 1.8945829250477 | DD0614 | 25285.225288268906 | 25326.562937062867 | 24285.536827526932 |  49.029016087026164 |  188.5221812499783 | -119.44722133615672 |
| 1.8915289656223 | DD0615 | 25312.215634544857 |   25353.9765881459 | 24310.617126927114 |   78.89334887369452 | 200.19980567338587 | -115.68225308709823 |
|  1.888482892256 | DD0616 | 25339.193873554672 |  25381.37891190298 | 24335.589008525105 |    97.9434131219973 | 190.16951199610307 |  -94.39636653076934 |
| 1.8854446725784 | DD0617 | 25366.160030326704 |  25408.86504422293 | 24360.547308890615 |   101.3453950678223 | 157.03349455366086 | -101.25674487101332 |
| 1.8824142744011 | DD0618 | 25393.209341184705 |  25436.34009811724 | 24385.492053383463 |   74.95250596228094 | 134.37896522603597 |  -103.8806296493381 |
| 1.8793916657165 | DD0619 |  25420.15150815866 |  25463.70878643732 | 24410.423267274266 |   51.51772798645996 | 143.07830765154233 | -105.19171811933083 |
| 1.8763768146964 | DD0620 | 25447.081667401457 |  25491.16165604205 | 24435.436386976657 |  50.838872357796056 | 144.75666935885914 | -115.84520465215715 |
| 1.8733696896906 | DD0621 | 25474.095354673926 | 25518.508008476307 | 24460.340714978112 |    45.5342809505682 | 162.08473739961858 | -119.32396855937786 |
| 1.8703702592259 | DD0622 | 25501.001672204166 | 25545.938790027532 |  24485.23158761811 |  60.017672279778985 | 160.50692716655013 | -103.24395645499315 |
| 1.8673784920047 | DD0623 | 25527.896055726356 |  25573.26290265887 |  24510.20474046618 |   43.58451540086175 | 139.17875996581728 | -103.72378517262072 |
| 1.8643943569039 | DD0624 | 25554.778529656836 |  25600.57588135074 | 24535.068876773643 |   46.16615827485323 | 168.25791225307796 | -116.67556444842216 |
| 1.8614178229733 | DD0625 | 25581.745028352627 | 25627.973659942163 | 24559.919632180634 |   45.49674855427667 |  140.3363635658881 | -106.67694614976602 |
| 1.8584460237412 | DD0626 | 25608.629260396676 |  25655.28999278868 | 24584.877430158136 |    46.2143308034833 | 153.08137568644733 | -114.58244595135871 |
| 1.8554806915379 | DD0627 | 25635.511392435707 | 25682.701127821114 |  24609.73533180768 |   47.46253755965302 |  155.5457384607146 | -109.24407063693054 |
| 1.8525228826407 | DD0628 | 25662.381732408743 | 25710.005235682744 |  24634.67615266555 |    50.9712290628556 | 161.15788743025703 |  -105.1252443609921 |
| 1.8495725667134 | DD0629 | 25689.240304255003 | 25737.298349538392 | 24659.603907211495 |   48.93539739876506 | 158.25378910695508 | -106.03689963869485 |
| 1.8466297135874 | DD0630 | 25716.087131829998 |  25764.58049273301 | 24684.422211306897 |    55.3450031568398 | 153.59156495951618 | -101.95217539952138 |
| 1.8436942932605 | DD0631 | 25742.922238906234 | 25791.948196320023 |  24709.32380602876 |   37.85269998133393 |  148.8196317779909 | -105.69545818778981 |
| 1.8407662758958 | DD0632 | 25769.745649172964 | 25819.208567372298 |  24734.11579937443 |  29.591982941130315 | 132.52077175477166 | -118.94311716699005 |
| 1.8378456318203 | DD0633 | 25796.557386238877 | 25846.458037264085 | 24758.991330329118 |   43.43209456830696 | 161.56735610324537 |    -108.80274729473 |
|  1.834932331524 | DD0634 |  25823.35747363024 | 25873.696629016347 | 24783.853914907144 |  29.054032571552415 | 133.53142704751522 | -120.47538893887021 |
| 1.8320263456586 | DD0635 |  25850.14593479285 | 25900.924365570852 |  24808.70357683262 |   50.02599130874684 | 134.52396964125793 | -114.77636881844448 |
| 1.8291276450366 | DD0636 | 25876.922793090314 | 25928.141269788433 | 24833.443335056872 |  51.301100324276256 | 140.00490734355148 |  -92.52025963856916 |
| 1.8262362006298 | DD0637 | 25903.688071808006 |  25955.34736445297 | 24858.267123282312 |    40.0530178925026 | 130.34844694450575 | -126.68555419227069 |
| 1.8233519835686 | DD0638 |  25930.44179414972 | 25982.542672268013 |  24883.07805958898 |   42.16525255497192 | 135.32996020121462 | -104.14504576674388 |
| 1.8204738235889 | DD0639 |  25957.19448908821 | 26009.737742973535 | 24907.886248533847 |  39.713849745804836 | 141.46676316660623 | -125.78201992419588 |
| 1.8176000435895 | DD0640 | 25983.864045627524 |  26036.85049668122 | 24932.608960659516 |   35.41788596320071 | 131.78594587237822 |  -107.4649256451491 |
| 1.8147334190486 | DD0641 | 26010.619438442904 |  26064.04985582794 | 24957.416211083135 |  29.440709573037427 | 131.55804414444538 | -124.27013282120745 |
|  1.811873921655 | DD0642 |  26037.36338804449 |  26091.23854042936 | 24982.210720593837 |  44.272022608006424 | 139.34162742390905 |  -105.3564150341436 |
| 1.8090215232508 | DD0643 | 26063.998218166915 |  26118.31887372687 |  25006.99251222604 |   51.32444516238014 | 156.35634340880202 | -125.51342741216686 |
| 1.8061761958306 | DD0644 | 26090.719250466394 | 26145.486176884686 | 25031.761608935587 |  26.606760620329297 | 137.73789903318533 |  -138.5026281207865 |
| 1.8033379115401 | DD0645 |  26117.33101053062 |  26172.64287209983 | 25056.615930703345 |   22.07246396705191 | 151.86717410133912 | -121.01531352449507 |
| 1.8005066426756 | DD0646 | 26144.029216109277 | 26199.690985332043 | 25081.261809030188 |   32.72057642864175 | 133.59557172188312 | -113.48693618176578 |
| 1.7976823616822 | DD0647 |  26170.61799656885 |  26226.82643176015 | 25106.091052945845 |  23.450525001896324 | 126.16292408399016 |  -93.26581376088485 |
| 1.7948650411537 | DD0648 |  26197.29346539617 | 26253.853142282685 |  25130.80969688155 |   50.95977426068423 |  97.11820435891077 |  -129.2500162871372 |
| 1.7920546538308 | DD0649 | 26223.859356093213 | 26280.967427638774 | 25155.515759486185 |   45.60008876312769 | 133.23914333069422 | -112.00667871414109 |
| 1.7892511726004 | DD0650 |  26250.41378601528 | 26307.972823048585 | 25180.209263261004 |  34.437171852205736 | 101.02003176749523 | -107.42978765957727 |
|  1.786454570495 | DD0651 | 26277.055267704687 |  26335.06603445442 | 25204.890230629022 |   33.40360039214107 | 101.69303880375725 | -119.21952934244962 |
| 1.7836648206909 | DD0652 | 26303.586941540143 | 26362.050201752674 |  25229.65727291435 |   39.09904763503434 | 117.14222644639587 |  -127.3012912175248 |
| 1.7808795112717 | DD0653 | 26330.228492935425 | 26389.145060410297 | 25254.334994424415 |   29.63842742881581 |  91.11772648426864 | -131.18733206238903 |
| 1.7780994419814 | DD0654 |   26356.7749641775 | 26416.145635897054 | 25279.014517488144 |  27.966045141307724 | 116.94993040879524 | -137.10953997473786 |
| 1.7753261589367 | DD0655 | 26383.310106430392 | 26443.135645871338 | 25303.780496386065 |   8.042815860284776 | 141.03389195176234 | -120.19965078767345 |
| 1.7725596358191 | DD0656 | 26409.833941547444 |  26470.11511170968 | 25328.435281412007 |  6.8694040542987285 |  87.06715926229609 |  -93.64920401021695 |
| 1.7697998464499 | DD0657 | 26436.445573794186 |  26497.18313720196 | 25353.077680971077 |   41.83180984972619 |  73.69350245313976 | -104.51929909546499 |
| 1.7670467647893 | DD0658 | 26462.946958490036 |  26524.14167719306 |  25377.80689798793 |  60.765830346882424 | 103.76339465800775 | -118.16302193637074 |
| 1.7643003649353 | DD0659 | 26489.437101130276 |  26551.08973670492 |  25402.42469065238 |   43.77074289395737 |  135.7405145711476 | -115.83881440284614 |
|  1.761560621123 | DD0660 |  26515.91602327822 | 26578.027336828625 | 25427.129541265032 |  39.443206218661494 | 107.15509268137868 | -115.22830544069258 |
| 1.7588275077235 | DD0661 | 26542.483222979783 | 26605.053975139013 |  25451.72281371751 |   44.02493201474546 | 116.13243954416906 | -130.41209274864275 |
|  1.756100999243 | DD0662 |  26568.93986695815 |  26631.97081788932 |  25476.30380918913 |   32.50160402834375 | 136.13364794282788 | -123.03338358392699 |
|  1.753381070322 | DD0663 | 26595.385354665497 | 26658.877264062914 | 25500.972222508986 |     27.949000336426 | 109.16156435971993 |  -89.85105781263785 |
| 1.7506676957345 | DD0664 | 26621.819707380393 |  26685.77333447067 |  25525.52882677515 |   27.28921313735139 |  67.71317839897455 | -100.32462064535865 |
| 1.7499999332502 | RD0021 | 26628.383886127576 |  26692.45283848797 | 25531.627209428716 |   32.28019153556235 |  66.01286101629663 | -107.72345331591595 |
|  1.747960917022 | DD0665 | 26648.342170046108 |   26712.6584021017 | 25550.172468674537 |   54.65558958621226 |   80.2371196680672 | -114.95065165970915 |
| 1.7452605093095 | DD0666 | 26674.755060837295 | 26739.634399128106 |  25574.70538664298 |   71.02084355866502 |  85.73165542913605 | -116.79485947267158 |
| 1.7425640276115 | DD0667 | 26701.281808816315 | 26766.525135657565 | 25599.249970622015 |   33.71569287778135 |   104.160808915631 |  -128.4753267314287 |
|  1.739872660774 | DD0668 | 26727.710709224757 | 26793.418783334473 | 25623.895195979218 |   36.86453679498636 |  87.89557262941496 | -107.70809968313817 |
| 1.7371877374638 | DD0669 | 26754.128601511125 |  26820.30218104862 |  25648.42824523904 |   35.23664984647527 |  88.20139913427045 | -124.57432737027204 |
| 1.7345092331763 | DD0670 | 26780.635867694276 |  26847.27571035858 | 25673.049567026752 |    36.3096625034967 |  88.35316887098016 | -124.92287554455243 |
| 1.7318371235346 | DD0671 | 26807.031904264728 | 26874.138767295626 |   25697.5585579874 |   45.54704167149081 |  84.86944583583762 | -121.91605383449198 |
| 1.7291713842884 | DD0672 | 26833.517552397367 | 26900.991635076265 |  25722.15605945066 |   52.08221970841812 |  96.47795539871211 | -132.93337476688544 |
| 1.7265119913137 | DD0673 |  26859.89181577814 | 26927.934989430203 | 25746.641075257714 |  35.428080625728946 | 108.38539749216788 | -125.95556348105322 |
| 1.7238589206112 | DD0674 | 26886.355927946322 | 26954.767637317895 | 25771.214839103202 |   41.08516193141409 |  91.32525289993256 | -114.40940022667681 |
| 1.7212121483061 | DD0675 | 26912.708500127876 | 26981.590156257294 |  25795.67596236885 |   41.30152413829716 |  89.93954884743236 | -124.62899496730938 |
|  1.718571650647 | DD0676 | 26939.151157886827 | 27008.402566201414 | 25820.226070774723 |  48.249259274660204 |  92.80718794192657 | -133.47582734869005 |
| 1.7159374040053 | DD0677 | 26965.482120326116 | 27035.305934524768 |  25844.66338358016 |  31.878652741195456 |  94.61283292191575 |  -120.8919019105587 |
| 1.7133093848741 | DD0678 | 26991.903404699548 |  27062.09828394583 | 25869.189918195578 |   23.75283673247214 |  88.23094763707998 |   -129.081446020696 |
| 1.7106875698675 | DD0679 | 27018.212838328236 |  27088.88058379889 |  25893.60350209899 |  35.643306999393516 |  98.70240503428745 |  -129.2765198405674 |
|   1.70807193572 | DD0680 |  27044.61282981958 | 27115.754194753616 |  25918.00520307933 |  31.398301386683915 | 102.47763145122104 | -129.64761267455933 |
| 1.7054606398638 | DD0681 |  27070.91902022235 | 27142.534805571657 | 25942.513926418247 |   25.63285010465222 |  94.06076552915641 |  -129.9983381009124 |
| 1.7028533192926 | DD0682 |  27097.33772355695 |  27169.32720334974 | 25967.031815160106 |  22.752420956916602 |  89.85174456371416 | -121.86457676811014 |
| 1.7002521236666 | DD0683 | 27123.644286949526 | 27196.109653166957 | 25991.436461336296 |   49.61186288841527 |  88.10406231672603 | -129.18989454024492 |
| 1.6976570301357 | DD0684 | 27150.041901243927 | 27222.882174407794 | 26015.931055949484 |   36.09450296268576 | 103.00349629223724 | -126.21530772060838 |
| 1.6950680159662 | DD0685 | 27176.327219488056 | 27249.746616351622 | 26040.312252206535 |   30.73395019077379 | 101.13755482826818 | -122.56414662697719 |
| 1.6924850585403 | DD0686 | 27202.703823485022 |  27276.49943604187 |  26064.78363206975 |  28.730321235059954 |  93.53552476293098 |  -118.1216108715701 |
| 1.6899081353557 | DD0687 |  27228.96797523889 |   27303.2423849029 |  26089.24348299077 |   35.40868444883692 |  97.79507358325637 | -123.89828297183314 |
| 1.6873372240244 | DD0688 | 27255.323647177112 | 27329.975482074162 |  26113.69182458597 |  31.528275205601382 |  98.90417867657744 | -125.27127223664019 |
| 1.6847723022721 | DD0689 |  27281.56671059571 |  27356.80096709137 | 26138.026455953117 |   32.50815056204838 | 106.45130987736256 | -123.88469362858196 |
| 1.6822133479377 | DD0690 |  27307.90152821722 |  27383.51451557862 |  26162.45173997517 |  25.394779098328055 |  108.8284958296643 |  -125.4135650033129 |
| 1.6796603389722 | DD0691 |  27334.12358095764 |  27410.21826938566 |  26186.86557319095 |   23.50957422702421 |  99.17106830340659 | -114.60002970190325 |
| 1.6771132534382 | DD0692 |     27360.43762151 |  27436.91224740813 |  26211.26797497106 |   34.61957586527587 | 104.35721347098693 | -121.21105499156634 |
| 1.6745720695091 | DD0693 | 27386.638740739585 |  27463.69907878553 | 26235.658964625818 |  22.101295487892926 | 105.30114911655112 | -119.71920390052952 |
| 1.6720367654686 | DD0694 |  27412.93208098088 | 27490.373659044253 |  26259.93585374025 |   28.21034564519759 | 106.28757475843932 | -112.42761972784064 |
| 1.6695073197096 | DD0695 | 27439.112343377015 | 27517.038519804464 | 26284.303979512206 |   32.76797056771537 | 102.77710474168005 |  -118.6154576961806 |
| 1.6669797557847 | DD0696 | 27465.425788874603 |  27543.73452514216 |   26308.6997647174 |  29.317803068143775 | 107.54205737858749 | -121.23801803222317 |
| 1.6644579745336 | DD0697 |  27491.62649227451 | 27570.421343213085 |  26333.08468396456 |  30.568246261598638 | 102.92649815115124 | -119.33184517340337 |
| 1.6619420003358 | DD0698 | 27517.816807542735 |  27597.20161839505 |  26357.45830605856 |  22.778046586571286 | 102.23459655121333 | -119.21714277801418 |
|  1.659431811959 | DD0699 | 27544.099948004354 | 27623.869272113036 | 26381.820649898134 |  31.308553316248165 | 100.15923712370707 | -110.13597615527334 |
| 1.6569273882773 | DD0700 | 27570.372932529826 | 27650.527322540383 |  26406.17173432235 |   34.50117746609344 | 104.40960360885416 | -120.84512155608759 |
| 1.6544287082704 | DD0701 |  27596.53239076554 |  27677.17578798754 | 26430.511578112088 |  24.596024579142945 | 100.88861244481645 | -119.45733400978592 |
|  1.651935751023 | DD0702 | 27622.785022020435 |  27703.91817286858 | 26454.840199989612 |   43.77143316441474 |  92.70435024632803 | -108.37572973276473 |
| 1.6494484957241 | DD0703 | 27648.923969742034 |  27730.54762020558 | 26479.157618619163 |   43.40032340001931 | 107.93968697439932 | -117.95093465961723 |
| 1.6469669216661 | DD0704 | 27675.156321889386 | 27757.167537109308 |  26503.56753303343 |    35.7256880558923 | 115.80950862203892 | -123.75476529307947 |
| 1.6444910082447 | DD0705 |  27701.37861068414 |  27783.77794165937 | 26527.862698004184 |  20.165134192107292 |  108.0402278066468 | -113.43057360387445 |
| 1.6420207349576 | DD0706 |  27727.48697992952 |  27810.48272640836 | 26552.146715338647 |   33.11101196445952 | 109.49398047147432 | -105.17461440014598 |
| 1.6395560814043 | DD0707 |  27753.68909995759 | 27837.074257264005 | 26576.419603473165 |   37.39202546432466 | 116.41446525496798 | -117.95926662793265 |
| 1.6370970272855 | DD0708 |   27779.7771430162 |  27863.65632963206 | 26600.681380785816 |   24.94146223441266 | 118.85535736595199 | -124.51233628658612 |
|  1.634643552402 | DD0709 | 27805.959167291672 |  27890.22896137065 | 26624.932065601402 |   19.62527053553674 | 115.70004997474535 | -111.54204167372009 |
| 1.6321946177532 | DD0710 | 27832.037730665877 | 27916.802976645937 | 26649.181991866684 |    29.4306411340492 |  115.2563187455803 | -112.09739677205872 |
| 1.6297482285988 | DD0711 | 27858.242258710176 | 27943.503796834495 | 26673.451264431806 |   44.62083975789953 | 115.95174618188926 | -108.45473699364227 |
| 1.6273073714689 | DD0712 |  27884.33241751399 |  27970.09099144624 |  26697.70951876814 |   38.74342856644289 | 116.83020594913333 | -111.34626822764619 |
| 1.6248720265054 | DD0713 | 27910.517040526523 | 27996.668840359795 | 26721.956772923702 |   39.62109393653556 | 106.46111316174469 | -117.37863034002862 |
| 1.6224421739479 | DD0714 |  27936.58713625471 | 28023.342011133034 | 26746.297694920537 |   38.85006700671592 | 109.13965057203173 | -108.97233106047295 |
| 1.6200177941331 | DD0715 | 27962.751925691504 |   28049.9013180141 | 26770.523099470574 |  51.603482540207004 | 117.33941174806357 | -101.43274172939319 |
| 1.6175988674937 | DD0716 |  27988.80202973731 | 28076.451331580713 | 26794.737557614673 |   39.21217157794613 | 124.52772393675258 | -116.80978583015722 |
| 1.6151853745586 | DD0717 | 28014.842116198328 |  28103.09700961745 | 26818.941087180083 |  31.932493035054428 | 108.84250974948617 | -104.86146139777664 |
| 1.6127772959517 | DD0718 |  28040.97723993739 | 28129.628585315513 |  26843.13370594199 |   39.35874626757533 | 109.65778672774448 |  -101.0414911377496 |
| 1.6103746123913 | DD0719 | 28066.997441028037 | 28156.150919599128 |   26867.3154316239 |   43.54380082769857 |  115.5180277525172 | -105.37095066612746 |
| 1.6079773046901 | DD0720 |  28093.11290796445 | 28182.769260133104 | 26891.486281891815 |   44.34102473166125 | 116.44340523305536 | -105.63710950469154 |
|  1.605585353754 | DD0721 |  28119.11329399094 | 28209.273259753532 |  26915.64627436083 |  40.904396107706795 | 117.65898544476599 | -106.24756907008508 |
| 1.6031987405818 | DD0722 |  28145.20917406172 |   28235.7680693806 | 26939.795426592515 |  39.481368301838934 | 112.13513678795643 |  -101.5079919248056 |
| 1.6008174462644 | DD0723 | 28171.189814905894 |  28262.25370606503 |  26963.93375609751 |  47.429407481608386 | 119.15872102258044 |  -96.68620571094459 |
| 1.5984414519847 | DD0724 |  28197.16056098733 | 28288.835803441012 |  26988.06128033085 |   51.69943810004097 | 126.25618870273311 |  -98.03451800632065 |
| 1.5960697420014 | DD0725 | 28223.237981814866 | 28315.314116057983 | 27012.188390667714 |   49.96760163660332 |  127.0399999181118 |   -98.4682845311589 |
| 1.5937002641799 | DD0726 |   28249.2329723249 | 28341.816461633272 | 27036.336357534132 |   46.96491859164467 | 125.95683815315145 |  -94.67332221619873 |
| 1.5913360430875 | DD0727 | 28275.324049386967 | 28368.415632753833 |  27060.47359113745 |   52.70403150689377 |  131.7176231004598 |   -92.9478766676842 |
| 1.5889770602157 | DD0728 | 28301.299514162187 |   28394.8999301795 |  27084.60010867332 |   60.99147264865355 | 134.19911561322158 | -107.53390510878721 |
| 1.5866232971453 | DD0729 | 28327.371292635617 | 28421.375180298895 | 27108.715927285248 |   46.55127957063672 |  134.8341859613517 | -109.42613284348216 |
| 1.5842747355458 | DD0730 | 28353.327299872173 | 28447.947595365422 | 27132.927259683132 |    48.6441978244257 | 133.94778008838736 | -106.90158119120893 |
| 1.5819313571745 | DD0731 | 28379.379847597193 | 28474.404897116012 |  27157.02182805984 |   50.43726968918822 |  128.9395679647774 |  -97.37339389056382 |
| 1.5795931438767 | DD0732 | 28405.316465085187 |  28500.85320128078 | 27181.105748601134 |   53.42454594246278 | 130.01118482188764 | -108.86607624190168 |
| 1.5772600775845 | DD0733 | 28431.349849493738 | 28527.399009002438 | 27205.179038249073 |  39.859698158054314 | 131.07074696758144 | -104.20643037453749 |
| 1.5749321403165 | DD0734 | 28457.373725541416 |  28553.82946367726 |  27229.24171389578 |   49.84906230691701 | 131.62418816632402 | -101.55242078457613 |
| 1.5726093141775 | DD0735 |  28483.28143273741 |  28580.25097003868 | 27253.293792381304 |   49.71353538777231 | 129.06540413183802 | -105.32363952244789 |
| 1.5702915813576 | DD0736 | 28509.286245824187 |  28606.77031777886 | 27277.335290497766 |   44.77684346417003 | 129.84983003912578 | -103.81971273180179 |
| 1.5679789241319 | DD0737 |  28535.28160044538 |  28633.17407263658 |  27301.36622498733 |   46.58765847575203 |  129.8883209353574 |  -100.4757712332465 |
|   1.56567132486 | DD0738 | 28561.160547489646 | 28659.675893640997 | 27325.386612542225 |  47.611498652365015 | 129.01760552198098 | -102.72709197679553 |
| 1.5633687659853 | DD0739 |  28587.13693860846 | 28686.061961804768 | 27349.396469807016 |   48.44500102400546 | 129.42772103938722 | -105.30420592510134 |
| 1.5610712300348 | DD0740 |   28613.1039207115 | 28712.546320539303 |  27373.39581337545 |  44.182713846572774 | 127.98772805168183 | -113.15238938529224 |
| 1.5587747920537 | DD0741 | 28638.997991620294 |  28738.95865429672 |  27397.42649897836 |   41.39466661052028 |  127.3124627835594 | -113.47289152009209 |
| 1.5564832167911 | DD0742 |  28664.99140900846 | 28765.471074501686 | 27421.448198459744 |  41.296150760057245 | 124.74882848497386 | -110.92357936955574 |
| 1.5541966249012 | DD0743 | 28690.868044166422 |  28791.86744670107 | 27445.459453975847 |  42.985706867986615 | 122.90718170746288 | -113.31440348230886 |
| 1.5519149991891 | DD0744 | 28716.842709548975 | 28818.255040723754 | 27469.460281875305 |   41.67456030293673 | 124.22533857097942 | -111.85137759364319 |
|  1.549638322541 | DD0745 |  28742.80807121433 |  28844.74151069034 |  27493.45069846023 |   46.33086208476246 |  123.8546624005982 | -112.43710759822427 |
| 1.5473665779241 | DD0746 |  28768.76414523994 |  28871.11169186024 | 27517.430719982298 |   48.94714126673946 | 123.74302001269001 | -118.43217852933638 |
| 1.5450997483856 | DD0747 |  28794.60311744395 |  28897.58097244564 | 27541.400362648506 |   46.71396370325282 |  125.4787637437019 |  -120.3875031743421 |
| 1.5428378170526 | DD0748 |  28820.54056832145 | 28923.933803646007 |  27565.35964261728 |   44.31769872361825 | 124.02152212685532 | -111.94113508124713 |
| 1.5405807671315 | DD0749 |  28846.46877954962 | 28950.385957399314 | 27589.308576000003 |    45.5730374776021 |  126.5381157631913 | -117.95032503767175 |
| 1.5383285819072 | DD0750 |  28872.38776702196 | 28976.721501142834 | 27613.247178864745 |  43.909699134184955 | 127.12234158162897 | -110.28720984045624 |
| 1.5360812447434 | DD0751 | 28898.297546580194 | 29003.156590246934 | 27637.175467228146 |   44.52286339680903 | 127.26667975116627 |  -112.6976657034784 |
| 1.5338387390815 | DD0752 | 28924.089824582683 |  29029.47490867472 | 27661.093457062467 |   53.31992085609553 | 131.15666848571658 | -106.48987095062503 |
| 1.5316010484401 | DD0753 | 28949.981139925792 |  29055.89299494251 | 27685.001164296216 |   49.42314553457584 | 137.10799609991946 | -114.05740532436093 |
| 1.5293681564151 | DD0754 |  28975.86329464567 |  29082.19414983456 | 27708.898604808208 |   48.11722314853781 |  135.9345535856653 | -110.52522722982046 |
| 1.5271400466787 | DD0755 |  29001.73630440226 |   29108.5952947154 | 27732.785794433734 |   46.79583082670005 | 140.79665654507775 |  -106.7174356262062 |
| 1.5249150513037 | DD0756 | 29027.510481008743 | 29134.898406094308 | 27756.680906008405 |   48.69988018347077 | 140.85182144433944 | -105.49780230557305 |
| 1.5226924034084 | DD0757 | 29053.411875465215 | 29161.329567934492 | 27780.483529111363 |   51.87034651804259 |  143.3821937358521 | -108.63669438379371 |
| 1.5204745014863 | DD0758 | 29079.304196121626 |  29187.64350238367 |  27804.38466142576 |   50.24932391400372 | 146.96551684359935 | -112.36523332226292 |
| 1.5182613294621 | DD0759 |  29105.18745840425 |  29214.05789625098 | 27828.275626321996 |   40.71019542605116 | 147.53490436617815 | -114.67322383730124 |
| 1.5160528713351 | DD0760 | 29130.952602620146 | 29240.354901473183 | 27852.156439356917 |   41.20624434503349 | 144.17900212842687 | -119.02097690646201 |
| 1.5138491111788 | DD0761 |  29156.81769863096 | 29266.752587538856 | 27876.027116041623 |   43.34594523657754 | 144.81223161810092 | -122.16690863658442 |
| 1.5116500331403 | DD0762 |  29182.67378231035 | 29293.032723670785 | 27899.887671843488 |   38.96839144029977 | 144.92575522018268 | -118.46516262710446 |
| 1.5094556214397 | DD0763 | 29208.411507080342 | 29319.413761755186 | 27923.738122188246 |   36.94197583674498 |  144.0438245553701 |   -126.336208147236 |
| 1.5072658603702 | DD0764 | 29234.249516284188 | 29345.677088588636 |  27947.57848245424 |   27.48481027628704 | 134.33603939163083 |  -125.7599619515256 |
| 1.5050807342972 | DD0765 | 29260.078558802998 |  29372.04153816398 | 27971.299215160547 |   35.94979846161009 |  129.5614118420169 | -116.14413988063885 |
| 1.5029002276581 | DD0766 | 29285.898649752104 | 29398.288115141033 | 27995.119345792635 |  40.886586663373556 | 127.54660581684442 | -115.24771616177411 |
| 1.5007243249617 | DD0767 | 29311.600060539906 | 29424.636035336393 |  28018.92943226046 |   42.88166527418016 | 128.83234319227674 | -115.00946246338978 |
|  1.499999927593 | RD0022 |  29320.20313463246 |  29433.38163807905 |   28026.8286170693 |   45.71614257026409 | 129.26678977223924 | -114.26617765711738 |
| 1.4985530831006 | DD0768 | 29337.401349077627 |  29450.97490822971 |  28042.72867816311 |  47.022177280075816 | 131.51823266415556 |  -114.9453190770507 |
| 1.4963862697806 | DD0769 |   29363.0854950361 | 29477.197371245064 | 28066.409599193397 |   47.55911825500078 | 132.06933130024206 |  -112.8463099205772 |
| 1.4942240866819 | DD0770 |  29388.86973931594 | 29503.520655054705 | 28090.189548850787 |   48.28517109509677 | 135.40501877129964 | -114.06460524777063 |
| 1.4920664462611 | DD0771 |  29414.53498217956 | 29529.835787777214 | 28113.959515027407 |   48.49319247431331 | 137.72834969183398 | -113.13641314070229 |
| 1.4899110295293 | DD0772 |  29440.32863346012 |   29556.0599111628 | 28137.635327585962 |   47.49711369944741 |  138.8942401160569 | -116.68844740088754 |
| 1.4877583634232 | DD0773 |   29466.0240851752 | 29582.407083753893 | 28161.431344709195 |   45.00026264946376 | 134.97558779534384 | -113.24447552943631 |
| 1.4856102068105 | DD0774 |  29491.82094997301 | 29608.746174968834 | 28185.217444212336 |   50.16196649420193 |   135.047068735012 | -114.63526312278447 |
| 1.4834665447103 | DD0775 | 29517.498515985153 | 29634.966692841983 | 28208.883134669497 |   50.52807455393923 |  136.2905015117894 | -115.74777065910104 |
| 1.4813273622096 | DD0776 |  29543.27771514309 |  29661.28956894383 |  28232.64934819017 |   52.71005170815038 |  138.4955419930536 | -112.54296865913588 |
| 1.4791926444632 | DD0777 |  29568.93745428108 | 29687.604406532213 | 28256.405688570572 |   54.99893666432011 |  137.7538940407149 | -112.12564807363876 |
| 1.4770623766933 | DD0778 |  29594.69904632094 |  29713.80042781797 | 28280.041378559345 |    60.8823609683407 | 138.51139485437966 | -112.90035959285831 |
| 1.4749365441891 | DD0779 |  29620.34101707695 | 29740.099135754946 | 28303.777921647517 |   64.55358738412278 |  143.3657899085359 | -117.71972137318477 |
| 1.4728151323061 | DD0780 | 29646.085060186793 |  29766.27886539815 | 28327.393653426505 |   57.47176156950963 | 149.27847946291377 | -116.23853209615436 |
| 1.4706981264663 | DD0781 | 29671.709320725076 | 29792.561500276515 | 28351.110457961175 |   61.65505643586635 |  152.9624417879013 | -111.27820585428924 |
| 1.4685855121571 | DD0782 |  29697.43587276602 | 29818.836167278823 | 28374.706290244536 |   61.32073078575846 | 156.31358472392571 | -117.65895026583523 |
| 1.4664772749317 | DD0783 | 29723.042480924218 | 29844.991612940074 | 28398.403414638877 |   56.44029567585166 | 160.89237857085573 | -120.60005733782026 |
| 1.4643734004081 | DD0784 | 29748.751599431027 | 29871.138928689415 |  28421.97940581462 |  51.235325763526674 |  163.7774712278856 | -122.95885687441715 |
| 1.4622738742691 | DD0785 | 29774.452070123385 | 29897.389585947058 |  28445.65690815619 |  46.941353068749535 |  160.6698689805928 |  -125.3929713459006 |
| 1.4601786822616 | DD0786 |  29800.03235490643 | 29923.520778808102 | 28469.213116291274 |   45.49784507509653 | 159.31997716357972 | -125.67641580268092 |
| 1.4580878101968 | DD0787 | 29825.715477728863 |  29949.75553086813 | 28492.759407135058 |  41.308758383764854 |  157.7670207759973 |  -129.5172422890601 |
| 1.4559994494445 | DD0788 |   29851.4118066038 |  29975.89255867544 | 28516.428373031096 |   39.51600488883992 | 154.76117854370437 | -127.64015266016621 |
| 1.4539130946544 | DD0789 |  29877.01561199333 | 30002.161385282696 | 28540.002457682025 |   41.97435616192864 | 151.64336147552595 | -132.83918351891307 |
| 1.4518310294636 | DD0790 | 29902.722607871066 |  30028.31044980298 | 28563.678621212002 |   36.22301810256327 | 147.58442556674086 | -130.30914690909952 |
| 1.4497532398892 | DD0791 | 29928.421066071805 |  30054.56353517813 |  28587.23310857542 |   40.59675445298193 | 145.93693421265544 | -127.91794994860838 |
| 1.4476797120112 | DD0792 |  29954.11100053221 |  30080.69669588157 | 28610.889893105006 |   43.68035384173573 | 147.84084905444558 |  -132.6388749982338 |
| 1.4456104319714 | DD0793 |  29979.79242515278 | 30106.934094521446 |  28634.42483992689 |    37.7722349289998 | 148.94212293955792 |  -134.9471737385783 |
| 1.4435453859731 | DD0794 | 30005.465353797426 | 30133.051405888997 | 28658.062301911377 |   38.45106118863445 | 146.58473315550987 | -130.66735378162704 |
| 1.4414845602812 | DD0795 |  30031.01739382169 |  30159.27317198964 |  28681.57776463133 |     38.212240504029 | 144.30101075222055 | -131.75201903061384 |
| 1.4394279412215 | DD0796 | 30056.673277175876 |  30185.37468819739 | 28705.195960216613 |   42.71204315670838 | 144.88520674151204 | -130.18447060571313 |
| 1.4373755151802 | DD0797 | 30082.320705943504 |  30211.58087564945 |  28728.69199496361 |  42.507473004664305 |  145.8851543327972 |  -130.3932584918652 |
| 1.4353272686041 | DD0798 |  30107.95969383177 | 30237.666650575607 |  28752.29097999302 |   43.98880544991122 | 145.12145624778512 | -130.96897714265162 |
| 1.4332831879998 | DD0799 | 30133.477469179837 |   30263.8573129693 |  28775.76764259025 |   44.10226436898948 | 146.61129286774795 |  -134.2214999124603 |
| 1.4312432599335 | DD0800 | 30159.099521653072 |  30289.92740018969 |  28799.34747260035 |  39.40443180852908 | 148.93082360817675 | -139.68445741144112 |
| 1.4292074710307 | DD0801 | 30184.713174181008 | 30316.102590819402 | 28822.804818569733 |  38.39562335942432 | 142.60452892478554 | -139.72982141510187 |
| 1.4271758079758 | DD0802 | 30210.318440322462 | 30342.157043615003 | 28846.365548797658 |  35.95503969255794 | 138.55190258148423 | -142.18789293073615 |
|  1.425148257512 | DD0803 |  30235.91533359674 | 30368.316815478593 |  28869.80363335934 |  29.47878792814788 |  132.6668093975016 | -136.64824301367844 |
| 1.4231247090219 | DD0804 | 30261.391825951698 |  30394.35690879989 |  28893.23322219857 |  45.70131085863004 |  128.7522506158717 | -128.43251794282403 |
| 1.4211012465037 | DD0805 |  30287.02318199457 | 30420.552803179256 |  28916.81430179041 |  49.42561885334421 | 131.36881076337974 | -133.51639320617767 |
| 1.4190818688353 | DD0806 | 30312.646231388302 | 30446.741108904956 | 28940.272514536395 |  49.05235745725403 |  135.5674450911837 | -136.01214283864184 |
| 1.4170665629466 | DD0807 | 30338.147445422506 |  30472.80829692849 | 28963.834674234924 |  47.95303458750465 | 135.05697932500348 |  -130.9146455000486 |
| 1.4150553158249 | DD0808 |  30363.75382689074 |  30498.98136970597 | 28987.387441531057 |  49.60376905560475 | 134.55003925565103 | -131.97292352685534 |
| 1.4130481145143 | DD0809 | 30389.351941599332 |  30525.03316159207 | 29010.817098739393 |  53.63637940219778 | 136.85443432031676 | -129.87662972822216 |
| 1.4110449461156 | DD0810 |  30414.82797715385 | 30551.191053200677 | 29034.237201384272 |  55.31621798827786 | 138.92543605463646 | -129.31835756636417 |
| 1.4090457977858 | DD0811 | 30440.409503484716 | 30577.227500717898 |  29057.76168298576 |  59.39463537876395 |  142.4960374665006 |  -124.3890075629527 |
| 1.4070506567378 | DD0812 | 30465.868788128842 |  30603.37026265355 | 29081.162811261074 |  56.13020631517084 |  146.4244875756607 |  -128.1604787567492 |
| 1.4050595102402 | DD0813 |   30491.4337787782 |  30629.39141729026 |  29104.66853408251 | 55.815625779680374 | 148.20322837103475 |  -124.8027405514717 |
|  1.403072345617 | DD0814 | 30516.876365195443 | 30655.404897526023 | 29128.164944634973 | 49.826045324474705 |  150.4257165617956 | -128.81796467613964 |
| 1.4010891502472 | DD0815 | 30542.424872571144 | 30681.525013728733 | 29151.537758563998 |  46.49314101099376 | 145.57970919903394 | -124.26476424844502 |
| 1.3999998911448 | RD0023 | 30556.401145269236 | 30695.793117023106 | 29164.425368271815 |  51.47578219380809 | 145.20462092416804 | -120.77427715182111 |
| 1.3991100203328 | DD0816 |  30567.84942730648 |  30707.52188563487 | 29174.899775328766 | 54.281311524710055 |  147.0923493560395 | -122.32131942172322 |
|  1.397134617046 | DD0817 | 30593.382889528617 | 30733.513905912965 |  29198.36946253246 | 51.801807835526816 | 153.71583405477668 |  -125.7354462810982 |
| 1.3951632542669 | DD0818 |  30618.90681661912 |  30759.61149063464 | 29221.713986859148 |  48.48240614783523 | 154.05073985598622 | -127.26294833537014 |
| 1.3931958107906 | DD0819 | 30644.307933192245 |  30785.58697855489 |  29245.16375099282 |   45.5748315311688 | 148.83706946711678 | -129.82708555548427 |
| 1.3912322742775 | DD0820 | 30669.815506905696 |  30811.55486828723 | 29268.489513004082 | 43.606416974061126 |   144.392069349783 | -126.68428102196016 |
| 1.3892713301326 | DD0821 | 30695.331701040348 | 30837.531980741835 |  29291.93669506877 | 44.953480903951295 | 145.54411690208474 | -123.64794031533785 |
| 1.3873114644538 | DD0822 |  30720.76097799418 | 30863.652783176658 | 29315.409153090102 |  50.99923428222442 | 145.60473156822187 | -124.49928830057287 |
| 1.3853554804948 | DD0823 | 30746.297059360644 | 30889.651189779102 |  29338.75738717813 |  52.74548150914875 | 146.62849956299752 | -136.96430780350283 |
| 1.3834033660737 | DD0824 | 30771.825094903303 |  30915.64207589822 | 29362.211418890667 |  41.56726399075153 |  143.8407966071742 | -134.76471108197885 |
| 1.3814551090611 | DD0825 | 30797.345097256904 |  30941.74069384081 |  29385.54106393738 |   42.6653387628042 | 138.22066357385503 | -123.20226982720295 |
| 1.3795106973795 | DD0826 | 30822.857079023936 | 30967.716670345322 |   29408.9767207366 |  53.40080294837288 | 135.20866192027177 |  -119.9577768068755 |
| 1.3775701190031 | DD0827 | 30848.245624568124 |  30993.68516345376 | 29432.403256336995 | 60.472289733452996 |   140.395847727953 | -127.14673053978099 |
| 1.3756333619578 | DD0828 | 30873.741508728985 | 31019.646185470443 |  29455.70516114271 |  59.81829500399817 | 145.52645653675967 | -130.23844030059476 |
| 1.3737004143204 | DD0829 |  30899.22940993953 |  31045.71536505154 | 29479.113398384008 |  50.87073821704144 | 144.38908838293978 | -130.14518440978333 |
| 1.3717712642187 | DD0830 | 30924.709340667643 | 31071.661575715032 | 29502.512552504282 |  54.19286934984688 | 140.67279908377267 | -121.35247561673872 |
| 1.3698458998311 | DD0831 | 30950.181313348367 | 31097.600351978523 | 29525.786831690126 |  56.40356345068278 | 145.21993236157078 | -126.09354077684348 |
| 1.3679243093863 | DD0832 | 30975.645340384253 | 31123.531706018166 | 29549.167763407615 |  54.98101612629484 | 148.37755837869165 | -128.68028801285197 |
| 1.3660064811632 | DD0833 | 31001.101434143362 | 31149.455649976015 |  29572.53964978453 | 50.381463065403565 | 143.68506102191176 |  -129.3401399510951 |
| 1.3640924034903 | DD0834 |  31026.54960696359 | 31175.372195964388 |   29595.7864170768 | 53.102681380859984 | 143.13943733164157 |  -125.5391585513924 |
| 1.3621820647459 | DD0835 |  31051.87369100284 | 31201.281356059906 | 29619.140156412068 |  53.30022065204658 | 145.47435543924695 | -134.74507213504236 |
| 1.3602754533574 | DD0836 | 31077.305964971012 | 31227.183142309266 |  29642.48488789262 | 43.792762352422706 | 141.60342501799678 | -129.71748689487083 |
| 1.3583725578012 | DD0837 | 31102.730354844305 | 31253.193934538274 |  29665.82062393858 |  51.67217365506283 | 142.81767384285553 | -126.76655452109291 |
| 1.3564720710885 | DD0838 | 31128.163986101812 | 31279.098299145084 | 29689.047237432296 |   45.7203642318373 | 144.48062474673674 | -132.78487601982107 |
| 1.3545724551229 | DD0839 |  31153.62715378391 | 31305.032904087482 | 29712.416913211422 |  46.74113021535587 | 142.23699510100764 |  -135.1282543320258 |
| 1.3526765320226 | DD0840 |  31179.08250071344 | 31330.960211187063 | 29735.777653025165 | 45.292524087100304 |  135.3927074688828 | -129.07744002698215 |
| 1.3507842904159 | DD0841 | 31204.530038952944 | 31356.880232284322 | 29759.129469117106 | 49.708648344335124 | 138.56530626701561 | -125.72278978038686 |
| 1.3488957189795 | DD0842 | 31229.969780526673 |  31382.79297918182 | 29782.355536385003 |  49.73266213437658 | 143.78097855385906 | -129.12130784462457 |
| 1.3470108064374 | DD0843 | 31255.401737431857 |  31408.69846365553 | 29805.689447789493 | 45.107510951433966 | 142.61911500435457 | -127.83967266061914 |
| 1.3451295415611 | DD0844 | 31280.708896689328 |  31434.71372239249 | 29829.014472032974 |  39.05131244534473 | 140.87130389201832 | -135.54353910584112 |
| 1.3432519131693 | DD0845 | 31306.125226347252 | 31460.604810988447 |   29852.3306212289 |  40.40851509234111 | 131.05654448707625 | -133.85112344837054 |
| 1.3413779101274 | DD0846 | 31331.533807167787 | 31486.488672268108 |   29875.6379074619 |  42.90374830564054 | 131.45639013313524 | -129.62686518007882 |
| 1.3395075213476 | DD0847 |  31356.93465102112 | 31512.365317882082 |  29898.93634278348 | 47.625354614179244 | 134.00125203881305 | -126.48306435751812 |
| 1.3376407357884 | DD0848 |  31382.32776974768 |  31538.23475945155 | 29922.225939215317 |  39.33821128224953 | 134.80212818784275 |  -126.9270613650958 |
| 1.3357775424546 | DD0849 |  31407.71317515492 |  31564.21450205379 |  29945.38921525758 |  42.53691718366888 | 129.87404668523797 | -122.62082926951828 |
| 1.3339179303966 | DD0850 |  31432.97329191879 |  31590.06966388986 |   29968.6610762334 |  42.80075273627949 | 128.45221740246637 | -121.60768465950315 |
| 1.3320618887107 | DD0851 | 31458.343212410444 | 31615.917656330235 |  29991.92413422929 |  51.36031095887815 | 124.99907817659147 | -114.80517539179301 |
| 1.3302094065385 | DD0852 |  31483.70545485901 | 31641.758490875134 |  30015.17840114435 |  54.16955358752512 |  128.3857868512302 | -105.59790357634729 |
| 1.3283604730669 | DD0853 | 31508.942163182128 | 31667.710046761098 | 30038.423888845657 |  61.02538549211292 |  133.7201091805844 | -102.79299630757514 |
| 1.3265150775276 | DD0854 | 31534.288991080313 |  31693.53669338538 | 30061.660609171802 |  67.45359119278436 | 145.59427911195965 | -106.55907504493118 |
| 1.3246731555682 | DD0855 | 31559.628903997636 | 31719.356948149387 |   30084.8892679713 | 58.820397122171364 | 151.14718233708072 | -111.33306863467115 |
|  1.322830671881 | DD0856 |  31584.89849400464 | 31745.225828901683 |  30108.16204678418 | 60.314647475716804 | 149.74067416074587 | -108.31203519703679 |
| 1.3209917052377 | DD0857 | 31610.278546241003 |  31771.20587950364 |   30131.4261163249 | 55.941920262383135 | 151.45038401270597 | -112.50417830543317 |
| 1.3191562450075 | DD0858 | 31635.532681906785 |  31797.06072084933 | 30154.681488260623 |   64.5721416413547 | 151.94244018893056 | -106.54039263862703 |
| 1.3173242806037 | DD0859 | 31660.897490024967 |  31822.90851254626 | 30177.928174226974 |  68.69900687280935 | 160.70166065874477 | -111.67513470739604 |
|  1.315495801483 | DD0860 |  31686.13621741549 |  31848.74926580957 |  30201.16618583428 |  66.48004129537641 | 168.84113029680853 | -117.55042471664152 |
| 1.3136707971458 | DD0861 | 31711.485827245408 |  31874.58299182256 |  30224.39553466081 |  58.67871589558882 | 171.42027776868977 |  -112.2902413703915 |
| 1.3118492571358 | DD0862 | 31736.827901771518 | 31900.528411318206 |  30247.61623225505 | 53.256397992482775 | 177.93235843593743 | -118.19072908049418 |
| 1.3100311710395 | DD0863 |  31762.04364932659 | 31926.348209695916 | 30270.828290139507 |  45.68775508391819 | 182.89202509336704 | -120.72585452016236 |
| 1.3082165284865 | DD0864 | 31787.370593836116 | 31952.161014171204 | 30294.031719803865 |  29.34853041445171 | 173.96293944244985 | -129.62828071338998 |
| 1.3064053191487 | DD0865 |  31812.69003700399 | 31977.966835815303 |  30317.22653271265 | 25.452405383671834 |  160.1194066104123 | -135.48625771515313 |
| 1.3045975327407 | DD0866 | 31838.001990079825 | 32003.765685666447 |  30340.41274029725 |  23.33534145716404 | 150.86643351374315 | -125.98375481541633 |
| 1.3027931590189 | DD0867 | 31863.306464289297 | 32029.676751162544 |  30363.59035396486 | 31.459366256097173 |  140.8336799023943 | -123.88429596134027 |
| 1.3009921877818 | DD0868 | 31888.603470827078 |  32055.46178371967 | 30386.878654793654 |  42.58030044539477 | 137.91566827775893 | -119.35730059003626 |
| 1.2999999008328 | RD0024 | 31902.480464337626 | 32069.768728241306 |  30399.63047584493 | 46.751124165325244 | 139.59303124362128 |  -124.4013041885165 |
|  1.299194707963 | DD0869 | 31913.891645396954 |  32081.35785767885 | 30410.037897328813 |   45.5612636448703 | 140.17452661183444 | -121.83365811445569 |
| 1.2974004121541 | DD0870 |  31939.17512566202 | 32107.130499464693 |  30433.19120138729 |  49.38921334505926 | 140.06325243659197 | -117.69806848300973 |
| 1.2956095875879 | DD0871 | 31964.449795932404 | 32132.894841224563 |  30456.33464592487 | 51.387733552302116 | 142.98612099238758 | -117.37417462829087 |
| 1.2938221251054 | DD0872 |  31989.59740064727 |  32158.77191944198 | 30479.469553244937 |  52.75127762365347 |  145.9197326213683 | -115.97330091453532 |
| 1.2920363145865 | DD0873 | 32014.880889884014 | 32184.546426026332 |  30502.61855997751 |  55.04176472300219 | 149.06210724477953 | -121.53855583317107 |
| 1.2902514086595 | DD0874 | 32040.191153372987 | 32210.348405391313 | 30525.791610409895 | 53.349516986862184 | 150.17754390896184 | -115.48222323466516 |
| 1.2884698459229 | DD0875 |  32065.49405465096 | 32236.263462617448 | 30549.076102589006 |  56.96573390030745 | 150.87993978113607 | -117.38037590197067 |
| 1.2866916164643 | DD0876 |  32090.66958904416 |  32262.05185700042 | 30572.232296199174 |  58.43616680116478 | 156.50681023095714 | -114.91260324464821 |
| 1.2849167104117 | DD0877 | 32115.957705402583 |  32287.83342827393 | 30595.380031362565 | 48.326356860760065 |  155.2427035220054 |   -116.336104833803 |
| 1.2831451179328 | DD0878 | 32141.238492255252 |  32313.60818709785 | 30618.519319126928 | 44.336236760658345 | 152.10073497009725 | -114.00297652169064 |
| 1.2813768292352 | DD0879 | 32166.511960439224 |  32339.49643929034 | 30641.770465698017 |  51.43102344678289 | 153.43899778095746 | -114.40545471094265 |
| 1.2796118345661 | DD0880 |  32191.65773243819 | 32365.257698220248 |  30664.89298483197 | 45.941615006457326 |  154.6032586480501 | -122.48956761483292 |
| 1.2778501242122 | DD0881 | 32216.916502574764 |  32391.01217648168 | 30688.007089509865 |  44.54314407072285 |  143.8930810294537 | -112.90030802344083 |
|  1.276091688499 | DD0882 | 32242.167986420656 |  32416.88045914391 | 30711.112790672007 |  56.43672894489761 | 139.59387265185754 | -110.81908137212758 |
| 1.2743365177914 | DD0883 |  32267.41219470152 | 32442.621500748308 | 30734.330766792125 |  60.61881792107604 | 143.87696073343295 | -117.08031344155968 |
| 1.2725846024928 | DD0884 |  32292.64913811997 | 32468.355793228744 | 30757.419786643797 | 61.722268363987325 | 149.36495197015486 | -106.06167460200658 |
| 1.2708359330452 | DD0885 | 32317.878827351487 | 32494.204200637076 |  30780.62128917966 |  66.13226449547608 |  149.2454186818156 | -106.75717483463052 |
|  1.269090499929 | DD0886 | 32343.101273044602 |   32519.9251192216 | 30803.693671033092 |  61.42705043612383 | 150.33724522847697 | -114.07993364232333 |
| 1.2673482936628 | DD0887 |  32368.31648582097 |  32545.63931998874 | 30826.757703595227 |  50.21821841811994 | 146.42845067583772 | -107.95594208462975 |
| 1.2656093048032 | DD0888 | 32393.524476275627 | 32571.346813330925 | 30849.934530025104 |  60.96579905005794 | 136.94229572736376 | -103.27436159277764 |
| 1.2638735239446 | DD0889 | 32418.725254977126 |  32597.16883487256 | 30872.981989184547 |  67.31046304213254 | 145.74810074053568 | -110.75199247070647 |
| 1.2621409417188 | DD0890 | 32443.918832470656 |  32622.86303728762 |  30896.14244938261 |  57.19245162378647 | 141.49244545468468 |  -109.8973481418544 |
| 1.2604094614521 | DD0891 |  32469.13520240783 |  32648.58071211465 | 30919.323340833052 |  58.71581372361997 | 132.03441269753372 |  -96.52742104733723 |
| 1.2586791022481 | DD0892 |  32494.49560951267 |  32674.32159933855 |  30942.40291083985 |  73.33282913831228 |  137.6583020916829 | -104.91304120302395 |
| 1.2569519245826 | DD0893 |  32519.72746421228 | 32700.055860570414 | 30965.595816300334 |  68.33019476972316 | 144.19157838430417 | -103.28935551205421 |
| 1.2552279191991 | DD0894 | 32544.830497941453 | 32725.905195980595 | 30988.658966674964 |  70.68835916859418 |  148.7600395194749 | -102.79353461017429 |
| 1.2535070768777 | DD0895 |  32570.04800810744 | 32751.626328687627 | 31011.835659466567 |  74.29566000063035 |  147.6419308184399 | -101.96555558578976 |
| 1.2517893884352 | DD0896 | 32595.258408015772 |  32777.34086585903 |    31034.882432268 |  67.04043709174893 | 150.54570192061257 | -111.70273469392653 |
| 1.2500748447246 | DD0897 | 32620.583676657945 |   32803.0488176103 | 31058.042954237666 |  64.52017651982555 | 140.52888298185582 |    -97.877857123126 |
| 1.2483634366356 | DD0898 | 32645.779979802563 | 32828.750194025684 | 31081.073391326103 |  83.67685664141734 | 143.65231127914427 |  -98.62721666442594 |
| 1.2466551550936 | DD0899 |  32670.96920352121 |  32854.44500517003 |   31104.2177841152 |   86.2079979378884 | 155.57842610644363 |  -99.01634390604796 |