2000 7.69E-22 7.94E-20 8.02E-20
2500 1.53E-21 3.83E-19 3.84E-19
3000 1.43E-19 1.63E-18 1.77E-18
3500 8.33E-19 2.72E-18 3.55E-18
4000 1.66E-18 3.12E-18 4.78E-18
4500 2.59E-18 4.97E-18 7.57E-18
5000 2.63E-18 5.07E-18 7.70E-18
5500 2.55E-18 5.17E-18 7.72E-18
6000 2.42E-18 5.14E-18 7.56E-18
7000 1.95E-18 4.48E-18 6.42E-18
8000 1.56E-18 3.82E-18 5.38E-18
9000 1.23E-18 3.18E-18 4.40E-18
10000 9.97E-19 2.70E-18 3.70E-18
11000 8.02E-19 2.26E-18 3.06E-18
12000 6.65E-19 1.94E-18 2.61E-18
13000 5.58E-19 1.68E-18 2.24E-18
14000 4.70E-19 1.46E-18 1.93E-18
15000 3.97E-19 1.26E-18 1.66E-18
16000 3.35E-19 1.09E-18 1.43E-18
17000 2.79E-19 9.27E-19 1.21E-18