6.36402960687 0.495368 0.495002 0.500007 0.497368 0.497002 0.502007 10
6.24590439422 0.495391 0.49501 0.499954 0.497391 0.49701 0.501954 10
6.13238754544 0.495391 0.494964 0.499969 0.497391 0.496964 0.501969 10
6.02319745036 0.495391 0.494903 0.499969 0.497391 0.496903 0.501969 10
5.99654864503 0.495391 0.494888 0.499969 0.497391 0.496888 0.501969 10
5.97014439277 0.495376 0.494857 0.499969 0.497376 0.496857 0.501969 10
5.9439890382 0.495376 0.494842 0.499969 0.497376 0.496842 0.501969 10
5.91807660047 0.495372 0.494815 0.499965 0.497372 0.496815 0.501965 10
5.89240348214 0.495365 0.494792 0.499973 0.497365 0.496792 0.501973 10
5.86696615838 0.495363 0.494771 0.499971 0.497363 0.496771 0.501971 10
5.84176117534 0.495364 0.494746 0.499968 0.497364 0.496746 0.501968 10
5.81678514836 0.495354 0.494727 0.499972 0.497354 0.496727 0.501972 10
5.79203476016 0.49535 0.494708 0.499974 0.49735 0.496708 0.501974 10
5.76750675919 0.495347 0.494684 0.499978 0.497347 0.496684 0.501978 10
5.74319795799 0.495347 0.494657 0.49999 0.497347 0.496657 0.50199 10
5.71910523154 0.495336 0.494642 0.499982 0.497336 0.496642 0.501982 10
5.69522551575 0.495332 0.494619 0.499986 0.497332 0.496619 0.501986 10
5.67155580594 0.495328 0.494596 0.499986 0.497328 0.496596 0.501986 10
5.64809315541 0.495325 0.494573 0.499986 0.497325 0.496573 0.501986 10
5.62483467398 0.495321 0.49455 0.499986 0.497321 0.49655 0.501986 10
5.60177752664 0.495317 0.494527 0.499994 0.497317 0.496527 0.501994 10
5.57891893223 0.495313 0.494508 0.499994 0.497313 0.496508 0.501994 10
5.55625616212 0.495313 0.494485 0.499998 0.497313 0.496485 0.501998 10
5.53378653897 0.495305 0.494466 0.499998 0.497305 0.496466 0.501998 10
5.5115074355 0.495298 0.494443 0.499994 0.497298 0.496443 0.501994 10
5.48941627331 0.495294 0.494424 0.499998 0.497294 0.496424 0.501998 10
5.46751052172 0.49529 0.494401 0.499994 0.49729 0.496401 0.501994 10
5.44578769668 0.495286 0.494378 0.499998 0.497286 0.496378 0.501998 10
5.42424535963 0.495283 0.494356 0.500001 0.497283 0.496356 0.502001 10
5.40288111651 0.495279 0.494333 0.499998 0.497279 0.496333 0.501998 10
5.38169261666 0.495271 0.494314 0.500001 0.497271 0.496314 0.502001 10
5.36067755189 0.495267 0.494291 0.499998 0.497267 0.496291 0.501998 10
5.33983365548 0.495264 0.494268 0.499998 0.497264 0.496268 0.501998 10
5.3191587012 0.49526 0.494249 0.500001 0.49726 0.496249 0.502001 10
5.29865050248 0.495252 0.494226 0.500005 0.497252 0.496226 0.502005 10
5.27830691142 0.495248 0.494203 0.500009 0.497248 0.496203 0.502009 10
5.25812581801 0.495244 0.49418 0.500009 0.497244 0.49618 0.502009 10
5.2381051492 0.495237 0.494161 0.500013 0.497237 0.496161 0.502013 10
5.21824286815 0.495233 0.494138 0.500009 0.497233 0.496138 0.502009 10
5.19853697339 0.495229 0.494115 0.500009 0.497229 0.496115 0.502009 10
5.17898549807 0.495222 0.494096 0.500009 0.497222 0.496096 0.502009 10
5.15958650916 0.495218 0.494077 0.500017 0.497218 0.496077 0.502017 10
5.14033810674 0.495214 0.494058 0.50002 0.497214 0.496058 0.50202 10
5.1212384233 0.495207 0.494038 0.500019 0.497207 0.496038 0.502019 10
5.102285623 0.495203 0.494017 0.500021 0.497203 0.496017 0.502021 10
5.08347790102 0.495196 0.493994 0.500021 0.497196 0.495994 0.502021 10
5.06481348287 0.49519 0.493973 0.500023 0.49719 0.495973 0.502023 10
5.04629062378 0.495184 0.493952 0.500023 0.497184 0.495952 0.502023 10
5.02790760803 0.495179 0.493931 0.500023 0.497179 0.495931 0.502023 10
5.00966274837 0.495173 0.493908 0.500023 0.497173 0.495908 0.502023 10
4.99155534646 0.495167 0.493887 0.500025 0.497167 0.495887 0.502025 10
4.97358088686 0.495165 0.49387 0.500021 0.497165 0.49587 0.502021 10
4.95574064767 0.495158 0.493847 0.500025 0.497158 0.495847 0.502025 10
4.93803208824 0.495154 0.493826 0.500025 0.497154 0.495826 0.502025 10
4.92045365504 0.495148 0.493807 0.500025 0.497148 0.495807 0.502025 10
4.90300381948 0.495142 0.493786 0.500027 0.497142 0.495786 0.502027 10
4.88568107758 0.495137 0.493767 0.500029 0.497137 0.495767 0.502029 10
4.86848394941 0.495129 0.493748 0.500029 0.497129 0.495748 0.502029 10
4.85141097864 0.495125 0.493727 0.500031 0.497125 0.495727 0.502031 10
4.83446073204 0.495121 0.493708 0.500033 0.497121 0.495708 0.502033 10
4.81763179903 0.495116 0.493687 0.500033 0.497116 0.495687 0.502033 10
4.80092279121 0.495108 0.493666 0.500033 0.497108 0.495666 0.502033 10
4.78433234194 0.495102 0.493645 0.500033 0.497102 0.495645 0.502033 10
4.76785910589 0.495097 0.493624 0.500033 0.497097 0.495624 0.502033 10
4.75150175863 0.495091 0.493601 0.500033 0.497091 0.495601 0.502033 10
4.7352589962 0.495083 0.493584 0.500035 0.497083 0.495584 0.502035 10
4.71912953474 0.495076 0.493565 0.500033 0.497076 0.495565 0.502033 10
4.70311211006 0.495072 0.493546 0.500035 0.497072 0.495546 0.502035 10
4.68720547731 0.495062 0.493525 0.500035 0.497062 0.495525 0.502035 10
4.67140841054 0.495057 0.493506 0.500037 0.497057 0.495506 0.502037 10
4.65571970238 0.495051 0.493487 0.500039 0.497051 0.495487 0.502039 10
4.64013816369 0.495045 0.493466 0.500037 0.497045 0.495466 0.502037 10
4.62466262316 0.495041 0.493445 0.50004 0.497041 0.495445 0.50204 10
4.60929192703 0.495036 0.493426 0.50004 0.497036 0.495426 0.50204 10
4.59402493874 0.495028 0.493407 0.50004 0.497028 0.495407 0.50204 10
4.57886053856 0.495022 0.493386 0.50004 0.497022 0.495386 0.50204 10
4.56379762334 0.495017 0.493367 0.500042 0.497017 0.495367 0.502042 10
4.54883510616 0.495011 0.493348 0.500042 0.497011 0.495348 0.502042 10
4.53397191604 0.495005 0.493327 0.500046 0.497005 0.495327 0.502046 10
4.51920699764 0.494999 0.493308 0.500046 0.496999 0.495308 0.502046 10
4.50453931097 0.494994 0.493288 0.500046 0.496994 0.495288 0.502046 10
4.4899678311 0.49499 0.493269 0.500046 0.49699 0.495269 0.502046 10
4.47549154791 0.494982 0.49325 0.500048 0.496982 0.49525 0.502048 10
4.46110946578 0.494976 0.493231 0.500048 0.496976 0.495231 0.502048 10
4.44682060335 0.494969 0.49321 0.500046 0.496969 0.49521 0.502046 10
4.43262399328 0.494965 0.493189 0.500046 0.496965 0.495189 0.502046 10
4.41851868194 0.494961 0.493168 0.500048 0.496961 0.495168 0.502048 10
4.40450372922 0.494955 0.493147 0.500046 0.496955 0.495147 0.502046 10
4.39057820826 0.494954 0.493128 0.500048 0.496954 0.495128 0.502048 10
4.37674120521 0.494948 0.493109 0.50005 0.496948 0.495109 0.50205 10
4.36299181901 0.494942 0.49309 0.500048 0.496942 0.49509 0.502048 10
4.34932916116 0.494938 0.493069 0.500048 0.496938 0.495069 0.502048 10
4.3357523555 0.494934 0.49305 0.500048 0.496934 0.49505 0.502048 10
4.32226053798 0.494931 0.493031 0.500048 0.496931 0.495031 0.502048 10
4.30885285647 0.494927 0.493012 0.500048 0.496927 0.495012 0.502048 10
4.29552847053 0.494921 0.492991 0.500048 0.496921 0.494991 0.502048 10
4.28228655122 0.494915 0.492974 0.500048 0.496915 0.494974 0.502048 10
4.26912628089 0.494912 0.492955 0.500046 0.496912 0.494955 0.502046 10
4.256046853 0.494908 0.492937 0.500048 0.496908 0.494937 0.502048 10
4.24304747191 0.494904 0.492918 0.500046 0.496904 0.494918 0.502046 10
4.23012735271 0.4949 0.492899 0.500046 0.4969 0.494899 0.502046 10
4.21728572103 0.494894 0.49288 0.500046 0.496894 0.49488 0.502046 10
4.20452181286 0.494891 0.492861 0.500046 0.496891 0.494861 0.502046 10
4.19183487436 0.494887 0.492842 0.500044 0.496887 0.494842 0.502044 10
4.17922416173 0.494881 0.492821 0.500042 0.496881 0.494821 0.502042 10
4.16668894099 0.494875 0.492802 0.500042 0.496875 0.494802 0.502042 10
4.15422848784 0.494872 0.492785 0.500042 0.496872 0.494785 0.502042 10
4.14184208752 0.494868 0.492768 0.50004 0.496868 0.494768 0.50204 10
4.12952903459 0.494862 0.492749 0.500039 0.496862 0.494749 0.502039 10
4.11728863285 0.494856 0.492731 0.500039 0.496856 0.494731 0.502039 10
4.10512019513 0.494851 0.492711 0.500039 0.496851 0.494711 0.502039 10
4.09302304316 0.494845 0.492691 0.50004 0.496845 0.494691 0.50204 10
4.08099650744 0.494839 0.49267 0.500039 0.496839 0.49467 0.502039 10
4.06903992706 0.494835 0.492655 0.500037 0.496835 0.494655 0.502037 10
4.05715264959 0.49483 0.492638 0.500037 0.49683 0.494638 0.502037 10
4.04533403096 0.494822 0.492621 0.500037 0.496822 0.494621 0.502037 10
4.03358343525 0.494816 0.492602 0.500035 0.496816 0.494602 0.502035 10
4.02190023464 0.494812 0.492585 0.500037 0.496812 0.494585 0.502037 10
4.01028380925 0.494807 0.492567 0.500035 0.496807 0.494567 0.502035 10
3.99873457221 0.494801 0.49255 0.500033 0.496801 0.49455 0.502033 10
3.98724884333 0.494797 0.492535 0.500033 0.496797 0.494535 0.502033 10
3.97582910177 0.49479 0.492518 0.500033 0.49679 0.494518 0.502033 10
3.96447373261 0.494784 0.492501 0.500029 0.496784 0.494501 0.502029 10
3.95318215387 0.494784 0.492485 0.500029 0.496784 0.494485 0.502029 10
3.9419537907 0.494778 0.492468 0.500029 0.496778 0.494468 0.502029 10
3.93078807532 0.494774 0.492451 0.500029 0.496774 0.494451 0.502029 10
3.91968444696 0.494769 0.492434 0.500027 0.496769 0.494434 0.502027 10
3.90864235171 0.494765 0.492417 0.500025 0.496765 0.494417 0.502025 10
3.89766124244 0.494761 0.4924 0.500023 0.496761 0.4944 0.502023 10
3.88674057866 0.494757 0.492384 0.500021 0.496757 0.494384 0.502021 10
3.87587982647 0.494751 0.492367 0.500019 0.496751 0.494367 0.502019 10
3.86507845842 0.494746 0.492352 0.500018 0.496746 0.494352 0.502018 10
3.85433595341 0.49474 0.492337 0.500016 0.49674 0.494337 0.502016 10
3.84365179662 0.494734 0.492321 0.500016 0.496734 0.494321 0.502016 10
3.83302547938 0.494728 0.492308 0.500014 0.496728 0.494308 0.502014 10
3.82245649911 0.494721 0.492293 0.500012 0.496721 0.494293 0.502012 10
3.81194435921 0.494715 0.492279 0.50001 0.496715 0.494279 0.50201 10
3.80148856895 0.494709 0.492268 0.50001 0.496709 0.494268 0.50201 10
3.79108864344 0.494702 0.492255 0.500008 0.496702 0.494255 0.502008 10
3.78074410348 0.494694 0.492241 0.500006 0.496694 0.494241 0.502006 10
3.7704544755 0.494687 0.49223 0.500006 0.496687 0.49423 0.502006 10
3.7602192915 0.494679 0.492217 0.500008 0.496679 0.494217 0.502008 10
3.75003808891 0.494669 0.492203 0.50001 0.496669 0.494203 0.50201 10
3.73991041058 0.494664 0.492188 0.50001 0.496664 0.494188 0.50201 10
3.72983580463 0.494656 0.492173 0.500012 0.496656 0.494173 0.502012 10
3.71981382444 0.494648 0.492157 0.500014 0.496648 0.494157 0.502014 10
3.7098440285 0.494641 0.492142 0.500014 0.496641 0.494142 0.502014 10
3.6999259804 0.494633 0.492127 0.500014 0.496633 0.494127 0.502014 10
3.69005924874 0.494625 0.49211 0.500014 0.496625 0.49411 0.502014 10
3.68024340701 0.49462 0.492094 0.500014 0.49662 0.494094 0.502014 10
3.67047803359 0.494612 0.492079 0.500014 0.496612 0.494079 0.502014 10
3.66076271163 0.494603 0.492064 0.500014 0.496603 0.494064 0.502014 10
3.651097029 0.494597 0.492051 0.500014 0.496597 0.494051 0.502014 10
3.64148057822 0.494587 0.492035 0.500014 0.496587 0.494035 0.502014 10
3.63191295639 0.49458 0.49202 0.500014 0.49658 0.49402 0.502014 10
3.62239376513 0.494574 0.492005 0.500012 0.496574 0.494005 0.502012 10
3.61292261051 0.494566 0.491988 0.50001 0.496566 0.493988 0.50201 10
3.60349910299 0.494559 0.491972 0.50001 0.496559 0.493972 0.50201 10
3.59412285736 0.494551 0.491959 0.500008 0.496551 0.493959 0.502008 10
3.58479349268 0.494545 0.491944 0.500008 0.496545 0.493944 0.502008 10
3.57551063221 0.494538 0.491929 0.500008 0.496538 0.493929 0.502008 10
3.56627390335 0.494532 0.491913 0.500008 0.496532 0.493913 0.502008 10
3.55708293761 0.494526 0.491898 0.500008 0.496526 0.493898 0.502008 10
3.54793737052 0.494522 0.491885 0.500008 0.496522 0.493885 0.502008 10
3.53883684159 0.494517 0.491869 0.500008 0.496517 0.493869 0.502008 10
3.52978099426 0.494515 0.491856 0.50001 0.496515 0.493856 0.50201 10
3.52076947581 0.494517 0.491841 0.500012 0.496517 0.493841 0.502012 10
3.51180193737 0.494517 0.491822 0.500016 0.496517 0.493822 0.502016 10
3.50287803381 0.494513 0.491801 0.500019 0.496513 0.493801 0.502019 10
3.49399771037 0.494509 0.491782 0.500023 0.496509 0.493782 0.502023 10
3.4851597693 0.494503 0.491763 0.500027 0.496503 0.493763 0.502027 10
3.47636473651 0.4945 0.491745 0.500031 0.4965 0.493745 0.502031 10
3.46761199469 0.494494 0.491724 0.500035 0.496494 0.493724 0.502035 10
3.45890121678 0.494488 0.491705 0.50004 0.496488 0.493705 0.50204 10
3.45023207918 0.494482 0.491686 0.500044 0.496482 0.493686 0.502044 10
3.44160426172 0.494473 0.491667 0.50005 0.496473 0.493667 0.50205 10
3.43301744757 0.494465 0.491648 0.500052 0.496465 0.493648 0.502052 10
3.42447132326 0.494458 0.491629 0.500056 0.496458 0.493629 0.502056 10
3.41596557859 0.494448 0.49161 0.50006 0.496448 0.49361 0.50206 10
3.4074999066 0.494439 0.491591 0.500061 0.496439 0.493591 0.502061 10
3.39907400353 0.494431 0.49157 0.500063 0.496431 0.49357 0.502063 10
3.39068756876 0.494421 0.491551 0.500067 0.496421 0.493551 0.502067 10
3.38234030482 0.494412 0.491534 0.500071 0.496412 0.493534 0.502071 10
3.37403191728 0.494402 0.491515 0.500075 0.496402 0.493515 0.502075 10
3.36576211474 0.494393 0.491496 0.500079 0.496393 0.493496 0.502079 10
3.35753060882 0.494383 0.491476 0.500082 0.496383 0.493476 0.502082 10
3.34933711407 0.494374 0.491457 0.500088 0.496374 0.493457 0.502088 10
3.34118134796 0.494362 0.491438 0.500094 0.496362 0.493438 0.502094 10
3.33306303085 0.494351 0.491419 0.500103 0.496351 0.493419 0.502103 10
3.32498188593 0.494349 0.491402 0.500103 0.496349 0.493402 0.502103 10
3.31693763918 0.494343 0.491387 0.500107 0.496343 0.493387 0.502107 10
3.30893001938 0.494339 0.491372 0.500109 0.496339 0.493372 0.502109 10
3.30095875801 0.494334 0.491354 0.500111 0.496334 0.493354 0.502111 10
3.29302358927 0.494328 0.491339 0.500115 0.496328 0.493339 0.502115 10
3.28512425001 0.494324 0.491326 0.500119 0.496324 0.493326 0.502119 10
3.27726047972 0.494318 0.491311 0.500121 0.496318 0.493311 0.502121 10
3.26943202047 0.494313 0.491295 0.500124 0.496313 0.493295 0.502124 10
3.2616386169 0.494307 0.491282 0.500128 0.496307 0.493282 0.502128 10
3.25388001619 0.494301 0.491267 0.500132 0.496301 0.493267 0.502132 10
3.246155968 0.494296 0.491253 0.500136 0.496296 0.493253 0.502136 10
3.23846622448 0.494288 0.49124 0.50014 0.496288 0.49324 0.50214 10
3.2308105402 0.49428 0.491225 0.500143 0.49628 0.493225 0.502143 10
3.22318867213 0.494273 0.491211 0.500147 0.496273 0.493211 0.502147 10
3.21560037965 0.494265 0.491198 0.500151 0.496265 0.493198 0.502151 10
3.20804542444 0.494257 0.491185 0.500155 0.496257 0.493185 0.502155 10
3.20052357053 0.49425 0.491171 0.500159 0.49625 0.493171 0.502159 10
3.19303458422 0.494242 0.491158 0.500163 0.496242 0.493158 0.502163 10
3.1855782341 0.494234 0.491145 0.500166 0.496234 0.493145 0.502166 10
3.17815429096 0.494227 0.491131 0.50017 0.496227 0.493131 0.50217 10
3.17076252782 0.494219 0.491116 0.500174 0.496219 0.493116 0.502174 10
3.16340271985 0.494212 0.491103 0.500178 0.496212 0.493103 0.502178 10
3.1560746444 0.494204 0.491087 0.500182 0.496204 0.493087 0.502182 10
3.14877808094 0.494196 0.491074 0.500185 0.496196 0.493074 0.502185 10
3.14151281104 0.494189 0.491061 0.500189 0.496189 0.493061 0.502189 10
3.13427861833 0.494181 0.491045 0.500193 0.496181 0.493045 0.502193 10
3.1270752885 0.494173 0.491032 0.500197 0.496173 0.493032 0.502197 10
3.11990260928 0.494166 0.491019 0.500203 0.496166 0.493019 0.502203 10
3.11276037039 0.494158 0.491007 0.500206 0.496158 0.493007 0.502206 10
3.1056483635 0.494151 0.490994 0.500212 0.496151 0.492994 0.502212 10
3.09856638229 0.494143 0.490982 0.500216 0.496143 0.492982 0.502216 10
3.09151422231 0.494133 0.490969 0.50022 0.496133 0.492969 0.50222 10
3.08449168106 0.494126 0.490958 0.500224 0.496126 0.492958 0.502224 10
3.07749855791 0.494116 0.490948 0.500227 0.496116 0.492948 0.502227 10
3.07053465409 0.494109 0.490937 0.500229 0.496109 0.492937 0.502229 10
3.06359977268 0.494099 0.490927 0.500231 0.496099 0.492927 0.502231 10
3.05669371856 0.494091 0.490916 0.500233 0.496091 0.492916 0.502233 10
3.04981629843 0.494082 0.490904 0.500233 0.496082 0.492904 0.502233 10
3.04296732074 0.494074 0.490895 0.500235 0.496074 0.492895 0.502235 10
3.03614659574 0.494065 0.490883 0.500235 0.496065 0.492883 0.502235 10
3.02935393536 0.494057 0.490874 0.500235 0.496057 0.492874 0.502235 10
3.02258915329 0.494049 0.490864 0.500237 0.496049 0.492864 0.502237 10
3.01585206488 0.494042 0.490855 0.500237 0.496042 0.492855 0.502237 10
3.0091424872 0.494034 0.490845 0.500237 0.496034 0.492845 0.502237 10
3.00246023892 0.494027 0.490836 0.500237 0.496027 0.492836 0.502237 10
2.99580538563 0.494021 0.490828 0.500237 0.496021 0.492828 0.502237 10
2.98917701356 0.494013 0.490818 0.500235 0.496013 0.492818 0.502235 10
2.98257568203 0.494008 0.490811 0.500235 0.496008 0.492811 0.502235 10
2.97600097088 0.494002 0.490803 0.500233 0.496002 0.492803 0.502233 10
2.96945270684 0.493996 0.490796 0.500233 0.495996 0.492796 0.502233 10
2.96293071814 0.49399 0.490786 0.500231 0.49599 0.492786 0.502231 10
2.95643483458 0.493985 0.490778 0.500229 0.495985 0.492778 0.502229 10
2.94996488743 0.493979 0.490769 0.500227 0.495979 0.492769 0.502227 10
2.94352070948 0.493975 0.490761 0.500224 0.495975 0.492761 0.502224 10
2.93710213499 0.493969 0.490752 0.50022 0.495969 0.492752 0.50222 10
2.93070899968 0.493966 0.490744 0.500216 0.495966 0.492744 0.502216 10
2.92434114071 0.493962 0.490736 0.500212 0.495962 0.492736 0.502212 10
2.91799839668 0.493958 0.490729 0.500208 0.495958 0.492729 0.502208 10
2.9116806076 0.493954 0.490721 0.500203 0.495954 0.492721 0.502203 10
2.90538761486 0.493952 0.490714 0.500199 0.495952 0.492714 0.502199 10
2.89911926126 0.49395 0.490708 0.500195 0.49595 0.492708 0.502195 10
2.89287539095 0.49395 0.490702 0.500189 0.49595 0.492702 0.502189 10
2.88665584942 0.493952 0.490698 0.500184 0.495952 0.492698 0.502184 10
2.88046048351 0.493956 0.490693 0.500176 0.495956 0.492693 0.502176 10
2.87428914139 0.493962 0.490687 0.50017 0.495962 0.492687 0.50217 10
2.86814167251 0.493971 0.490681 0.500166 0.495971 0.492681 0.502166 10
2.86201792765 0.493981 0.490673 0.500164 0.495981 0.492673 0.502164 10
2.85591775883 0.493992 0.490664 0.500163 0.495992 0.492664 0.502163 10
2.84984101937 0.494002 0.490652 0.500161 0.496002 0.492652 0.502161 10
2.84378756381 0.494009 0.490639 0.500161 0.496009 0.492639 0.502161 10
2.83775724794 0.494013 0.490626 0.500161 0.496013 0.492626 0.502161 10
2.83174992879 0.494017 0.490611 0.500161 0.496017 0.492611 0.502161 10
2.82576546457 0.494019 0.490597 0.500163 0.496019 0.492597 0.502163 10
2.81980371471 0.494021 0.490584 0.500166 0.496021 0.492584 0.502166 10
2.81386453982 0.494021 0.49057 0.500168 0.496021 0.49257 0.502168 10
2.80794780169 0.494021 0.490557 0.500172 0.496021 0.492557 0.502172 10
2.80205336325 0.494019 0.490542 0.500174 0.496019 0.492542 0.502174 10
2.79618108859 0.494019 0.490529 0.500178 0.496019 0.492529 0.502178 10
2.79033084294 0.494017 0.490515 0.500182 0.496017 0.492515 0.502182 10
2.78450249264 0.494013 0.490502 0.500185 0.496013 0.492502 0.502185 10
2.77869590516 0.494011 0.490488 0.500189 0.496011 0.492488 0.502189 10
2.77291094905 0.494006 0.490473 0.500193 0.496006 0.492473 0.502193 10
2.76714749396 0.494002 0.49046 0.500197 0.496002 0.49246 0.502197 10
2.76140541061 0.493996 0.490446 0.500203 0.495996 0.492446 0.502203 10
2.75568457079 0.493988 0.490433 0.500208 0.495988 0.492433 0.502208 10
2.74998541481 0.493981 0.490422 0.500212 0.495981 0.492422 0.502212 10
2.7443061141 0.493973 0.49041 0.50022 0.495973 0.49241 0.50222 10
2.73864824615 0.493964 0.490397 0.500227 0.495964 0.492397 0.502227 10
2.73301111927 0.493954 0.490385 0.500237 0.495954 0.492385 0.502237 10
2.72739461045 0.493943 0.490372 0.500248 0.495943 0.492372 0.502248 10
2.72179859765 0.493931 0.490357 0.500258 0.495931 0.492357 0.502258 10
2.71622295981 0.49392 0.490342 0.500269 0.49592 0.492342 0.502269 10
2.71066757686 0.49391 0.490326 0.500281 0.49591 0.492326 0.502281 10
2.70513232968 0.493899 0.490309 0.500292 0.495899 0.492309 0.502292 10
2.69961710014 0.493885 0.49029 0.500302 0.495885 0.49229 0.502302 10
2.69412177102 0.493872 0.490271 0.500311 0.495872 0.492271 0.502311 10
2.68864622607 0.493857 0.490252 0.500321 0.495857 0.492252 0.502321 10
2.68319034997 0.493838 0.490231 0.500327 0.495838 0.492231 0.502327 10
2.6777540283 0.493817 0.49021 0.500325 0.495817 0.49221 0.502325 10
2.67233714759 0.493803 0.490195 0.500315 0.495803 0.492195 0.502315 10
2.66693959523 0.493796 0.490181 0.500307 0.495796 0.492181 0.502307 10
2.66156125953 0.493792 0.49017 0.500304 0.495792 0.49217 0.502304 10
2.65620202968 0.49379 0.490158 0.500304 0.49579 0.492158 0.502304 10
2.65086179573 0.49379 0.490147 0.500307 0.49579 0.492147 0.502307 10
2.64554044864 0.493788 0.490134 0.500313 0.495788 0.492134 0.502313 10
2.64023788017 0.493788 0.490124 0.500323 0.495788 0.492124 0.502323 10
2.63495398297 0.493788 0.490113 0.500336 0.495788 0.492113 0.502336 10
2.62968865053 0.493786 0.490094 0.500355 0.495786 0.492094 0.502355 10
2.62444177715 0.493775 0.490073 0.500355 0.495775 0.492073 0.502355 10
2.61921325797 0.493773 0.490067 0.500353 0.495773 0.492067 0.502353 10
2.61400298894 0.493773 0.490052 0.500369 0.495773 0.492052 0.502369 10
2.60881086684 0.493769 0.490044 0.50037 0.495769 0.492044 0.50237 10
2.60363678922 0.493767 0.490031 0.500376 0.495767 0.492031 0.502376 10
2.59848065444 0.493763 0.490015 0.500382 0.495763 0.492015 0.502382 10
2.59334236164 0.493761 0.490002 0.500388 0.495761 0.492002 0.502388 10
2.58822181074 0.49376 0.489987 0.500393 0.49576 0.491987 0.502393 10
2.58311890242 0.493756 0.489973 0.500399 0.495756 0.491973 0.502399 10
2.57803353814 0.493754 0.489958 0.500405 0.495754 0.491958 0.502405 10
2.57296562009 0.49375 0.489943 0.50041 0.49575 0.491943 0.50241 10
2.56791505123 0.493744 0.489928 0.500414 0.495744 0.491928 0.502414 10
2.56288173525 0.49374 0.489912 0.50042 0.49574 0.491912 0.50242 10
2.55786557658 0.493735 0.489897 0.500424 0.495735 0.491897 0.502424 10
2.55286648036 0.493729 0.489882 0.500426 0.495729 0.491882 0.502426 10
2.54788435246 0.493721 0.489869 0.50043 0.495721 0.491869 0.50243 10
2.54291909946 0.493716 0.489855 0.500433 0.495716 0.491855 0.502433 10
2.53797062865 0.493708 0.48984 0.500437 0.495708 0.49184 0.502437 10
2.53303884801 0.493702 0.489827 0.500441 0.495702 0.491827 0.502441 10
2.52812366621 0.493695 0.489813 0.500443 0.495695 0.491813 0.502443 10
2.52322499262 0.493687 0.489802 0.500447 0.495687 0.491802 0.502447 10
2.51834273727 0.493681 0.489788 0.500451 0.495681 0.491788 0.502451 10
2.51347681088 0.493674 0.489775 0.500454 0.495674 0.491775 0.502454 10
2.50862712481 0.493666 0.489764 0.500458 0.495666 0.491764 0.502458 10
2.5037935911 0.493658 0.48975 0.500462 0.495658 0.49175 0.502462 10
2.49897650109 0.493647 0.489735 0.500468 0.495647 0.491735 0.502468 10
2.49417463215 0.493639 0.48972 0.500475 0.495639 0.49172 0.502475 10
2.48938903429 0.49363 0.489703 0.500483 0.49563 0.491703 0.502483 10
2.48461924336 0.493622 0.489684 0.500491 0.495622 0.491684 0.502491 10
2.47986517465 0.493615 0.489666 0.500498 0.495615 0.491666 0.502498 10
2.47512674401 0.493607 0.489649 0.500506 0.495607 0.491649 0.502506 10
2.47040386793 0.493599 0.48963 0.500513 0.495599 0.49163 0.502513 10
2.4656964635 0.49359 0.489611 0.500521 0.49559 0.491611 0.502521 10
2.46100444841 0.493582 0.489592 0.500529 0.495582 0.491592 0.502529 10
2.45632774096 0.493573 0.489575 0.500536 0.495573 0.491575 0.502536 10
2.45166626005 0.493565 0.489558 0.500544 0.495565 0.491558 0.502544 10
2.44701992515 0.493555 0.489541 0.500552 0.495555 0.491541 0.502552 10
2.44238865633 0.493548 0.489523 0.500557 0.495548 0.491523 0.502557 10
2.43777237423 0.49354 0.489508 0.500565 0.49554 0.491508 0.502565 10
2.43317100006 0.493533 0.489491 0.500573 0.495533 0.491491 0.502573 10
2.42858445562 0.493527 0.489478 0.500578 0.495527 0.491478 0.502578 10
2.42401266324 0.493521 0.489462 0.500586 0.495521 0.491462 0.502586 10
2.41945554583 0.493515 0.489447 0.500594 0.495515 0.491447 0.502594 10
2.41491302684 0.49351 0.489432 0.500601 0.49551 0.491432 0.502601 10
2.41038503029 0.493504 0.489417 0.500609 0.495504 0.491417 0.502609 10
2.4058714807 0.4935 0.489401 0.500616 0.4955 0.491401 0.502616 10
2.40137230317 0.493494 0.489386 0.500624 0.495494 0.491386 0.502624 10
2.39688742332 0.493491 0.489369 0.50063 0.495491 0.491369 0.50263 10
2.39241676727 0.493485 0.489354 0.500637 0.495485 0.491354 0.502637 10
2.3879602617 0.493481 0.489338 0.500643 0.495481 0.491338 0.502643 10
2.3835178338 0.493475 0.489323 0.500649 0.495475 0.491323 0.502649 10
2.37908941125 0.49347 0.489308 0.500655 0.49547 0.491308 0.502655 10
2.37467492227 0.493466 0.489293 0.50066 0.495466 0.491293 0.50266 10
2.37027429557 0.49346 0.489279 0.500664 0.49546 0.491279 0.502664 10
2.36588746036 0.493456 0.489266 0.50067 0.495456 0.491266 0.50267 10
2.36151434634 0.493452 0.489252 0.500678 0.495452 0.491252 0.502678 10
2.35715488372 0.493449 0.489237 0.500683 0.495449 0.491237 0.502683 10
2.35280900318 0.493447 0.489224 0.500689 0.495447 0.491224 0.502689 10
2.34847663588 0.493443 0.489209 0.500695 0.495443 0.491209 0.502695 10
2.34415771346 0.493439 0.489193 0.5007 0.495439 0.491193 0.5027 10
2.33985216806 0.493435 0.48918 0.500706 0.495435 0.49118 0.502706 10
2.33555993226 0.493433 0.489167 0.500712 0.495433 0.491167 0.502712 10
2.3312809391 0.49343 0.489151 0.500718 0.49543 0.491151 0.502718 10
2.32701512212 0.493426 0.489136 0.500723 0.495426 0.491136 0.502723 10
2.32276241527 0.493422 0.489121 0.500729 0.495422 0.491121 0.502729 10
2.318522753 0.49342 0.489106 0.500737 0.49542 0.491106 0.502737 10
2.31429607016 0.493416 0.489092 0.500742 0.495416 0.491092 0.502742 10
2.3100823021 0.493412 0.489077 0.500748 0.495412 0.491077 0.502748 10
2.30588138457 0.493409 0.489062 0.500754 0.495409 0.491062 0.502754 10
2.30169325377 0.493407 0.489047 0.500761 0.495407 0.491047 0.502761 10
2.29751784634 0.493403 0.489031 0.500769 0.495403 0.491031 0.502769 10
2.29335509935 0.493399 0.489018 0.500775 0.495399 0.491018 0.502775 10
2.28920495029 0.493393 0.489003 0.500781 0.495393 0.491003 0.502781 10
2.28506733707 0.49339 0.488989 0.500786 0.49539 0.490989 0.502786 10
2.28094219804 0.493384 0.488974 0.500792 0.495384 0.490974 0.502792 10
2.27682947194 0.493378 0.488959 0.500796 0.495378 0.490959 0.502796 10
2.27272909793 0.493372 0.488945 0.500801 0.495372 0.490945 0.502801 10
2.2686410156 0.493369 0.48893 0.500807 0.495369 0.49093 0.502807 10
2.26456516492 0.493363 0.488915 0.500811 0.495363 0.490915 0.502811 10
2.26050148626 0.493359 0.4889 0.500817 0.495359 0.4909 0.502817 10
2.25644992041 0.493353 0.488882 0.500824 0.495353 0.490882 0.502824 10
2.25241040853 0.493348 0.488865 0.50083 0.495348 0.490865 0.50283 10
2.24838313276 0.493342 0.48885 0.500838 0.495342 0.49085 0.502838 10
2.24436731334 0.493338 0.488837 0.500843 0.495338 0.490837 0.502843 10
2.24036361436 0.493332 0.488821 0.500849 0.495332 0.490821 0.502849 10
2.23637173791 0.493327 0.488806 0.500855 0.495327 0.490806 0.502855 10
2.23239162711 0.493323 0.488791 0.500863 0.495323 0.490791 0.502863 10
2.22842322544 0.493319 0.488776 0.500868 0.495319 0.490776 0.502868 10
2.22446647674 0.493313 0.488762 0.500874 0.495313 0.490762 0.502874 10
2.22052132522 0.493308 0.488747 0.50088 0.495308 0.490747 0.50288 10
2.21658771548 0.493304 0.488734 0.500885 0.495304 0.490734 0.502885 10
2.21266559244 0.4933 0.488718 0.500891 0.4953 0.490718 0.502891 10
2.20875490142 0.493294 0.488703 0.500897 0.495294 0.490703 0.502897 10
2.20485558808 0.493288 0.48869 0.500901 0.495288 0.49069 0.502901 10
2.20096759842 0.493283 0.488675 0.500906 0.495283 0.490675 0.502906 10
2.19709087883 0.493279 0.488661 0.500912 0.495279 0.490661 0.502912 10
2.19322537601 0.493275 0.488648 0.500918 0.495275 0.490648 0.502918 10
2.18937103703 0.493269 0.488635 0.500922 0.495269 0.490635 0.502922 10
2.18552780928 0.493266 0.488619 0.500927 0.495266 0.490619 0.502927 10
2.18169564051 0.49326 0.488606 0.500931 0.49526 0.490606 0.502931 10
2.1778744788 0.493258 0.488593 0.500937 0.495258 0.490593 0.502937 10
2.17406427256 0.493252 0.488579 0.500941 0.495252 0.490579 0.502941 10
2.17026497053 0.493248 0.488566 0.500946 0.495248 0.490566 0.502946 10
2.1664765218 0.493243 0.488552 0.50095 0.495243 0.490552 0.50295 10
2.16269887575 0.493239 0.488539 0.500954 0.495239 0.490539 0.502954 10
2.15893198211 0.493235 0.488526 0.50096 0.495235 0.490526 0.50296 10
2.15517579093 0.493231 0.488512 0.500964 0.495231 0.490512 0.502964 10
2.15143025257 0.493227 0.488499 0.500967 0.495227 0.490499 0.502967 10
2.1476953177 0.493224 0.488486 0.500971 0.495224 0.490486 0.502971 10
2.14397093731 0.49322 0.48847 0.500977 0.49522 0.49047 0.502977 10
2.14025706271 0.493216 0.488457 0.500981 0.495216 0.490457 0.502981 10
2.13655364551 0.493214 0.488442 0.500987 0.495214 0.490442 0.502987 10
2.13286063762 0.493208 0.488429 0.50099 0.495208 0.490429 0.50299 10
2.12917799125 0.493205 0.488415 0.500994 0.495205 0.490415 0.502994 10
2.12550565893 0.493201 0.488402 0.501 0.495201 0.490402 0.503 10
2.12184359347 0.493197 0.488388 0.501004 0.495197 0.490388 0.503004 10
2.11819174799 0.493191 0.488375 0.501007 0.495191 0.490375 0.503007 10
2.11455007588 0.493187 0.48836 0.501013 0.495187 0.49036 0.503013 10
2.11091853086 0.493182 0.488347 0.501019 0.495182 0.490347 0.503019 10
2.1072970669 0.493178 0.488333 0.501023 0.495178 0.490333 0.503023 10
2.10368563827 0.493172 0.488318 0.501028 0.495172 0.490318 0.503028 10
2.10008419955 0.493166 0.488305 0.501034 0.495166 0.490305 0.503034 10
2.09649270555 0.493163 0.488291 0.501038 0.495163 0.490291 0.503038 10
2.09291111141 0.493157 0.488276 0.501044 0.495157 0.490276 0.503044 10
2.08933937252 0.493153 0.488261 0.501049 0.495153 0.490261 0.503049 10
2.08577744454 0.493147 0.488247 0.501055 0.495147 0.490247 0.503055 10
2.08222528344 0.493143 0.488234 0.501061 0.495143 0.490234 0.503061 10
2.07868284542 0.493138 0.488221 0.501065 0.495138 0.490221 0.503065 10
2.07515008697 0.493134 0.488205 0.501069 0.495134 0.490205 0.503069 10
2.07162696484 0.49313 0.488192 0.501074 0.49513 0.490192 0.503074 10
2.06811343605 0.493124 0.488177 0.50108 0.495124 0.490177 0.50308 10
2.06460945788 0.493121 0.488163 0.501086 0.495121 0.490163 0.503086 10
2.06111498788 0.493117 0.48815 0.501091 0.495117 0.49015 0.503091 10
2.05762998383 0.493111 0.488135 0.501097 0.495111 0.490135 0.503097 10
2.05415440381 0.493107 0.488121 0.501103 0.495107 0.490121 0.503103 10
2.05068820611 0.493102 0.488106 0.501109 0.495102 0.490106 0.503109 10
2.04723134931 0.493098 0.488093 0.501114 0.495098 0.490093 0.503114 10
2.04378379222 0.493094 0.488078 0.50112 0.495094 0.490078 0.50312 10
2.04034549391 0.493088 0.488062 0.501126 0.495088 0.490062 0.503126 10
2.03691641368 0.493084 0.488049 0.501131 0.495084 0.490049 0.503131 10
2.03349651109 0.493081 0.488034 0.501137 0.495081 0.490034 0.503137 10
2.03008574594 0.493077 0.48802 0.501143 0.495077 0.49002 0.503143 10
2.02668407827 0.493073 0.488005 0.501149 0.495073 0.490005 0.503149 10
2.02329146837 0.493067 0.487992 0.501154 0.495067 0.489992 0.503154 10
2.01990787675 0.493061 0.487978 0.50116 0.495061 0.489978 0.50316 10
2.01653326416 0.493056 0.487965 0.501166 0.495056 0.489965 0.503166 10
2.0131675916 0.493052 0.48795 0.501172 0.495052 0.48995 0.503172 10
2.00981082028 0.493048 0.487936 0.501177 0.495048 0.489936 0.503177 10
2.00646291165 0.493042 0.487921 0.501183 0.495042 0.489921 0.503183 10
2.0031238274 0.493039 0.487908 0.501189 0.495039 0.489908 0.503189 10
1.99979384142 0.493035 0.487894 0.501194 0.495035 0.489894 0.503194 10
1.99647197986 0.493031 0.487879 0.501198 0.495031 0.489879 0.503198 10
1.99315914111 0.493027 0.487866 0.501204 0.495027 0.489866 0.503204 10
1.98985497568 0.493021 0.487853 0.50121 0.495021 0.489853 0.50321 10
1.98655944641 0.493018 0.487837 0.501213 0.495018 0.489837 0.503213 10
1.98327251629 0.493014 0.487824 0.501219 0.495014 0.489824 0.503219 10
1.97999414859 0.493008 0.487811 0.501225 0.495008 0.489811 0.503225 10
1.97672430673 0.493002 0.487797 0.501231 0.495002 0.489797 0.503231 10
1.97346295439 0.492999 0.487784 0.501236 0.494999 0.489784 0.503236 10
1.97021005544 0.492993 0.48777 0.50124 0.494993 0.48977 0.50324 10
1.96696557398 0.492989 0.487755 0.501246 0.494989 0.489755 0.503246 10
1.96372947429 0.492983 0.487742 0.501252 0.494983 0.489742 0.503252 10
1.96050172088 0.492978 0.487729 0.501257 0.494978 0.489729 0.503257 10
1.95728227846 0.492974 0.487713 0.501263 0.494974 0.489713 0.503263 10
1.95407111194 0.49297 0.4877 0.501271 0.49497 0.4897 0.503271 10
1.95086818645 0.492964 0.487687 0.501275 0.494964 0.489687 0.503275 10
1.9476734673 0.49296 0.487671 0.50128 0.49496 0.489671 0.50328 10
1.94448692001 0.492957 0.487658 0.501286 0.494957 0.489658 0.503286 10
1.9413085103 0.492951 0.487645 0.501292 0.494951 0.489645 0.503292 10
1.93813820408 0.492947 0.487631 0.501297 0.494947 0.489631 0.503297 10
1.93497596747 0.492941 0.487618 0.501303 0.494941 0.489618 0.503303 10
1.93182176677 0.492937 0.487603 0.501307 0.494937 0.489603 0.503307 10
1.92867556848 0.492934 0.487589 0.501313 0.494934 0.489589 0.503313 10
1.92553733928 0.49293 0.487576 0.501318 0.49493 0.489576 0.503318 10
1.92240704607 0.492924 0.487563 0.501322 0.494924 0.489563 0.503322 10
1.91928465589 0.49292 0.487549 0.501328 0.49492 0.489549 0.503328 10
1.91617013602 0.492917 0.487536 0.501332 0.494917 0.489536 0.503332 10
1.91306345389 0.492911 0.487523 0.501337 0.494911 0.489523 0.503337 10
1.90996457714 0.492907 0.487507 0.501341 0.494907 0.489507 0.503341 10
1.90687347355 0.492903 0.487494 0.501347 0.494903 0.489494 0.503347 10
1.90379011114 0.492897 0.487481 0.501351 0.494897 0.489481 0.503351 10
1.90071445808 0.492894 0.487467 0.501357 0.494894 0.489467 0.503357 10
1.8976464827 0.492888 0.487454 0.50136 0.494888 0.489454 0.50336 10
1.89458615356 0.492884 0.487441 0.501364 0.494884 0.489441 0.503364 10
1.89153343934 0.492878 0.487427 0.50137 0.494878 0.489427 0.50337 10
1.88848830893 0.492873 0.487414 0.501374 0.494873 0.489414 0.503374 10
1.8854507314 0.492869 0.4874 0.501379 0.494869 0.4894 0.503379 10
1.88242067596 0.492863 0.487387 0.501383 0.494863 0.489387 0.503383 10
1.87939811203 0.492859 0.487374 0.501387 0.494859 0.489374 0.503387 10
1.87638300917 0.492854 0.48736 0.501393 0.494854 0.48936 0.503393 10
1.87337533713 0.492848 0.487347 0.501397 0.494848 0.489347 0.503397 10
1.87037506581 0.492844 0.487334 0.5014 0.494844 0.489334 0.5034 10
1.86738216529 0.49284 0.48732 0.501406 0.49484 0.48932 0.503406 10
1.86439660582 0.492834 0.487307 0.50141 0.494834 0.489307 0.50341 10
1.86141835779 0.492831 0.487294 0.501414 0.494831 0.489294 0.503414 10
1.8584473918 0.492825 0.487282 0.501418 0.494825 0.489282 0.503418 10
1.85548367856 0.492819 0.487269 0.501421 0.494819 0.489269 0.503421 10
1.85252718897 0.492815 0.487256 0.501427 0.494815 0.489256 0.503427 10
1.84957789409 0.49281 0.487242 0.501431 0.49481 0.489242 0.503431 10
1.84663576513 0.492806 0.487229 0.501435 0.494806 0.489229 0.503435 10
1.84370077346 0.4928 0.487215 0.501439 0.4948 0.489215 0.503439 10
1.84077289061 0.492796 0.487204 0.501442 0.494796 0.489204 0.503442 10
1.83785208827 0.492791 0.487191 0.501446 0.494791 0.489191 0.503446 10
1.83493833828 0.492787 0.487177 0.50145 0.494787 0.489177 0.50345 10
1.83203161262 0.492781 0.487166 0.501456 0.494781 0.489166 0.503456 10
1.82913188344 0.492777 0.487153 0.50146 0.494777 0.489153 0.50346 10
1.82623912304 0.492772 0.487141 0.501463 0.494772 0.489141 0.503463 10
1.82335330386 0.492768 0.487128 0.501465 0.494768 0.489128 0.503465 10
1.82047439851 0.492764 0.487114 0.501469 0.494764 0.489114 0.503469 10
1.81760237972 0.49276 0.487103 0.501473 0.49476 0.489103 0.503473 10
1.81473722039 0.492754 0.48709 0.501477 0.494754 0.48909 0.503477 10
1.81187889356 0.492751 0.487078 0.501479 0.494751 0.489078 0.503479 10
1.80902737241 0.492747 0.487065 0.501482 0.494747 0.489065 0.503482 10
1.80618263026 0.492743 0.487053 0.501486 0.494743 0.489053 0.503486 10
1.8033446406 0.492739 0.487042 0.50149 0.494739 0.489042 0.50349 10
1.80051337702 0.492735 0.48703 0.501494 0.494735 0.48903 0.503494 10
1.7976888133 0.492731 0.487017 0.501496 0.494731 0.489017 0.503496 10
1.79487092331 0.49273 0.487006 0.5015 0.49473 0.489006 0.5035 10
1.7920596811 0.492728 0.486992 0.501501 0.494728 0.488992 0.503501 10
1.78925506084 0.492726 0.486981 0.501505 0.494726 0.488981 0.503505 10
1.78645703685 0.492724 0.486967 0.501507 0.494724 0.488967 0.503507 10
1.78366558356 0.492724 0.486954 0.501509 0.494724 0.488954 0.503509 10
1.78088067556 0.492724 0.486941 0.501511 0.494724 0.488941 0.503511 10
1.77810228757 0.492722 0.486927 0.501515 0.494722 0.488927 0.503515 10
1.77533039444 0.492722 0.486914 0.501517 0.494722 0.488914 0.503517 10
1.77256497116 0.492722 0.486899 0.501519 0.494722 0.488899 0.503519 10
1.76980599285 0.49272 0.486885 0.501522 0.49472 0.488885 0.503522 10
1.76705343474 0.492718 0.486872 0.501526 0.494718 0.488872 0.503526 10
1.76430727222 0.492718 0.486857 0.50153 0.494718 0.488857 0.50353 10
1.7615674808 0.492718 0.486842 0.501534 0.494718 0.488842 0.503534 10
1.75883403612 0.492716 0.486828 0.501538 0.494716 0.488828 0.503538 10
1.75610691393 0.492714 0.486813 0.501542 0.494714 0.488813 0.503542 10
1.75338609014 0.492712 0.4868 0.501545 0.494712 0.4888 0.503545 10
1.75067154075 0.492711 0.486784 0.501549 0.494711 0.488784 0.503549 10
1.74796330893 0.492709 0.486769 0.501553 0.494709 0.488769 0.503553 10
1.74526116988 0.492707 0.486756 0.501557 0.494707 0.488756 0.503557 10
1.74256530107 0.492705 0.486741 0.501563 0.494705 0.488741 0.503563 10
1.73987561197 0.492701 0.486727 0.501566 0.494701 0.488727 0.503566 10
1.73719207923 0.492699 0.486712 0.501572 0.494699 0.488712 0.503572 10
1.7345146796 0.492697 0.486697 0.501576 0.494697 0.488697 0.503576 10
1.73184338996 0.492693 0.486683 0.501582 0.494693 0.488683 0.503582 10
1.7291781873 0.492691 0.486668 0.501585 0.494691 0.488668 0.503585 10
1.72651904874 0.49269 0.486653 0.501591 0.49469 0.488653 0.503591 10
1.72386595152 0.492686 0.486639 0.501597 0.494686 0.488639 0.503597 10
1.72121887297 0.492682 0.486626 0.501603 0.494682 0.488626 0.503603 10
1.71857779057 0.49268 0.486611 0.501606 0.49468 0.488611 0.503606 10
1.71594268191 0.492678 0.486596 0.501612 0.494678 0.488596 0.503612 10
1.71331352467 0.492674 0.486582 0.501618 0.494674 0.488582 0.503618 10
1.71069029667 0.49267 0.486567 0.501622 0.49467 0.488567 0.503622 10
1.70807297583 0.492667 0.486554 0.501627 0.494667 0.488554 0.503627 10
1.70546154019 0.492663 0.48654 0.501635 0.494663 0.48854 0.503635 10
1.70285596791 0.492661 0.486525 0.501641 0.494661 0.488525 0.503641 10
1.70025623723 0.492657 0.486512 0.501646 0.494657 0.488512 0.503646 10
1.69766232654 0.492653 0.486496 0.501652 0.494653 0.488496 0.503652 10
1.69507421431 0.492649 0.486483 0.501658 0.494649 0.488483 0.503658 10
1.69249187913 0.492646 0.48647 0.501666 0.494646 0.48847 0.503666 10
1.6899152997 0.492644 0.486454 0.501671 0.494644 0.488454 0.503671 10
1.68734445483 0.49264 0.486441 0.501679 0.49464 0.488441 0.503679 10
1.68477932343 0.492636 0.486426 0.501685 0.494636 0.488426 0.503685 10
1.68221988453 0.492632 0.486412 0.50169 0.494632 0.488412 0.50369 10
1.67966611723 0.492629 0.486399 0.501698 0.494629 0.488399 0.503698 10
1.67711800078 0.492627 0.486386 0.501704 0.494627 0.488386 0.503704 10
1.67457551452 0.492623 0.486372 0.501709 0.494623 0.488372 0.503709 10
1.67203863787 0.492619 0.486359 0.501717 0.494619 0.488359 0.503717 10
1.66950735037 0.492615 0.486346 0.501723 0.494615 0.488346 0.503723 10
1.66698163169 0.492611 0.48633 0.50173 0.494611 0.48833 0.50373 10
1.66446146154 0.492608 0.486317 0.501736 0.494608 0.488317 0.503736 10
1.6619468198 0.492604 0.486304 0.501744 0.494604 0.488304 0.503744 10
1.65943768639 0.4926 0.48629 0.501749 0.4946 0.48829 0.503749 10
1.65693404136 0.492596 0.486277 0.501755 0.494596 0.488277 0.503755 10
1.65443586487 0.492592 0.486264 0.501763 0.494592 0.488264 0.503763 10
1.65194313715 0.492588 0.48625 0.501769 0.494588 0.48825 0.503769 10
1.64945583855 0.492585 0.486235 0.501776 0.494585 0.488235 0.503776 10
1.64697394951 0.492581 0.486222 0.501782 0.494581 0.488222 0.503782 10
1.64449745055 0.492577 0.486208 0.501788 0.494577 0.488208 0.503788 10
1.64202632232 0.492573 0.486195 0.501795 0.494573 0.488195 0.503795 10
1.63956054554 0.492569 0.486182 0.501801 0.494569 0.488182 0.503801 10
1.63710010103 0.492566 0.486168 0.501807 0.494566 0.488168 0.503807 10
1.63464496971 0.492562 0.486153 0.501814 0.494562 0.488153 0.503814 10
1.63219513258 0.492558 0.48614 0.50182 0.494558 0.48814 0.50382 10
1.62975057076 0.492554 0.486126 0.501828 0.494554 0.488126 0.503828 10
1.62731126543 0.49255 0.486113 0.501833 0.49455 0.488113 0.503833 10
1.62487719788 0.492546 0.486098 0.501841 0.494546 0.488098 0.503841 10
1.6224483495 0.492543 0.486084 0.501847 0.494543 0.488084 0.503847 10
1.62002470175 0.492539 0.486071 0.501854 0.494539 0.488071 0.503854 10
1.61760623619 0.492535 0.486058 0.501862 0.494535 0.488058 0.503862 10
1.61519293446 0.492533 0.486042 0.501868 0.494533 0.488042 0.503868 10
1.61278477832 0.492529 0.486029 0.501875 0.494529 0.488029 0.503875 10
1.61038174959 0.492526 0.486016 0.501881 0.494526 0.488016 0.503881 10
1.60798383017 0.492522 0.486 0.501889 0.494522 0.488 0.503889 10
1.60559100208 0.492518 0.485987 0.501896 0.494518 0.487987 0.503896 10
1.6032032474 0.492514 0.485972 0.501902 0.494514 0.487972 0.503902 10
1.60082054831 0.49251 0.485959 0.50191 0.49451 0.487959 0.50391 10
1.59844288707 0.492506 0.485945 0.501917 0.494506 0.487945 0.503917 10
1.59607024603 0.492505 0.48593 0.501923 0.494505 0.48793 0.503923 10
1.59370260761 0.492501 0.485917 0.501931 0.494501 0.487917 0.503931 10
1.59133995435 0.492497 0.485901 0.501938 0.494497 0.487901 0.503938 10
1.58898226882 0.492493 0.485888 0.501944 0.494493 0.487888 0.503944 10
1.58662953373 0.492489 0.485873 0.501952 0.494489 0.487873 0.503952 10
1.58428173184 0.492487 0.485859 0.501959 0.494487 0.487859 0.503959 10
1.58193884599 0.492484 0.485844 0.501967 0.494484 0.487844 0.503967 10
1.57960085911 0.49248 0.485831 0.501973 0.49448 0.487831 0.503973 10
1.57726775421 0.492478 0.485815 0.50198 0.494478 0.487815 0.50398 10
1.5749395144 0.492474 0.485802 0.501988 0.494474 0.487802 0.503988 10
1.57261612284 0.49247 0.485787 0.501995 0.49447 0.487787 0.503995 10
1.57029756278 0.492468 0.485773 0.502001 0.494468 0.487773 0.504001 10
1.56798381755 0.492464 0.48576 0.502009 0.494464 0.48776 0.504009 10
1.56567487057 0.492461 0.485745 0.502016 0.494461 0.487745 0.504016 10
1.56337070532 0.492459 0.485732 0.502024 0.494459 0.487732 0.504024 10
1.56107130538 0.492455 0.485716 0.50203 0.494455 0.487716 0.50403 10
1.55877665438 0.492451 0.485703 0.502037 0.494451 0.487703 0.504037 10
1.55648673605 0.492447 0.485688 0.502045 0.494447 0.487688 0.504045 10
1.55420153418 0.492442 0.485674 0.502055 0.494442 0.487674 0.504055 10
1.55192103265 0.492438 0.485661 0.502062 0.494438 0.487661 0.504062 10
1.54964521541 0.492434 0.485651 0.502068 0.494434 0.487651 0.504068 10
1.54737406649 0.49243 0.48564 0.502074 0.49443 0.48764 0.504074 10
1.54510756997 0.492428 0.485629 0.502079 0.494428 0.487629 0.504079 10
1.54284571005 0.492424 0.485615 0.502085 0.494424 0.487615 0.504085 10
1.54058847096 0.492423 0.485602 0.502089 0.494423 0.487602 0.504089 10
1.53833583702 0.492419 0.485588 0.502095 0.494419 0.487588 0.504095 10
1.53608779264 0.492417 0.485575 0.502098 0.494417 0.487575 0.504098 10
1.53384432227 0.492413 0.485562 0.502104 0.494413 0.487562 0.504104 10
1.53160541046 0.492411 0.485547 0.502108 0.494411 0.487547 0.504108 10
1.52937104181 0.492407 0.485533 0.502116 0.494407 0.487533 0.504116 10
1.52714120101 0.492403 0.485518 0.502119 0.494403 0.487518 0.504119 10
1.5249158728 0.492402 0.485505 0.502125 0.494402 0.487505 0.504125 10
1.52269504202 0.492398 0.485489 0.502131 0.494398 0.487489 0.504131 10
1.52047869356 0.492394 0.485476 0.502137 0.494394 0.487476 0.504137 10
1.51826681237 0.49239 0.485463 0.502142 0.49439 0.487463 0.504142 10
1.5160593835 0.492388 0.485449 0.502146 0.494388 0.487449 0.504146 10
1.51385639203 0.492384 0.485436 0.502152 0.494384 0.487436 0.504152 10
1.51165782314 0.492382 0.485423 0.502156 0.494382 0.487423 0.504156 10
1.50946366207 0.492379 0.485407 0.502161 0.494379 0.487407 0.504161 10
1.50727389412 0.492377 0.485394 0.502165 0.494377 0.487394 0.504165 10
1.50508850466 0.492375 0.485381 0.502171 0.494375 0.487381 0.504171 10
1.50290747913 0.492373 0.485367 0.502175 0.494373 0.487367 0.504175 10
1.50073080303 0.492371 0.485352 0.502181 0.494371 0.487352 0.504181 10
1.49855853491 0.492371 0.485339 0.502186 0.494371 0.487339 0.504186 10
1.4963904415 0.492369 0.485325 0.502192 0.494369 0.487325 0.504192 10
1.49422672741 0.492369 0.485312 0.502198 0.494369 0.487312 0.504198 10
1.49206730542 0.492367 0.485299 0.502205 0.494367 0.487299 0.504205 10
1.48991216138 0.492365 0.485285 0.502211 0.494365 0.487285 0.504211 10
1.48776128117 0.492363 0.485272 0.502219 0.494363 0.487272 0.504219 10
1.48561465076 0.492361 0.485259 0.502224 0.494361 0.487259 0.504224 10
1.48347225618 0.492361 0.485247 0.502232 0.494361 0.487247 0.504232 10
1.4813340835 0.492358 0.485234 0.502238 0.494358 0.487234 0.504238 10
1.47920011888 0.492356 0.48522 0.502243 0.494356 0.48722 0.504243 10
1.47707034852 0.492354 0.485207 0.502251 0.494354 0.487207 0.504251 10
1.4749447587 0.492352 0.485194 0.502257 0.494352 0.487194 0.504257 10
1.47282333576 0.492348 0.48518 0.502263 0.494348 0.48718 0.504263 10
1.47070606608 0.492346 0.485169 0.50227 0.494346 0.487169 0.50427 10
1.46859293613 0.492342 0.485156 0.502276 0.494342 0.487156 0.504276 10
1.46648393242 0.49234 0.485142 0.502282 0.49434 0.487142 0.504282 10
1.46437904154 0.492339 0.485131 0.502289 0.494339 0.487131 0.504289 10
1.46227825011 0.492335 0.485117 0.502295 0.494335 0.487117 0.504295 10
1.46018154484 0.492333 0.485104 0.502303 0.494333 0.487104 0.504303 10
1.45808891248 0.492329 0.485091 0.502308 0.494329 0.487091 0.504308 10
1.45600033984 0.492327 0.485077 0.502314 0.494327 0.487077 0.504314 10
1.4539158138 0.492325 0.485066 0.502322 0.494325 0.487066 0.504322 10
1.4518353213 0.492321 0.485053 0.502327 0.494321 0.487053 0.504327 10
1.44975884932 0.49232 0.485039 0.502333 0.49432 0.487039 0.504333 10
1.4476863849 0.492316 0.485026 0.502339 0.494316 0.487026 0.504339 10
1.44561791516 0.492314 0.485014 0.502346 0.494314 0.487014 0.504346 10
1.44355342726 0.49231 0.485001 0.502352 0.49431 0.487001 0.504352 10
1.4414929084 0.492308 0.484988 0.502358 0.494308 0.486988 0.504358 10
1.43943634588 0.492304 0.484974 0.502364 0.494304 0.486974 0.504364 10
1.43738372701 0.492302 0.484963 0.502371 0.494302 0.486963 0.504371 10
1.43533503919 0.492299 0.48495 0.502377 0.494299 0.48695 0.504377 10
1.43329026985 0.492297 0.484936 0.502383 0.494297 0.486936 0.504383 10
1.43124940649 0.492293 0.484923 0.502388 0.494293 0.486923 0.504388 10
1.42921243667 0.492291 0.484911 0.502394 0.494291 0.486911 0.504394 10
1.42717934798 0.492287 0.484898 0.5024 0.494287 0.486898 0.5044 10
1.4251501281 0.492285 0.484887 0.502406 0.494285 0.486887 0.504406 10
1.42312476472 0.492281 0.484873 0.502411 0.494281 0.486873 0.504411 10
1.42110324562 0.492278 0.48486 0.502417 0.494278 0.48686 0.504417 10
1.41908555863 0.492276 0.484848 0.502423 0.494276 0.486848 0.504423 10
1.4170716916 0.492272 0.484835 0.502428 0.494272 0.486835 0.504428 10
1.41506163248 0.492268 0.484824 0.502434 0.494268 0.486824 0.504434 10
1.41305536923 0.492266 0.484812 0.50244 0.494266 0.486812 0.50444 10
1.41105288988 0.492262 0.484799 0.502446 0.494262 0.486799 0.504446 10
1.40905418253 0.492258 0.484787 0.502449 0.494258 0.486787 0.504449 10
1.4070592353 0.492255 0.484776 0.502455 0.494255 0.486776 0.504455 10
1.40506803638 0.492253 0.484763 0.502461 0.494253 0.486763 0.504461 10
1.403080574 0.492249 0.484751 0.502467 0.494249 0.486751 0.504467 10
1.40109683646 0.492247 0.48474 0.50247 0.494247 0.48674 0.50447 10
1.39911692162 0.492243 0.484726 0.502476 0.494243 0.486726 0.504476 10
1.39714048924 0.492241 0.484715 0.502482 0.494241 0.486715 0.504482 10
1.39516785642 0.492237 0.484703 0.502488 0.494237 0.486703 0.504488 10
1.39319890206 0.492234 0.484692 0.502491 0.494234 0.486692 0.504491 10
1.39123361472 0.492232 0.484679 0.502497 0.494232 0.486679 0.504497 10
1.38927198297 0.492228 0.484667 0.502503 0.494228 0.486667 0.504503 10
1.38731399546 0.492224 0.484654 0.502507 0.494224 0.486654 0.504507 10
1.38535964086 0.49222 0.484642 0.502512 0.49422 0.486642 0.504512 10
1.3834089079 0.492218 0.484629 0.502518 0.494218 0.486629 0.504518 10
1.38146178537 0.492215 0.484618 0.502524 0.494215 0.486618 0.504524 10
1.37951826208 0.492211 0.484606 0.502528 0.494211 0.486606 0.504528 10
1.37757832692 0.492209 0.484593 0.502533 0.494209 0.486593 0.504533 10
1.37564196879 0.492205 0.484581 0.502539 0.494205 0.486581 0.504539 10
1.37370917668 0.492201 0.484568 0.502545 0.494201 0.486568 0.504545 10
1.37177993959 0.492197 0.484557 0.502549 0.494197 0.486557 0.504549 10
1.36985424658 0.492194 0.484545 0.502554 0.494194 0.486545 0.504554 10
1.36793208676 0.49219 0.484532 0.50256 0.49419 0.486532 0.50456 10
1.36601344929 0.492188 0.48452 0.502564 0.494188 0.48652 0.504564 10
1.36409832336 0.492184 0.484507 0.50257 0.494184 0.486507 0.50457 10
1.36218669822 0.49218 0.484496 0.502575 0.49418 0.486496 0.504575 10
1.36027856315 0.492176 0.484484 0.502579 0.494176 0.486484 0.504579 10
1.35837390749 0.492173 0.484471 0.502585 0.494173 0.486471 0.504585 10
1.35647272062 0.492169 0.484459 0.502591 0.494169 0.486459 0.504591 10
1.35457499197 0.492165 0.484448 0.502594 0.494165 0.486448 0.504594 10
1.35268071099 0.492161 0.484436 0.5026 0.494161 0.486436 0.5046 10
1.3507898672 0.492157 0.484423 0.502606 0.494157 0.486423 0.504606 10
1.34890245016 0.492154 0.484412 0.50261 0.494154 0.486412 0.50461 10
1.34701844946 0.49215 0.4844 0.502615 0.49415 0.4864 0.504615 10
1.34513785476 0.492146 0.484387 0.502621 0.494146 0.486387 0.504621 10
1.34326065572 0.492142 0.484375 0.502625 0.494142 0.486375 0.504625 10
1.34138684209 0.492138 0.484364 0.502631 0.494138 0.486364 0.504631 10
