1.34138684209 0.492138 0.484364 0.502631 0.494138 0.486364 0.504631 9
1.34326065572 0.492142 0.484375 0.502625 0.494142 0.486375 0.504625 9
1.34513785476 0.492146 0.484387 0.502621 0.494146 0.486387 0.504621 9
1.34701844946 0.49215 0.4844 0.502615 0.49415 0.4864 0.504615 9
1.34890245016 0.492154 0.484412 0.50261 0.494154 0.486412 0.50461 9
1.3507898672 0.492157 0.484423 0.502606 0.494157 0.486423 0.504606 9
1.35268071099 0.492161 0.484436 0.5026 0.494161 0.486436 0.5046 9
1.35457499197 0.492165 0.484448 0.502594 0.494165 0.486448 0.504594 9
1.35647272062 0.492169 0.484459 0.502591 0.494169 0.486459 0.504591 9
1.35837390749 0.492173 0.484471 0.502585 0.494173 0.486471 0.504585 9
1.36027856315 0.492176 0.484484 0.502579 0.494176 0.486484 0.504579 9
1.36218669822 0.49218 0.484496 0.502575 0.49418 0.486496 0.504575 9
1.36409832336 0.492184 0.484507 0.50257 0.494184 0.486507 0.50457 9
1.36601344929 0.492188 0.48452 0.502564 0.494188 0.48652 0.504564 9
1.36793208676 0.49219 0.484532 0.50256 0.49419 0.486532 0.50456 9
1.36985424658 0.492194 0.484545 0.502554 0.494194 0.486545 0.504554 9
1.37177993959 0.492197 0.484557 0.502549 0.494197 0.486557 0.504549 9
1.37370917668 0.492201 0.484568 0.502545 0.494201 0.486568 0.504545 9
1.37564196879 0.492205 0.484581 0.502539 0.494205 0.486581 0.504539 9
1.37757832692 0.492209 0.484593 0.502533 0.494209 0.486593 0.504533 9
1.37951826208 0.492211 0.484606 0.502528 0.494211 0.486606 0.504528 9
1.38146178537 0.492215 0.484618 0.502524 0.494215 0.486618 0.504524 9
1.3834089079 0.492218 0.484629 0.502518 0.494218 0.486629 0.504518 9
1.38535964086 0.49222 0.484642 0.502512 0.49422 0.486642 0.504512 9
1.38731399546 0.492224 0.484654 0.502507 0.494224 0.486654 0.504507 9
1.38927198297 0.492228 0.484667 0.502503 0.494228 0.486667 0.504503 9
1.39123361472 0.492232 0.484679 0.502497 0.494232 0.486679 0.504497 9
1.39319890206 0.492234 0.484692 0.502491 0.494234 0.486692 0.504491 9
1.39516785642 0.492237 0.484703 0.502488 0.494237 0.486703 0.504488 9
1.39714048924 0.492241 0.484715 0.502482 0.494241 0.486715 0.504482 9
1.39911692162 0.492243 0.484726 0.502476 0.494243 0.486726 0.504476 9
1.40109683646 0.492247 0.48474 0.50247 0.494247 0.48674 0.50447 9
1.403080574 0.492249 0.484751 0.502467 0.494249 0.486751 0.504467 9
1.40506803638 0.492253 0.484763 0.502461 0.494253 0.486763 0.504461 9
1.4070592353 0.492255 0.484776 0.502455 0.494255 0.486776 0.504455 9
1.40905418253 0.492258 0.484787 0.502449 0.494258 0.486787 0.504449 9
1.41105288988 0.492262 0.484799 0.502446 0.494262 0.486799 0.504446 9
1.41305536923 0.492266 0.484812 0.50244 0.494266 0.486812 0.50444 9
1.41506163248 0.492268 0.484824 0.502434 0.494268 0.486824 0.504434 9
1.4170716916 0.492272 0.484835 0.502428 0.494272 0.486835 0.504428 9
1.41908555863 0.492276 0.484848 0.502423 0.494276 0.486848 0.504423 9
1.42110324562 0.492278 0.48486 0.502417 0.494278 0.48686 0.504417 9
1.42312476472 0.492281 0.484873 0.502411 0.494281 0.486873 0.504411 9
1.4251501281 0.492285 0.484887 0.502406 0.494285 0.486887 0.504406 9
1.42717934798 0.492287 0.484898 0.5024 0.494287 0.486898 0.5044 9
1.42921243667 0.492291 0.484911 0.502394 0.494291 0.486911 0.504394 9
1.43124940649 0.492293 0.484923 0.502388 0.494293 0.486923 0.504388 9
1.43329026985 0.492297 0.484936 0.502383 0.494297 0.486936 0.504383 9
1.43533503919 0.492299 0.48495 0.502377 0.494299 0.48695 0.504377 9
1.43738372701 0.492302 0.484963 0.502371 0.494302 0.486963 0.504371 9
1.43943634588 0.492304 0.484974 0.502364 0.494304 0.486974 0.504364 9
1.4414929084 0.492308 0.484988 0.502358 0.494308 0.486988 0.504358 9
1.44355342726 0.49231 0.485001 0.502352 0.49431 0.487001 0.504352 9
1.44561791516 0.492314 0.485014 0.502346 0.494314 0.487014 0.504346 9
1.4476863849 0.492316 0.485026 0.502339 0.494316 0.487026 0.504339 9
1.44975884932 0.49232 0.485039 0.502333 0.49432 0.487039 0.504333 9
1.4518353213 0.492321 0.485053 0.502327 0.494321 0.487053 0.504327 9
1.4539158138 0.492325 0.485066 0.502322 0.494325 0.487066 0.504322 9
1.45600033984 0.492327 0.485077 0.502314 0.494327 0.487077 0.504314 9
1.45808891248 0.492329 0.485091 0.502308 0.494329 0.487091 0.504308 9
1.46018154484 0.492333 0.485104 0.502303 0.494333 0.487104 0.504303 9
1.46227825011 0.492335 0.485117 0.502295 0.494335 0.487117 0.504295 9
1.46437904154 0.492339 0.485131 0.502289 0.494339 0.487131 0.504289 9
1.46648393242 0.49234 0.485142 0.502282 0.49434 0.487142 0.504282 9
1.46859293613 0.492342 0.485156 0.502276 0.494342 0.487156 0.504276 9
1.47070606608 0.492346 0.485169 0.50227 0.494346 0.487169 0.50427 9
1.47282333576 0.492348 0.48518 0.502263 0.494348 0.48718 0.504263 9
1.4749447587 0.492352 0.485194 0.502257 0.494352 0.487194 0.504257 9
1.47707034852 0.492354 0.485207 0.502251 0.494354 0.487207 0.504251 9
1.47920011888 0.492356 0.48522 0.502243 0.494356 0.48722 0.504243 9
1.4813340835 0.492358 0.485234 0.502238 0.494358 0.487234 0.504238 9
1.48347225618 0.492361 0.485247 0.502232 0.494361 0.487247 0.504232 9
1.48561465076 0.492361 0.485259 0.502224 0.494361 0.487259 0.504224 9
1.48776128117 0.492363 0.485272 0.502219 0.494363 0.487272 0.504219 9
1.48991216138 0.492365 0.485285 0.502211 0.494365 0.487285 0.504211 9
1.49206730542 0.492367 0.485299 0.502205 0.494367 0.487299 0.504205 9
1.49422672741 0.492369 0.485312 0.502198 0.494369 0.487312 0.504198 9
1.4963904415 0.492369 0.485325 0.502192 0.494369 0.487325 0.504192 9
1.49855853491 0.492371 0.485339 0.502186 0.494371 0.487339 0.504186 9
1.50073080303 0.492371 0.485352 0.502181 0.494371 0.487352 0.504181 9
1.50290747913 0.492373 0.485367 0.502175 0.494373 0.487367 0.504175 9
1.50508850466 0.492375 0.485381 0.502171 0.494375 0.487381 0.504171 9
1.50727389412 0.492377 0.485394 0.502165 0.494377 0.487394 0.504165 9
1.50946366207 0.492379 0.485407 0.502161 0.494379 0.487407 0.504161 9
1.51165782314 0.492382 0.485423 0.502156 0.494382 0.487423 0.504156 9
1.51385639203 0.492384 0.485436 0.502152 0.494384 0.487436 0.504152 9
1.5160593835 0.492388 0.485449 0.502146 0.494388 0.487449 0.504146 9
1.51826681237 0.49239 0.485463 0.502142 0.49439 0.487463 0.504142 9
1.52047869356 0.492394 0.485476 0.502137 0.494394 0.487476 0.504137 9
1.52269504202 0.492398 0.485489 0.502131 0.494398 0.487489 0.504131 9
1.5249158728 0.492402 0.485505 0.502125 0.494402 0.487505 0.504125 9
1.52714120101 0.492403 0.485518 0.502119 0.494403 0.487518 0.504119 9
1.52937104181 0.492407 0.485533 0.502116 0.494407 0.487533 0.504116 9
1.53160541046 0.492411 0.485547 0.502108 0.494411 0.487547 0.504108 9
1.53384432227 0.492413 0.485562 0.502104 0.494413 0.487562 0.504104 9
1.53608779264 0.492417 0.485575 0.502098 0.494417 0.487575 0.504098 9
1.53833583702 0.492419 0.485588 0.502095 0.494419 0.487588 0.504095 9
1.54058847096 0.492423 0.485602 0.502089 0.494423 0.487602 0.504089 9
1.54284571005 0.492424 0.485615 0.502085 0.494424 0.487615 0.504085 9
1.54510756997 0.492428 0.485629 0.502079 0.494428 0.487629 0.504079 9
1.54737406649 0.49243 0.48564 0.502074 0.49443 0.48764 0.504074 9
1.54964521541 0.492434 0.485651 0.502068 0.494434 0.487651 0.504068 9
1.55192103265 0.492438 0.485661 0.502062 0.494438 0.487661 0.504062 9
1.55420153418 0.492442 0.485674 0.502055 0.494442 0.487674 0.504055 9
1.55648673605 0.492447 0.485688 0.502045 0.494447 0.487688 0.504045 9
1.55877665438 0.492451 0.485703 0.502037 0.494451 0.487703 0.504037 9
1.56107130538 0.492455 0.485716 0.50203 0.494455 0.487716 0.50403 9
1.56337070532 0.492459 0.485732 0.502024 0.494459 0.487732 0.504024 9
1.56567487057 0.492461 0.485745 0.502016 0.494461 0.487745 0.504016 9
1.56798381755 0.492464 0.48576 0.502009 0.494464 0.48776 0.504009 9
1.57029756278 0.492468 0.485773 0.502001 0.494468 0.487773 0.504001 9
1.57261612284 0.49247 0.485787 0.501995 0.49447 0.487787 0.503995 9
1.5749395144 0.492474 0.485802 0.501988 0.494474 0.487802 0.503988 9
1.57726775421 0.492478 0.485815 0.50198 0.494478 0.487815 0.50398 9
1.57960085911 0.49248 0.485831 0.501973 0.49448 0.487831 0.503973 9
1.58193884599 0.492484 0.485844 0.501967 0.494484 0.487844 0.503967 9
1.58428173184 0.492487 0.485859 0.501959 0.494487 0.487859 0.503959 9
1.58662953373 0.492489 0.485873 0.501952 0.494489 0.487873 0.503952 9
1.58898226882 0.492493 0.485888 0.501944 0.494493 0.487888 0.503944 9
1.59133995435 0.492497 0.485901 0.501938 0.494497 0.487901 0.503938 9
1.59370260761 0.492501 0.485917 0.501931 0.494501 0.487917 0.503931 9
1.59607024603 0.492505 0.48593 0.501923 0.494505 0.48793 0.503923 9
1.59844288707 0.492506 0.485945 0.501917 0.494506 0.487945 0.503917 9
1.60082054831 0.49251 0.485959 0.50191 0.49451 0.487959 0.50391 9
1.6032032474 0.492514 0.485972 0.501902 0.494514 0.487972 0.503902 9
1.60559100208 0.492518 0.485987 0.501896 0.494518 0.487987 0.503896 9
1.60798383017 0.492522 0.486 0.501889 0.494522 0.488 0.503889 9
1.61038174959 0.492526 0.486016 0.501881 0.494526 0.488016 0.503881 9
1.61278477832 0.492529 0.486029 0.501875 0.494529 0.488029 0.503875 9
1.61519293446 0.492533 0.486042 0.501868 0.494533 0.488042 0.503868 9
1.61760623619 0.492535 0.486058 0.501862 0.494535 0.488058 0.503862 9
1.62002470175 0.492539 0.486071 0.501854 0.494539 0.488071 0.503854 9
1.6224483495 0.492543 0.486084 0.501847 0.494543 0.488084 0.503847 9
1.62487719788 0.492546 0.486098 0.501841 0.494546 0.488098 0.503841 9
1.62731126543 0.49255 0.486113 0.501833 0.49455 0.488113 0.503833 9
1.62975057076 0.492554 0.486126 0.501828 0.494554 0.488126 0.503828 9
1.63219513258 0.492558 0.48614 0.50182 0.494558 0.48814 0.50382 9
1.63464496971 0.492562 0.486153 0.501814 0.494562 0.488153 0.503814 9
1.63710010103 0.492566 0.486168 0.501807 0.494566 0.488168 0.503807 9
1.63956054554 0.492569 0.486182 0.501801 0.494569 0.488182 0.503801 9
1.64202632232 0.492573 0.486195 0.501795 0.494573 0.488195 0.503795 9
1.64449745055 0.492577 0.486208 0.501788 0.494577 0.488208 0.503788 9
1.64697394951 0.492581 0.486222 0.501782 0.494581 0.488222 0.503782 9
1.64945583855 0.492585 0.486235 0.501776 0.494585 0.488235 0.503776 9
1.65194313715 0.492588 0.48625 0.501769 0.494588 0.48825 0.503769 9
1.65443586487 0.492592 0.486264 0.501763 0.494592 0.488264 0.503763 9
1.65693404136 0.492596 0.486277 0.501755 0.494596 0.488277 0.503755 9
1.65943768639 0.4926 0.48629 0.501749 0.4946 0.48829 0.503749 9
1.6619468198 0.492604 0.486304 0.501744 0.494604 0.488304 0.503744 9
1.66446146154 0.492608 0.486317 0.501736 0.494608 0.488317 0.503736 9
1.66698163169 0.492611 0.48633 0.50173 0.494611 0.48833 0.50373 9
1.66950735037 0.492615 0.486346 0.501723 0.494615 0.488346 0.503723 9
1.67203863787 0.492619 0.486359 0.501717 0.494619 0.488359 0.503717 9
1.67457551452 0.492623 0.486372 0.501709 0.494623 0.488372 0.503709 9
1.67711800078 0.492627 0.486386 0.501704 0.494627 0.488386 0.503704 9
1.67966611723 0.492629 0.486399 0.501698 0.494629 0.488399 0.503698 9
1.68221988453 0.492632 0.486412 0.50169 0.494632 0.488412 0.50369 9
1.68477932343 0.492636 0.486426 0.501685 0.494636 0.488426 0.503685 9
1.68734445483 0.49264 0.486441 0.501679 0.49464 0.488441 0.503679 9
1.6899152997 0.492644 0.486454 0.501671 0.494644 0.488454 0.503671 9
1.69249187913 0.492646 0.48647 0.501666 0.494646 0.48847 0.503666 9
1.69507421431 0.492649 0.486483 0.501658 0.494649 0.488483 0.503658 9
1.69766232654 0.492653 0.486496 0.501652 0.494653 0.488496 0.503652 9
1.70025623723 0.492657 0.486512 0.501646 0.494657 0.488512 0.503646 9
1.70285596791 0.492661 0.486525 0.501641 0.494661 0.488525 0.503641 9
1.70546154019 0.492663 0.48654 0.501635 0.494663 0.48854 0.503635 9
1.70807297583 0.492667 0.486554 0.501627 0.494667 0.488554 0.503627 9
1.71069029667 0.49267 0.486567 0.501622 0.49467 0.488567 0.503622 9
1.71331352467 0.492674 0.486582 0.501618 0.494674 0.488582 0.503618 9
1.71594268191 0.492678 0.486596 0.501612 0.494678 0.488596 0.503612 9
1.71857779057 0.49268 0.486611 0.501606 0.49468 0.488611 0.503606 9
1.72121887297 0.492682 0.486626 0.501603 0.494682 0.488626 0.503603 9
1.72386595152 0.492686 0.486639 0.501597 0.494686 0.488639 0.503597 9
1.72651904874 0.49269 0.486653 0.501591 0.49469 0.488653 0.503591 9
1.7291781873 0.492691 0.486668 0.501585 0.494691 0.488668 0.503585 9
1.73184338996 0.492693 0.486683 0.501582 0.494693 0.488683 0.503582 9
1.7345146796 0.492697 0.486697 0.501576 0.494697 0.488697 0.503576 9
1.73719207923 0.492699 0.486712 0.501572 0.494699 0.488712 0.503572 9
1.73987561197 0.492701 0.486727 0.501566 0.494701 0.488727 0.503566 9
1.74256530107 0.492705 0.486741 0.501563 0.494705 0.488741 0.503563 9
1.74526116988 0.492707 0.486756 0.501557 0.494707 0.488756 0.503557 9
1.74796330893 0.492709 0.486769 0.501553 0.494709 0.488769 0.503553 9
1.75067154075 0.492711 0.486784 0.501549 0.494711 0.488784 0.503549 9
1.75338609014 0.492712 0.4868 0.501545 0.494712 0.4888 0.503545 9
1.75610691393 0.492714 0.486813 0.501542 0.494714 0.488813 0.503542 9
1.75883403612 0.492716 0.486828 0.501538 0.494716 0.488828 0.503538 9
1.7615674808 0.492718 0.486842 0.501534 0.494718 0.488842 0.503534 9
1.76430727222 0.492718 0.486857 0.50153 0.494718 0.488857 0.50353 9
1.76705343474 0.492718 0.486872 0.501526 0.494718 0.488872 0.503526 9
1.76980599285 0.49272 0.486885 0.501522 0.49472 0.488885 0.503522 9
1.77256497116 0.492722 0.486899 0.501519 0.494722 0.488899 0.503519 9
1.77533039444 0.492722 0.486914 0.501517 0.494722 0.488914 0.503517 9
1.77810228757 0.492722 0.486927 0.501515 0.494722 0.488927 0.503515 9
1.78088067556 0.492724 0.486941 0.501511 0.494724 0.488941 0.503511 9
1.78366558356 0.492724 0.486954 0.501509 0.494724 0.488954 0.503509 9
1.78645703685 0.492724 0.486967 0.501507 0.494724 0.488967 0.503507 9
1.78925506084 0.492726 0.486981 0.501505 0.494726 0.488981 0.503505 9
1.7920596811 0.492728 0.486992 0.501501 0.494728 0.488992 0.503501 9
1.79487092331 0.49273 0.487006 0.5015 0.49473 0.489006 0.5035 9
1.7976888133 0.492731 0.487017 0.501496 0.494731 0.489017 0.503496 9
1.80051337702 0.492735 0.48703 0.501494 0.494735 0.48903 0.503494 9
1.8033446406 0.492739 0.487042 0.50149 0.494739 0.489042 0.50349 9
1.80618263026 0.492743 0.487053 0.501486 0.494743 0.489053 0.503486 9
1.80902737241 0.492747 0.487065 0.501482 0.494747 0.489065 0.503482 9
1.81187889356 0.492751 0.487078 0.501479 0.494751 0.489078 0.503479 9
1.81473722039 0.492754 0.48709 0.501477 0.494754 0.48909 0.503477 9
1.81760237972 0.49276 0.487103 0.501473 0.49476 0.489103 0.503473 9
1.82047439851 0.492764 0.487114 0.501469 0.494764 0.489114 0.503469 9
1.82335330386 0.492768 0.487128 0.501465 0.494768 0.489128 0.503465 9
1.82623912304 0.492772 0.487141 0.501463 0.494772 0.489141 0.503463 9
1.82913188344 0.492777 0.487153 0.50146 0.494777 0.489153 0.50346 9
1.83203161262 0.492781 0.487166 0.501456 0.494781 0.489166 0.503456 9
1.83493833828 0.492787 0.487177 0.50145 0.494787 0.489177 0.50345 9
1.83785208827 0.492791 0.487191 0.501446 0.494791 0.489191 0.503446 9
1.84077289061 0.492796 0.487204 0.501442 0.494796 0.489204 0.503442 9
1.84370077346 0.4928 0.487215 0.501439 0.4948 0.489215 0.503439 9
1.84663576513 0.492806 0.487229 0.501435 0.494806 0.489229 0.503435 9
1.84957789409 0.49281 0.487242 0.501431 0.49481 0.489242 0.503431 9
1.85252718897 0.492815 0.487256 0.501427 0.494815 0.489256 0.503427 9
1.85548367856 0.492819 0.487269 0.501421 0.494819 0.489269 0.503421 9
1.8584473918 0.492825 0.487282 0.501418 0.494825 0.489282 0.503418 9
1.86141835779 0.492831 0.487294 0.501414 0.494831 0.489294 0.503414 9
1.86439660582 0.492834 0.487307 0.50141 0.494834 0.489307 0.50341 9
1.86738216529 0.49284 0.48732 0.501406 0.49484 0.48932 0.503406 9
1.87037506581 0.492844 0.487334 0.5014 0.494844 0.489334 0.5034 9
1.87337533713 0.492848 0.487347 0.501397 0.494848 0.489347 0.503397 9
1.87638300917 0.492854 0.48736 0.501393 0.494854 0.48936 0.503393 9
1.87939811203 0.492859 0.487374 0.501387 0.494859 0.489374 0.503387 9
1.88242067596 0.492863 0.487387 0.501383 0.494863 0.489387 0.503383 9
1.8854507314 0.492869 0.4874 0.501379 0.494869 0.4894 0.503379 9
1.88848830893 0.492873 0.487414 0.501374 0.494873 0.489414 0.503374 9
1.89153343934 0.492878 0.487427 0.50137 0.494878 0.489427 0.50337 9
1.89458615356 0.492884 0.487441 0.501364 0.494884 0.489441 0.503364 9
1.8976464827 0.492888 0.487454 0.50136 0.494888 0.489454 0.50336 9
1.90071445808 0.492894 0.487467 0.501357 0.494894 0.489467 0.503357 9
1.90379011114 0.492897 0.487481 0.501351 0.494897 0.489481 0.503351 9
1.90687347355 0.492903 0.487494 0.501347 0.494903 0.489494 0.503347 9
1.90996457714 0.492907 0.487507 0.501341 0.494907 0.489507 0.503341 9
1.91306345389 0.492911 0.487523 0.501337 0.494911 0.489523 0.503337 9
1.91617013602 0.492917 0.487536 0.501332 0.494917 0.489536 0.503332 9
1.91928465589 0.49292 0.487549 0.501328 0.49492 0.489549 0.503328 9
1.92240704607 0.492924 0.487563 0.501322 0.494924 0.489563 0.503322 9
1.92553733928 0.49293 0.487576 0.501318 0.49493 0.489576 0.503318 9
1.92867556848 0.492934 0.487589 0.501313 0.494934 0.489589 0.503313 9
1.93182176677 0.492937 0.487603 0.501307 0.494937 0.489603 0.503307 9
1.93497596747 0.492941 0.487618 0.501303 0.494941 0.489618 0.503303 9
1.93813820408 0.492947 0.487631 0.501297 0.494947 0.489631 0.503297 9
1.9413085103 0.492951 0.487645 0.501292 0.494951 0.489645 0.503292 9
1.94448692001 0.492957 0.487658 0.501286 0.494957 0.489658 0.503286 9
1.9476734673 0.49296 0.487671 0.50128 0.49496 0.489671 0.50328 9
1.95086818645 0.492964 0.487687 0.501275 0.494964 0.489687 0.503275 9
1.95407111194 0.49297 0.4877 0.501271 0.49497 0.4897 0.503271 9
1.95728227846 0.492974 0.487713 0.501263 0.494974 0.489713 0.503263 9
1.96050172088 0.492978 0.487729 0.501257 0.494978 0.489729 0.503257 9
1.96372947429 0.492983 0.487742 0.501252 0.494983 0.489742 0.503252 9
1.96696557398 0.492989 0.487755 0.501246 0.494989 0.489755 0.503246 9
1.97021005544 0.492993 0.48777 0.50124 0.494993 0.48977 0.50324 9
1.97346295439 0.492999 0.487784 0.501236 0.494999 0.489784 0.503236 9
1.97672430673 0.493002 0.487797 0.501231 0.495002 0.489797 0.503231 9
1.97999414859 0.493008 0.487811 0.501225 0.495008 0.489811 0.503225 9
1.97672430673 0.493002 0.487797 0.501231 0.495002 0.489797 0.503231 9
1.97346295439 0.492999 0.487784 0.501236 0.494999 0.489784 0.503236 9
1.97021005544 0.492993 0.48777 0.50124 0.494993 0.48977 0.50324 9
1.96696557398 0.492989 0.487755 0.501246 0.494989 0.489755 0.503246 9
1.96372947429 0.492983 0.487742 0.501252 0.494983 0.489742 0.503252 9
1.96050172088 0.492978 0.487729 0.501257 0.494978 0.489729 0.503257 9
1.95728227846 0.492974 0.487713 0.501263 0.494974 0.489713 0.503263 9
1.95407111194 0.49297 0.4877 0.501271 0.49497 0.4897 0.503271 9
1.95086818645 0.492964 0.487687 0.501275 0.494964 0.489687 0.503275 9
1.9476734673 0.49296 0.487671 0.50128 0.49496 0.489671 0.50328 9
1.94448692001 0.492957 0.487658 0.501286 0.494957 0.489658 0.503286 9
1.9413085103 0.492951 0.487645 0.501292 0.494951 0.489645 0.503292 9
1.93813820408 0.492947 0.487631 0.501297 0.494947 0.489631 0.503297 9
1.93497596747 0.492941 0.487618 0.501303 0.494941 0.489618 0.503303 9
1.93182176677 0.492937 0.487603 0.501307 0.494937 0.489603 0.503307 9
1.92867556848 0.492934 0.487589 0.501313 0.494934 0.489589 0.503313 9
1.92553733928 0.49293 0.487576 0.501318 0.49493 0.489576 0.503318 9
1.92240704607 0.492924 0.487563 0.501322 0.494924 0.489563 0.503322 9
1.91928465589 0.49292 0.487549 0.501328 0.49492 0.489549 0.503328 9
1.91617013602 0.492917 0.487536 0.501332 0.494917 0.489536 0.503332 9
1.91306345389 0.492911 0.487523 0.501337 0.494911 0.489523 0.503337 9
1.90996457714 0.492907 0.487507 0.501341 0.494907 0.489507 0.503341 9
1.90687347355 0.492903 0.487494 0.501347 0.494903 0.489494 0.503347 9
1.90379011114 0.492897 0.487481 0.501351 0.494897 0.489481 0.503351 9
1.90071445808 0.492894 0.487467 0.501357 0.494894 0.489467 0.503357 9
1.8976464827 0.492888 0.487454 0.50136 0.494888 0.489454 0.50336 9
1.89458615356 0.492884 0.487441 0.501364 0.494884 0.489441 0.503364 9
1.89153343934 0.492878 0.487427 0.50137 0.494878 0.489427 0.50337 9
1.88848830893 0.492873 0.487414 0.501374 0.494873 0.489414 0.503374 9
1.8854507314 0.492869 0.4874 0.501379 0.494869 0.4894 0.503379 9
1.88242067596 0.492863 0.487387 0.501383 0.494863 0.489387 0.503383 9
1.87939811203 0.492859 0.487374 0.501387 0.494859 0.489374 0.503387 9
1.87638300917 0.492854 0.48736 0.501393 0.494854 0.48936 0.503393 9
1.87337533713 0.492848 0.487347 0.501397 0.494848 0.489347 0.503397 9
1.87037506581 0.492844 0.487334 0.5014 0.494844 0.489334 0.5034 9
1.86738216529 0.49284 0.48732 0.501406 0.49484 0.48932 0.503406 9
1.86439660582 0.492834 0.487307 0.50141 0.494834 0.489307 0.50341 9
1.86141835779 0.492831 0.487294 0.501414 0.494831 0.489294 0.503414 9
1.8584473918 0.492825 0.487282 0.501418 0.494825 0.489282 0.503418 9
1.85548367856 0.492819 0.487269 0.501421 0.494819 0.489269 0.503421 9
1.85252718897 0.492815 0.487256 0.501427 0.494815 0.489256 0.503427 9
1.84957789409 0.49281 0.487242 0.501431 0.49481 0.489242 0.503431 9
1.84663576513 0.492806 0.487229 0.501435 0.494806 0.489229 0.503435 9
1.84370077346 0.4928 0.487215 0.501439 0.4948 0.489215 0.503439 9
1.84077289061 0.492796 0.487204 0.501442 0.494796 0.489204 0.503442 9
1.83785208827 0.492791 0.487191 0.501446 0.494791 0.489191 0.503446 9
1.83493833828 0.492787 0.487177 0.50145 0.494787 0.489177 0.50345 9
1.83203161262 0.492781 0.487166 0.501456 0.494781 0.489166 0.503456 9
1.82913188344 0.492777 0.487153 0.50146 0.494777 0.489153 0.50346 9
1.82623912304 0.492772 0.487141 0.501463 0.494772 0.489141 0.503463 9
1.82335330386 0.492768 0.487128 0.501465 0.494768 0.489128 0.503465 9
1.82047439851 0.492764 0.487114 0.501469 0.494764 0.489114 0.503469 9
1.81760237972 0.49276 0.487103 0.501473 0.49476 0.489103 0.503473 9
1.81473722039 0.492754 0.48709 0.501477 0.494754 0.48909 0.503477 9
1.81187889356 0.492751 0.487078 0.501479 0.494751 0.489078 0.503479 9
1.80902737241 0.492747 0.487065 0.501482 0.494747 0.489065 0.503482 9
1.80618263026 0.492743 0.487053 0.501486 0.494743 0.489053 0.503486 9
1.8033446406 0.492739 0.487042 0.50149 0.494739 0.489042 0.50349 9
1.80051337702 0.492735 0.48703 0.501494 0.494735 0.48903 0.503494 9
1.7976888133 0.492731 0.487017 0.501496 0.494731 0.489017 0.503496 9
1.79487092331 0.49273 0.487006 0.5015 0.49473 0.489006 0.5035 9
1.7920596811 0.492728 0.486992 0.501501 0.494728 0.488992 0.503501 9
1.78925506084 0.492726 0.486981 0.501505 0.494726 0.488981 0.503505 9
1.78645703685 0.492724 0.486967 0.501507 0.494724 0.488967 0.503507 9
1.78366558356 0.492724 0.486954 0.501509 0.494724 0.488954 0.503509 9
1.78088067556 0.492724 0.486941 0.501511 0.494724 0.488941 0.503511 9
1.77810228757 0.492722 0.486927 0.501515 0.494722 0.488927 0.503515 9
1.77533039444 0.492722 0.486914 0.501517 0.494722 0.488914 0.503517 9
1.77256497116 0.492722 0.486899 0.501519 0.494722 0.488899 0.503519 9
1.76980599285 0.49272 0.486885 0.501522 0.49472 0.488885 0.503522 9
1.76705343474 0.492718 0.486872 0.501526 0.494718 0.488872 0.503526 9
1.76430727222 0.492718 0.486857 0.50153 0.494718 0.488857 0.50353 9
1.7615674808 0.492718 0.486842 0.501534 0.494718 0.488842 0.503534 9
1.75883403612 0.492716 0.486828 0.501538 0.494716 0.488828 0.503538 9
1.75610691393 0.492714 0.486813 0.501542 0.494714 0.488813 0.503542 9
1.75338609014 0.492712 0.4868 0.501545 0.494712 0.4888 0.503545 9
1.75067154075 0.492711 0.486784 0.501549 0.494711 0.488784 0.503549 9
1.74796330893 0.492709 0.486769 0.501553 0.494709 0.488769 0.503553 9
1.74526116988 0.492707 0.486756 0.501557 0.494707 0.488756 0.503557 9
1.74256530107 0.492705 0.486741 0.501563 0.494705 0.488741 0.503563 9
1.73987561197 0.492701 0.486727 0.501566 0.494701 0.488727 0.503566 9
1.73719207923 0.492699 0.486712 0.501572 0.494699 0.488712 0.503572 9
1.7345146796 0.492697 0.486697 0.501576 0.494697 0.488697 0.503576 9
1.73184338996 0.492693 0.486683 0.501582 0.494693 0.488683 0.503582 9
1.7291781873 0.492691 0.486668 0.501585 0.494691 0.488668 0.503585 9
1.72651904874 0.49269 0.486653 0.501591 0.49469 0.488653 0.503591 9
1.72386595152 0.492686 0.486639 0.501597 0.494686 0.488639 0.503597 9
1.72121887297 0.492682 0.486626 0.501603 0.494682 0.488626 0.503603 9
1.71857779057 0.49268 0.486611 0.501606 0.49468 0.488611 0.503606 9
1.71594268191 0.492678 0.486596 0.501612 0.494678 0.488596 0.503612 9
1.71331352467 0.492674 0.486582 0.501618 0.494674 0.488582 0.503618 9
1.71069029667 0.49267 0.486567 0.501622 0.49467 0.488567 0.503622 9
1.70807297583 0.492667 0.486554 0.501627 0.494667 0.488554 0.503627 9
1.70546154019 0.492663 0.48654 0.501635 0.494663 0.48854 0.503635 9
1.70285596791 0.492661 0.486525 0.501641 0.494661 0.488525 0.503641 9
1.70025623723 0.492657 0.486512 0.501646 0.494657 0.488512 0.503646 9
1.69766232654 0.492653 0.486496 0.501652 0.494653 0.488496 0.503652 9
1.69507421431 0.492649 0.486483 0.501658 0.494649 0.488483 0.503658 9
1.69249187913 0.492646 0.48647 0.501666 0.494646 0.48847 0.503666 9
1.6899152997 0.492644 0.486454 0.501671 0.494644 0.488454 0.503671 9
1.68734445483 0.49264 0.486441 0.501679 0.49464 0.488441 0.503679 9
1.68477932343 0.492636 0.486426 0.501685 0.494636 0.488426 0.503685 9
1.68221988453 0.492632 0.486412 0.50169 0.494632 0.488412 0.50369 9
1.67966611723 0.492629 0.486399 0.501698 0.494629 0.488399 0.503698 9
1.67711800078 0.492627 0.486386 0.501704 0.494627 0.488386 0.503704 9
1.67457551452 0.492623 0.486372 0.501709 0.494623 0.488372 0.503709 9
1.67203863787 0.492619 0.486359 0.501717 0.494619 0.488359 0.503717 9
1.66950735037 0.492615 0.486346 0.501723 0.494615 0.488346 0.503723 9
1.66698163169 0.492611 0.48633 0.50173 0.494611 0.48833 0.50373 9
1.66446146154 0.492608 0.486317 0.501736 0.494608 0.488317 0.503736 9
1.6619468198 0.492604 0.486304 0.501744 0.494604 0.488304 0.503744 9
1.65943768639 0.4926 0.48629 0.501749 0.4946 0.48829 0.503749 9
1.65693404136 0.492596 0.486277 0.501755 0.494596 0.488277 0.503755 9
1.65443586487 0.492592 0.486264 0.501763 0.494592 0.488264 0.503763 9
1.65194313715 0.492588 0.48625 0.501769 0.494588 0.48825 0.503769 9
1.64945583855 0.492585 0.486235 0.501776 0.494585 0.488235 0.503776 9
1.64697394951 0.492581 0.486222 0.501782 0.494581 0.488222 0.503782 9
1.64449745055 0.492577 0.486208 0.501788 0.494577 0.488208 0.503788 9
1.64202632232 0.492573 0.486195 0.501795 0.494573 0.488195 0.503795 9
1.63956054554 0.492569 0.486182 0.501801 0.494569 0.488182 0.503801 9
1.63710010103 0.492566 0.486168 0.501807 0.494566 0.488168 0.503807 9
1.63464496971 0.492562 0.486153 0.501814 0.494562 0.488153 0.503814 9
1.63219513258 0.492558 0.48614 0.50182 0.494558 0.48814 0.50382 9
1.62975057076 0.492554 0.486126 0.501828 0.494554 0.488126 0.503828 9
1.62731126543 0.49255 0.486113 0.501833 0.49455 0.488113 0.503833 9
1.62487719788 0.492546 0.486098 0.501841 0.494546 0.488098 0.503841 9
1.6224483495 0.492543 0.486084 0.501847 0.494543 0.488084 0.503847 9
1.62002470175 0.492539 0.486071 0.501854 0.494539 0.488071 0.503854 9
1.61760623619 0.492535 0.486058 0.501862 0.494535 0.488058 0.503862 9
1.61519293446 0.492533 0.486042 0.501868 0.494533 0.488042 0.503868 9
1.61278477832 0.492529 0.486029 0.501875 0.494529 0.488029 0.503875 9
1.61038174959 0.492526 0.486016 0.501881 0.494526 0.488016 0.503881 9
1.60798383017 0.492522 0.486 0.501889 0.494522 0.488 0.503889 9
1.60559100208 0.492518 0.485987 0.501896 0.494518 0.487987 0.503896 9
1.6032032474 0.492514 0.485972 0.501902 0.494514 0.487972 0.503902 9
1.60082054831 0.49251 0.485959 0.50191 0.49451 0.487959 0.50391 9
1.59844288707 0.492506 0.485945 0.501917 0.494506 0.487945 0.503917 9
1.59607024603 0.492505 0.48593 0.501923 0.494505 0.48793 0.503923 9
1.59370260761 0.492501 0.485917 0.501931 0.494501 0.487917 0.503931 9
1.59133995435 0.492497 0.485901 0.501938 0.494497 0.487901 0.503938 9
1.58898226882 0.492493 0.485888 0.501944 0.494493 0.487888 0.503944 9
1.58662953373 0.492489 0.485873 0.501952 0.494489 0.487873 0.503952 9
1.58428173184 0.492487 0.485859 0.501959 0.494487 0.487859 0.503959 9
1.58193884599 0.492484 0.485844 0.501967 0.494484 0.487844 0.503967 9
1.57960085911 0.49248 0.485831 0.501973 0.49448 0.487831 0.503973 9
1.57726775421 0.492478 0.485815 0.50198 0.494478 0.487815 0.50398 9
1.5749395144 0.492474 0.485802 0.501988 0.494474 0.487802 0.503988 9
1.57261612284 0.49247 0.485787 0.501995 0.49447 0.487787 0.503995 9
1.57029756278 0.492468 0.485773 0.502001 0.494468 0.487773 0.504001 9
1.56798381755 0.492464 0.48576 0.502009 0.494464 0.48776 0.504009 9
1.56567487057 0.492461 0.485745 0.502016 0.494461 0.487745 0.504016 9
1.56337070532 0.492459 0.485732 0.502024 0.494459 0.487732 0.504024 9
1.56107130538 0.492455 0.485716 0.50203 0.494455 0.487716 0.50403 9
1.55877665438 0.492451 0.485703 0.502037 0.494451 0.487703 0.504037 9
1.55648673605 0.492447 0.485688 0.502045 0.494447 0.487688 0.504045 9
1.55420153418 0.492442 0.485674 0.502055 0.494442 0.487674 0.504055 9
1.55192103265 0.492438 0.485661 0.502062 0.494438 0.487661 0.504062 9
1.54964521541 0.492434 0.485651 0.502068 0.494434 0.487651 0.504068 9
1.54737406649 0.49243 0.48564 0.502074 0.49443 0.48764 0.504074 9
1.54510756997 0.492428 0.485629 0.502079 0.494428 0.487629 0.504079 9
1.54284571005 0.492424 0.485615 0.502085 0.494424 0.487615 0.504085 9
1.54058847096 0.492423 0.485602 0.502089 0.494423 0.487602 0.504089 9
1.53833583702 0.492419 0.485588 0.502095 0.494419 0.487588 0.504095 9
1.53608779264 0.492417 0.485575 0.502098 0.494417 0.487575 0.504098 9
1.53384432227 0.492413 0.485562 0.502104 0.494413 0.487562 0.504104 9
1.53160541046 0.492411 0.485547 0.502108 0.494411 0.487547 0.504108 9
1.52937104181 0.492407 0.485533 0.502116 0.494407 0.487533 0.504116 9
1.52714120101 0.492403 0.485518 0.502119 0.494403 0.487518 0.504119 9
1.5249158728 0.492402 0.485505 0.502125 0.494402 0.487505 0.504125 9
1.52269504202 0.492398 0.485489 0.502131 0.494398 0.487489 0.504131 9
1.52047869356 0.492394 0.485476 0.502137 0.494394 0.487476 0.504137 9
1.51826681237 0.49239 0.485463 0.502142 0.49439 0.487463 0.504142 9
1.5160593835 0.492388 0.485449 0.502146 0.494388 0.487449 0.504146 9
1.51385639203 0.492384 0.485436 0.502152 0.494384 0.487436 0.504152 9
1.51165782314 0.492382 0.485423 0.502156 0.494382 0.487423 0.504156 9
1.50946366207 0.492379 0.485407 0.502161 0.494379 0.487407 0.504161 9
1.50727389412 0.492377 0.485394 0.502165 0.494377 0.487394 0.504165 9
1.50508850466 0.492375 0.485381 0.502171 0.494375 0.487381 0.504171 9
1.50290747913 0.492373 0.485367 0.502175 0.494373 0.487367 0.504175 9
1.50073080303 0.492371 0.485352 0.502181 0.494371 0.487352 0.504181 9
1.49855853491 0.492371 0.485339 0.502186 0.494371 0.487339 0.504186 9
1.4963904415 0.492369 0.485325 0.502192 0.494369 0.487325 0.504192 9
1.49422672741 0.492369 0.485312 0.502198 0.494369 0.487312 0.504198 9
1.49206730542 0.492367 0.485299 0.502205 0.494367 0.487299 0.504205 9
1.48991216138 0.492365 0.485285 0.502211 0.494365 0.487285 0.504211 9
1.48776128117 0.492363 0.485272 0.502219 0.494363 0.487272 0.504219 9
1.48561465076 0.492361 0.485259 0.502224 0.494361 0.487259 0.504224 9
1.48347225618 0.492361 0.485247 0.502232 0.494361 0.487247 0.504232 9
1.4813340835 0.492358 0.485234 0.502238 0.494358 0.487234 0.504238 9
1.47920011888 0.492356 0.48522 0.502243 0.494356 0.48722 0.504243 9
1.47707034852 0.492354 0.485207 0.502251 0.494354 0.487207 0.504251 9
1.4749447587 0.492352 0.485194 0.502257 0.494352 0.487194 0.504257 9
