6.36402960687 0.494368 0.494002 0.499007 0.498368 0.498002 0.503007 5
6.24590439422 0.494391 0.49401 0.498954 0.498391 0.49801 0.502954 5
6.13238754544 0.494391 0.493964 0.498969 0.498391 0.497964 0.502969 5
6.02319745036 0.494391 0.493903 0.498969 0.498391 0.497903 0.502969 5
5.99654864503 0.494391 0.493888 0.498969 0.498391 0.497888 0.502969 5
5.97014439277 0.494376 0.493857 0.498969 0.498376 0.497857 0.502969 5
5.9439890382 0.494376 0.493842 0.498969 0.498376 0.497842 0.502969 5
5.91807660047 0.494372 0.493815 0.498965 0.498372 0.497815 0.502965 5
5.89240348214 0.494365 0.493792 0.498973 0.498365 0.497792 0.502973 5
5.86696615838 0.494363 0.493771 0.498971 0.498363 0.497771 0.502971 5
5.84176117534 0.494364 0.493746 0.498968 0.498364 0.497746 0.502968 5
5.81678514836 0.494354 0.493727 0.498972 0.498354 0.497727 0.502972 5
5.79203476016 0.49435 0.493708 0.498974 0.49835 0.497708 0.502974 5
5.76750675919 0.494347 0.493684 0.498978 0.498347 0.497684 0.502978 5
5.74319795799 0.494347 0.493657 0.49899 0.498347 0.497657 0.50299 5
5.71910523154 0.494336 0.493642 0.498982 0.498336 0.497642 0.502982 5
5.69522551575 0.494332 0.493619 0.498986 0.498332 0.497619 0.502986 5
5.67155580594 0.494328 0.493596 0.498986 0.498328 0.497596 0.502986 5
5.64809315541 0.494325 0.493573 0.498986 0.498325 0.497573 0.502986 5
5.62483467398 0.494321 0.49355 0.498986 0.498321 0.49755 0.502986 5
5.60177752664 0.494317 0.493527 0.498994 0.498317 0.497527 0.502994 5
5.57891893223 0.494313 0.493508 0.498994 0.498313 0.497508 0.502994 5
5.55625616212 0.494313 0.493485 0.498998 0.498313 0.497485 0.502998 5
5.53378653897 0.494305 0.493466 0.498998 0.498305 0.497466 0.502998 5
5.5115074355 0.494298 0.493443 0.498994 0.498298 0.497443 0.502994 5
5.48941627331 0.494294 0.493424 0.498998 0.498294 0.497424 0.502998 5
5.46751052172 0.49429 0.493401 0.498994 0.49829 0.497401 0.502994 5
5.44578769668 0.494286 0.493378 0.498998 0.498286 0.497378 0.502998 5
5.42424535963 0.494283 0.493356 0.499001 0.498283 0.497356 0.503001 5
5.40288111651 0.494279 0.493333 0.498998 0.498279 0.497333 0.502998 5
5.38169261666 0.494271 0.493314 0.499001 0.498271 0.497314 0.503001 5
5.36067755189 0.494267 0.493291 0.498998 0.498267 0.497291 0.502998 5
5.33983365548 0.494264 0.493268 0.498998 0.498264 0.497268 0.502998 5
5.3191587012 0.49426 0.493249 0.499001 0.49826 0.497249 0.503001 5
5.29865050248 0.494252 0.493226 0.499005 0.498252 0.497226 0.503005 5
5.27830691142 0.494248 0.493203 0.499009 0.498248 0.497203 0.503009 5
5.25812581801 0.494244 0.49318 0.499009 0.498244 0.49718 0.503009 5
5.2381051492 0.494237 0.493161 0.499013 0.498237 0.497161 0.503013 5
5.21824286815 0.494233 0.493138 0.499009 0.498233 0.497138 0.503009 5
5.19853697339 0.494229 0.493115 0.499009 0.498229 0.497115 0.503009 5
5.17898549807 0.494222 0.493096 0.499009 0.498222 0.497096 0.503009 5
5.15958650916 0.494218 0.493077 0.499017 0.498218 0.497077 0.503017 5
5.14033810674 0.494214 0.493058 0.49902 0.498214 0.497058 0.50302 5
5.1212384233 0.494207 0.493038 0.499019 0.498207 0.497038 0.503019 5
5.102285623 0.494203 0.493017 0.499021 0.498203 0.497017 0.503021 5
5.08347790102 0.494196 0.492994 0.499021 0.498196 0.496994 0.503021 5
5.06481348287 0.49419 0.492973 0.499023 0.49819 0.496973 0.503023 5
5.04629062378 0.494184 0.492952 0.499023 0.498184 0.496952 0.503023 5
5.02790760803 0.494179 0.492931 0.499023 0.498179 0.496931 0.503023 5
5.00966274837 0.494173 0.492908 0.499023 0.498173 0.496908 0.503023 5
4.99155534646 0.494167 0.492887 0.499025 0.498167 0.496887 0.503025 5
4.97358088686 0.494165 0.49287 0.499021 0.498165 0.49687 0.503021 5
4.95574064767 0.494158 0.492847 0.499025 0.498158 0.496847 0.503025 5
4.93803208824 0.494154 0.492826 0.499025 0.498154 0.496826 0.503025 5
4.92045365504 0.494148 0.492807 0.499025 0.498148 0.496807 0.503025 5
4.90300381948 0.494142 0.492786 0.499027 0.498142 0.496786 0.503027 5
4.88568107758 0.494137 0.492767 0.499029 0.498137 0.496767 0.503029 5
4.86848394941 0.494129 0.492748 0.499029 0.498129 0.496748 0.503029 5
4.85141097864 0.494125 0.492727 0.499031 0.498125 0.496727 0.503031 5
4.83446073204 0.494121 0.492708 0.499033 0.498121 0.496708 0.503033 5
4.81763179903 0.494116 0.492687 0.499033 0.498116 0.496687 0.503033 5
4.80092279121 0.494108 0.492666 0.499033 0.498108 0.496666 0.503033 5
4.78433234194 0.494102 0.492645 0.499033 0.498102 0.496645 0.503033 5
4.76785910589 0.494097 0.492624 0.499033 0.498097 0.496624 0.503033 5
4.75150175863 0.494091 0.492601 0.499033 0.498091 0.496601 0.503033 5
4.7352589962 0.494083 0.492584 0.499035 0.498083 0.496584 0.503035 5
4.71912953474 0.494076 0.492565 0.499033 0.498076 0.496565 0.503033 5
4.70311211006 0.494072 0.492546 0.499035 0.498072 0.496546 0.503035 5
4.68720547731 0.494062 0.492525 0.499035 0.498062 0.496525 0.503035 5
4.67140841054 0.494057 0.492506 0.499037 0.498057 0.496506 0.503037 5
4.65571970238 0.494051 0.492487 0.499039 0.498051 0.496487 0.503039 5
4.64013816369 0.494045 0.492466 0.499037 0.498045 0.496466 0.503037 5
4.62466262316 0.494041 0.492445 0.49904 0.498041 0.496445 0.50304 5
4.60929192703 0.494036 0.492426 0.49904 0.498036 0.496426 0.50304 5
4.59402493874 0.494028 0.492407 0.49904 0.498028 0.496407 0.50304 5
4.57886053856 0.494022 0.492386 0.49904 0.498022 0.496386 0.50304 5
4.56379762334 0.494017 0.492367 0.499042 0.498017 0.496367 0.503042 5
4.54883510616 0.494011 0.492348 0.499042 0.498011 0.496348 0.503042 5
4.53397191604 0.494005 0.492327 0.499046 0.498005 0.496327 0.503046 5
4.51920699764 0.493999 0.492308 0.499046 0.497999 0.496308 0.503046 5
4.50453931097 0.493994 0.492288 0.499046 0.497994 0.496288 0.503046 5
4.4899678311 0.49399 0.492269 0.499046 0.49799 0.496269 0.503046 5
4.47549154791 0.493982 0.49225 0.499048 0.497982 0.49625 0.503048 5
4.46110946578 0.493976 0.492231 0.499048 0.497976 0.496231 0.503048 5
4.44682060335 0.493969 0.49221 0.499046 0.497969 0.49621 0.503046 5
4.43262399328 0.493965 0.492189 0.499046 0.497965 0.496189 0.503046 5
4.41851868194 0.493961 0.492168 0.499048 0.497961 0.496168 0.503048 5
4.40450372922 0.493955 0.492147 0.499046 0.497955 0.496147 0.503046 5
4.39057820826 0.493954 0.492128 0.499048 0.497954 0.496128 0.503048 5
4.37674120521 0.493948 0.492109 0.49905 0.497948 0.496109 0.50305 5
4.36299181901 0.493942 0.49209 0.499048 0.497942 0.49609 0.503048 5
4.34932916116 0.493938 0.492069 0.499048 0.497938 0.496069 0.503048 5
4.3357523555 0.493934 0.49205 0.499048 0.497934 0.49605 0.503048 5
4.32226053798 0.493931 0.492031 0.499048 0.497931 0.496031 0.503048 5
4.30885285647 0.493927 0.492012 0.499048 0.497927 0.496012 0.503048 5
4.29552847053 0.493921 0.491991 0.499048 0.497921 0.495991 0.503048 5
4.28228655122 0.493915 0.491974 0.499048 0.497915 0.495974 0.503048 5
4.26912628089 0.493912 0.491955 0.499046 0.497912 0.495955 0.503046 5
4.256046853 0.493908 0.491937 0.499048 0.497908 0.495937 0.503048 5
4.24304747191 0.493904 0.491918 0.499046 0.497904 0.495918 0.503046 5
4.23012735271 0.4939 0.491899 0.499046 0.4979 0.495899 0.503046 5
4.21728572103 0.493894 0.49188 0.499046 0.497894 0.49588 0.503046 5
4.20452181286 0.493891 0.491861 0.499046 0.497891 0.495861 0.503046 5
4.19183487436 0.493887 0.491842 0.499044 0.497887 0.495842 0.503044 5
4.17922416173 0.493881 0.491821 0.499042 0.497881 0.495821 0.503042 5
4.16668894099 0.493875 0.491802 0.499042 0.497875 0.495802 0.503042 5
4.15422848784 0.493872 0.491785 0.499042 0.497872 0.495785 0.503042 5
4.14184208752 0.493868 0.491768 0.49904 0.497868 0.495768 0.50304 5
4.12952903459 0.493862 0.491749 0.499039 0.497862 0.495749 0.503039 5
4.11728863285 0.493856 0.491731 0.499039 0.497856 0.495731 0.503039 5
4.10512019513 0.493851 0.491711 0.499039 0.497851 0.495711 0.503039 5
4.09302304316 0.493845 0.491691 0.49904 0.497845 0.495691 0.50304 5
4.08099650744 0.493839 0.49167 0.499039 0.497839 0.49567 0.503039 5
4.06903992706 0.493835 0.491655 0.499037 0.497835 0.495655 0.503037 5
4.05715264959 0.49383 0.491638 0.499037 0.49783 0.495638 0.503037 5
4.04533403096 0.493822 0.491621 0.499037 0.497822 0.495621 0.503037 5
4.03358343525 0.493816 0.491602 0.499035 0.497816 0.495602 0.503035 5
4.02190023464 0.493812 0.491585 0.499037 0.497812 0.495585 0.503037 5
4.01028380925 0.493807 0.491567 0.499035 0.497807 0.495567 0.503035 5
3.99873457221 0.493801 0.49155 0.499033 0.497801 0.49555 0.503033 5
3.98724884333 0.493797 0.491535 0.499033 0.497797 0.495535 0.503033 5
3.97582910177 0.49379 0.491518 0.499033 0.49779 0.495518 0.503033 5
3.96447373261 0.493784 0.491501 0.499029 0.497784 0.495501 0.503029 5
3.95318215387 0.493784 0.491485 0.499029 0.497784 0.495485 0.503029 5
3.9419537907 0.493778 0.491468 0.499029 0.497778 0.495468 0.503029 5
3.93078807532 0.493774 0.491451 0.499029 0.497774 0.495451 0.503029 5
3.91968444696 0.493769 0.491434 0.499027 0.497769 0.495434 0.503027 5
3.90864235171 0.493765 0.491417 0.499025 0.497765 0.495417 0.503025 5
3.89766124244 0.493761 0.4914 0.499023 0.497761 0.4954 0.503023 5
3.88674057866 0.493757 0.491384 0.499021 0.497757 0.495384 0.503021 5
3.87587982647 0.493751 0.491367 0.499019 0.497751 0.495367 0.503019 5
3.86507845842 0.493746 0.491352 0.499018 0.497746 0.495352 0.503018 5
3.85433595341 0.49374 0.491337 0.499016 0.49774 0.495337 0.503016 5
3.84365179662 0.493734 0.491321 0.499016 0.497734 0.495321 0.503016 5
3.83302547938 0.493728 0.491308 0.499014 0.497728 0.495308 0.503014 5
3.82245649911 0.493721 0.491293 0.499012 0.497721 0.495293 0.503012 5
3.81194435921 0.493715 0.491279 0.49901 0.497715 0.495279 0.50301 5
3.80148856895 0.493709 0.491268 0.49901 0.497709 0.495268 0.50301 5
3.79108864344 0.493702 0.491255 0.499008 0.497702 0.495255 0.503008 5
3.78074410348 0.493694 0.491241 0.499006 0.497694 0.495241 0.503006 5
3.7704544755 0.493687 0.49123 0.499006 0.497687 0.49523 0.503006 5
3.7602192915 0.493679 0.491217 0.499008 0.497679 0.495217 0.503008 5
3.75003808891 0.493669 0.491203 0.49901 0.497669 0.495203 0.50301 5
3.73991041058 0.493664 0.491188 0.49901 0.497664 0.495188 0.50301 5
3.72983580463 0.493656 0.491173 0.499012 0.497656 0.495173 0.503012 5
3.71981382444 0.493648 0.491157 0.499014 0.497648 0.495157 0.503014 5
3.7098440285 0.493641 0.491142 0.499014 0.497641 0.495142 0.503014 5
3.6999259804 0.493633 0.491127 0.499014 0.497633 0.495127 0.503014 5
3.69005924874 0.493625 0.49111 0.499014 0.497625 0.49511 0.503014 5
3.68024340701 0.49362 0.491094 0.499014 0.49762 0.495094 0.503014 5
3.67047803359 0.493612 0.491079 0.499014 0.497612 0.495079 0.503014 5
3.66076271163 0.493603 0.491064 0.499014 0.497603 0.495064 0.503014 5
3.651097029 0.493597 0.491051 0.499014 0.497597 0.495051 0.503014 5
3.64148057822 0.493587 0.491035 0.499014 0.497587 0.495035 0.503014 5
3.63191295639 0.49358 0.49102 0.499014 0.49758 0.49502 0.503014 5
3.62239376513 0.493574 0.491005 0.499012 0.497574 0.495005 0.503012 5
3.61292261051 0.493566 0.490988 0.49901 0.497566 0.494988 0.50301 5
3.60349910299 0.493559 0.490972 0.49901 0.497559 0.494972 0.50301 5
3.59412285736 0.493551 0.490959 0.499008 0.497551 0.494959 0.503008 5
3.58479349268 0.493545 0.490944 0.499008 0.497545 0.494944 0.503008 5
3.57551063221 0.493538 0.490929 0.499008 0.497538 0.494929 0.503008 5
3.56627390335 0.493532 0.490913 0.499008 0.497532 0.494913 0.503008 5
3.55708293761 0.493526 0.490898 0.499008 0.497526 0.494898 0.503008 5
3.54793737052 0.493522 0.490885 0.499008 0.497522 0.494885 0.503008 5
3.53883684159 0.493517 0.490869 0.499008 0.497517 0.494869 0.503008 5
3.52978099426 0.493515 0.490856 0.49901 0.497515 0.494856 0.50301 5
3.52076947581 0.493517 0.490841 0.499012 0.497517 0.494841 0.503012 5
3.51180193737 0.493517 0.490822 0.499016 0.497517 0.494822 0.503016 5
3.50287803381 0.493513 0.490801 0.499019 0.497513 0.494801 0.503019 5
3.49399771037 0.493509 0.490782 0.499023 0.497509 0.494782 0.503023 5
3.4851597693 0.493503 0.490763 0.499027 0.497503 0.494763 0.503027 5
3.47636473651 0.4935 0.490745 0.499031 0.4975 0.494745 0.503031 5
3.46761199469 0.493494 0.490724 0.499035 0.497494 0.494724 0.503035 5
3.45890121678 0.493488 0.490705 0.49904 0.497488 0.494705 0.50304 5
3.45023207918 0.493482 0.490686 0.499044 0.497482 0.494686 0.503044 5
3.44160426172 0.493473 0.490667 0.49905 0.497473 0.494667 0.50305 5
3.43301744757 0.493465 0.490648 0.499052 0.497465 0.494648 0.503052 5
3.42447132326 0.493458 0.490629 0.499056 0.497458 0.494629 0.503056 5
3.41596557859 0.493448 0.49061 0.49906 0.497448 0.49461 0.50306 5
3.4074999066 0.493439 0.490591 0.499061 0.497439 0.494591 0.503061 5
3.39907400353 0.493431 0.49057 0.499063 0.497431 0.49457 0.503063 5
3.39068756876 0.493421 0.490551 0.499067 0.497421 0.494551 0.503067 5
3.38234030482 0.493412 0.490534 0.499071 0.497412 0.494534 0.503071 5
3.37403191728 0.493402 0.490515 0.499075 0.497402 0.494515 0.503075 5
3.36576211474 0.493393 0.490496 0.499079 0.497393 0.494496 0.503079 5
3.35753060882 0.493383 0.490476 0.499082 0.497383 0.494476 0.503082 5
3.34933711407 0.493374 0.490457 0.499088 0.497374 0.494457 0.503088 5
3.34118134796 0.493362 0.490438 0.499094 0.497362 0.494438 0.503094 5
3.33306303085 0.493351 0.490419 0.499103 0.497351 0.494419 0.503103 5
3.32498188593 0.493349 0.490402 0.499103 0.497349 0.494402 0.503103 5
3.31693763918 0.493343 0.490387 0.499107 0.497343 0.494387 0.503107 5
3.30893001938 0.493339 0.490372 0.499109 0.497339 0.494372 0.503109 5
3.30095875801 0.493334 0.490354 0.499111 0.497334 0.494354 0.503111 5
3.29302358927 0.493328 0.490339 0.499115 0.497328 0.494339 0.503115 5
3.28512425001 0.493324 0.490326 0.499119 0.497324 0.494326 0.503119 5
3.27726047972 0.493318 0.490311 0.499121 0.497318 0.494311 0.503121 5
3.26943202047 0.493313 0.490295 0.499124 0.497313 0.494295 0.503124 5
3.2616386169 0.493307 0.490282 0.499128 0.497307 0.494282 0.503128 5
3.25388001619 0.493301 0.490267 0.499132 0.497301 0.494267 0.503132 5
3.246155968 0.493296 0.490253 0.499136 0.497296 0.494253 0.503136 5
3.23846622448 0.493288 0.49024 0.49914 0.497288 0.49424 0.50314 5
3.2308105402 0.49328 0.490225 0.499143 0.49728 0.494225 0.503143 5
3.22318867213 0.493273 0.490211 0.499147 0.497273 0.494211 0.503147 5
3.21560037965 0.493265 0.490198 0.499151 0.497265 0.494198 0.503151 5
3.20804542444 0.493257 0.490185 0.499155 0.497257 0.494185 0.503155 5
3.20052357053 0.49325 0.490171 0.499159 0.49725 0.494171 0.503159 5
3.19303458422 0.493242 0.490158 0.499163 0.497242 0.494158 0.503163 5
3.1855782341 0.493234 0.490145 0.499166 0.497234 0.494145 0.503166 5
3.17815429096 0.493227 0.490131 0.49917 0.497227 0.494131 0.50317 5
3.17076252782 0.493219 0.490116 0.499174 0.497219 0.494116 0.503174 5
3.16340271985 0.493212 0.490103 0.499178 0.497212 0.494103 0.503178 5
3.1560746444 0.493204 0.490087 0.499182 0.497204 0.494087 0.503182 5
3.14877808094 0.493196 0.490074 0.499185 0.497196 0.494074 0.503185 5
3.14151281104 0.493189 0.490061 0.499189 0.497189 0.494061 0.503189 5
3.13427861833 0.493181 0.490045 0.499193 0.497181 0.494045 0.503193 5
3.1270752885 0.493173 0.490032 0.499197 0.497173 0.494032 0.503197 5
3.11990260928 0.493166 0.490019 0.499203 0.497166 0.494019 0.503203 5
3.11276037039 0.493158 0.490007 0.499206 0.497158 0.494007 0.503206 5
3.1056483635 0.493151 0.489994 0.499212 0.497151 0.493994 0.503212 5
3.09856638229 0.493143 0.489982 0.499216 0.497143 0.493982 0.503216 5
3.09151422231 0.493133 0.489969 0.49922 0.497133 0.493969 0.50322 5
3.08449168106 0.493126 0.489958 0.499224 0.497126 0.493958 0.503224 5
3.07749855791 0.493116 0.489948 0.499227 0.497116 0.493948 0.503227 5
3.07053465409 0.493109 0.489937 0.499229 0.497109 0.493937 0.503229 5
3.06359977268 0.493099 0.489927 0.499231 0.497099 0.493927 0.503231 5
3.05669371856 0.493091 0.489916 0.499233 0.497091 0.493916 0.503233 5
3.04981629843 0.493082 0.489904 0.499233 0.497082 0.493904 0.503233 5
3.04296732074 0.493074 0.489895 0.499235 0.497074 0.493895 0.503235 5
3.03614659574 0.493065 0.489883 0.499235 0.497065 0.493883 0.503235 5
3.02935393536 0.493057 0.489874 0.499235 0.497057 0.493874 0.503235 5
3.02258915329 0.493049 0.489864 0.499237 0.497049 0.493864 0.503237 5
3.01585206488 0.493042 0.489855 0.499237 0.497042 0.493855 0.503237 5
3.0091424872 0.493034 0.489845 0.499237 0.497034 0.493845 0.503237 5
3.00246023892 0.493027 0.489836 0.499237 0.497027 0.493836 0.503237 5
2.99580538563 0.493021 0.489828 0.499237 0.497021 0.493828 0.503237 5
2.98917701356 0.493013 0.489818 0.499235 0.497013 0.493818 0.503235 5
2.98257568203 0.493008 0.489811 0.499235 0.497008 0.493811 0.503235 5
2.97600097088 0.493002 0.489803 0.499233 0.497002 0.493803 0.503233 5
2.96945270684 0.492996 0.489796 0.499233 0.496996 0.493796 0.503233 5
2.96293071814 0.49299 0.489786 0.499231 0.49699 0.493786 0.503231 5
2.95643483458 0.492985 0.489778 0.499229 0.496985 0.493778 0.503229 5
2.94996488743 0.492979 0.489769 0.499227 0.496979 0.493769 0.503227 5
2.94352070948 0.492975 0.489761 0.499224 0.496975 0.493761 0.503224 5
2.93710213499 0.492969 0.489752 0.49922 0.496969 0.493752 0.50322 5
2.93070899968 0.492966 0.489744 0.499216 0.496966 0.493744 0.503216 5
2.92434114071 0.492962 0.489736 0.499212 0.496962 0.493736 0.503212 5
2.91799839668 0.492958 0.489729 0.499208 0.496958 0.493729 0.503208 5
2.9116806076 0.492954 0.489721 0.499203 0.496954 0.493721 0.503203 5
2.90538761486 0.492952 0.489714 0.499199 0.496952 0.493714 0.503199 5
2.89911926126 0.49295 0.489708 0.499195 0.49695 0.493708 0.503195 5
2.89287539095 0.49295 0.489702 0.499189 0.49695 0.493702 0.503189 5
2.88665584942 0.492952 0.489698 0.499184 0.496952 0.493698 0.503184 5
2.88046048351 0.492956 0.489693 0.499176 0.496956 0.493693 0.503176 5
2.87428914139 0.492962 0.489687 0.49917 0.496962 0.493687 0.50317 5
2.86814167251 0.492971 0.489681 0.499166 0.496971 0.493681 0.503166 5
2.86201792765 0.492981 0.489673 0.499164 0.496981 0.493673 0.503164 5
2.85591775883 0.492992 0.489664 0.499163 0.496992 0.493664 0.503163 5
2.84984101937 0.493002 0.489652 0.499161 0.497002 0.493652 0.503161 5
2.84378756381 0.493009 0.489639 0.499161 0.497009 0.493639 0.503161 5
2.83775724794 0.493013 0.489626 0.499161 0.497013 0.493626 0.503161 5
2.83174992879 0.493017 0.489611 0.499161 0.497017 0.493611 0.503161 5
2.82576546457 0.493019 0.489597 0.499163 0.497019 0.493597 0.503163 5
2.81980371471 0.493021 0.489584 0.499166 0.497021 0.493584 0.503166 5
2.81386453982 0.493021 0.48957 0.499168 0.497021 0.49357 0.503168 5
2.80794780169 0.493021 0.489557 0.499172 0.497021 0.493557 0.503172 5
2.80205336325 0.493019 0.489542 0.499174 0.497019 0.493542 0.503174 5
2.79618108859 0.493019 0.489529 0.499178 0.497019 0.493529 0.503178 5
2.79033084294 0.493017 0.489515 0.499182 0.497017 0.493515 0.503182 5
2.78450249264 0.493013 0.489502 0.499185 0.497013 0.493502 0.503185 5
2.77869590516 0.493011 0.489488 0.499189 0.497011 0.493488 0.503189 5
2.77291094905 0.493006 0.489473 0.499193 0.497006 0.493473 0.503193 5
2.76714749396 0.493002 0.48946 0.499197 0.497002 0.49346 0.503197 5
2.76140541061 0.492996 0.489446 0.499203 0.496996 0.493446 0.503203 5
2.75568457079 0.492988 0.489433 0.499208 0.496988 0.493433 0.503208 5
2.74998541481 0.492981 0.489422 0.499212 0.496981 0.493422 0.503212 5
2.7443061141 0.492973 0.48941 0.49922 0.496973 0.49341 0.50322 5
2.73864824615 0.492964 0.489397 0.499227 0.496964 0.493397 0.503227 5
2.73301111927 0.492954 0.489385 0.499237 0.496954 0.493385 0.503237 5
2.72739461045 0.492943 0.489372 0.499248 0.496943 0.493372 0.503248 5
2.72179859765 0.492931 0.489357 0.499258 0.496931 0.493357 0.503258 5
2.71622295981 0.49292 0.489342 0.499269 0.49692 0.493342 0.503269 5
2.71066757686 0.49291 0.489326 0.499281 0.49691 0.493326 0.503281 5
2.70513232968 0.492899 0.489309 0.499292 0.496899 0.493309 0.503292 5
2.69961710014 0.492885 0.48929 0.499302 0.496885 0.49329 0.503302 5
2.69412177102 0.492872 0.489271 0.499311 0.496872 0.493271 0.503311 5
2.68864622607 0.492857 0.489252 0.499321 0.496857 0.493252 0.503321 5
2.68319034997 0.492838 0.489231 0.499327 0.496838 0.493231 0.503327 5
2.6777540283 0.492817 0.48921 0.499325 0.496817 0.49321 0.503325 5
2.67233714759 0.492803 0.489195 0.499315 0.496803 0.493195 0.503315 5
2.66693959523 0.492796 0.489181 0.499307 0.496796 0.493181 0.503307 5
2.66156125953 0.492792 0.48917 0.499304 0.496792 0.49317 0.503304 5
2.65620202968 0.49279 0.489158 0.499304 0.49679 0.493158 0.503304 5
2.65086179573 0.49279 0.489147 0.499307 0.49679 0.493147 0.503307 5
2.64554044864 0.492788 0.489134 0.499313 0.496788 0.493134 0.503313 5
2.64023788017 0.492788 0.489124 0.499323 0.496788 0.493124 0.503323 5
2.63495398297 0.492788 0.489113 0.499336 0.496788 0.493113 0.503336 5
2.62968865053 0.492786 0.489094 0.499355 0.496786 0.493094 0.503355 5
2.62444177715 0.492775 0.489073 0.499355 0.496775 0.493073 0.503355 5
2.61921325797 0.492773 0.489067 0.499353 0.496773 0.493067 0.503353 5
2.61400298894 0.492773 0.489052 0.499369 0.496773 0.493052 0.503369 5
2.60881086684 0.492769 0.489044 0.49937 0.496769 0.493044 0.50337 5
2.60363678922 0.492767 0.489031 0.499376 0.496767 0.493031 0.503376 5
2.59848065444 0.492763 0.489015 0.499382 0.496763 0.493015 0.503382 5
2.59334236164 0.492761 0.489002 0.499388 0.496761 0.493002 0.503388 5
2.58822181074 0.49276 0.488987 0.499393 0.49676 0.492987 0.503393 5
2.58311890242 0.492756 0.488973 0.499399 0.496756 0.492973 0.503399 5
2.57803353814 0.492754 0.488958 0.499405 0.496754 0.492958 0.503405 5
2.57296562009 0.49275 0.488943 0.49941 0.49675 0.492943 0.50341 5
2.56791505123 0.492744 0.488928 0.499414 0.496744 0.492928 0.503414 5
2.56288173525 0.49274 0.488912 0.49942 0.49674 0.492912 0.50342 5
2.55786557658 0.492735 0.488897 0.499424 0.496735 0.492897 0.503424 5
2.55286648036 0.492729 0.488882 0.499426 0.496729 0.492882 0.503426 5
2.54788435246 0.492721 0.488869 0.49943 0.496721 0.492869 0.50343 5
2.54291909946 0.492716 0.488855 0.499433 0.496716 0.492855 0.503433 5
2.53797062865 0.492708 0.48884 0.499437 0.496708 0.49284 0.503437 5
2.53303884801 0.492702 0.488827 0.499441 0.496702 0.492827 0.503441 5
2.52812366621 0.492695 0.488813 0.499443 0.496695 0.492813 0.503443 5
2.52322499262 0.492687 0.488802 0.499447 0.496687 0.492802 0.503447 5
2.51834273727 0.492681 0.488788 0.499451 0.496681 0.492788 0.503451 5
2.51347681088 0.492674 0.488775 0.499454 0.496674 0.492775 0.503454 5
2.50862712481 0.492666 0.488764 0.499458 0.496666 0.492764 0.503458 5
2.5037935911 0.492658 0.48875 0.499462 0.496658 0.49275 0.503462 5
2.49897650109 0.492647 0.488735 0.499468 0.496647 0.492735 0.503468 5
2.49417463215 0.492639 0.48872 0.499475 0.496639 0.49272 0.503475 5
2.48938903429 0.49263 0.488703 0.499483 0.49663 0.492703 0.503483 5
2.48461924336 0.492622 0.488684 0.499491 0.496622 0.492684 0.503491 5
2.47986517465 0.492615 0.488666 0.499498 0.496615 0.492666 0.503498 5
2.47512674401 0.492607 0.488649 0.499506 0.496607 0.492649 0.503506 5
2.47040386793 0.492599 0.48863 0.499513 0.496599 0.49263 0.503513 5
2.4656964635 0.49259 0.488611 0.499521 0.49659 0.492611 0.503521 5
2.46100444841 0.492582 0.488592 0.499529 0.496582 0.492592 0.503529 5
2.45632774096 0.492573 0.488575 0.499536 0.496573 0.492575 0.503536 5
2.45166626005 0.492565 0.488558 0.499544 0.496565 0.492558 0.503544 5
2.44701992515 0.492555 0.488541 0.499552 0.496555 0.492541 0.503552 5
2.44238865633 0.492548 0.488523 0.499557 0.496548 0.492523 0.503557 5
2.43777237423 0.49254 0.488508 0.499565 0.49654 0.492508 0.503565 5
2.43317100006 0.492533 0.488491 0.499573 0.496533 0.492491 0.503573 5
2.42858445562 0.492527 0.488478 0.499578 0.496527 0.492478 0.503578 5
2.42401266324 0.492521 0.488462 0.499586 0.496521 0.492462 0.503586 5
2.41945554583 0.492515 0.488447 0.499594 0.496515 0.492447 0.503594 5
2.41491302684 0.49251 0.488432 0.499601 0.49651 0.492432 0.503601 5
2.41038503029 0.492504 0.488417 0.499609 0.496504 0.492417 0.503609 5
2.4058714807 0.4925 0.488401 0.499616 0.4965 0.492401 0.503616 5
2.40137230317 0.492494 0.488386 0.499624 0.496494 0.492386 0.503624 5
2.39688742332 0.492491 0.488369 0.49963 0.496491 0.492369 0.50363 5
2.39241676727 0.492485 0.488354 0.499637 0.496485 0.492354 0.503637 5
2.3879602617 0.492481 0.488338 0.499643 0.496481 0.492338 0.503643 5
2.3835178338 0.492475 0.488323 0.499649 0.496475 0.492323 0.503649 5
2.37908941125 0.49247 0.488308 0.499655 0.49647 0.492308 0.503655 5
2.37467492227 0.492466 0.488293 0.49966 0.496466 0.492293 0.50366 5
2.37027429557 0.49246 0.488279 0.499664 0.49646 0.492279 0.503664 5
2.36588746036 0.492456 0.488266 0.49967 0.496456 0.492266 0.50367 5
2.36151434634 0.492452 0.488252 0.499678 0.496452 0.492252 0.503678 5
2.35715488372 0.492449 0.488237 0.499683 0.496449 0.492237 0.503683 5
2.35280900318 0.492447 0.488224 0.499689 0.496447 0.492224 0.503689 5
2.34847663588 0.492443 0.488209 0.499695 0.496443 0.492209 0.503695 5
2.34415771346 0.492439 0.488193 0.4997 0.496439 0.492193 0.5037 5
2.33985216806 0.492435 0.48818 0.499706 0.496435 0.49218 0.503706 5
2.33555993226 0.492433 0.488167 0.499712 0.496433 0.492167 0.503712 5
2.3312809391 0.49243 0.488151 0.499718 0.49643 0.492151 0.503718 5
2.32701512212 0.492426 0.488136 0.499723 0.496426 0.492136 0.503723 5
2.32276241527 0.492422 0.488121 0.499729 0.496422 0.492121 0.503729 5
2.318522753 0.49242 0.488106 0.499737 0.49642 0.492106 0.503737 5
2.31429607016 0.492416 0.488092 0.499742 0.496416 0.492092 0.503742 5
2.3100823021 0.492412 0.488077 0.499748 0.496412 0.492077 0.503748 5
2.30588138457 0.492409 0.488062 0.499754 0.496409 0.492062 0.503754 5
2.30169325377 0.492407 0.488047 0.499761 0.496407 0.492047 0.503761 5
2.29751784634 0.492403 0.488031 0.499769 0.496403 0.492031 0.503769 5
2.29335509935 0.492399 0.488018 0.499775 0.496399 0.492018 0.503775 5
2.28920495029 0.492393 0.488003 0.499781 0.496393 0.492003 0.503781 5
2.28506733707 0.49239 0.487989 0.499786 0.49639 0.491989 0.503786 5
2.28094219804 0.492384 0.487974 0.499792 0.496384 0.491974 0.503792 5
2.27682947194 0.492378 0.487959 0.499796 0.496378 0.491959 0.503796 5
2.27272909793 0.492372 0.487945 0.499801 0.496372 0.491945 0.503801 5
2.2686410156 0.492369 0.48793 0.499807 0.496369 0.49193 0.503807 5
2.26456516492 0.492363 0.487915 0.499811 0.496363 0.491915 0.503811 5
2.26050148626 0.492359 0.4879 0.499817 0.496359 0.4919 0.503817 5
2.25644992041 0.492353 0.487882 0.499824 0.496353 0.491882 0.503824 5
2.25241040853 0.492348 0.487865 0.49983 0.496348 0.491865 0.50383 5
2.24838313276 0.492342 0.48785 0.499838 0.496342 0.49185 0.503838 5
2.24436731334 0.492338 0.487837 0.499843 0.496338 0.491837 0.503843 5
2.24036361436 0.492332 0.487821 0.499849 0.496332 0.491821 0.503849 5
2.23637173791 0.492327 0.487806 0.499855 0.496327 0.491806 0.503855 5
2.23239162711 0.492323 0.487791 0.499863 0.496323 0.491791 0.503863 5
2.22842322544 0.492319 0.487776 0.499868 0.496319 0.491776 0.503868 5
2.22446647674 0.492313 0.487762 0.499874 0.496313 0.491762 0.503874 5
2.22052132522 0.492308 0.487747 0.49988 0.496308 0.491747 0.50388 5
2.21658771548 0.492304 0.487734 0.499885 0.496304 0.491734 0.503885 5
2.21266559244 0.4923 0.487718 0.499891 0.4963 0.491718 0.503891 5
2.20875490142 0.492294 0.487703 0.499897 0.496294 0.491703 0.503897 5
2.20485558808 0.492288 0.48769 0.499901 0.496288 0.49169 0.503901 5
2.20096759842 0.492283 0.487675 0.499906 0.496283 0.491675 0.503906 5
2.19709087883 0.492279 0.487661 0.499912 0.496279 0.491661 0.503912 5
2.19322537601 0.492275 0.487648 0.499918 0.496275 0.491648 0.503918 5
2.18937103703 0.492269 0.487635 0.499922 0.496269 0.491635 0.503922 5
2.18552780928 0.492266 0.487619 0.499927 0.496266 0.491619 0.503927 5
2.18169564051 0.49226 0.487606 0.499931 0.49626 0.491606 0.503931 5
2.1778744788 0.492258 0.487593 0.499937 0.496258 0.491593 0.503937 5
2.17406427256 0.492252 0.487579 0.499941 0.496252 0.491579 0.503941 5
2.17026497053 0.492248 0.487566 0.499946 0.496248 0.491566 0.503946 5
2.1664765218 0.492243 0.487552 0.49995 0.496243 0.491552 0.50395 5
2.16269887575 0.492239 0.487539 0.499954 0.496239 0.491539 0.503954 5
2.15893198211 0.492235 0.487526 0.49996 0.496235 0.491526 0.50396 5
2.15517579093 0.492231 0.487512 0.499964 0.496231 0.491512 0.503964 5
2.15143025257 0.492227 0.487499 0.499967 0.496227 0.491499 0.503967 5
2.1476953177 0.492224 0.487486 0.499971 0.496224 0.491486 0.503971 5
2.14397093731 0.49222 0.48747 0.499977 0.49622 0.49147 0.503977 5
2.14025706271 0.492216 0.487457 0.499981 0.496216 0.491457 0.503981 5
2.13655364551 0.492214 0.487442 0.499987 0.496214 0.491442 0.503987 5
2.13286063762 0.492208 0.487429 0.49999 0.496208 0.491429 0.50399 5
2.12917799125 0.492205 0.487415 0.499994 0.496205 0.491415 0.503994 5
2.12550565893 0.492201 0.487402 0.5 0.496201 0.491402 0.504 5
2.12184359347 0.492197 0.487388 0.500004 0.496197 0.491388 0.504004 5
2.11819174799 0.492191 0.487375 0.500007 0.496191 0.491375 0.504007 5
2.11455007588 0.492187 0.48736 0.500013 0.496187 0.49136 0.504013 5
2.11091853086 0.492182 0.487347 0.500019 0.496182 0.491347 0.504019 5
2.1072970669 0.492178 0.487333 0.500023 0.496178 0.491333 0.504023 5
2.10368563827 0.492172 0.487318 0.500028 0.496172 0.491318 0.504028 5
2.10008419955 0.492166 0.487305 0.500034 0.496166 0.491305 0.504034 5
2.09649270555 0.492163 0.487291 0.500038 0.496163 0.491291 0.504038 5
2.09291111141 0.492157 0.487276 0.500044 0.496157 0.491276 0.504044 5
2.08933937252 0.492153 0.487261 0.500049 0.496153 0.491261 0.504049 5
2.08577744454 0.492147 0.487247 0.500055 0.496147 0.491247 0.504055 5
2.08222528344 0.492143 0.487234 0.500061 0.496143 0.491234 0.504061 5
2.07868284542 0.492138 0.487221 0.500065 0.496138 0.491221 0.504065 5
2.07515008697 0.492134 0.487205 0.500069 0.496134 0.491205 0.504069 5
2.07162696484 0.49213 0.487192 0.500074 0.49613 0.491192 0.504074 5
2.06811343605 0.492124 0.487177 0.50008 0.496124 0.491177 0.50408 5
2.06460945788 0.492121 0.487163 0.500086 0.496121 0.491163 0.504086 5
2.06111498788 0.492117 0.48715 0.500091 0.496117 0.49115 0.504091 5
2.05762998383 0.492111 0.487135 0.500097 0.496111 0.491135 0.504097 5
2.05415440381 0.492107 0.487121 0.500103 0.496107 0.491121 0.504103 5
2.05068820611 0.492102 0.487106 0.500109 0.496102 0.491106 0.504109 5
2.04723134931 0.492098 0.487093 0.500114 0.496098 0.491093 0.504114 5
2.04378379222 0.492094 0.487078 0.50012 0.496094 0.491078 0.50412 5
2.04034549391 0.492088 0.487062 0.500126 0.496088 0.491062 0.504126 5
2.03691641368 0.492084 0.487049 0.500131 0.496084 0.491049 0.504131 5
2.03349651109 0.492081 0.487034 0.500137 0.496081 0.491034 0.504137 5
2.03008574594 0.492077 0.48702 0.500143 0.496077 0.49102 0.504143 5
2.02668407827 0.492073 0.487005 0.500149 0.496073 0.491005 0.504149 5
2.02329146837 0.492067 0.486992 0.500154 0.496067 0.490992 0.504154 5
2.01990787675 0.492061 0.486978 0.50016 0.496061 0.490978 0.50416 5
2.01653326416 0.492056 0.486965 0.500166 0.496056 0.490965 0.504166 5
2.0131675916 0.492052 0.48695 0.500172 0.496052 0.49095 0.504172 5
2.00981082028 0.492048 0.486936 0.500177 0.496048 0.490936 0.504177 5
2.00646291165 0.492042 0.486921 0.500183 0.496042 0.490921 0.504183 5
2.0031238274 0.492039 0.486908 0.500189 0.496039 0.490908 0.504189 5
1.99979384142 0.492035 0.486894 0.500194 0.496035 0.490894 0.504194 5
1.99647197986 0.492031 0.486879 0.500198 0.496031 0.490879 0.504198 5
1.99315914111 0.492027 0.486866 0.500204 0.496027 0.490866 0.504204 5
1.98985497568 0.492021 0.486853 0.50021 0.496021 0.490853 0.50421 5
1.98655944641 0.492018 0.486837 0.500213 0.496018 0.490837 0.504213 5
1.98327251629 0.492014 0.486824 0.500219 0.496014 0.490824 0.504219 5
1.97999414859 0.492008 0.486811 0.500225 0.496008 0.490811 0.504225 5
1.97672430673 0.492002 0.486797 0.500231 0.496002 0.490797 0.504231 5
1.97346295439 0.491999 0.486784 0.500236 0.495999 0.490784 0.504236 5
1.97021005544 0.491993 0.48677 0.50024 0.495993 0.49077 0.50424 5
1.96696557398 0.491989 0.486755 0.500246 0.495989 0.490755 0.504246 5
1.96372947429 0.491983 0.486742 0.500252 0.495983 0.490742 0.504252 5
1.96050172088 0.491978 0.486729 0.500257 0.495978 0.490729 0.504257 5
1.95728227846 0.491974 0.486713 0.500263 0.495974 0.490713 0.504263 5
1.95407111194 0.49197 0.4867 0.500271 0.49597 0.4907 0.504271 5
1.95086818645 0.491964 0.486687 0.500275 0.495964 0.490687 0.504275 5
1.9476734673 0.49196 0.486671 0.50028 0.49596 0.490671 0.50428 5
1.94448692001 0.491957 0.486658 0.500286 0.495957 0.490658 0.504286 5
1.9413085103 0.491951 0.486645 0.500292 0.495951 0.490645 0.504292 5
1.93813820408 0.491947 0.486631 0.500297 0.495947 0.490631 0.504297 5
1.93497596747 0.491941 0.486618 0.500303 0.495941 0.490618 0.504303 5
1.93182176677 0.491937 0.486603 0.500307 0.495937 0.490603 0.504307 5
1.92867556848 0.491934 0.486589 0.500313 0.495934 0.490589 0.504313 5
1.92553733928 0.49193 0.486576 0.500318 0.49593 0.490576 0.504318 5
1.92240704607 0.491924 0.486563 0.500322 0.495924 0.490563 0.504322 5
1.91928465589 0.49192 0.486549 0.500328 0.49592 0.490549 0.504328 5
1.91617013602 0.491917 0.486536 0.500332 0.495917 0.490536 0.504332 5
1.91306345389 0.491911 0.486523 0.500337 0.495911 0.490523 0.504337 5
1.90996457714 0.491907 0.486507 0.500341 0.495907 0.490507 0.504341 5
1.90687347355 0.491903 0.486494 0.500347 0.495903 0.490494 0.504347 5
1.90379011114 0.491897 0.486481 0.500351 0.495897 0.490481 0.504351 5
1.90071445808 0.491894 0.486467 0.500357 0.495894 0.490467 0.504357 5
1.8976464827 0.491888 0.486454 0.50036 0.495888 0.490454 0.50436 5
1.89458615356 0.491884 0.486441 0.500364 0.495884 0.490441 0.504364 5
1.89153343934 0.491878 0.486427 0.50037 0.495878 0.490427 0.50437 5
1.88848830893 0.491873 0.486414 0.500374 0.495873 0.490414 0.504374 5
1.8854507314 0.491869 0.4864 0.500379 0.495869 0.4904 0.504379 5
1.88242067596 0.491863 0.486387 0.500383 0.495863 0.490387 0.504383 5
1.87939811203 0.491859 0.486374 0.500387 0.495859 0.490374 0.504387 5
1.87638300917 0.491854 0.48636 0.500393 0.495854 0.49036 0.504393 5
1.87337533713 0.491848 0.486347 0.500397 0.495848 0.490347 0.504397 5
1.87037506581 0.491844 0.486334 0.5004 0.495844 0.490334 0.5044 5
1.86738216529 0.49184 0.48632 0.500406 0.49584 0.49032 0.504406 5
1.86439660582 0.491834 0.486307 0.50041 0.495834 0.490307 0.50441 5
1.86141835779 0.491831 0.486294 0.500414 0.495831 0.490294 0.504414 5
1.8584473918 0.491825 0.486282 0.500418 0.495825 0.490282 0.504418 5
1.85548367856 0.491819 0.486269 0.500421 0.495819 0.490269 0.504421 5
1.85252718897 0.491815 0.486256 0.500427 0.495815 0.490256 0.504427 5
1.84957789409 0.49181 0.486242 0.500431 0.49581 0.490242 0.504431 5
1.84663576513 0.491806 0.486229 0.500435 0.495806 0.490229 0.504435 5
1.84370077346 0.4918 0.486215 0.500439 0.4958 0.490215 0.504439 5
1.84077289061 0.491796 0.486204 0.500442 0.495796 0.490204 0.504442 5
1.83785208827 0.491791 0.486191 0.500446 0.495791 0.490191 0.504446 5
1.83493833828 0.491787 0.486177 0.50045 0.495787 0.490177 0.50445 5
1.83203161262 0.491781 0.486166 0.500456 0.495781 0.490166 0.504456 5
1.82913188344 0.491777 0.486153 0.50046 0.495777 0.490153 0.50446 5
1.82623912304 0.491772 0.486141 0.500463 0.495772 0.490141 0.504463 5
1.82335330386 0.491768 0.486128 0.500465 0.495768 0.490128 0.504465 5
1.82047439851 0.491764 0.486114 0.500469 0.495764 0.490114 0.504469 5
1.81760237972 0.49176 0.486103 0.500473 0.49576 0.490103 0.504473 5
1.81473722039 0.491754 0.48609 0.500477 0.495754 0.49009 0.504477 5
1.81187889356 0.491751 0.486078 0.500479 0.495751 0.490078 0.504479 5
1.80902737241 0.491747 0.486065 0.500482 0.495747 0.490065 0.504482 5
1.80618263026 0.491743 0.486053 0.500486 0.495743 0.490053 0.504486 5
1.8033446406 0.491739 0.486042 0.50049 0.495739 0.490042 0.50449 5
1.80051337702 0.491735 0.48603 0.500494 0.495735 0.49003 0.504494 5
1.7976888133 0.491731 0.486017 0.500496 0.495731 0.490017 0.504496 5
1.79487092331 0.49173 0.486006 0.5005 0.49573 0.490006 0.5045 5
1.7920596811 0.491728 0.485992 0.500501 0.495728 0.489992 0.504501 5
1.78925506084 0.491726 0.485981 0.500505 0.495726 0.489981 0.504505 5
1.78645703685 0.491724 0.485967 0.500507 0.495724 0.489967 0.504507 5
1.78366558356 0.491724 0.485954 0.500509 0.495724 0.489954 0.504509 5
1.78088067556 0.491724 0.485941 0.500511 0.495724 0.489941 0.504511 5
1.77810228757 0.491722 0.485927 0.500515 0.495722 0.489927 0.504515 5
1.77533039444 0.491722 0.485914 0.500517 0.495722 0.489914 0.504517 5
1.77256497116 0.491722 0.485899 0.500519 0.495722 0.489899 0.504519 5
1.76980599285 0.49172 0.485885 0.500522 0.49572 0.489885 0.504522 5
1.76705343474 0.491718 0.485872 0.500526 0.495718 0.489872 0.504526 5
1.76430727222 0.491718 0.485857 0.50053 0.495718 0.489857 0.50453 5
1.7615674808 0.491718 0.485842 0.500534 0.495718 0.489842 0.504534 5
1.75883403612 0.491716 0.485828 0.500538 0.495716 0.489828 0.504538 5
1.75610691393 0.491714 0.485813 0.500542 0.495714 0.489813 0.504542 5
1.75338609014 0.491712 0.4858 0.500545 0.495712 0.4898 0.504545 5
1.75067154075 0.491711 0.485784 0.500549 0.495711 0.489784 0.504549 5
1.74796330893 0.491709 0.485769 0.500553 0.495709 0.489769 0.504553 5
1.74526116988 0.491707 0.485756 0.500557 0.495707 0.489756 0.504557 5
1.74256530107 0.491705 0.485741 0.500563 0.495705 0.489741 0.504563 5
1.73987561197 0.491701 0.485727 0.500566 0.495701 0.489727 0.504566 5
1.73719207923 0.491699 0.485712 0.500572 0.495699 0.489712 0.504572 5
1.7345146796 0.491697 0.485697 0.500576 0.495697 0.489697 0.504576 5
1.73184338996 0.491693 0.485683 0.500582 0.495693 0.489683 0.504582 5
1.7291781873 0.491691 0.485668 0.500585 0.495691 0.489668 0.504585 5
1.72651904874 0.49169 0.485653 0.500591 0.49569 0.489653 0.504591 5
1.72386595152 0.491686 0.485639 0.500597 0.495686 0.489639 0.504597 5
1.72121887297 0.491682 0.485626 0.500603 0.495682 0.489626 0.504603 5
1.71857779057 0.49168 0.485611 0.500606 0.49568 0.489611 0.504606 5
1.71594268191 0.491678 0.485596 0.500612 0.495678 0.489596 0.504612 5
1.71331352467 0.491674 0.485582 0.500618 0.495674 0.489582 0.504618 5
1.71069029667 0.49167 0.485567 0.500622 0.49567 0.489567 0.504622 5
1.70807297583 0.491667 0.485554 0.500627 0.495667 0.489554 0.504627 5
1.70546154019 0.491663 0.48554 0.500635 0.495663 0.48954 0.504635 5
1.70285596791 0.491661 0.485525 0.500641 0.495661 0.489525 0.504641 5
1.70025623723 0.491657 0.485512 0.500646 0.495657 0.489512 0.504646 5
1.69766232654 0.491653 0.485496 0.500652 0.495653 0.489496 0.504652 5
1.69507421431 0.491649 0.485483 0.500658 0.495649 0.489483 0.504658 5
1.69249187913 0.491646 0.48547 0.500666 0.495646 0.48947 0.504666 5
1.6899152997 0.491644 0.485454 0.500671 0.495644 0.489454 0.504671 5
1.68734445483 0.49164 0.485441 0.500679 0.49564 0.489441 0.504679 5
1.68477932343 0.491636 0.485426 0.500685 0.495636 0.489426 0.504685 5
1.68221988453 0.491632 0.485412 0.50069 0.495632 0.489412 0.50469 5
1.67966611723 0.491629 0.485399 0.500698 0.495629 0.489399 0.504698 5
1.67711800078 0.491627 0.485386 0.500704 0.495627 0.489386 0.504704 5
1.67457551452 0.491623 0.485372 0.500709 0.495623 0.489372 0.504709 5
1.67203863787 0.491619 0.485359 0.500717 0.495619 0.489359 0.504717 5
1.66950735037 0.491615 0.485346 0.500723 0.495615 0.489346 0.504723 5
1.66698163169 0.491611 0.48533 0.50073 0.495611 0.48933 0.50473 5
1.66446146154 0.491608 0.485317 0.500736 0.495608 0.489317 0.504736 5
1.6619468198 0.491604 0.485304 0.500744 0.495604 0.489304 0.504744 5
1.65943768639 0.4916 0.48529 0.500749 0.4956 0.48929 0.504749 5
1.65693404136 0.491596 0.485277 0.500755 0.495596 0.489277 0.504755 5
1.65443586487 0.491592 0.485264 0.500763 0.495592 0.489264 0.504763 5
1.65194313715 0.491588 0.48525 0.500769 0.495588 0.48925 0.504769 5
1.64945583855 0.491585 0.485235 0.500776 0.495585 0.489235 0.504776 5
1.64697394951 0.491581 0.485222 0.500782 0.495581 0.489222 0.504782 5
1.64449745055 0.491577 0.485208 0.500788 0.495577 0.489208 0.504788 5
1.64202632232 0.491573 0.485195 0.500795 0.495573 0.489195 0.504795 5
1.63956054554 0.491569 0.485182 0.500801 0.495569 0.489182 0.504801 5
1.63710010103 0.491566 0.485168 0.500807 0.495566 0.489168 0.504807 5
1.63464496971 0.491562 0.485153 0.500814 0.495562 0.489153 0.504814 5
1.63219513258 0.491558 0.48514 0.50082 0.495558 0.48914 0.50482 5
1.62975057076 0.491554 0.485126 0.500828 0.495554 0.489126 0.504828 5
1.62731126543 0.49155 0.485113 0.500833 0.49555 0.489113 0.504833 5
1.62487719788 0.491546 0.485098 0.500841 0.495546 0.489098 0.504841 5
1.6224483495 0.491543 0.485084 0.500847 0.495543 0.489084 0.504847 5
1.62002470175 0.491539 0.485071 0.500854 0.495539 0.489071 0.504854 5
1.61760623619 0.491535 0.485058 0.500862 0.495535 0.489058 0.504862 5
1.61519293446 0.491533 0.485042 0.500868 0.495533 0.489042 0.504868 5
1.61278477832 0.491529 0.485029 0.500875 0.495529 0.489029 0.504875 5
1.61038174959 0.491526 0.485016 0.500881 0.495526 0.489016 0.504881 5
1.60798383017 0.491522 0.485 0.500889 0.495522 0.489 0.504889 5
1.60559100208 0.491518 0.484987 0.500896 0.495518 0.488987 0.504896 5
1.6032032474 0.491514 0.484972 0.500902 0.495514 0.488972 0.504902 5
1.60082054831 0.49151 0.484959 0.50091 0.49551 0.488959 0.50491 5
1.59844288707 0.491506 0.484945 0.500917 0.495506 0.488945 0.504917 5
1.59607024603 0.491505 0.48493 0.500923 0.495505 0.48893 0.504923 5
1.59370260761 0.491501 0.484917 0.500931 0.495501 0.488917 0.504931 5
1.59133995435 0.491497 0.484901 0.500938 0.495497 0.488901 0.504938 5
1.58898226882 0.491493 0.484888 0.500944 0.495493 0.488888 0.504944 5
1.58662953373 0.491489 0.484873 0.500952 0.495489 0.488873 0.504952 5
1.58428173184 0.491487 0.484859 0.500959 0.495487 0.488859 0.504959 5
1.58193884599 0.491484 0.484844 0.500967 0.495484 0.488844 0.504967 5
1.57960085911 0.49148 0.484831 0.500973 0.49548 0.488831 0.504973 5
1.57726775421 0.491478 0.484815 0.50098 0.495478 0.488815 0.50498 5
1.5749395144 0.491474 0.484802 0.500988 0.495474 0.488802 0.504988 5
1.57261612284 0.49147 0.484787 0.500995 0.49547 0.488787 0.504995 5
1.57029756278 0.491468 0.484773 0.501001 0.495468 0.488773 0.505001 5
1.56798381755 0.491464 0.48476 0.501009 0.495464 0.48876 0.505009 5
1.56567487057 0.491461 0.484745 0.501016 0.495461 0.488745 0.505016 5
1.56337070532 0.491459 0.484732 0.501024 0.495459 0.488732 0.505024 5
1.56107130538 0.491455 0.484716 0.50103 0.495455 0.488716 0.50503 5
1.55877665438 0.491451 0.484703 0.501037 0.495451 0.488703 0.505037 5
1.55648673605 0.491447 0.484688 0.501045 0.495447 0.488688 0.505045 5
1.55420153418 0.491442 0.484674 0.501055 0.495442 0.488674 0.505055 5
1.55192103265 0.491438 0.484661 0.501062 0.495438 0.488661 0.505062 5
1.54964521541 0.491434 0.484651 0.501068 0.495434 0.488651 0.505068 5
1.54737406649 0.49143 0.48464 0.501074 0.49543 0.48864 0.505074 5
1.54510756997 0.491428 0.484629 0.501079 0.495428 0.488629 0.505079 5
1.54284571005 0.491424 0.484615 0.501085 0.495424 0.488615 0.505085 5
1.54058847096 0.491423 0.484602 0.501089 0.495423 0.488602 0.505089 5
1.53833583702 0.491419 0.484588 0.501095 0.495419 0.488588 0.505095 5
1.53608779264 0.491417 0.484575 0.501098 0.495417 0.488575 0.505098 5
1.53384432227 0.491413 0.484562 0.501104 0.495413 0.488562 0.505104 5
1.53160541046 0.491411 0.484547 0.501108 0.495411 0.488547 0.505108 5
1.52937104181 0.491407 0.484533 0.501116 0.495407 0.488533 0.505116 5
1.52714120101 0.491403 0.484518 0.501119 0.495403 0.488518 0.505119 5
1.5249158728 0.491402 0.484505 0.501125 0.495402 0.488505 0.505125 5
1.52269504202 0.491398 0.484489 0.501131 0.495398 0.488489 0.505131 5
1.52047869356 0.491394 0.484476 0.501137 0.495394 0.488476 0.505137 5
1.51826681237 0.49139 0.484463 0.501142 0.49539 0.488463 0.505142 5
1.5160593835 0.491388 0.484449 0.501146 0.495388 0.488449 0.505146 5
1.51385639203 0.491384 0.484436 0.501152 0.495384 0.488436 0.505152 5
1.51165782314 0.491382 0.484423 0.501156 0.495382 0.488423 0.505156 5
1.50946366207 0.491379 0.484407 0.501161 0.495379 0.488407 0.505161 5
1.50727389412 0.491377 0.484394 0.501165 0.495377 0.488394 0.505165 5
1.50508850466 0.491375 0.484381 0.501171 0.495375 0.488381 0.505171 5
1.50290747913 0.491373 0.484367 0.501175 0.495373 0.488367 0.505175 5
1.50073080303 0.491371 0.484352 0.501181 0.495371 0.488352 0.505181 5
1.49855853491 0.491371 0.484339 0.501186 0.495371 0.488339 0.505186 5
1.4963904415 0.491369 0.484325 0.501192 0.495369 0.488325 0.505192 5
1.49422672741 0.491369 0.484312 0.501198 0.495369 0.488312 0.505198 5
1.49206730542 0.491367 0.484299 0.501205 0.495367 0.488299 0.505205 5
1.48991216138 0.491365 0.484285 0.501211 0.495365 0.488285 0.505211 5
1.48776128117 0.491363 0.484272 0.501219 0.495363 0.488272 0.505219 5
1.48561465076 0.491361 0.484259 0.501224 0.495361 0.488259 0.505224 5
1.48347225618 0.491361 0.484247 0.501232 0.495361 0.488247 0.505232 5
1.4813340835 0.491358 0.484234 0.501238 0.495358 0.488234 0.505238 5
1.47920011888 0.491356 0.48422 0.501243 0.495356 0.48822 0.505243 5
1.47707034852 0.491354 0.484207 0.501251 0.495354 0.488207 0.505251 5
1.4749447587 0.491352 0.484194 0.501257 0.495352 0.488194 0.505257 5
1.47282333576 0.491348 0.48418 0.501263 0.495348 0.48818 0.505263 5
1.47070606608 0.491346 0.484169 0.50127 0.495346 0.488169 0.50527 5
1.46859293613 0.491342 0.484156 0.501276 0.495342 0.488156 0.505276 5
1.46648393242 0.49134 0.484142 0.501282 0.49534 0.488142 0.505282 5
1.46437904154 0.491339 0.484131 0.501289 0.495339 0.488131 0.505289 5
1.46227825011 0.491335 0.484117 0.501295 0.495335 0.488117 0.505295 5
1.46018154484 0.491333 0.484104 0.501303 0.495333 0.488104 0.505303 5
1.45808891248 0.491329 0.484091 0.501308 0.495329 0.488091 0.505308 5
1.45600033984 0.491327 0.484077 0.501314 0.495327 0.488077 0.505314 5
1.4539158138 0.491325 0.484066 0.501322 0.495325 0.488066 0.505322 5
1.4518353213 0.491321 0.484053 0.501327 0.495321 0.488053 0.505327 5
1.44975884932 0.49132 0.484039 0.501333 0.49532 0.488039 0.505333 5
1.4476863849 0.491316 0.484026 0.501339 0.495316 0.488026 0.505339 5
1.44561791516 0.491314 0.484014 0.501346 0.495314 0.488014 0.505346 5
1.44355342726 0.49131 0.484001 0.501352 0.49531 0.488001 0.505352 5
1.4414929084 0.491308 0.483988 0.501358 0.495308 0.487988 0.505358 5
1.43943634588 0.491304 0.483974 0.501364 0.495304 0.487974 0.505364 5
1.43738372701 0.491302 0.483963 0.501371 0.495302 0.487963 0.505371 5
1.43533503919 0.491299 0.48395 0.501377 0.495299 0.48795 0.505377 5
1.43329026985 0.491297 0.483936 0.501383 0.495297 0.487936 0.505383 5
1.43124940649 0.491293 0.483923 0.501388 0.495293 0.487923 0.505388 5
1.42921243667 0.491291 0.483911 0.501394 0.495291 0.487911 0.505394 5
1.42717934798 0.491287 0.483898 0.5014 0.495287 0.487898 0.5054 5
1.4251501281 0.491285 0.483887 0.501406 0.495285 0.487887 0.505406 5
1.42312476472 0.491281 0.483873 0.501411 0.495281 0.487873 0.505411 5
1.42110324562 0.491278 0.48386 0.501417 0.495278 0.48786 0.505417 5
1.41908555863 0.491276 0.483848 0.501423 0.495276 0.487848 0.505423 5
1.4170716916 0.491272 0.483835 0.501428 0.495272 0.487835 0.505428 5
1.41506163248 0.491268 0.483824 0.501434 0.495268 0.487824 0.505434 5
1.41305536923 0.491266 0.483812 0.50144 0.495266 0.487812 0.50544 5
1.41105288988 0.491262 0.483799 0.501446 0.495262 0.487799 0.505446 5
1.40905418253 0.491258 0.483787 0.501449 0.495258 0.487787 0.505449 5
1.4070592353 0.491255 0.483776 0.501455 0.495255 0.487776 0.505455 5
1.40506803638 0.491253 0.483763 0.501461 0.495253 0.487763 0.505461 5
1.403080574 0.491249 0.483751 0.501467 0.495249 0.487751 0.505467 5
1.40109683646 0.491247 0.48374 0.50147 0.495247 0.48774 0.50547 5
1.39911692162 0.491243 0.483726 0.501476 0.495243 0.487726 0.505476 5
1.39714048924 0.491241 0.483715 0.501482 0.495241 0.487715 0.505482 5
1.39516785642 0.491237 0.483703 0.501488 0.495237 0.487703 0.505488 5
1.39319890206 0.491234 0.483692 0.501491 0.495234 0.487692 0.505491 5
1.39123361472 0.491232 0.483679 0.501497 0.495232 0.487679 0.505497 5
1.38927198297 0.491228 0.483667 0.501503 0.495228 0.487667 0.505503 5
1.38731399546 0.491224 0.483654 0.501507 0.495224 0.487654 0.505507 5
1.38535964086 0.49122 0.483642 0.501512 0.49522 0.487642 0.505512 5
1.3834089079 0.491218 0.483629 0.501518 0.495218 0.487629 0.505518 5
1.38146178537 0.491215 0.483618 0.501524 0.495215 0.487618 0.505524 5
1.37951826208 0.491211 0.483606 0.501528 0.495211 0.487606 0.505528 5
1.37757832692 0.491209 0.483593 0.501533 0.495209 0.487593 0.505533 5
1.37564196879 0.491205 0.483581 0.501539 0.495205 0.487581 0.505539 5
1.37370917668 0.491201 0.483568 0.501545 0.495201 0.487568 0.505545 5
1.37177993959 0.491197 0.483557 0.501549 0.495197 0.487557 0.505549 5
1.36985424658 0.491194 0.483545 0.501554 0.495194 0.487545 0.505554 5
1.36793208676 0.49119 0.483532 0.50156 0.49519 0.487532 0.50556 5
1.36601344929 0.491188 0.48352 0.501564 0.495188 0.48752 0.505564 5
1.36409832336 0.491184 0.483507 0.50157 0.495184 0.487507 0.50557 5
1.36218669822 0.49118 0.483496 0.501575 0.49518 0.487496 0.505575 5
1.36027856315 0.491176 0.483484 0.501579 0.495176 0.487484 0.505579 5
1.35837390749 0.491173 0.483471 0.501585 0.495173 0.487471 0.505585 5
1.35647272062 0.491169 0.483459 0.501591 0.495169 0.487459 0.505591 5
1.35457499197 0.491165 0.483448 0.501594 0.495165 0.487448 0.505594 5
1.35268071099 0.491161 0.483436 0.5016 0.495161 0.487436 0.5056 5
1.3507898672 0.491157 0.483423 0.501606 0.495157 0.487423 0.505606 5
1.34890245016 0.491154 0.483412 0.50161 0.495154 0.487412 0.50561 5
1.34701844946 0.49115 0.4834 0.501615 0.49515 0.4874 0.505615 5
1.34513785476 0.491146 0.483387 0.501621 0.495146 0.487387 0.505621 5
1.34326065572 0.491142 0.483375 0.501625 0.495142 0.487375 0.505625 5
1.34138684209 0.491138 0.483364 0.501631 0.495138 0.487364 0.505631 5
