6.21710611859 0.499397 0.506843 0.488594 0.501397 0.508843 0.490594 10
6.18858959035 0.499397 0.506843 0.488532 0.501397 0.508843 0.490532 10
6.16035197582 0.499397 0.506843 0.488532 0.501397 0.508843 0.490532 10
6.13238892703 0.499351 0.506767 0.488517 0.501351 0.508767 0.490517 10
6.10469618865 0.499351 0.506736 0.488487 0.501351 0.508736 0.490487 10
6.07726959548 0.49929 0.506736 0.488548 0.50129 0.508736 0.490548 10
6.05010507006 0.49932 0.506706 0.488426 0.50132 0.508706 0.490426 10
6.02319862032 0.49932 0.506675 0.488395 0.50132 0.508675 0.490395 10
5.99654864503 0.49932 0.506645 0.488365 0.50132 0.508645 0.490365 10
5.97014439277 0.49932 0.506645 0.488334 0.50132 0.508645 0.490334 10
5.9439890382 0.49929 0.506614 0.488304 0.50129 0.508614 0.490304 10
5.91807660047 0.49929 0.506584 0.488273 0.50129 0.508584 0.490273 10
5.89240348214 0.499259 0.506553 0.488243 0.501259 0.508553 0.490243 10
5.86696615838 0.499259 0.506523 0.488212 0.501259 0.508523 0.490212 10
5.84176117534 0.499259 0.506523 0.488182 0.501259 0.508523 0.490182 10
5.81678514836 0.499229 0.506492 0.488151 0.501229 0.508492 0.490151 10
5.79203476016 0.499237 0.506469 0.488143 0.501237 0.508469 0.490143 10
5.76750675919 0.499221 0.506439 0.488098 0.501221 0.508439 0.490098 10
5.74319795799 0.499198 0.506401 0.488059 0.501198 0.508401 0.490059 10
5.71910523154 0.499206 0.506393 0.488052 0.501206 0.508393 0.490052 10
5.69522551575 0.499191 0.506362 0.488021 0.501191 0.508362 0.490021 10
5.67155580594 0.499191 0.506347 0.487991 0.501191 0.508347 0.489991 10
5.64809315541 0.499175 0.506317 0.48796 0.501175 0.508317 0.48996 10
5.62483467398 0.49916 0.506286 0.487945 0.50116 0.508286 0.489945 10
5.60177752664 0.49916 0.506271 0.487914 0.50116 0.508271 0.489914 10
5.57891893223 0.499145 0.50624 0.487884 0.501145 0.50824 0.489884 10
5.55625616212 0.499145 0.506225 0.487853 0.501145 0.508225 0.489853 10
5.53378653897 0.49913 0.506195 0.487838 0.50113 0.508195 0.489838 10
5.5115074355 0.499114 0.506164 0.487808 0.501114 0.508164 0.489808 10
5.48941627331 0.499114 0.506149 0.487777 0.501114 0.508149 0.489777 10
5.46751052172 0.499099 0.506118 0.487747 0.501099 0.508118 0.489747 10
5.44578769668 0.499088 0.506099 0.487728 0.501088 0.508099 0.489728 10
5.42424535963 0.49908 0.506076 0.487705 0.50108 0.508076 0.489705 10
5.40288111651 0.49908 0.506046 0.487682 0.50108 0.508046 0.489682 10
5.38169261666 0.499071 0.506017 0.487653 0.501071 0.508017 0.489653 10
5.36067755189 0.499056 0.506005 0.487624 0.501056 0.508005 0.489624 10
5.33983365548 0.499045 0.505986 0.487599 0.501045 0.507986 0.489599 10
5.3191587012 0.499041 0.505961 0.487578 0.501041 0.507961 0.489578 10
5.29865050248 0.49903 0.505936 0.487551 0.50103 0.507936 0.489551 10
5.27830691142 0.499022 0.505915 0.487524 0.501022 0.507915 0.489524 10
5.25812581801 0.499016 0.505892 0.487503 0.501016 0.507892 0.489503 10
5.2381051492 0.499005 0.505867 0.487477 0.501005 0.507867 0.489477 10
5.21824286815 0.498997 0.505843 0.487456 0.500997 0.507843 0.489456 10
5.19853697339 0.498988 0.505814 0.487429 0.500988 0.507814 0.489429 10
5.17898549807 0.49898 0.505791 0.487404 0.50098 0.507791 0.489404 10
5.15958650916 0.498969 0.505764 0.487378 0.500969 0.507764 0.489378 10
5.14033810674 0.498961 0.505743 0.487351 0.500961 0.507743 0.489351 10
5.1212384233 0.498949 0.505719 0.487326 0.500949 0.507719 0.489326 10
5.102285623 0.49894 0.505696 0.487301 0.50094 0.507696 0.489301 10
5.08347790102 0.498932 0.505673 0.487276 0.500932 0.507673 0.489276 10
5.06481348287 0.498923 0.505648 0.487252 0.500923 0.507648 0.489252 10
5.04629062378 0.498915 0.505625 0.487229 0.500915 0.507625 0.489229 10
5.02790760803 0.498904 0.5056 0.487204 0.500904 0.5076 0.489204 10
5.00966274837 0.498898 0.505579 0.487179 0.500898 0.507579 0.489179 10
4.99155534646 0.498887 0.505558 0.487156 0.500887 0.507558 0.489156 10
4.97358088686 0.498881 0.505536 0.487132 0.500881 0.507536 0.489132 10
4.95574064767 0.498871 0.505513 0.487109 0.500871 0.507513 0.489109 10
4.93803208824 0.498864 0.50549 0.487084 0.500864 0.50749 0.489084 10
4.92045365504 0.498856 0.505467 0.487061 0.500856 0.507467 0.489061 10
4.90300381948 0.498846 0.505444 0.487036 0.500846 0.507444 0.489036 10
4.88568107758 0.498837 0.505425 0.487013 0.500837 0.507425 0.489013 10
4.86848394941 0.498829 0.5054 0.48699 0.500829 0.5074 0.48899 10
4.85141097864 0.498822 0.505381 0.486967 0.500822 0.507381 0.488967 10
4.83446073204 0.498812 0.505356 0.486947 0.500812 0.507356 0.488947 10
4.81763179903 0.498806 0.505335 0.486927 0.500806 0.507335 0.488927 10
4.80092279121 0.498795 0.505312 0.486906 0.500795 0.507312 0.488906 10
4.78433234194 0.498785 0.505291 0.486884 0.500785 0.507291 0.488884 10
4.76785910589 0.498774 0.505267 0.486863 0.500774 0.507267 0.488863 10
4.75150175863 0.498764 0.505244 0.48684 0.500764 0.507244 0.48884 10
4.7352589962 0.498753 0.505221 0.486817 0.500753 0.507221 0.488817 10
4.71912953474 0.498742 0.505198 0.486796 0.500742 0.507198 0.488796 10
4.70311211006 0.49873 0.505175 0.486775 0.50073 0.507175 0.488775 10
4.68720547731 0.498715 0.505152 0.486752 0.500715 0.507152 0.488752 10
4.67140841054 0.498698 0.505129 0.486731 0.500698 0.507129 0.488731 10
4.65571970238 0.498682 0.505106 0.486708 0.500682 0.507106 0.488708 10
4.64013816369 0.498658 0.505047 0.486603 0.500658 0.507047 0.488603 10
4.62466262316 0.498652 0.505059 0.48666 0.500652 0.507059 0.48866 10
4.60929192703 0.498652 0.505 0.486538 0.500652 0.507 0.488538 10
4.59402493874 0.498648 0.504975 0.486504 0.500648 0.506975 0.488504 10
4.57886053856 0.498646 0.50495 0.48647 0.500646 0.50695 0.48847 10
4.56379762334 0.498639 0.504925 0.486439 0.500639 0.506925 0.488439 10
4.54883510616 0.498635 0.504902 0.486409 0.500635 0.506902 0.488409 10
4.53397191604 0.498631 0.504879 0.486376 0.500631 0.506879 0.488376 10
4.51920699764 0.498625 0.504855 0.486348 0.500625 0.506855 0.488348 10
4.50453931097 0.498618 0.504824 0.486315 0.500618 0.506824 0.488315 10
4.4899678311 0.498614 0.504809 0.486288 0.500614 0.506809 0.488288 10
4.47549154791 0.498518 0.504818 0.48638 0.500518 0.506818 0.48838 10
4.46110946578 0.498509 0.504795 0.486351 0.500509 0.506795 0.488351 10
4.44682060335 0.498499 0.504771 0.486323 0.500499 0.506771 0.488323 10
4.43262399328 0.498492 0.504746 0.486292 0.500492 0.506746 0.488292 10
4.41851868194 0.49848 0.504723 0.486264 0.50048 0.506723 0.488264 10
4.40450372922 0.498469 0.504698 0.486229 0.500469 0.506698 0.488229 10
4.39057820826 0.498459 0.504673 0.486197 0.500459 0.506673 0.488197 10
4.37674120521 0.498452 0.504651 0.486164 0.500452 0.506651 0.488164 10
4.36299181901 0.498442 0.504626 0.486134 0.500442 0.506626 0.488134 10
4.34932916116 0.498436 0.504603 0.486103 0.500436 0.506603 0.488103 10
4.3357523555 0.498427 0.50458 0.486071 0.500427 0.50658 0.488071 10
4.32226053798 0.498421 0.504557 0.486039 0.500421 0.506557 0.488039 10
4.30885285647 0.498412 0.504532 0.486008 0.500412 0.506532 0.488008 10
4.29552847053 0.498404 0.504507 0.485974 0.500404 0.506507 0.487974 10
4.28228655122 0.498396 0.504483 0.485943 0.500396 0.506483 0.487943 10
4.26912628089 0.498391 0.504458 0.485911 0.500391 0.506458 0.487911 10
4.256046853 0.498381 0.504433 0.485876 0.500381 0.506433 0.487876 10
4.24304747191 0.498377 0.504408 0.48584 0.500377 0.506408 0.48784 10
4.23012735271 0.498373 0.504382 0.485808 0.500373 0.506382 0.487808 10
4.21728572103 0.49837 0.504357 0.485773 0.50037 0.506357 0.487773 10
4.20452181286 0.49837 0.50433 0.485739 0.50037 0.50633 0.487739 10
4.19183487436 0.498372 0.504303 0.485712 0.500372 0.506303 0.487712 10
4.17922416173 0.498368 0.504279 0.485691 0.500368 0.506279 0.487691 10
4.16668894099 0.498331 0.504256 0.485657 0.500331 0.506256 0.487657 10
4.15422848784 0.498349 0.504229 0.485644 0.500349 0.506229 0.487644 10
4.14184208752 0.498316 0.504208 0.485596 0.500316 0.506208 0.487596 10
4.12952903459 0.498309 0.504183 0.485566 0.500309 0.506183 0.487566 10
4.11728863285 0.498303 0.504162 0.485541 0.500303 0.506162 0.487541 10
4.10512019513 0.498299 0.504136 0.485516 0.500299 0.506136 0.487516 10
4.09302304316 0.498286 0.504109 0.485491 0.500286 0.506109 0.487491 10
4.08099650744 0.498278 0.504086 0.485463 0.500278 0.506086 0.487463 10
4.06903992706 0.498269 0.504061 0.485436 0.500269 0.506061 0.487436 10
4.05715264959 0.498259 0.504036 0.485409 0.500259 0.506036 0.487409 10
4.04533403096 0.498249 0.504012 0.485381 0.500249 0.506012 0.487381 10
4.03358343525 0.49824 0.503987 0.485354 0.50024 0.505987 0.487354 10
4.02190023464 0.49823 0.503962 0.485325 0.50023 0.505962 0.487325 10
4.01028380925 0.498223 0.503939 0.485297 0.500223 0.505939 0.487297 10
3.99873457211 0.498215 0.503914 0.48527 0.500215 0.505914 0.48727 10
3.98724884333 0.498207 0.503891 0.485241 0.500207 0.505891 0.487241 10
3.97582910177 0.4982 0.503867 0.485215 0.5002 0.505867 0.487215 10
3.96447373261 0.498192 0.503842 0.485186 0.500192 0.505842 0.487186 10
3.95318215387 0.498187 0.503817 0.485159 0.500187 0.505817 0.487159 10
3.9419537907 0.498179 0.503792 0.485133 0.500179 0.505792 0.487133 10
3.93078807532 0.498173 0.503767 0.485106 0.500173 0.505767 0.487106 10
3.91968444696 0.498167 0.503741 0.485079 0.500167 0.505741 0.487079 10
3.90864235171 0.498158 0.503714 0.485054 0.500158 0.505714 0.487054 10
3.89766124244 0.498148 0.503691 0.48503 0.500148 0.505691 0.48703 10
3.88674057866 0.498141 0.503668 0.485003 0.500141 0.505668 0.487003 10
3.87587982647 0.498133 0.503643 0.484974 0.500133 0.505643 0.486974 10
3.86507845842 0.498125 0.503621 0.484948 0.500125 0.505621 0.486948 10
3.85433595341 0.498118 0.503596 0.484921 0.500118 0.505596 0.486921 10
3.84365179662 0.49811 0.503571 0.484894 0.50011 0.505571 0.486894 10
3.83302547938 0.498103 0.503546 0.484868 0.500103 0.505546 0.486868 10
3.82245649911 0.498095 0.503521 0.484841 0.500095 0.505521 0.486841 10
3.81194435921 0.498087 0.503497 0.484814 0.500087 0.505497 0.486814 10
3.80148856895 0.498078 0.50347 0.484789 0.500078 0.50547 0.486789 10
3.79108864344 0.49807 0.503445 0.484763 0.50007 0.505445 0.486763 10
3.78074410348 0.498061 0.50342 0.484736 0.500061 0.50542 0.486736 10
3.7704544755 0.498051 0.503395 0.484711 0.500051 0.505395 0.486711 10
3.7602192915 0.498042 0.503371 0.484684 0.500042 0.505371 0.486684 10
3.75003808891 0.498032 0.503346 0.484658 0.500032 0.505346 0.486658 10
3.73991041058 0.498022 0.503323 0.484631 0.500022 0.505323 0.486631 10
3.72983580463 0.498013 0.5033 0.484604 0.500013 0.5053 0.486604 10
3.71981382444 0.498003 0.503275 0.484578 0.500003 0.505275 0.486578 10
3.7098440285 0.497996 0.503251 0.484551 0.499996 0.505251 0.486551 10
3.6999259804 0.497986 0.503228 0.484524 0.499986 0.505228 0.486524 10
3.69005924874 0.497975 0.503203 0.484499 0.499975 0.505203 0.486499 10
3.68024340701 0.497965 0.50318 0.484475 0.499965 0.50518 0.486475 10
3.67047803359 0.497956 0.503159 0.484448 0.499956 0.505159 0.486448 10
3.66076271163 0.497944 0.503136 0.484421 0.499944 0.505136 0.486421 10
3.651097029 0.497937 0.503113 0.484396 0.499937 0.505113 0.486396 10
3.64148057822 0.497927 0.503092 0.484368 0.499927 0.505092 0.486368 10
3.63191295639 0.497918 0.503069 0.484341 0.499918 0.505069 0.486341 10
3.62239376513 0.49791 0.503048 0.484314 0.49991 0.505048 0.486314 10
3.61292261051 0.497902 0.503025 0.484288 0.499902 0.505025 0.486288 10
3.60349910299 0.497893 0.503004 0.484259 0.499893 0.505004 0.486259 10
3.59412285736 0.497885 0.502982 0.484232 0.499885 0.504982 0.486232 10
3.58479349268 0.497878 0.502959 0.484206 0.499878 0.504959 0.486206 10
3.57551063221 0.497868 0.502936 0.484179 0.499868 0.504936 0.486179 10
3.56627390335 0.49786 0.502913 0.48415 0.49986 0.504913 0.48615 10
3.55708293761 0.497853 0.50289 0.484124 0.499853 0.50489 0.486124 10
3.54793737052 0.497845 0.502865 0.484095 0.499845 0.504865 0.486095 10
3.53883684159 0.497837 0.502842 0.484068 0.499837 0.504842 0.486068 10
3.52978099426 0.497828 0.502818 0.484042 0.499828 0.504818 0.486042 10
3.52076947581 0.49782 0.502795 0.484015 0.49982 0.504795 0.486015 10
3.51180193737 0.497813 0.50277 0.483988 0.499813 0.50477 0.485988 10
3.50287803381 0.497803 0.502745 0.483962 0.499803 0.504745 0.485962 10
3.49399771037 0.497796 0.50272 0.483935 0.499796 0.50472 0.485935 10
3.4851597693 0.497788 0.502695 0.483908 0.499788 0.504695 0.485908 10
3.47636473651 0.49778 0.502671 0.483881 0.49978 0.504671 0.485881 10
3.46761199469 0.497773 0.502646 0.483855 0.499773 0.504646 0.485855 10
3.45890121678 0.497765 0.502621 0.48383 0.499765 0.504621 0.48583 10
3.45023207918 0.497757 0.502596 0.483803 0.499757 0.504596 0.485803 10
3.44160426172 0.497748 0.502572 0.483776 0.499748 0.504572 0.485776 10
3.43301744757 0.49774 0.502547 0.483752 0.49974 0.504547 0.485752 10
3.42447132326 0.497733 0.502522 0.483725 0.499733 0.504522 0.485725 10
3.41596557859 0.497723 0.502497 0.483698 0.499723 0.504497 0.485698 10
3.4074999066 0.497715 0.502472 0.483674 0.499715 0.504472 0.485674 10
3.39907400353 0.497708 0.502446 0.483647 0.499708 0.504446 0.485647 10
3.39068756876 0.4977 0.502421 0.483622 0.4997 0.504421 0.485622 10
3.38234030482 0.497691 0.502396 0.483595 0.499691 0.504396 0.485595 10
3.37403191728 0.497683 0.502371 0.483571 0.499683 0.504371 0.485571 10
3.36576211474 0.497673 0.502345 0.483544 0.499673 0.504345 0.485544 10
3.35753060882 0.497666 0.50232 0.483519 0.499666 0.50432 0.485519 10
3.34933711407 0.497658 0.502295 0.483492 0.499658 0.504295 0.485492 10
3.34118134796 0.497649 0.50227 0.483468 0.499649 0.50427 0.485468 10
3.33306303085 0.497641 0.502243 0.483441 0.499641 0.504243 0.485441 10
3.32498188593 0.497631 0.502219 0.483414 0.499631 0.504219 0.485414 10
3.31693763918 0.497624 0.502192 0.483389 0.499624 0.504192 0.485389 10
3.30893001938 0.497614 0.502167 0.483363 0.499614 0.504167 0.485363 10
3.30095875801 0.497607 0.50214 0.483336 0.499607 0.50414 0.485336 10
3.29302358927 0.497597 0.502116 0.483311 0.499597 0.504116 0.485311 10
3.28512425001 0.497588 0.502089 0.483284 0.499588 0.504089 0.485284 10
3.27726047972 0.497578 0.502064 0.48326 0.499578 0.504064 0.48526 10
3.26943202047 0.49757 0.502039 0.483235 0.49957 0.504039 0.485235 10
3.2616386169 0.497561 0.502013 0.483208 0.499561 0.504013 0.485208 10
3.25388001619 0.497551 0.501988 0.483183 0.499551 0.503988 0.485183 10
3.246155968 0.497544 0.501963 0.483157 0.499544 0.503963 0.485157 10
3.23846622448 0.497534 0.501938 0.48313 0.499534 0.503938 0.48513 10
3.2308105402 0.497527 0.501913 0.483105 0.499527 0.503913 0.485105 10
3.22318867213 0.497517 0.501889 0.483078 0.499517 0.503889 0.485078 10
3.21560037965 0.497509 0.501864 0.483054 0.499509 0.503864 0.485054 10
3.20804542444 0.497502 0.501837 0.483027 0.499502 0.503837 0.485027 10
3.20052357053 0.497494 0.501812 0.483 0.499494 0.503812 0.485 10
3.19303458422 0.497487 0.501786 0.482975 0.499487 0.503786 0.484975 10
3.1855782341 0.497479 0.501761 0.482951 0.499479 0.503761 0.484951 10
3.17815429096 0.497471 0.501736 0.482926 0.499471 0.503736 0.484926 10
3.17076252782 0.497464 0.501709 0.482903 0.499464 0.503709 0.484903 10
3.16340271985 0.497456 0.501683 0.482878 0.499456 0.503683 0.484878 10
3.1560746444 0.49745 0.501658 0.482853 0.49945 0.503658 0.484853 10
3.14877808094 0.497443 0.501629 0.482829 0.499443 0.503629 0.484829 10
3.14151281104 0.497435 0.501603 0.482804 0.499435 0.503603 0.484804 10
3.13427861833 0.497427 0.501576 0.482781 0.499427 0.503576 0.484781 10
3.1270752885 0.49742 0.501549 0.482756 0.49942 0.503549 0.484756 10
3.11990260928 0.497414 0.501522 0.482731 0.499414 0.503522 0.484731 10
3.11276037039 0.497406 0.501496 0.482706 0.499406 0.503496 0.484706 10
3.1056483635 0.497401 0.501469 0.482684 0.499401 0.503469 0.484684 10
3.09856638229 0.497393 0.50144 0.482661 0.499393 0.50344 0.484661 10
3.09151422231 0.497385 0.501414 0.482636 0.499385 0.503414 0.484636 10
3.08449168106 0.497378 0.501387 0.482613 0.499378 0.503387 0.484613 10
3.07749855791 0.49737 0.501358 0.48259 0.49937 0.503358 0.48459 10
3.07053465409 0.497363 0.501332 0.482567 0.499363 0.503332 0.484567 10
3.06359977268 0.497355 0.501305 0.482544 0.499355 0.503305 0.484544 10
3.05669371856 0.497349 0.501278 0.482521 0.499349 0.503278 0.484521 10
3.04981629843 0.497342 0.501252 0.482499 0.499342 0.503252 0.484499 10
3.04296732074 0.497334 0.501225 0.482476 0.499334 0.503225 0.484476 10
3.03614659574 0.497328 0.501198 0.482453 0.499328 0.503198 0.484453 10
3.02935393536 0.497321 0.501172 0.48243 0.499321 0.503172 0.48443 10
3.02258915329 0.497315 0.501147 0.482407 0.499315 0.503147 0.484407 10
3.01585206488 0.497307 0.50112 0.482384 0.499307 0.50312 0.484384 10
3.0091424872 0.497302 0.501093 0.482361 0.499302 0.503093 0.484361 10
3.00246023892 0.497294 0.501067 0.482338 0.499294 0.503067 0.484338 10
2.99580538563 0.497288 0.50104 0.482315 0.499288 0.50304 0.484315 10
2.98917701356 0.497281 0.501011 0.482293 0.499281 0.503011 0.484293 10
2.98257568203 0.497273 0.500985 0.48227 0.499273 0.502985 0.48427 10
2.97600097088 0.497265 0.500958 0.482249 0.499265 0.502958 0.484249 10
2.96945270684 0.49726 0.500933 0.482226 0.49926 0.502933 0.484226 10
2.96293071814 0.497252 0.500906 0.482203 0.499252 0.502906 0.484203 10
2.95643483458 0.497246 0.50088 0.48218 0.499246 0.50288 0.48418 10
2.94996488743 0.497239 0.500851 0.482159 0.499239 0.502851 0.484159 10
2.94352070948 0.497231 0.500824 0.482138 0.499231 0.502824 0.484138 10
2.93710213499 0.497223 0.500798 0.482117 0.499223 0.502798 0.484117 10
2.93070899968 0.497216 0.500769 0.482094 0.499216 0.502769 0.484094 10
2.92434114071 0.49721 0.500742 0.482071 0.49921 0.502742 0.484071 10
2.91799839668 0.497204 0.500714 0.48205 0.499204 0.502714 0.48405 10
2.9116806076 0.497197 0.500687 0.482027 0.499197 0.502687 0.484027 10
2.90538761486 0.497191 0.500657 0.482006 0.499191 0.502657 0.484006 10
2.89911926126 0.497183 0.500628 0.481985 0.499183 0.502628 0.483985 10
2.89287539095 0.497176 0.500599 0.481965 0.499176 0.502599 0.483965 10
2.88665584942 0.49717 0.500571 0.481944 0.49917 0.502571 0.483944 10
2.88046048351 0.497162 0.500542 0.481923 0.499162 0.502542 0.483923 10
2.87428914139 0.497155 0.500513 0.481902 0.499155 0.502513 0.483902 10
2.86814167251 0.497147 0.500485 0.481882 0.499147 0.502485 0.483882 10
2.86201792765 0.497139 0.500456 0.481862 0.499139 0.502456 0.483862 10
2.85591775883 0.497134 0.500428 0.481841 0.499134 0.502428 0.483841 10
2.84984101937 0.497126 0.500401 0.48182 0.499126 0.502401 0.48382 10
2.84378756381 0.497118 0.500372 0.481799 0.499118 0.502372 0.483799 10
2.83775724794 0.497111 0.500344 0.481778 0.499111 0.502344 0.483778 10
2.83174992879 0.497105 0.500315 0.481757 0.499105 0.502315 0.483757 10
2.82576546457 0.497097 0.500287 0.481736 0.499097 0.502287 0.483736 10
2.81980371471 0.49709 0.500256 0.481717 0.49909 0.502256 0.483717 10
2.81386453982 0.497084 0.500227 0.481696 0.499084 0.502227 0.483696 10
2.80794780169 0.497076 0.500195 0.481677 0.499076 0.502195 0.483677 10
2.80205336325 0.497069 0.500166 0.481659 0.499069 0.502166 0.483659 10
2.79618108859 0.497061 0.500136 0.48164 0.499061 0.502136 0.48364 10
2.79033084294 0.497054 0.500105 0.481623 0.499054 0.502105 0.483623 10
2.78450249264 0.497046 0.500077 0.481604 0.499046 0.502077 0.483604 10
2.77869590516 0.497036 0.500048 0.481587 0.499036 0.502048 0.483587 10
2.77291094905 0.497029 0.500019 0.48157 0.499029 0.502019 0.48357 10
2.76714749396 0.497021 0.499989 0.481551 0.499021 0.501989 0.483551 10
2.76140541061 0.497012 0.49996 0.481535 0.499012 0.50196 0.483535 10
2.75568457079 0.497002 0.499934 0.48152 0.499002 0.501934 0.48352 10
2.74998541481 0.496994 0.499907 0.481503 0.498994 0.501907 0.483503 10
2.7443061141 0.496987 0.499878 0.481488 0.498987 0.501878 0.483488 10
2.73864824615 0.496981 0.499955 0.481503 0.498981 0.501955 0.483503 10
2.73301111927 0.496979 0.499928 0.481469 0.498979 0.501928 0.483469 10
2.72739461045 0.496977 0.499899 0.481436 0.498977 0.501899 0.483436 10
2.72179859765 0.496975 0.499869 0.481404 0.498975 0.501869 0.483404 10
2.71622295981 0.496951 0.499754 0.481413 0.498951 0.501754 0.483413 10
2.71066757686 0.49697 0.499806 0.481341 0.49897 0.501806 0.483341 10
2.70513232968 0.496939 0.499709 0.481381 0.498939 0.501709 0.483381 10
2.69961710014 0.496964 0.499739 0.481284 0.498964 0.501739 0.483284 10
2.69412177102 0.496962 0.499707 0.481255 0.498962 0.501707 0.483255 10
2.68864622607 0.49692 0.499644 0.481329 0.49892 0.501644 0.483329 10
2.68319034997 0.496954 0.49964 0.481202 0.498954 0.50164 0.483202 10
2.6777540283 0.496952 0.499607 0.481177 0.498952 0.501607 0.483177 10
2.67233714759 0.496949 0.499573 0.481152 0.498949 0.501573 0.483152 10
2.66693959523 0.496945 0.499541 0.481131 0.498945 0.501541 0.483131 10
2.66156125953 0.496943 0.499508 0.481106 0.498943 0.501508 0.483106 10
2.65620202968 0.496941 0.499476 0.481083 0.498941 0.501476 0.483083 10
2.65086179573 0.496939 0.499443 0.48106 0.498939 0.501443 0.48306 10
2.64554044864 0.496937 0.499411 0.481038 0.498937 0.501411 0.483038 10
2.64023788017 0.496931 0.499379 0.481015 0.498931 0.501379 0.483015 10
2.63495398297 0.496928 0.499344 0.480994 0.498928 0.501344 0.482994 10
2.62968865053 0.496922 0.499312 0.480973 0.498922 0.501312 0.482973 10
2.62444177715 0.496918 0.499279 0.480952 0.498918 0.501279 0.482952 10
2.61921325797 0.496912 0.499247 0.480931 0.498912 0.501247 0.482931 10
2.61400298894 0.496907 0.499215 0.480912 0.498907 0.501215 0.482912 10
2.60881086684 0.496901 0.499182 0.480893 0.498901 0.501182 0.482893 10
2.60363678922 0.496893 0.49915 0.480874 0.498893 0.50115 0.482874 10
2.59848065444 0.496886 0.499121 0.480856 0.498886 0.501121 0.482856 10
2.59334236164 0.49688 0.499094 0.480841 0.49888 0.501094 0.482841 10
2.58822181074 0.496876 0.499068 0.480824 0.498876 0.501068 0.482824 10
2.58311890242 0.496874 0.499045 0.480807 0.498874 0.501045 0.482807 10
2.57803353814 0.496872 0.499022 0.480788 0.498872 0.501022 0.482788 10
2.57296562009 0.49687 0.498999 0.480769 0.49887 0.500999 0.482769 10
2.56791505123 0.496869 0.498976 0.48075 0.498869 0.500976 0.48275 10
2.56288173525 0.496867 0.498955 0.480732 0.498867 0.500955 0.482732 10
2.55786557658 0.496869 0.498936 0.480713 0.498869 0.500936 0.482713 10
2.55286648036 0.496869 0.498915 0.480694 0.498869 0.500915 0.482694 10
2.54788435246 0.496899 0.498843 0.480624 0.498899 0.500843 0.482624 10
2.54291909946 0.496874 0.498873 0.480658 0.498874 0.500873 0.482658 10
2.53797062865 0.496878 0.498852 0.480639 0.498878 0.500852 0.482639 10
2.53303884801 0.496882 0.498831 0.480622 0.498882 0.500831 0.482622 10
2.52812366621 0.496886 0.49881 0.480603 0.498886 0.50081 0.482603 10
2.52322499262 0.49689 0.498787 0.480586 0.49889 0.500787 0.482586 10
2.51834273727 0.496893 0.498766 0.480566 0.498893 0.500766 0.482566 10
2.51347681088 0.496895 0.498743 0.480549 0.498895 0.500743 0.482549 10
2.50862712481 0.496897 0.498721 0.480532 0.498897 0.500721 0.482532 10
2.5037935911 0.496899 0.498696 0.480515 0.498899 0.500696 0.482515 10
2.49897650109 0.496901 0.498673 0.480498 0.498901 0.500673 0.482498 10
2.49417463215 0.496903 0.498648 0.480481 0.498903 0.500648 0.482481 10
2.48938903429 0.496905 0.498623 0.480465 0.498905 0.500623 0.482465 10
2.48461924336 0.496905 0.498599 0.48045 0.498905 0.500599 0.48245 10
2.47986517465 0.496903 0.498572 0.480435 0.498903 0.500572 0.482435 10
2.47512674401 0.496901 0.498545 0.48042 0.498901 0.500545 0.48242 10
2.47040386793 0.496899 0.498516 0.480406 0.498899 0.500516 0.482406 10
2.4656964635 0.496895 0.498488 0.480395 0.498895 0.500488 0.482395 10
2.46100444841 0.49689 0.498459 0.480385 0.49889 0.500459 0.482385 10
2.45632774096 0.496878 0.498431 0.480381 0.498878 0.500431 0.482381 10
2.45166626005 0.496872 0.498415 0.480378 0.498872 0.500415 0.482378 10
2.44701992515 0.496867 0.498393 0.480364 0.498867 0.500393 0.482364 10
2.44238865633 0.496863 0.498362 0.480347 0.498863 0.500362 0.482347 10
2.43777237423 0.496851 0.498339 0.480338 0.498851 0.500339 0.482338 10
2.43317100006 0.496846 0.498316 0.480322 0.498846 0.500316 0.482322 10
2.42858445562 0.496838 0.498295 0.480311 0.498838 0.500295 0.482311 10
2.42401266324 0.496832 0.498272 0.480296 0.498832 0.500272 0.482296 10
2.41945554583 0.496828 0.498251 0.480282 0.498828 0.500251 0.482282 10
2.41491302684 0.496823 0.49823 0.480267 0.498823 0.50023 0.482267 10
2.41038503029 0.496817 0.498209 0.480252 0.498817 0.500209 0.482252 10
2.4058714807 0.496813 0.49819 0.480236 0.498813 0.50019 0.482236 10
2.40137230317 0.496811 0.498171 0.480221 0.498811 0.500171 0.482221 10
2.39688742332 0.496808 0.49815 0.480204 0.498808 0.50015 0.482204 10
2.39241676727 0.496804 0.498133 0.480189 0.498804 0.500133 0.482189 10
2.3879602617 0.496804 0.498116 0.480172 0.498804 0.500116 0.482172 10
2.3835178338 0.496802 0.498097 0.480153 0.498802 0.500097 0.482153 10
2.37908941125 0.496798 0.498078 0.480137 0.498798 0.500078 0.482137 10
2.37467492227 0.496792 0.498059 0.480122 0.498792 0.500059 0.482122 10
2.37027429557 0.49679 0.49804 0.480105 0.49879 0.50004 0.482105 10
2.36588746036 0.496787 0.498019 0.480088 0.498787 0.500019 0.482088 10
2.36151434634 0.496783 0.498 0.480071 0.498783 0.5 0.482071 10
2.35715488372 0.496779 0.497982 0.480053 0.498779 0.499982 0.482053 10
2.35280900318 0.496777 0.497963 0.480034 0.498777 0.499963 0.482034 10
2.34847663588 0.496773 0.497944 0.480017 0.498773 0.499944 0.482017 10
2.34415771346 0.496771 0.497925 0.479996 0.498771 0.499925 0.481996 10
2.33985216806 0.496769 0.497904 0.479977 0.498769 0.499904 0.481977 10
2.33555993226 0.496766 0.497885 0.479956 0.498766 0.499885 0.481956 10
2.3312809391 0.496764 0.497864 0.479935 0.498764 0.499864 0.481935 10
2.32701512212 0.496764 0.497843 0.479912 0.498764 0.499843 0.481912 10
2.32276241527 0.496764 0.49782 0.479889 0.498764 0.49982 0.481889 10
2.318522753 0.496766 0.497796 0.479866 0.498766 0.499796 0.481866 10
2.31429607016 0.496767 0.497769 0.479844 0.498767 0.499769 0.481844 10
2.3100823021 0.496769 0.49774 0.479826 0.498769 0.49974 0.481826 10
2.30588138457 0.496771 0.497712 0.479809 0.498771 0.499712 0.481809 10
2.30169325377 0.496771 0.497683 0.479794 0.498771 0.499683 0.481794 10
2.29751784634 0.496773 0.497656 0.479781 0.498773 0.499656 0.481781 10
2.29335509935 0.496773 0.49763 0.479767 0.498773 0.49963 0.481767 10
2.28920495029 0.496775 0.497603 0.479756 0.498775 0.499603 0.481756 10
2.28506733707 0.496775 0.49758 0.479744 0.498775 0.49958 0.481744 10
2.28094219804 0.496775 0.497557 0.479735 0.498775 0.499557 0.481735 10
2.27682947194 0.496775 0.497534 0.479725 0.498775 0.499534 0.481725 10
2.27272909793 0.496773 0.497515 0.479714 0.498773 0.499515 0.481714 10
2.2686410156 0.496771 0.497498 0.479702 0.498771 0.499498 0.481702 10
2.26456516492 0.496769 0.497481 0.479687 0.498769 0.499481 0.481687 10
2.26050148626 0.496769 0.497462 0.479668 0.498769 0.499462 0.481668 10
2.25644992041 0.496771 0.497439 0.479649 0.498771 0.499439 0.481649 10
2.25241040853 0.496775 0.497412 0.479632 0.498775 0.499412 0.481632 10
2.24838313276 0.496779 0.497384 0.479618 0.498779 0.499384 0.481618 10
2.24436731334 0.496781 0.497357 0.479607 0.498781 0.499357 0.481607 10
2.24036361436 0.496783 0.49733 0.479599 0.498783 0.49933 0.481599 10
2.23637173791 0.496783 0.497307 0.479594 0.498783 0.499307 0.481594 10
2.23239162711 0.496779 0.497292 0.479584 0.498779 0.499292 0.481584 10
2.22842322544 0.496779 0.497269 0.479565 0.498779 0.499269 0.481565 10
2.22446647674 0.496785 0.497239 0.479552 0.498785 0.499239 0.481552 10
2.22052132522 0.496788 0.49721 0.479548 0.498788 0.49921 0.481548 10
2.21658771548 0.496787 0.497191 0.479544 0.498787 0.499191 0.481544 10
2.21266559244 0.496785 0.497168 0.479529 0.498785 0.499168 0.481529 10
2.20875490142 0.496787 0.497139 0.479523 0.498787 0.499139 0.481523 10
2.20485558808 0.496788 0.497111 0.479517 0.498788 0.499111 0.481517 10
2.20096759842 0.496796 0.497082 0.479514 0.498796 0.499082 0.481514 10
2.19709087883 0.496804 0.497059 0.479494 0.498804 0.499059 0.481494 10
2.19322537601 0.496806 0.49704 0.47947 0.498806 0.49904 0.48147 10
2.18937103703 0.496808 0.497019 0.479443 0.498808 0.499019 0.481443 10
2.18552780928 0.496806 0.497 0.479409 0.498806 0.499 0.481409 10
2.18169564051 0.496808 0.496979 0.479386 0.498808 0.498979 0.481386 10
2.1778744788 0.496813 0.496956 0.479359 0.498813 0.498956 0.481359 10
2.17406427256 0.496817 0.496937 0.479336 0.498817 0.498937 0.481336 10
2.17026497053 0.496821 0.496914 0.479309 0.498821 0.498914 0.481309 10
2.1664765218 0.496825 0.496893 0.479285 0.498825 0.498893 0.481285 10
2.16269887575 0.496827 0.496872 0.479258 0.498827 0.498872 0.481258 10
2.15893198211 0.49683 0.496851 0.479233 0.49883 0.498851 0.481233 10
2.15517579093 0.496834 0.49683 0.479208 0.498834 0.49883 0.481208 10
2.15143025257 0.496838 0.496808 0.479184 0.498838 0.498808 0.481184 10
2.1476953177 0.49684 0.496787 0.479161 0.49884 0.498787 0.481161 10
2.14397093731 0.496844 0.496762 0.479138 0.498844 0.498762 0.481138 10
2.14025706271 0.496846 0.496739 0.479115 0.498846 0.498739 0.481115 10
2.13655364551 0.496848 0.496714 0.479094 0.498848 0.498714 0.481094 10
2.13286063762 0.496848 0.496687 0.479073 0.498848 0.498687 0.481073 10
2.12917799125 0.496848 0.496663 0.479056 0.498848 0.498663 0.481056 10
2.12550565893 0.496846 0.496638 0.479039 0.498846 0.498638 0.481039 10
2.12184359347 0.496844 0.496619 0.479025 0.498844 0.498619 0.481025 10
2.11819174799 0.496842 0.496598 0.47901 0.498842 0.498598 0.48101 10
2.11455007588 0.496842 0.496581 0.478997 0.498842 0.498581 0.480997 10
2.11091853086 0.49684 0.496561 0.478981 0.49884 0.498561 0.480981 10
2.1072970669 0.496838 0.496546 0.478968 0.498838 0.498546 0.480968 10
2.10368563827 0.496838 0.496529 0.478953 0.498838 0.498529 0.480953 10
2.10008419955 0.496836 0.496514 0.478939 0.498836 0.498514 0.480939 10
2.09649270555 0.496836 0.496497 0.478924 0.498836 0.498497 0.480924 10
2.09291111141 0.496836 0.496481 0.478909 0.498836 0.498481 0.480909 10
2.08933937252 0.496834 0.496468 0.478894 0.498834 0.498468 0.480894 10
2.08577744454 0.496834 0.496455 0.47888 0.498834 0.498455 0.48088 10
2.08222528344 0.496834 0.496441 0.478865 0.498834 0.498441 0.480865 10
2.07868284542 0.496832 0.496428 0.47885 0.498832 0.498428 0.48085 10
2.07515008697 0.496832 0.496416 0.478835 0.498832 0.498416 0.480835 10
2.07162696484 0.496832 0.496403 0.478817 0.498832 0.498403 0.480817 10
2.06811343605 0.496832 0.49639 0.478802 0.498832 0.49839 0.480802 10
2.06460945788 0.49683 0.496378 0.478787 0.49883 0.498378 0.480787 10
2.06111498788 0.49683 0.496367 0.47877 0.49883 0.498367 0.48077 10
2.05762998383 0.49683 0.496355 0.478753 0.49883 0.498355 0.480753 10
2.05415440381 0.49683 0.496344 0.478735 0.49883 0.498344 0.480735 10
2.05068820611 0.49683 0.496333 0.478718 0.49883 0.498333 0.480718 10
2.04723134931 0.49683 0.496321 0.478701 0.49883 0.498321 0.480701 10
2.04378379222 0.49683 0.496312 0.478684 0.49883 0.498312 0.480684 10
2.04034549391 0.496832 0.4963 0.478665 0.498832 0.4983 0.480665 10
2.03691641368 0.496832 0.496289 0.478648 0.498832 0.498289 0.480648 10
2.03349651109 0.496834 0.496277 0.47863 0.498834 0.498277 0.48063 10
2.03008574594 0.496834 0.496266 0.478611 0.498834 0.498266 0.480611 10
2.02668407827 0.496834 0.496254 0.478594 0.498834 0.498254 0.480594 10
2.02329146837 0.496836 0.496243 0.478575 0.498836 0.498243 0.480575 10
2.01990787675 0.496838 0.496231 0.478556 0.498838 0.498231 0.480556 10
2.01653326416 0.496838 0.496218 0.478537 0.498838 0.498218 0.480537 10
2.0131675916 0.496838 0.496207 0.478518 0.498838 0.498207 0.480518 10
2.00981082028 0.49684 0.496195 0.478501 0.49884 0.498195 0.480501 10
2.00646291165 0.49684 0.496184 0.478482 0.49884 0.498184 0.480482 10
2.0031238274 0.496842 0.496172 0.478463 0.498842 0.498172 0.480463 10
1.99979384142 0.496842 0.496161 0.478444 0.498842 0.498161 0.480444 10
1.9964719798568 0.496844 0.496149 0.478424 0.498844 0.498149 0.480424 10
1.99315914111 0.496846 0.496138 0.478405 0.498846 0.498138 0.480405 10
1.9898549756827 0.496846 0.496127 0.478386 0.498846 0.498127 0.480386 10
1.9865594464051 0.496848 0.496115 0.478367 0.498848 0.498115 0.480367 10
1.9832725162947 0.496849 0.496104 0.478348 0.498849 0.498104 0.480348 10
1.9799941485863 0.496849 0.496092 0.478331 0.498849 0.498092 0.480331 10
1.9767243067301 0.496851 0.496081 0.478312 0.498851 0.498081 0.480312 10
1.9734629543904 0.496853 0.496069 0.478293 0.498853 0.498069 0.480293 10
1.9702100554436 0.496855 0.496058 0.478274 0.498855 0.498058 0.480274 10
1.9669655739768 0.496857 0.496048 0.478257 0.498857 0.498048 0.480257 10
1.9637294742863 0.496859 0.496037 0.478238 0.498859 0.498037 0.480238 10
1.9605017208762 0.496863 0.496027 0.478218 0.498863 0.498027 0.480218 10
1.9572822784565 0.496865 0.496016 0.478199 0.498865 0.498016 0.480199 10
1.9540711119418 0.496869 0.496006 0.47818 0.498869 0.498006 0.48018 10
1.9508681864496 0.49687 0.495997 0.478161 0.49887 0.497997 0.480161 10
1.9476734672993 0.496874 0.495989 0.478142 0.498874 0.497989 0.480142 10
1.9444869200102 0.496878 0.49598 0.478121 0.498878 0.49798 0.480121 10
1.9413085103001 0.496882 0.49597 0.4781 0.498882 0.49797 0.4801 10
1.9381382040842 0.496888 0.495959 0.478075 0.498888 0.497959 0.480075 10
1.9349759674732 0.496891 0.495947 0.478054 0.498891 0.497947 0.480054 10
1.9318217667724 0.496897 0.495932 0.478032 0.498897 0.497932 0.480032 10
1.9286755684797 0.496901 0.495917 0.478011 0.498901 0.497917 0.480011 10
1.9255373392847 0.496905 0.495902 0.477992 0.498905 0.497902 0.479992 10
1.9224070460668 0.496909 0.495888 0.477972 0.498909 0.497888 0.479972 10
1.9192846558944 0.49691 0.495873 0.477953 0.49891 0.497873 0.479953 10
1.9161701360231 0.496914 0.49586 0.477934 0.498914 0.49786 0.479934 10
1.9130634538947 0.496918 0.495846 0.477915 0.498918 0.497846 0.479915 10
1.9099645771353 0.496922 0.495831 0.477896 0.498922 0.497831 0.479896 10
1.9068734735547 0.496926 0.495819 0.477879 0.498926 0.497819 0.479879 10
1.9037901111445 0.496928 0.495804 0.477862 0.498928 0.497804 0.479862 10
1.9007144580769 0.496931 0.495793 0.477843 0.498931 0.497793 0.479843 10
1.8976464827038 0.496935 0.495779 0.477826 0.498935 0.497779 0.479826 10
1.8945861535551 0.496937 0.495768 0.477808 0.498937 0.497768 0.479808 10
1.8915334393373 0.496943 0.495757 0.477789 0.498943 0.497757 0.479789 10
1.8884883089329 0.496945 0.495745 0.477772 0.498945 0.497745 0.479772 10
1.8854507313984 0.496949 0.495736 0.477753 0.498949 0.497736 0.479753 10
1.8824206759636 0.496952 0.495726 0.477734 0.498952 0.497726 0.479734 10
1.87939811203 0.496958 0.495718 0.477713 0.498958 0.497718 0.479713 10
1.87638300917 0.496962 0.495709 0.477692 0.498962 0.497709 0.479692 10
1.8733753371252 0.496966 0.495699 0.477669 0.498966 0.497699 0.479669 10
1.8703750658055 0.496972 0.495688 0.477648 0.498972 0.497688 0.479648 10
1.8673821652878 0.496979 0.495676 0.477625 0.498979 0.497676 0.479625 10
1.8643966058151 0.496985 0.495665 0.477604 0.498985 0.497665 0.479604 10
1.8614183577949 0.496989 0.495652 0.477583 0.498989 0.497652 0.479583 10
1.8584473917982 0.496994 0.49564 0.47756 0.498994 0.49764 0.47956 10
1.8554836785585 0.497 0.495627 0.477536 0.499 0.497627 0.479536 10
1.8525271889707 0.497006 0.495614 0.477513 0.499006 0.497614 0.479513 10
1.8495778940896 0.49701 0.495598 0.47749 0.49901 0.497598 0.47949 10
1.8466357651292 0.497017 0.495585 0.477463 0.499017 0.497585 0.479463 10
1.8437007734611 0.497023 0.49557 0.477438 0.499023 0.49757 0.479438 10
1.8407728906142 0.497029 0.495554 0.477412 0.499029 0.497554 0.479412 10
1.8378520882727 0.497034 0.495539 0.477383 0.499034 0.497539 0.479383 10
1.8349383382755 0.49704 0.49552 0.477353 0.49904 0.49752 0.479353 10
1.8320316126153 0.497046 0.495501 0.477322 0.499046 0.497501 0.479322 10
1.8291318834371 0.497052 0.495478 0.477292 0.499052 0.497478 0.479292 10
1.8262391230373 0.497055 0.495453 0.477261 0.499055 0.497453 0.479261 10
1.8233533038628 0.497057 0.495427 0.477232 0.499057 0.497427 0.479232 10
1.8204743985099 0.497059 0.4954 0.477204 0.499059 0.4974 0.479204 10
1.8176023797232 0.497061 0.495373 0.477175 0.499061 0.497373 0.479175 10
1.8147372203944 0.497061 0.495346 0.47715 0.499061 0.497346 0.47915 10
1.811878893562 0.497061 0.49532 0.477124 0.499061 0.49732 0.479124 10
1.8090273724092 0.497061 0.495295 0.477101 0.499061 0.497295 0.479101 10
1.8061826302639 0.497061 0.495268 0.477078 0.499061 0.497268 0.479078 10
1.8033446405974 0.497061 0.495243 0.477055 0.499061 0.497243 0.479055 10
1.8005133770229 0.497059 0.495217 0.477034 0.499059 0.497217 0.479034 10
1.7976888132953 0.497057 0.495192 0.477015 0.499057 0.497192 0.479015 10
1.79487092331 0.497055 0.495169 0.476996 0.499055 0.497169 0.478996 10
1.7920596811016 0.497054 0.495144 0.476977 0.499054 0.497144 0.478977 10
1.7892550608433 0.497054 0.495121 0.47696 0.499054 0.497121 0.47896 10
1.7864570368459 0.49705 0.495099 0.476942 0.49905 0.497099 0.478942 10
1.7836655835568 0.497048 0.495076 0.476923 0.499048 0.497076 0.478923 10
1.7808806755592 0.497046 0.495055 0.476908 0.499046 0.497055 0.478908 10
1.7781022875711 0.497044 0.495034 0.476891 0.499044 0.497034 0.478891 10
1.7753303944442 0.497042 0.495013 0.476876 0.499042 0.497013 0.478876 10
1.7725649711635 0.49704 0.494992 0.476859 0.49904 0.496992 0.478859 10
1.7698059928459 0.497038 0.494971 0.476841 0.499038 0.496971 0.478841 10
1.7670534347396 0.497036 0.494952 0.476824 0.499036 0.496952 0.478824 10
1.7643072722229 0.497034 0.494931 0.476809 0.499034 0.496931 0.478809 10
1.7615674808041 0.497031 0.49491 0.47679 0.499031 0.49691 0.47879 10
1.7588340361195 0.497031 0.494891 0.476775 0.499031 0.496891 0.478775 10
1.7561069139335 0.497029 0.49487 0.476759 0.499029 0.49687 0.478759 10
1.7533860901374 0.497025 0.494849 0.476744 0.499025 0.496849 0.478744 10
1.7506715407484 0.497023 0.494828 0.476729 0.499023 0.496828 0.478729 10
1.7479633089343 0.497019 0.494807 0.476714 0.499019 0.496807 0.478714 10
1.7452611698792 0.497015 0.494786 0.476698 0.499015 0.496786 0.478698 10
1.7425653010697 0.497013 0.494767 0.476685 0.499013 0.496767 0.478685 10
1.7398756119735 0.497008 0.494746 0.476672 0.499008 0.496746 0.478672 10
1.7371920792325 0.497004 0.494727 0.476658 0.499004 0.496727 0.478658 10
1.7345146796027 0.497 0.494709 0.476647 0.499 0.496709 0.478647 10
1.7318433899609 0.496996 0.494692 0.476633 0.498996 0.496692 0.478633 10
1.7291781873031 0.496993 0.494675 0.47662 0.498993 0.496675 0.47862 10
1.7265190487441 0.496989 0.494658 0.476607 0.498989 0.496658 0.478607 10
1.7238659515168 0.496985 0.494641 0.476593 0.498985 0.496641 0.478593 10
1.7212188729713 0.496981 0.494624 0.47658 0.498981 0.496624 0.47858 10
1.7185777905739 0.496977 0.494606 0.476567 0.498977 0.496606 0.478567 10
1.7159426819069 0.496975 0.494591 0.476555 0.498975 0.496591 0.478555 10
1.7133135246674 0.49697 0.494572 0.476542 0.49897 0.496572 0.478542 10
1.7106902966666 0.496966 0.494553 0.476529 0.498966 0.496553 0.478529 10
1.7080729758291 0.49696 0.494536 0.476517 0.49896 0.496536 0.478517 10
1.7054615401925 0.496956 0.494519 0.476506 0.498956 0.496519 0.478506 10
1.7028559679061 0.496951 0.494502 0.476496 0.498951 0.496502 0.478496 10
1.7002562372304 0.496945 0.494486 0.476485 0.498945 0.496486 0.478485 10
1.6976623265366 0.496939 0.494471 0.476475 0.498939 0.496471 0.478475 10
1.6950742143057 0.496935 0.494456 0.476464 0.498935 0.496456 0.478464 10
1.6924918791277 0.496931 0.49444 0.476452 0.498931 0.49644 0.478452 10
1.6899152997011 0.496928 0.494427 0.476443 0.498928 0.496427 0.478443 10
1.6873444548319 0.496922 0.49441 0.476431 0.498922 0.49641 0.478431 10
1.6847793234334 0.496918 0.494395 0.476422 0.498918 0.496395 0.478422 10
1.682219884525 0.496912 0.494379 0.476412 0.498912 0.496379 0.478412 10
1.6796661172319 0.496907 0.494364 0.476405 0.498907 0.496364 0.478405 10
1.6771180007842 0.496901 0.494349 0.476397 0.498901 0.496349 0.478397 10
1.6745755145163 0.496895 0.494336 0.476389 0.498895 0.496336 0.478389 10
1.6720386378662 0.496891 0.494324 0.476382 0.498891 0.496324 0.478382 10
1.669507350375 0.496888 0.494313 0.476376 0.498888 0.496313 0.478376 10
1.6669816316859 0.496884 0.494301 0.476372 0.498884 0.496301 0.478372 10
1.6644614615441 0.496884 0.494294 0.47637 0.498884 0.496294 0.47837 10
1.6619468197954 0.496895 0.494292 0.476357 0.498895 0.496292 0.478357 10
1.6594376863864 0.496901 0.494278 0.476334 0.498901 0.496278 0.478334 10
1.6569340413632 0.496901 0.494261 0.476313 0.498901 0.496261 0.478313 10
1.654435864871 0.496899 0.494242 0.476294 0.498899 0.496242 0.478294 10
1.6519431371538 0.496893 0.494221 0.476275 0.498893 0.496221 0.478275 10
1.6494558385531 0.496884 0.494198 0.47626 0.498884 0.496198 0.47826 10
1.6469739495078 0.496872 0.494177 0.47625 0.498872 0.496177 0.47825 10
1.6444974505536 0.496874 0.49417 0.476246 0.498874 0.49617 0.478246 10
1.642026322322 0.496876 0.494152 0.476225 0.498876 0.496152 0.478225 10
1.6395605455401 0.496865 0.494128 0.47621 0.498865 0.496128 0.47821 10
1.6371001010298 0.496863 0.494114 0.476195 0.498863 0.496114 0.478195 10
1.6346449697072 0.496863 0.494099 0.47618 0.498863 0.496099 0.47818 10
1.6321951325822 0.496861 0.494082 0.476164 0.498861 0.496082 0.478164 10
1.6297505707576 0.496859 0.494065 0.476147 0.498859 0.496065 0.478147 10
1.6273112654289 0.496857 0.494048 0.476132 0.498857 0.496048 0.478132 10
1.6248771978833 0.496855 0.49403 0.476117 0.498855 0.49603 0.478117 10
1.6224483494995 0.496853 0.494013 0.476101 0.498853 0.496013 0.478101 10
1.6200247017471 0.496851 0.493996 0.476086 0.498851 0.495996 0.478086 10
1.6176062361855 0.496849 0.493979 0.476071 0.498849 0.495979 0.478071 10
1.6151929344643 0.496848 0.493962 0.476056 0.498848 0.495962 0.478056 10
1.612784778322 0.496846 0.493945 0.47604 0.498846 0.495945 0.47804 10
1.6103817495854 0.496844 0.493925 0.476023 0.498844 0.495925 0.478023 10
1.6079838301697 0.496842 0.493908 0.476008 0.498842 0.495908 0.478008 10
1.6055910020775 0.49684 0.493891 0.475993 0.49884 0.495891 0.477993 10
1.6032032473981 0.496838 0.493872 0.475977 0.498838 0.495872 0.477977 10
1.6008205483076 0.496836 0.493855 0.475962 0.498836 0.495855 0.477962 10
1.5984428870676 0.496832 0.493838 0.475947 0.498832 0.495838 0.477947 10
1.5960702460252 0.49683 0.493819 0.475932 0.49883 0.495819 0.477932 10
1.5937026076125 0.496828 0.493802 0.475916 0.498828 0.495802 0.477916 10
1.5913399543457 0.496827 0.493784 0.475901 0.498827 0.495784 0.477901 10
1.5889822688249 0.496825 0.493767 0.475886 0.498825 0.495767 0.477886 10
1.5866295337334 0.496823 0.49375 0.475871 0.498823 0.49575 0.477871 10
1.5842817318373 0.496821 0.493733 0.475855 0.498821 0.495733 0.477855 10
1.5819388459852 0.496819 0.493714 0.475838 0.498819 0.495714 0.477838 10
1.5796008591072 0.496817 0.493697 0.475823 0.498817 0.495697 0.477823 10
1.5772677542148 0.496817 0.493679 0.475808 0.498817 0.495679 0.477808 10
1.5749395144003 0.496815 0.493662 0.475792 0.498815 0.495662 0.477792 10
1.5726161228363 0.496815 0.493645 0.475775 0.498815 0.495645 0.477775 10
1.5702975627753 0.496813 0.493626 0.475758 0.498813 0.495626 0.477758 10
1.567983817549 0.496811 0.493609 0.475743 0.498811 0.495609 0.477743 10
1.5656748705681 0.496811 0.49359 0.475726 0.498811 0.49559 0.477726 10
1.5633707053216 0.496809 0.493571 0.475708 0.498809 0.495571 0.477708 10
1.5610713053765 0.496808 0.493552 0.475691 0.498808 0.495552 0.477691 10
1.5587766543771 0.496806 0.493533 0.475676 0.498806 0.495533 0.477676 10
1.556486736045 0.496804 0.493514 0.475659 0.498804 0.495514 0.477659 10
1.554201534178 0.496802 0.493496 0.475644 0.498802 0.495496 0.477644 10
1.5519210326502 0.4968 0.493477 0.475628 0.4988 0.495477 0.477628 10
1.5496452154112 0.496796 0.493458 0.475611 0.498796 0.495458 0.477611 10
1.5473740664858 0.496794 0.493441 0.475598 0.498794 0.495441 0.477598 10
1.5451075699736 0.496792 0.493422 0.475581 0.498792 0.495422 0.477581 10
1.5428457100484 0.49679 0.493405 0.475565 0.49879 0.495405 0.477565 10
1.5405884709578 0.49679 0.493386 0.47555 0.49879 0.495386 0.47755 10
1.5383358370229 0.496788 0.493369 0.475535 0.498788 0.495369 0.477535 10
1.5360877926378 0.496787 0.493351 0.47552 0.498787 0.495351 0.47752 10
1.5338443222689 0.496785 0.493334 0.475502 0.498785 0.495334 0.477502 10
1.5316054104551 0.496785 0.493317 0.475487 0.498785 0.495317 0.477487 10
1.5293710418066 0.496785 0.493298 0.47547 0.498785 0.495298 0.47747 10
1.5271412010051 0.496783 0.493281 0.475453 0.498783 0.495281 0.477453 10
1.5249158728031 0.496783 0.493262 0.475438 0.498783 0.495262 0.477438 10
1.5226950420235 0.496781 0.493243 0.47542 0.498781 0.495243 0.47742 10
1.5204786935592 0.496781 0.493224 0.475405 0.498781 0.495224 0.477405 10
1.5182668123726 0.496779 0.493206 0.47539 0.498779 0.495206 0.47739 10
1.5160593834956 0.496777 0.493187 0.475375 0.498777 0.495187 0.477375 10
1.5138563920287 0.496775 0.493168 0.475359 0.498775 0.495168 0.477359 10
1.5116578231407 0.496773 0.493151 0.475344 0.498773 0.495151 0.477344 10
1.5094636620686 0.496769 0.493132 0.475329 0.498769 0.495132 0.477329 10
1.5072738941169 0.496769 0.493115 0.475315 0.498769 0.495115 0.477315 10
1.5050885046572 0.496767 0.493098 0.4753 0.498767 0.495098 0.4773 10
1.5029074791281 0.496767 0.493081 0.475285 0.498767 0.495081 0.477285 10
1.5007308030346 0.496766 0.493063 0.475272 0.498766 0.495063 0.477272 10
1.4985530830933 0.496766 0.493046 0.475256 0.498766 0.495046 0.477256 10
1.4963862697806 0.496766 0.493029 0.475241 0.498766 0.495029 0.477241 10
1.4942240866819 0.496766 0.49301 0.475226 0.498766 0.49501 0.477226 10
1.4920664462611 0.496764 0.492993 0.475211 0.498764 0.494993 0.477211 10
1.4899110295293 0.496764 0.492972 0.475195 0.498764 0.494972 0.477195 10
1.4877583634232 0.496762 0.492953 0.47518 0.498762 0.494953 0.47718 10
1.4856102068105 0.49676 0.492936 0.475167 0.49876 0.494936 0.477167 10
1.4834665447103 0.496758 0.492918 0.475151 0.498758 0.494918 0.477151 10
1.4813273622096 0.496756 0.492901 0.475138 0.498756 0.494901 0.477138 10
1.4791926444632 0.496754 0.492884 0.475123 0.498754 0.494884 0.477123 10
1.4770623766933 0.496754 0.492867 0.475108 0.498754 0.494867 0.477108 10
1.4749365441891 0.496754 0.49285 0.475094 0.498754 0.49485 0.477094 10
1.4728151323061 0.496752 0.492831 0.475079 0.498752 0.494831 0.477079 10
1.4706981264663 0.496752 0.492812 0.475064 0.498752 0.494812 0.477064 10
1.4685855121571 0.49675 0.492793 0.475048 0.49875 0.494793 0.477048 10
1.4664772749317 0.496746 0.492775 0.475035 0.498746 0.494775 0.477035 10
1.4643734004081 0.496745 0.492758 0.47502 0.498745 0.494758 0.47702 10
1.4622738742691 0.496743 0.492741 0.475005 0.498743 0.494741 0.477005 10
1.4601786822616 0.496743 0.492724 0.474991 0.498743 0.494724 0.476991 10
1.4580878101968 0.496741 0.492705 0.474976 0.498741 0.494705 0.476976 10
1.4559994494445 0.496739 0.492688 0.474963 0.498739 0.494688 0.476963 10
1.4539130946544 0.496737 0.492669 0.474947 0.498737 0.494669 0.476947 10
1.4518310294636 0.496735 0.492651 0.474934 0.498735 0.494651 0.476934 10
1.4497532398892 0.496733 0.492632 0.474919 0.498733 0.494632 0.476919 10
1.4476797120112 0.496731 0.492615 0.474905 0.498731 0.494615 0.476905 10
1.4456104319714 0.496729 0.492598 0.474892 0.498729 0.494598 0.476892 10
1.4435453859731 0.496727 0.492581 0.474879 0.498727 0.494581 0.476879 10
1.4414845602812 0.496725 0.492564 0.474863 0.498725 0.494564 0.476863 10
1.4394279412215 0.496724 0.492545 0.47485 0.498724 0.494545 0.47685 10
1.4373755151802 0.496722 0.492527 0.474837 0.498722 0.494527 0.476837 10
1.4353272686041 0.49672 0.49251 0.474821 0.49872 0.49451 0.476821 10
1.4332831879998 0.496718 0.492493 0.474808 0.498718 0.494493 0.476808 10
1.4312432599335 0.496716 0.492476 0.474793 0.498716 0.494476 0.476793 10
1.4292074710307 0.496714 0.492459 0.47478 0.498714 0.494459 0.47678 10
1.4271758079758 0.496712 0.492442 0.474766 0.498712 0.494442 0.476766 10
1.425148257512 0.49671 0.492423 0.474751 0.49871 0.494423 0.476751 10
1.4231247090219 0.496708 0.492405 0.474738 0.498708 0.494405 0.476738 10
1.4211012465037 0.496706 0.492386 0.474722 0.498706 0.494386 0.476722 10
1.4190818688353 0.496705 0.492369 0.474709 0.498705 0.494369 0.476709 10
1.4170665629466 0.496701 0.492352 0.474694 0.498701 0.494352 0.476694 10
1.4150553158249 0.496699 0.492335 0.47468 0.498699 0.494335 0.47668 10
1.4130481145143 0.496697 0.492318 0.474667 0.498697 0.494318 0.476667 10
1.4110449461156 0.496695 0.492299 0.474652 0.498695 0.494299 0.476652 10
1.4090457977858 0.496693 0.492283 0.474638 0.498693 0.494283 0.476638 10
1.4070506567378 0.496691 0.492264 0.474623 0.498691 0.494264 0.476623 10
1.4050595102402 0.496689 0.492245 0.47461 0.498689 0.494245 0.47661 10
1.403072345617 0.496687 0.492228 0.474595 0.498687 0.494228 0.476595 10
1.4010891502472 0.496684 0.492211 0.474581 0.498684 0.494211 0.476581 10
1.3991100203328 0.496682 0.492192 0.474566 0.498682 0.494192 0.476566 10
1.397134617046 0.49668 0.492175 0.474553 0.49868 0.494175 0.476553 10
1.3951632542669 0.496678 0.492157 0.474537 0.498678 0.494157 0.476537 10
1.3931958107906 0.496676 0.49214 0.474524 0.498676 0.49414 0.476524 10
1.3912322742775 0.496674 0.492121 0.474509 0.498674 0.494121 0.476509 10
1.3892713301326 0.496672 0.492106 0.474495 0.498672 0.494106 0.476495 10
1.3873114644538 0.49667 0.492087 0.47448 0.49867 0.494087 0.47648 10
1.3853554804948 0.496668 0.492072 0.474467 0.498668 0.494072 0.476467 10
1.3834033660737 0.496664 0.492054 0.474451 0.498664 0.494054 0.476451 10
1.3814551090611 0.496663 0.492037 0.474438 0.498663 0.494037 0.476438 10
1.3795106973795 0.496661 0.492018 0.474423 0.498661 0.494018 0.476423 10
1.3775701190031 0.496659 0.492001 0.474408 0.498659 0.494001 0.476408 10
1.3756333619578 0.496657 0.491984 0.474394 0.498657 0.493984 0.476394 10
1.3737004143204 0.496655 0.491969 0.474379 0.498655 0.493969 0.476379 10
1.3717712642187 0.496653 0.491951 0.474364 0.498653 0.493951 0.476364 10
1.3698458998311 0.496651 0.491934 0.47435 0.498651 0.493934 0.47635 10
1.3679243093863 0.496649 0.491917 0.474335 0.498649 0.493917 0.476335 10
1.3660064811632 0.496647 0.4919 0.47432 0.498647 0.4939 0.47632 10
1.3640924034903 0.496645 0.491885 0.474307 0.498645 0.493885 0.476307 10
1.3621820647459 0.496643 0.491867 0.474291 0.498643 0.493867 0.476291 10
1.3602754533574 0.496642 0.49185 0.474276 0.498642 0.49385 0.476276 10
1.3583725578012 0.49664 0.491835 0.474263 0.49864 0.493835 0.476263 10
1.3564720710885 0.496638 0.491818 0.474247 0.498638 0.493818 0.476247 10
1.3545724551229 0.496636 0.491801 0.474232 0.498636 0.493801 0.476232 10
1.3526765320226 0.496636 0.491785 0.474219 0.498636 0.493785 0.476219 10
1.3507842904159 0.496634 0.491768 0.474204 0.498634 0.493768 0.476204 10
1.3488957189795 0.496632 0.491751 0.474188 0.498632 0.493751 0.476188 10
1.3470108064374 0.49663 0.491734 0.474175 0.49863 0.493734 0.476175 10
1.3451295415611 0.496628 0.491719 0.47416 0.498628 0.493719 0.47616 10
1.3432519131693 0.496626 0.491702 0.474144 0.498626 0.493702 0.476144 10
1.3413779101274 0.496624 0.491686 0.474131 0.498624 0.493686 0.476131 10
1.3395075213476 0.496622 0.491669 0.474116 0.498622 0.493669 0.476116 10
1.3376407357884 0.496621 0.491654 0.474101 0.498621 0.493654 0.476101 10
1.3357775424546 0.496619 0.491639 0.474085 0.498619 0.493639 0.476085 10
1.3339179303966 0.496619 0.491621 0.474072 0.498619 0.493621 0.476072 10
1.3320618887107 0.496617 0.491606 0.474057 0.498617 0.493606 0.476057 10
1.3302094065385 0.496615 0.491589 0.474043 0.498615 0.493589 0.476043 10
1.3283604730669 0.496615 0.491572 0.474028 0.498615 0.493572 0.476028 10
1.3265150775276 0.496613 0.491557 0.474013 0.498613 0.493557 0.476013 10
1.3246731555682 0.496609 0.491541 0.473998 0.498609 0.493541 0.475998 10
1.322830671881 0.496609 0.491524 0.473984 0.498609 0.493524 0.475984 10
1.3209917052377 0.496607 0.491509 0.473969 0.498607 0.493509 0.475969 10
1.3191562450075 0.496605 0.491494 0.473954 0.498605 0.493494 0.475954 10
1.3173242806037 0.496603 0.491478 0.47394 0.498603 0.493478 0.47594 10
1.315495801483 0.496603 0.491463 0.473925 0.498603 0.493463 0.475925 10
1.3136707971458 0.496602 0.491448 0.473912 0.498602 0.493448 0.475912 10
1.3118492571358 0.496602 0.491433 0.473896 0.498602 0.493433 0.475896 10
1.3100311710395 0.4966 0.491417 0.473883 0.4986 0.493417 0.475883 10
1.3082165284865 0.496598 0.4914 0.473868 0.498598 0.4934 0.475868 10
1.3064053191487 0.496596 0.491387 0.473854 0.498596 0.493387 0.475854 10
1.3045975327407 0.496596 0.491372 0.473839 0.498596 0.493372 0.475839 10
1.3027931590189 0.496594 0.491354 0.473826 0.498594 0.493354 0.475826 10
1.3009921877818 0.496592 0.491339 0.473811 0.498592 0.493339 0.475811 10
1.299194707963 0.496592 0.491324 0.473797 0.498592 0.493324 0.475797 10
1.2974004121541 0.49659 0.491309 0.473784 0.49859 0.493309 0.475784 10
1.2956095875879 0.496588 0.491293 0.473769 0.498588 0.493293 0.475769 10
1.2938221251054 0.496586 0.49128 0.473755 0.498586 0.49328 0.475755 10
1.2920363145865 0.496586 0.491265 0.473742 0.498586 0.493265 0.475742 10
1.2902514086595 0.496584 0.491249 0.473727 0.498584 0.493249 0.475727 10
1.2884698459229 0.496584 0.491234 0.473713 0.498584 0.493234 0.475713 10
1.2866916164643 0.496582 0.491217 0.4737 0.498582 0.493217 0.4757 10
1.2849167104117 0.496581 0.491202 0.473685 0.498581 0.493202 0.475685 10
1.2831451179328 0.496579 0.491187 0.473671 0.498579 0.493187 0.475671 10
1.2813768292352 0.496579 0.491171 0.473658 0.498579 0.493171 0.475658 10
1.2796118345661 0.496577 0.491156 0.473645 0.498577 0.493156 0.475645 10
1.2778501242122 0.496575 0.491141 0.473629 0.498575 0.493141 0.475629 10
1.276091688499 0.496573 0.491126 0.473616 0.498573 0.493126 0.475616 10
1.2743365177914 0.496571 0.49111 0.473603 0.498571 0.49311 0.475603 10
1.2725846024928 0.496571 0.491095 0.473589 0.498571 0.493095 0.475589 10
1.2708359330452 0.496569 0.49108 0.473576 0.498569 0.49308 0.475576 10
1.269090499929 0.496567 0.491064 0.473563 0.498567 0.493064 0.475563 10
1.2673482936628 0.496565 0.491049 0.473547 0.498565 0.493049 0.475547 10
1.2656093048032 0.496563 0.491034 0.473534 0.498563 0.493034 0.475534 10
1.2638735239446 0.496563 0.491017 0.473521 0.498563 0.493017 0.475521 10
1.2621409417188 0.496561 0.491002 0.473507 0.498561 0.493002 0.475507 10
1.2604094614521 0.49656 0.490986 0.473494 0.49856 0.492986 0.475494 10
1.2586791022481 0.496558 0.490971 0.473479 0.498558 0.492971 0.475479 10
1.2569519245826 0.496556 0.490956 0.473465 0.498556 0.492956 0.475465 10
1.2552279191991 0.496554 0.49094 0.473452 0.498554 0.49294 0.475452 10
1.2535070768777 0.496552 0.490925 0.473439 0.498552 0.492925 0.475439 10
1.2517893884352 0.49655 0.49091 0.473425 0.49855 0.49291 0.475425 10
1.2500748447246 0.496548 0.490893 0.47341 0.498548 0.492893 0.47541 10
1.2483634366356 0.496546 0.490878 0.473397 0.498546 0.492878 0.475397 10
1.2466551550936 0.496544 0.490862 0.473383 0.498544 0.492862 0.475383 10
1.2449499910602 0.496542 0.490847 0.47337 0.498542 0.492847 0.47537 10
1.2432479355326 0.49654 0.490832 0.473357 0.49854 0.492832 0.475357 10
1.2415489795434 0.496539 0.490817 0.473343 0.498539 0.492817 0.475343 10
1.2398531141609 0.496537 0.490801 0.473328 0.498537 0.492801 0.475328 10
1.2381603304882 0.496535 0.490786 0.473315 0.498535 0.492786 0.475315 10
1.2364706196638 0.496533 0.490771 0.473301 0.498533 0.492771 0.475301 10
1.2347839728608 0.496531 0.490755 0.473288 0.498531 0.492755 0.475288 10
1.2331003812871 0.496529 0.49074 0.473275 0.498529 0.49274 0.475275 10
1.2314198361849 0.496525 0.490723 0.473259 0.498525 0.492723 0.475259 10
1.229741134059 0.496525 0.490708 0.473246 0.498525 0.492708 0.475246 10
1.2280624982211 0.496523 0.490693 0.473233 0.498523 0.492693 0.475233 10
1.226386893412 0.496521 0.490677 0.473219 0.498521 0.492677 0.475219 10
1.2247143109743 0.496518 0.490662 0.473204 0.498518 0.492662 0.475204 10
1.2230447422846 0.496516 0.490647 0.473191 0.498516 0.492647 0.475191 10
1.2213781787528 0.496514 0.490632 0.473177 0.498514 0.492632 0.475177 10
1.2197146118225 0.496512 0.490616 0.473164 0.498512 0.492616 0.475164 10
1.2180540329707 0.49651 0.490599 0.473149 0.49851 0.492599 0.475149 10
1.2163964337072 0.496508 0.490584 0.473135 0.498508 0.492584 0.475135 10
1.214741805575 0.496506 0.490569 0.473122 0.498506 0.492569 0.475122 10
1.21309014015 0.496504 0.490553 0.473107 0.498504 0.492553 0.475107 10
1.2114414290405 0.496502 0.490538 0.473093 0.498502 0.492538 0.475093 10
1.2097956638876 0.4965 0.490523 0.47308 0.4985 0.492523 0.47508 10
1.2081528363644 0.496499 0.490506 0.473065 0.498499 0.492506 0.475065 10
1.2065129381764 0.496497 0.49049 0.473051 0.498497 0.49249 0.475051 10
1.2048759610611 0.496495 0.490475 0.473036 0.498495 0.492475 0.475036 10
1.2032418967877 0.496493 0.49046 0.473023 0.498493 0.49246 0.475023 10
1.2016107371574 0.496491 0.490445 0.47301 0.498491 0.492445 0.47501 10
1.1999826349479 0.496489 0.490429 0.472994 0.498489 0.492429 0.474994 10
1.1983539275047 0.496487 0.490414 0.472981 0.498487 0.492414 0.474981 10
1.19672727211 0.496485 0.490397 0.472966 0.498485 0.492397 0.474966 10
1.1951034993016 0.496483 0.490384 0.472952 0.498483 0.492384 0.474952 10
1.1934826010181 0.496481 0.490366 0.472937 0.498481 0.492366 0.474937 10
1.191864569213 0.496481 0.490351 0.472924 0.498481 0.492351 0.474924 10
1.1902493958705 0.496479 0.490336 0.472908 0.498479 0.492336 0.474908 10
1.1886370730057 0.496478 0.490321 0.472895 0.498478 0.492321 0.474895 10
1.1870275926638 0.496476 0.490305 0.47288 0.498476 0.492305 0.47488 10
1.1854209469207 0.496474 0.49029 0.472866 0.498474 0.49229 0.474866 10
1.1838171278823 0.496472 0.490275 0.472851 0.498472 0.492275 0.474851 10
1.1822161276845 0.49647 0.49026 0.472838 0.49847 0.49226 0.474838 10
1.1806179384934 0.496468 0.490244 0.472823 0.498468 0.492244 0.474823 10
1.1790225525045 0.496468 0.490229 0.472809 0.498468 0.492229 0.474809 10
1.1774299619431 0.496466 0.490214 0.472794 0.498466 0.492214 0.474794 10
1.175840159064 0.496464 0.490199 0.472781 0.498464 0.492199 0.474781 10
1.1742531361512 0.496462 0.490185 0.472767 0.498462 0.492185 0.474767 10
1.1726688855181 0.496462 0.49017 0.472752 0.498462 0.49217 0.474752 10
1.1710873995068 0.49646 0.490155 0.472739 0.49846 0.492155 0.474739 10
1.1695086704887 0.49646 0.490139 0.472725 0.49846 0.492139 0.474725 10
1.1679288455783 0.496458 0.490124 0.47271 0.498458 0.492124 0.47471 10
1.1663514409694 0.496457 0.490109 0.472697 0.498457 0.492109 0.474697 10
1.1647767809105 0.496455 0.490096 0.472683 0.498455 0.492096 0.474683 10
1.1632048578537 0.496455 0.490078 0.47267 0.498455 0.492078 0.47467 10
1.1616356642794 0.496453 0.490065 0.472655 0.498453 0.492065 0.474655 10
1.1600691926961 0.496451 0.49005 0.472641 0.498451 0.49205 0.474641 10
1.1585054356406 0.496449 0.490035 0.472628 0.498449 0.492035 0.474628 10
1.1569443856777 0.496449 0.490019 0.472615 0.498449 0.492019 0.474615 10
1.1553860353997 0.496447 0.490004 0.472601 0.498447 0.492004 0.474601 10
1.1538303774269 0.496445 0.489991 0.472588 0.498445 0.491991 0.474588 10
1.152277404407 0.496445 0.489975 0.472575 0.498445 0.491975 0.474575 10
1.1507271090154 0.496443 0.48996 0.472559 0.498443 0.49196 0.474559 10
1.1491794839545 0.496441 0.489945 0.472546 0.498441 0.491945 0.474546 10
1.1476345219541 0.496439 0.48993 0.472533 0.498439 0.49193 0.474533 10
1.1460922157708 0.496439 0.489914 0.472519 0.498439 0.491914 0.474519 10
1.1445525581884 0.496437 0.489901 0.472506 0.498437 0.491901 0.474506 10
1.1430155420174 0.496436 0.489886 0.472493 0.498436 0.491886 0.474493 10
1.1414811600948 0.496434 0.48987 0.472479 0.498434 0.49187 0.474479 10
1.1399494052845 0.496432 0.489855 0.472466 0.498432 0.491855 0.474466 10
1.1384170721205 0.496432 0.489842 0.472454 0.498432 0.491842 0.474454 10
1.1368863749184 0.49643 0.489827 0.472441 0.49843 0.491827 0.474441 10
1.1353582936909 0.496428 0.489811 0.472428 0.498428 0.491811 0.474428 10
1.1338328213744 0.496426 0.489798 0.472414 0.498426 0.491798 0.474414 10
1.1323099509312 0.496424 0.489783 0.472401 0.498424 0.491783 0.474401 10
1.1307896753495 0.496422 0.489767 0.472388 0.498422 0.491767 0.474388 10
1.1292719876434 0.49642 0.489754 0.472376 0.49842 0.491754 0.474376 10
1.1277568808527 0.496418 0.489739 0.472363 0.498418 0.491739 0.474363 10
1.1262443480426 0.496418 0.489724 0.47235 0.498418 0.491724 0.47435 10
1.1247343823041 0.496416 0.489708 0.472336 0.498416 0.491708 0.474336 10
1.1232269767532 0.496413 0.489695 0.472323 0.498413 0.491695 0.474323 10
1.1217221245313 0.496411 0.48968 0.47231 0.498411 0.49168 0.47431 10
1.120219818805 0.496409 0.489666 0.472298 0.498409 0.491666 0.474298 10
1.1187200527656 0.496407 0.489651 0.472285 0.498407 0.491651 0.474285 10
1.1172228196295 0.496405 0.489636 0.472271 0.498405 0.491636 0.474271 10
1.1157281126378 0.496405 0.489623 0.47226 0.498405 0.491623 0.47426 10
1.1142359250562 0.496403 0.489607 0.472247 0.498403 0.491607 0.474247 10
1.1127462501751 0.496401 0.489592 0.472233 0.498401 0.491592 0.474233 10
1.111259081309 0.496397 0.489577 0.47222 0.498397 0.491577 0.47422 10
1.1097731995471 0.496396 0.489563 0.472208 0.498396 0.491563 0.474208 10
1.108286836547 0.496394 0.489548 0.472195 0.498394 0.491548 0.474195 10
1.1068029696185 0.496392 0.489533 0.472182 0.498392 0.491533 0.474182 10
1.1053215921416 0.49639 0.48952 0.47217 0.49839 0.49152 0.47417 10
1.1038426975202 0.496386 0.489504 0.472157 0.498386 0.491504 0.474157 10
1.102366279182 0.496384 0.489489 0.472144 0.498384 0.491489 0.474144 10
1.1008923305784 0.496382 0.489474 0.472132 0.498382 0.491474 0.474132 10
1.0994209343228 0.49638 0.48946 0.472119 0.49838 0.49146 0.474119 10
1.0979518164907 0.496378 0.489445 0.472105 0.498378 0.491445 0.474105 10
1.0964852380451 0.496375 0.48943 0.472094 0.498375 0.49143 0.474094 10
1.0950211033669 0.496373 0.489415 0.472081 0.498373 0.491415 0.474081 10
1.0935594060336 0.496371 0.489399 0.472067 0.498371 0.491399 0.474067 10
1.092100139637 0.496369 0.489384 0.472054 0.498369 0.491384 0.474054 10
1.090643297792 0.496367 0.489369 0.472042 0.498367 0.491369 0.474042 10
1.0891888741365 0.496365 0.489354 0.472029 0.498365 0.491354 0.474029 10
1.0877368623308 0.496363 0.489338 0.472016 0.498363 0.491338 0.474016 10
1.0862872560584 0.496359 0.489323 0.472002 0.498359 0.491323 0.474002 10
1.0848400490251 0.496357 0.48931 0.471991 0.498357 0.49131 0.473991 10
1.0833952349593 0.496355 0.489294 0.471978 0.498355 0.491294 0.473978 10
1.0819528076117 0.496354 0.489279 0.471964 0.498354 0.491279 0.473964 10
1.0805106941479 0.496352 0.489266 0.471953 0.498352 0.491266 0.473953 10
1.0790688320624 0.49635 0.489251 0.471939 0.49835 0.491251 0.473939 10
1.077629347882 0.496348 0.489235 0.471926 0.498348 0.491235 0.473926 10
1.0761922354159 0.496348 0.48922 0.471915 0.498348 0.49122 0.473915 10
1.074757488495 0.496344 0.489205 0.471901 0.498344 0.491205 0.473901 10
1.0733251009724 0.496342 0.489191 0.471888 0.498342 0.491191 0.473888 10
1.0718950667229 0.49634 0.489176 0.471877 0.49834 0.491176 0.473877 10
1.0704673796431 0.496338 0.489161 0.471863 0.498338 0.491161 0.473863 10
1.0690420336511 0.496338 0.489148 0.471852 0.498338 0.491148 0.473852 10
1.0676190226866 0.496336 0.489132 0.471838 0.498336 0.491132 0.473838 10
1.0661983407107 0.496334 0.489119 0.471827 0.498334 0.491119 0.473827 10
1.064779981706 0.496333 0.489104 0.471814 0.498333 0.491104 0.473814 10
1.0633639396759 0.496331 0.489088 0.471802 0.498331 0.491088 0.473802 10
1.0619502086455 0.496329 0.489075 0.471789 0.498329 0.491075 0.473789 10
1.0605387826605 0.496327 0.48906 0.471777 0.498327 0.49106 0.473777 10
1.0591296557879 0.496325 0.489047 0.471764 0.498325 0.491047 0.473764 10
1.0577228221152 0.496323 0.489031 0.471751 0.498323 0.491031 0.473751 10
1.0563182757509 0.496321 0.489018 0.471739 0.498321 0.491018 0.473739 10
1.0549160108242 0.496319 0.489005 0.471728 0.498319 0.491005 0.473728 10
1.0535160214848 0.496317 0.488989 0.471714 0.498317 0.490989 0.473714 10
1.0521167395202 0.496315 0.488976 0.471701 0.498315 0.490976 0.473701 10
1.0507170886572 0.496313 0.488961 0.47169 0.498313 0.490961 0.47369 10
1.0493197056002 0.496312 0.488947 0.471676 0.498312 0.490947 0.473676 10
1.0479245845508 0.49631 0.488934 0.471665 0.49831 0.490934 0.473665 10
1.0465317197313 0.496308 0.488919 0.471651 0.498308 0.490919 0.473651 10
1.0451411053838 0.496306 0.488905 0.47164 0.498306 0.490905 0.47364 10
1.0437527357707 0.496306 0.488892 0.471629 0.498306 0.490892 0.473629 10
1.0423666051743 0.496304 0.488877 0.471615 0.498304 0.490877 0.473615 10
1.0409827078968 0.496302 0.488863 0.471604 0.498302 0.490863 0.473604 10
1.0396010382601 0.4963 0.488848 0.47159 0.4983 0.490848 0.47359 10
1.038221590606 0.496298 0.488835 0.471579 0.498298 0.490835 0.473579 10
1.0368443592958 0.496296 0.488821 0.471566 0.498296 0.490821 0.473566 10
1.0354693387104 0.496294 0.488806 0.471554 0.498294 0.490806 0.473554 10
1.03409652325 0.496293 0.488793 0.471541 0.498293 0.490793 0.473541 10
1.0327259073344 0.496291 0.488779 0.471529 0.498291 0.490779 0.473529 10
1.0313574854026 0.496287 0.488764 0.471516 0.498287 0.490764 0.473516 10
1.0299912519127 0.496285 0.488751 0.471505 0.498285 0.490751 0.473505 10
1.0286272013419 0.496283 0.488738 0.471491 0.498283 0.490738 0.473491 10
1.0272653281868 0.496281 0.488724 0.47148 0.498281 0.490724 0.47348 10
1.0259056269624 0.496279 0.488709 0.471466 0.498279 0.490709 0.473466 10
1.024548092203 0.496277 0.488696 0.471455 0.498277 0.490696 0.473455 10
