6.21710611859 0.498397 0.505843 0.487594 0.502397 0.509843 0.491594 5
6.18858959035 0.498397 0.505843 0.487532 0.502397 0.509843 0.491532 5
6.16035197582 0.498397 0.505843 0.487532 0.502397 0.509843 0.491532 5
6.13238892703 0.498351 0.505767 0.487517 0.502351 0.509767 0.491517 5
6.10469618865 0.498351 0.505736 0.487487 0.502351 0.509736 0.491487 5
6.07726959548 0.49829 0.505736 0.487548 0.50229 0.509736 0.491548 5
6.05010507006 0.49832 0.505706 0.487426 0.50232 0.509706 0.491426 5
6.02319862032 0.49832 0.505675 0.487395 0.50232 0.509675 0.491395 5
5.99654864503 0.49832 0.505645 0.487365 0.50232 0.509645 0.491365 5
5.97014439277 0.49832 0.505645 0.487334 0.50232 0.509645 0.491334 5
5.9439890382 0.49829 0.505614 0.487304 0.50229 0.509614 0.491304 5
5.91807660047 0.49829 0.505584 0.487273 0.50229 0.509584 0.491273 5
5.89240348214 0.498259 0.505553 0.487243 0.502259 0.509553 0.491243 5
5.86696615838 0.498259 0.505523 0.487212 0.502259 0.509523 0.491212 5
5.84176117534 0.498259 0.505523 0.487182 0.502259 0.509523 0.491182 5
5.81678514836 0.498229 0.505492 0.487151 0.502229 0.509492 0.491151 5
5.79203476016 0.498237 0.505469 0.487143 0.502237 0.509469 0.491143 5
5.76750675919 0.498221 0.505439 0.487098 0.502221 0.509439 0.491098 5
5.74319795799 0.498198 0.505401 0.487059 0.502198 0.509401 0.491059 5
5.71910523154 0.498206 0.505393 0.487052 0.502206 0.509393 0.491052 5
5.69522551575 0.498191 0.505362 0.487021 0.502191 0.509362 0.491021 5
5.67155580594 0.498191 0.505347 0.486991 0.502191 0.509347 0.490991 5
5.64809315541 0.498175 0.505317 0.48696 0.502175 0.509317 0.49096 5
5.62483467398 0.49816 0.505286 0.486945 0.50216 0.509286 0.490945 5
5.60177752664 0.49816 0.505271 0.486914 0.50216 0.509271 0.490914 5
5.57891893223 0.498145 0.50524 0.486884 0.502145 0.50924 0.490884 5
5.55625616212 0.498145 0.505225 0.486853 0.502145 0.509225 0.490853 5
5.53378653897 0.49813 0.505195 0.486838 0.50213 0.509195 0.490838 5
5.5115074355 0.498114 0.505164 0.486808 0.502114 0.509164 0.490808 5
5.48941627331 0.498114 0.505149 0.486777 0.502114 0.509149 0.490777 5
5.46751052172 0.498099 0.505118 0.486747 0.502099 0.509118 0.490747 5
5.44578769668 0.498088 0.505099 0.486728 0.502088 0.509099 0.490728 5
5.42424535963 0.49808 0.505076 0.486705 0.50208 0.509076 0.490705 5
5.40288111651 0.49808 0.505046 0.486682 0.50208 0.509046 0.490682 5
5.38169261666 0.498071 0.505017 0.486653 0.502071 0.509017 0.490653 5
5.36067755189 0.498056 0.505005 0.486624 0.502056 0.509005 0.490624 5
5.33983365548 0.498045 0.504986 0.486599 0.502045 0.508986 0.490599 5
5.3191587012 0.498041 0.504961 0.486578 0.502041 0.508961 0.490578 5
5.29865050248 0.49803 0.504936 0.486551 0.50203 0.508936 0.490551 5
5.27830691142 0.498022 0.504915 0.486524 0.502022 0.508915 0.490524 5
5.25812581801 0.498016 0.504892 0.486503 0.502016 0.508892 0.490503 5
5.2381051492 0.498005 0.504867 0.486477 0.502005 0.508867 0.490477 5
5.21824286815 0.497997 0.504843 0.486456 0.501997 0.508843 0.490456 5
5.19853697339 0.497988 0.504814 0.486429 0.501988 0.508814 0.490429 5
5.17898549807 0.49798 0.504791 0.486404 0.50198 0.508791 0.490404 5
5.15958650916 0.497969 0.504764 0.486378 0.501969 0.508764 0.490378 5
5.14033810674 0.497961 0.504743 0.486351 0.501961 0.508743 0.490351 5
5.1212384233 0.497949 0.504719 0.486326 0.501949 0.508719 0.490326 5
5.102285623 0.49794 0.504696 0.486301 0.50194 0.508696 0.490301 5
5.08347790102 0.497932 0.504673 0.486276 0.501932 0.508673 0.490276 5
5.06481348287 0.497923 0.504648 0.486252 0.501923 0.508648 0.490252 5
5.04629062378 0.497915 0.504625 0.486229 0.501915 0.508625 0.490229 5
5.02790760803 0.497904 0.5046 0.486204 0.501904 0.5086 0.490204 5
5.00966274837 0.497898 0.504579 0.486179 0.501898 0.508579 0.490179 5
4.99155534646 0.497887 0.504558 0.486156 0.501887 0.508558 0.490156 5
4.97358088686 0.497881 0.504536 0.486132 0.501881 0.508536 0.490132 5
4.95574064767 0.497871 0.504513 0.486109 0.501871 0.508513 0.490109 5
4.93803208824 0.497864 0.50449 0.486084 0.501864 0.50849 0.490084 5
4.92045365504 0.497856 0.504467 0.486061 0.501856 0.508467 0.490061 5
4.90300381948 0.497846 0.504444 0.486036 0.501846 0.508444 0.490036 5
4.88568107758 0.497837 0.504425 0.486013 0.501837 0.508425 0.490013 5
4.86848394941 0.497829 0.5044 0.48599 0.501829 0.5084 0.48999 5
4.85141097864 0.497822 0.504381 0.485967 0.501822 0.508381 0.489967 5
4.83446073204 0.497812 0.504356 0.485947 0.501812 0.508356 0.489947 5
4.81763179903 0.497806 0.504335 0.485927 0.501806 0.508335 0.489927 5
4.80092279121 0.497795 0.504312 0.485906 0.501795 0.508312 0.489906 5
4.78433234194 0.497785 0.504291 0.485884 0.501785 0.508291 0.489884 5
4.76785910589 0.497774 0.504267 0.485863 0.501774 0.508267 0.489863 5
4.75150175863 0.497764 0.504244 0.48584 0.501764 0.508244 0.48984 5
4.7352589962 0.497753 0.504221 0.485817 0.501753 0.508221 0.489817 5
4.71912953474 0.497742 0.504198 0.485796 0.501742 0.508198 0.489796 5
4.70311211006 0.49773 0.504175 0.485775 0.50173 0.508175 0.489775 5
4.68720547731 0.497715 0.504152 0.485752 0.501715 0.508152 0.489752 5
4.67140841054 0.497698 0.504129 0.485731 0.501698 0.508129 0.489731 5
4.65571970238 0.497682 0.504106 0.485708 0.501682 0.508106 0.489708 5
4.64013816369 0.497658 0.504047 0.485603 0.501658 0.508047 0.489603 5
4.62466262316 0.497652 0.504059 0.48566 0.501652 0.508059 0.48966 5
4.60929192703 0.497652 0.504 0.485538 0.501652 0.508 0.489538 5
4.59402493874 0.497648 0.503975 0.485504 0.501648 0.507975 0.489504 5
4.57886053856 0.497646 0.50395 0.48547 0.501646 0.50795 0.48947 5
4.56379762334 0.497639 0.503925 0.485439 0.501639 0.507925 0.489439 5
4.54883510616 0.497635 0.503902 0.485409 0.501635 0.507902 0.489409 5
4.53397191604 0.497631 0.503879 0.485376 0.501631 0.507879 0.489376 5
4.51920699764 0.497625 0.503855 0.485348 0.501625 0.507855 0.489348 5
4.50453931097 0.497618 0.503824 0.485315 0.501618 0.507824 0.489315 5
4.4899678311 0.497614 0.503809 0.485288 0.501614 0.507809 0.489288 5
4.47549154791 0.497518 0.503818 0.48538 0.501518 0.507818 0.48938 5
4.46110946578 0.497509 0.503795 0.485351 0.501509 0.507795 0.489351 5
4.44682060335 0.497499 0.503771 0.485323 0.501499 0.507771 0.489323 5
4.43262399328 0.497492 0.503746 0.485292 0.501492 0.507746 0.489292 5
4.41851868194 0.49748 0.503723 0.485264 0.50148 0.507723 0.489264 5
4.40450372922 0.497469 0.503698 0.485229 0.501469 0.507698 0.489229 5
4.39057820826 0.497459 0.503673 0.485197 0.501459 0.507673 0.489197 5
4.37674120521 0.497452 0.503651 0.485164 0.501452 0.507651 0.489164 5
4.36299181901 0.497442 0.503626 0.485134 0.501442 0.507626 0.489134 5
4.34932916116 0.497436 0.503603 0.485103 0.501436 0.507603 0.489103 5
4.3357523555 0.497427 0.50358 0.485071 0.501427 0.50758 0.489071 5
4.32226053798 0.497421 0.503557 0.485039 0.501421 0.507557 0.489039 5
4.30885285647 0.497412 0.503532 0.485008 0.501412 0.507532 0.489008 5
4.29552847053 0.497404 0.503507 0.484974 0.501404 0.507507 0.488974 5
4.28228655122 0.497396 0.503483 0.484943 0.501396 0.507483 0.488943 5
4.26912628089 0.497391 0.503458 0.484911 0.501391 0.507458 0.488911 5
4.256046853 0.497381 0.503433 0.484876 0.501381 0.507433 0.488876 5
4.24304747191 0.497377 0.503408 0.48484 0.501377 0.507408 0.48884 5
4.23012735271 0.497373 0.503382 0.484808 0.501373 0.507382 0.488808 5
4.21728572103 0.49737 0.503357 0.484773 0.50137 0.507357 0.488773 5
4.20452181286 0.49737 0.50333 0.484739 0.50137 0.50733 0.488739 5
4.19183487436 0.497372 0.503303 0.484712 0.501372 0.507303 0.488712 5
4.17922416173 0.497368 0.503279 0.484691 0.501368 0.507279 0.488691 5
4.16668894099 0.497331 0.503256 0.484657 0.501331 0.507256 0.488657 5
4.15422848784 0.497349 0.503229 0.484644 0.501349 0.507229 0.488644 5
4.14184208752 0.497316 0.503208 0.484596 0.501316 0.507208 0.488596 5
4.12952903459 0.497309 0.503183 0.484566 0.501309 0.507183 0.488566 5
4.11728863285 0.497303 0.503162 0.484541 0.501303 0.507162 0.488541 5
4.10512019513 0.497299 0.503136 0.484516 0.501299 0.507136 0.488516 5
4.09302304316 0.497286 0.503109 0.484491 0.501286 0.507109 0.488491 5
4.08099650744 0.497278 0.503086 0.484463 0.501278 0.507086 0.488463 5
4.06903992706 0.497269 0.503061 0.484436 0.501269 0.507061 0.488436 5
4.05715264959 0.497259 0.503036 0.484409 0.501259 0.507036 0.488409 5
4.04533403096 0.497249 0.503012 0.484381 0.501249 0.507012 0.488381 5
4.03358343525 0.49724 0.502987 0.484354 0.50124 0.506987 0.488354 5
4.02190023464 0.49723 0.502962 0.484325 0.50123 0.506962 0.488325 5
4.01028380925 0.497223 0.502939 0.484297 0.501223 0.506939 0.488297 5
3.99873457211 0.497215 0.502914 0.48427 0.501215 0.506914 0.48827 5
3.98724884333 0.497207 0.502891 0.484241 0.501207 0.506891 0.488241 5
3.97582910177 0.4972 0.502867 0.484215 0.5012 0.506867 0.488215 5
3.96447373261 0.497192 0.502842 0.484186 0.501192 0.506842 0.488186 5
3.95318215387 0.497187 0.502817 0.484159 0.501187 0.506817 0.488159 5
3.9419537907 0.497179 0.502792 0.484133 0.501179 0.506792 0.488133 5
3.93078807532 0.497173 0.502767 0.484106 0.501173 0.506767 0.488106 5
3.91968444696 0.497167 0.502741 0.484079 0.501167 0.506741 0.488079 5
3.90864235171 0.497158 0.502714 0.484054 0.501158 0.506714 0.488054 5
3.89766124244 0.497148 0.502691 0.48403 0.501148 0.506691 0.48803 5
3.88674057866 0.497141 0.502668 0.484003 0.501141 0.506668 0.488003 5
3.87587982647 0.497133 0.502643 0.483974 0.501133 0.506643 0.487974 5
3.86507845842 0.497125 0.502621 0.483948 0.501125 0.506621 0.487948 5
3.85433595341 0.497118 0.502596 0.483921 0.501118 0.506596 0.487921 5
3.84365179662 0.49711 0.502571 0.483894 0.50111 0.506571 0.487894 5
3.83302547938 0.497103 0.502546 0.483868 0.501103 0.506546 0.487868 5
3.82245649911 0.497095 0.502521 0.483841 0.501095 0.506521 0.487841 5
3.81194435921 0.497087 0.502497 0.483814 0.501087 0.506497 0.487814 5
3.80148856895 0.497078 0.50247 0.483789 0.501078 0.50647 0.487789 5
3.79108864344 0.49707 0.502445 0.483763 0.50107 0.506445 0.487763 5
3.78074410348 0.497061 0.50242 0.483736 0.501061 0.50642 0.487736 5
3.7704544755 0.497051 0.502395 0.483711 0.501051 0.506395 0.487711 5
3.7602192915 0.497042 0.502371 0.483684 0.501042 0.506371 0.487684 5
3.75003808891 0.497032 0.502346 0.483658 0.501032 0.506346 0.487658 5
3.73991041058 0.497022 0.502323 0.483631 0.501022 0.506323 0.487631 5
3.72983580463 0.497013 0.5023 0.483604 0.501013 0.5063 0.487604 5
3.71981382444 0.497003 0.502275 0.483578 0.501003 0.506275 0.487578 5
3.7098440285 0.496996 0.502251 0.483551 0.500996 0.506251 0.487551 5
3.6999259804 0.496986 0.502228 0.483524 0.500986 0.506228 0.487524 5
3.69005924874 0.496975 0.502203 0.483499 0.500975 0.506203 0.487499 5
3.68024340701 0.496965 0.50218 0.483475 0.500965 0.50618 0.487475 5
3.67047803359 0.496956 0.502159 0.483448 0.500956 0.506159 0.487448 5
3.66076271163 0.496944 0.502136 0.483421 0.500944 0.506136 0.487421 5
3.651097029 0.496937 0.502113 0.483396 0.500937 0.506113 0.487396 5
3.64148057822 0.496927 0.502092 0.483368 0.500927 0.506092 0.487368 5
3.63191295639 0.496918 0.502069 0.483341 0.500918 0.506069 0.487341 5
3.62239376513 0.49691 0.502048 0.483314 0.50091 0.506048 0.487314 5
3.61292261051 0.496902 0.502025 0.483288 0.500902 0.506025 0.487288 5
3.60349910299 0.496893 0.502004 0.483259 0.500893 0.506004 0.487259 5
3.59412285736 0.496885 0.501982 0.483232 0.500885 0.505982 0.487232 5
3.58479349268 0.496878 0.501959 0.483206 0.500878 0.505959 0.487206 5
3.57551063221 0.496868 0.501936 0.483179 0.500868 0.505936 0.487179 5
3.56627390335 0.49686 0.501913 0.48315 0.50086 0.505913 0.48715 5
3.55708293761 0.496853 0.50189 0.483124 0.500853 0.50589 0.487124 5
3.54793737052 0.496845 0.501865 0.483095 0.500845 0.505865 0.487095 5
3.53883684159 0.496837 0.501842 0.483068 0.500837 0.505842 0.487068 5
3.52978099426 0.496828 0.501818 0.483042 0.500828 0.505818 0.487042 5
3.52076947581 0.49682 0.501795 0.483015 0.50082 0.505795 0.487015 5
3.51180193737 0.496813 0.50177 0.482988 0.500813 0.50577 0.486988 5
3.50287803381 0.496803 0.501745 0.482962 0.500803 0.505745 0.486962 5
3.49399771037 0.496796 0.50172 0.482935 0.500796 0.50572 0.486935 5
3.4851597693 0.496788 0.501695 0.482908 0.500788 0.505695 0.486908 5
3.47636473651 0.49678 0.501671 0.482881 0.50078 0.505671 0.486881 5
3.46761199469 0.496773 0.501646 0.482855 0.500773 0.505646 0.486855 5
3.45890121678 0.496765 0.501621 0.48283 0.500765 0.505621 0.48683 5
3.45023207918 0.496757 0.501596 0.482803 0.500757 0.505596 0.486803 5
3.44160426172 0.496748 0.501572 0.482776 0.500748 0.505572 0.486776 5
3.43301744757 0.49674 0.501547 0.482752 0.50074 0.505547 0.486752 5
3.42447132326 0.496733 0.501522 0.482725 0.500733 0.505522 0.486725 5
3.41596557859 0.496723 0.501497 0.482698 0.500723 0.505497 0.486698 5
3.4074999066 0.496715 0.501472 0.482674 0.500715 0.505472 0.486674 5
3.39907400353 0.496708 0.501446 0.482647 0.500708 0.505446 0.486647 5
3.39068756876 0.4967 0.501421 0.482622 0.5007 0.505421 0.486622 5
3.38234030482 0.496691 0.501396 0.482595 0.500691 0.505396 0.486595 5
3.37403191728 0.496683 0.501371 0.482571 0.500683 0.505371 0.486571 5
3.36576211474 0.496673 0.501345 0.482544 0.500673 0.505345 0.486544 5
3.35753060882 0.496666 0.50132 0.482519 0.500666 0.50532 0.486519 5
3.34933711407 0.496658 0.501295 0.482492 0.500658 0.505295 0.486492 5
3.34118134796 0.496649 0.50127 0.482468 0.500649 0.50527 0.486468 5
3.33306303085 0.496641 0.501243 0.482441 0.500641 0.505243 0.486441 5
3.32498188593 0.496631 0.501219 0.482414 0.500631 0.505219 0.486414 5
3.31693763918 0.496624 0.501192 0.482389 0.500624 0.505192 0.486389 5
3.30893001938 0.496614 0.501167 0.482363 0.500614 0.505167 0.486363 5
3.30095875801 0.496607 0.50114 0.482336 0.500607 0.50514 0.486336 5
3.29302358927 0.496597 0.501116 0.482311 0.500597 0.505116 0.486311 5
3.28512425001 0.496588 0.501089 0.482284 0.500588 0.505089 0.486284 5
3.27726047972 0.496578 0.501064 0.48226 0.500578 0.505064 0.48626 5
3.26943202047 0.49657 0.501039 0.482235 0.50057 0.505039 0.486235 5
3.2616386169 0.496561 0.501013 0.482208 0.500561 0.505013 0.486208 5
3.25388001619 0.496551 0.500988 0.482183 0.500551 0.504988 0.486183 5
3.246155968 0.496544 0.500963 0.482157 0.500544 0.504963 0.486157 5
3.23846622448 0.496534 0.500938 0.48213 0.500534 0.504938 0.48613 5
3.2308105402 0.496527 0.500913 0.482105 0.500527 0.504913 0.486105 5
3.22318867213 0.496517 0.500889 0.482078 0.500517 0.504889 0.486078 5
3.21560037965 0.496509 0.500864 0.482054 0.500509 0.504864 0.486054 5
3.20804542444 0.496502 0.500837 0.482027 0.500502 0.504837 0.486027 5
3.20052357053 0.496494 0.500812 0.482 0.500494 0.504812 0.486 5
3.19303458422 0.496487 0.500786 0.481975 0.500487 0.504786 0.485975 5
3.1855782341 0.496479 0.500761 0.481951 0.500479 0.504761 0.485951 5
3.17815429096 0.496471 0.500736 0.481926 0.500471 0.504736 0.485926 5
3.17076252782 0.496464 0.500709 0.481903 0.500464 0.504709 0.485903 5
3.16340271985 0.496456 0.500683 0.481878 0.500456 0.504683 0.485878 5
3.1560746444 0.49645 0.500658 0.481853 0.50045 0.504658 0.485853 5
3.14877808094 0.496443 0.500629 0.481829 0.500443 0.504629 0.485829 5
3.14151281104 0.496435 0.500603 0.481804 0.500435 0.504603 0.485804 5
3.13427861833 0.496427 0.500576 0.481781 0.500427 0.504576 0.485781 5
3.1270752885 0.49642 0.500549 0.481756 0.50042 0.504549 0.485756 5
3.11990260928 0.496414 0.500522 0.481731 0.500414 0.504522 0.485731 5
3.11276037039 0.496406 0.500496 0.481706 0.500406 0.504496 0.485706 5
3.1056483635 0.496401 0.500469 0.481684 0.500401 0.504469 0.485684 5
3.09856638229 0.496393 0.50044 0.481661 0.500393 0.50444 0.485661 5
3.09151422231 0.496385 0.500414 0.481636 0.500385 0.504414 0.485636 5
3.08449168106 0.496378 0.500387 0.481613 0.500378 0.504387 0.485613 5
3.07749855791 0.49637 0.500358 0.48159 0.50037 0.504358 0.48559 5
3.07053465409 0.496363 0.500332 0.481567 0.500363 0.504332 0.485567 5
3.06359977268 0.496355 0.500305 0.481544 0.500355 0.504305 0.485544 5
3.05669371856 0.496349 0.500278 0.481521 0.500349 0.504278 0.485521 5
3.04981629843 0.496342 0.500252 0.481499 0.500342 0.504252 0.485499 5
3.04296732074 0.496334 0.500225 0.481476 0.500334 0.504225 0.485476 5
3.03614659574 0.496328 0.500198 0.481453 0.500328 0.504198 0.485453 5
3.02935393536 0.496321 0.500172 0.48143 0.500321 0.504172 0.48543 5
3.02258915329 0.496315 0.500147 0.481407 0.500315 0.504147 0.485407 5
3.01585206488 0.496307 0.50012 0.481384 0.500307 0.50412 0.485384 5
3.0091424872 0.496302 0.500093 0.481361 0.500302 0.504093 0.485361 5
3.00246023892 0.496294 0.500067 0.481338 0.500294 0.504067 0.485338 5
2.99580538563 0.496288 0.50004 0.481315 0.500288 0.50404 0.485315 5
2.98917701356 0.496281 0.500011 0.481293 0.500281 0.504011 0.485293 5
2.98257568203 0.496273 0.499985 0.48127 0.500273 0.503985 0.48527 5
2.97600097088 0.496265 0.499958 0.481249 0.500265 0.503958 0.485249 5
2.96945270684 0.49626 0.499933 0.481226 0.50026 0.503933 0.485226 5
2.96293071814 0.496252 0.499906 0.481203 0.500252 0.503906 0.485203 5
2.95643483458 0.496246 0.49988 0.48118 0.500246 0.50388 0.48518 5
2.94996488743 0.496239 0.499851 0.481159 0.500239 0.503851 0.485159 5
2.94352070948 0.496231 0.499824 0.481138 0.500231 0.503824 0.485138 5
2.93710213499 0.496223 0.499798 0.481117 0.500223 0.503798 0.485117 5
2.93070899968 0.496216 0.499769 0.481094 0.500216 0.503769 0.485094 5
2.92434114071 0.49621 0.499742 0.481071 0.50021 0.503742 0.485071 5
2.91799839668 0.496204 0.499714 0.48105 0.500204 0.503714 0.48505 5
2.9116806076 0.496197 0.499687 0.481027 0.500197 0.503687 0.485027 5
2.90538761486 0.496191 0.499657 0.481006 0.500191 0.503657 0.485006 5
2.89911926126 0.496183 0.499628 0.480985 0.500183 0.503628 0.484985 5
2.89287539095 0.496176 0.499599 0.480965 0.500176 0.503599 0.484965 5
2.88665584942 0.49617 0.499571 0.480944 0.50017 0.503571 0.484944 5
2.88046048351 0.496162 0.499542 0.480923 0.500162 0.503542 0.484923 5
2.87428914139 0.496155 0.499513 0.480902 0.500155 0.503513 0.484902 5
2.86814167251 0.496147 0.499485 0.480882 0.500147 0.503485 0.484882 5
2.86201792765 0.496139 0.499456 0.480862 0.500139 0.503456 0.484862 5
2.85591775883 0.496134 0.499428 0.480841 0.500134 0.503428 0.484841 5
2.84984101937 0.496126 0.499401 0.48082 0.500126 0.503401 0.48482 5
2.84378756381 0.496118 0.499372 0.480799 0.500118 0.503372 0.484799 5
2.83775724794 0.496111 0.499344 0.480778 0.500111 0.503344 0.484778 5
2.83174992879 0.496105 0.499315 0.480757 0.500105 0.503315 0.484757 5
2.82576546457 0.496097 0.499287 0.480736 0.500097 0.503287 0.484736 5
2.81980371471 0.49609 0.499256 0.480717 0.50009 0.503256 0.484717 5
2.81386453982 0.496084 0.499227 0.480696 0.500084 0.503227 0.484696 5
2.80794780169 0.496076 0.499195 0.480677 0.500076 0.503195 0.484677 5
2.80205336325 0.496069 0.499166 0.480659 0.500069 0.503166 0.484659 5
2.79618108859 0.496061 0.499136 0.48064 0.500061 0.503136 0.48464 5
2.79033084294 0.496054 0.499105 0.480623 0.500054 0.503105 0.484623 5
2.78450249264 0.496046 0.499077 0.480604 0.500046 0.503077 0.484604 5
2.77869590516 0.496036 0.499048 0.480587 0.500036 0.503048 0.484587 5
2.77291094905 0.496029 0.499019 0.48057 0.500029 0.503019 0.48457 5
2.76714749396 0.496021 0.498989 0.480551 0.500021 0.502989 0.484551 5
2.76140541061 0.496012 0.49896 0.480535 0.500012 0.50296 0.484535 5
2.75568457079 0.496002 0.498934 0.48052 0.500002 0.502934 0.48452 5
2.74998541481 0.495994 0.498907 0.480503 0.499994 0.502907 0.484503 5
2.7443061141 0.495987 0.498878 0.480488 0.499987 0.502878 0.484488 5
2.73864824615 0.495981 0.498955 0.480503 0.499981 0.502955 0.484503 5
2.73301111927 0.495979 0.498928 0.480469 0.499979 0.502928 0.484469 5
2.72739461045 0.495977 0.498899 0.480436 0.499977 0.502899 0.484436 5
2.72179859765 0.495975 0.498869 0.480404 0.499975 0.502869 0.484404 5
2.71622295981 0.495951 0.498754 0.480413 0.499951 0.502754 0.484413 5
2.71066757686 0.49597 0.498806 0.480341 0.49997 0.502806 0.484341 5
2.70513232968 0.495939 0.498709 0.480381 0.499939 0.502709 0.484381 5
2.69961710014 0.495964 0.498739 0.480284 0.499964 0.502739 0.484284 5
2.69412177102 0.495962 0.498707 0.480255 0.499962 0.502707 0.484255 5
2.68864622607 0.49592 0.498644 0.480329 0.49992 0.502644 0.484329 5
2.68319034997 0.495954 0.49864 0.480202 0.499954 0.50264 0.484202 5
2.6777540283 0.495952 0.498607 0.480177 0.499952 0.502607 0.484177 5
2.67233714759 0.495949 0.498573 0.480152 0.499949 0.502573 0.484152 5
2.66693959523 0.495945 0.498541 0.480131 0.499945 0.502541 0.484131 5
2.66156125953 0.495943 0.498508 0.480106 0.499943 0.502508 0.484106 5
2.65620202968 0.495941 0.498476 0.480083 0.499941 0.502476 0.484083 5
2.65086179573 0.495939 0.498443 0.48006 0.499939 0.502443 0.48406 5
2.64554044864 0.495937 0.498411 0.480038 0.499937 0.502411 0.484038 5
2.64023788017 0.495931 0.498379 0.480015 0.499931 0.502379 0.484015 5
2.63495398297 0.495928 0.498344 0.479994 0.499928 0.502344 0.483994 5
2.62968865053 0.495922 0.498312 0.479973 0.499922 0.502312 0.483973 5
2.62444177715 0.495918 0.498279 0.479952 0.499918 0.502279 0.483952 5
2.61921325797 0.495912 0.498247 0.479931 0.499912 0.502247 0.483931 5
2.61400298894 0.495907 0.498215 0.479912 0.499907 0.502215 0.483912 5
2.60881086684 0.495901 0.498182 0.479893 0.499901 0.502182 0.483893 5
2.60363678922 0.495893 0.49815 0.479874 0.499893 0.50215 0.483874 5
2.59848065444 0.495886 0.498121 0.479856 0.499886 0.502121 0.483856 5
2.59334236164 0.49588 0.498094 0.479841 0.49988 0.502094 0.483841 5
2.58822181074 0.495876 0.498068 0.479824 0.499876 0.502068 0.483824 5
2.58311890242 0.495874 0.498045 0.479807 0.499874 0.502045 0.483807 5
2.57803353814 0.495872 0.498022 0.479788 0.499872 0.502022 0.483788 5
2.57296562009 0.49587 0.497999 0.479769 0.49987 0.501999 0.483769 5
2.56791505123 0.495869 0.497976 0.47975 0.499869 0.501976 0.48375 5
2.56288173525 0.495867 0.497955 0.479732 0.499867 0.501955 0.483732 5
2.55786557658 0.495869 0.497936 0.479713 0.499869 0.501936 0.483713 5
2.55286648036 0.495869 0.497915 0.479694 0.499869 0.501915 0.483694 5
2.54788435246 0.495899 0.497843 0.479624 0.499899 0.501843 0.483624 5
2.54291909946 0.495874 0.497873 0.479658 0.499874 0.501873 0.483658 5
2.53797062865 0.495878 0.497852 0.479639 0.499878 0.501852 0.483639 5
2.53303884801 0.495882 0.497831 0.479622 0.499882 0.501831 0.483622 5
2.52812366621 0.495886 0.49781 0.479603 0.499886 0.50181 0.483603 5
2.52322499262 0.49589 0.497787 0.479586 0.49989 0.501787 0.483586 5
2.51834273727 0.495893 0.497766 0.479566 0.499893 0.501766 0.483566 5
2.51347681088 0.495895 0.497743 0.479549 0.499895 0.501743 0.483549 5
2.50862712481 0.495897 0.497721 0.479532 0.499897 0.501721 0.483532 5
2.5037935911 0.495899 0.497696 0.479515 0.499899 0.501696 0.483515 5
2.49897650109 0.495901 0.497673 0.479498 0.499901 0.501673 0.483498 5
2.49417463215 0.495903 0.497648 0.479481 0.499903 0.501648 0.483481 5
2.48938903429 0.495905 0.497623 0.479465 0.499905 0.501623 0.483465 5
2.48461924336 0.495905 0.497599 0.47945 0.499905 0.501599 0.48345 5
2.47986517465 0.495903 0.497572 0.479435 0.499903 0.501572 0.483435 5
2.47512674401 0.495901 0.497545 0.47942 0.499901 0.501545 0.48342 5
2.47040386793 0.495899 0.497516 0.479406 0.499899 0.501516 0.483406 5
2.4656964635 0.495895 0.497488 0.479395 0.499895 0.501488 0.483395 5
2.46100444841 0.49589 0.497459 0.479385 0.49989 0.501459 0.483385 5
2.45632774096 0.495878 0.497431 0.479381 0.499878 0.501431 0.483381 5
2.45166626005 0.495872 0.497415 0.479378 0.499872 0.501415 0.483378 5
2.44701992515 0.495867 0.497393 0.479364 0.499867 0.501393 0.483364 5
2.44238865633 0.495863 0.497362 0.479347 0.499863 0.501362 0.483347 5
2.43777237423 0.495851 0.497339 0.479338 0.499851 0.501339 0.483338 5
2.43317100006 0.495846 0.497316 0.479322 0.499846 0.501316 0.483322 5
2.42858445562 0.495838 0.497295 0.479311 0.499838 0.501295 0.483311 5
2.42401266324 0.495832 0.497272 0.479296 0.499832 0.501272 0.483296 5
2.41945554583 0.495828 0.497251 0.479282 0.499828 0.501251 0.483282 5
2.41491302684 0.495823 0.49723 0.479267 0.499823 0.50123 0.483267 5
2.41038503029 0.495817 0.497209 0.479252 0.499817 0.501209 0.483252 5
2.4058714807 0.495813 0.49719 0.479236 0.499813 0.50119 0.483236 5
2.40137230317 0.495811 0.497171 0.479221 0.499811 0.501171 0.483221 5
2.39688742332 0.495808 0.49715 0.479204 0.499808 0.50115 0.483204 5
2.39241676727 0.495804 0.497133 0.479189 0.499804 0.501133 0.483189 5
2.3879602617 0.495804 0.497116 0.479172 0.499804 0.501116 0.483172 5
2.3835178338 0.495802 0.497097 0.479153 0.499802 0.501097 0.483153 5
2.37908941125 0.495798 0.497078 0.479137 0.499798 0.501078 0.483137 5
2.37467492227 0.495792 0.497059 0.479122 0.499792 0.501059 0.483122 5
2.37027429557 0.49579 0.49704 0.479105 0.49979 0.50104 0.483105 5
2.36588746036 0.495787 0.497019 0.479088 0.499787 0.501019 0.483088 5
2.36151434634 0.495783 0.497 0.479071 0.499783 0.501 0.483071 5
2.35715488372 0.495779 0.496982 0.479053 0.499779 0.500982 0.483053 5
2.35280900318 0.495777 0.496963 0.479034 0.499777 0.500963 0.483034 5
2.34847663588 0.495773 0.496944 0.479017 0.499773 0.500944 0.483017 5
2.34415771346 0.495771 0.496925 0.478996 0.499771 0.500925 0.482996 5
2.33985216806 0.495769 0.496904 0.478977 0.499769 0.500904 0.482977 5
2.33555993226 0.495766 0.496885 0.478956 0.499766 0.500885 0.482956 5
2.3312809391 0.495764 0.496864 0.478935 0.499764 0.500864 0.482935 5
2.32701512212 0.495764 0.496843 0.478912 0.499764 0.500843 0.482912 5
2.32276241527 0.495764 0.49682 0.478889 0.499764 0.50082 0.482889 5
2.318522753 0.495766 0.496796 0.478866 0.499766 0.500796 0.482866 5
2.31429607016 0.495767 0.496769 0.478844 0.499767 0.500769 0.482844 5
2.3100823021 0.495769 0.49674 0.478826 0.499769 0.50074 0.482826 5
2.30588138457 0.495771 0.496712 0.478809 0.499771 0.500712 0.482809 5
2.30169325377 0.495771 0.496683 0.478794 0.499771 0.500683 0.482794 5
2.29751784634 0.495773 0.496656 0.478781 0.499773 0.500656 0.482781 5
2.29335509935 0.495773 0.49663 0.478767 0.499773 0.50063 0.482767 5
2.28920495029 0.495775 0.496603 0.478756 0.499775 0.500603 0.482756 5
2.28506733707 0.495775 0.49658 0.478744 0.499775 0.50058 0.482744 5
2.28094219804 0.495775 0.496557 0.478735 0.499775 0.500557 0.482735 5
2.27682947194 0.495775 0.496534 0.478725 0.499775 0.500534 0.482725 5
2.27272909793 0.495773 0.496515 0.478714 0.499773 0.500515 0.482714 5
2.2686410156 0.495771 0.496498 0.478702 0.499771 0.500498 0.482702 5
2.26456516492 0.495769 0.496481 0.478687 0.499769 0.500481 0.482687 5
2.26050148626 0.495769 0.496462 0.478668 0.499769 0.500462 0.482668 5
2.25644992041 0.495771 0.496439 0.478649 0.499771 0.500439 0.482649 5
2.25241040853 0.495775 0.496412 0.478632 0.499775 0.500412 0.482632 5
2.24838313276 0.495779 0.496384 0.478618 0.499779 0.500384 0.482618 5
2.24436731334 0.495781 0.496357 0.478607 0.499781 0.500357 0.482607 5
2.24036361436 0.495783 0.49633 0.478599 0.499783 0.50033 0.482599 5
2.23637173791 0.495783 0.496307 0.478594 0.499783 0.500307 0.482594 5
2.23239162711 0.495779 0.496292 0.478584 0.499779 0.500292 0.482584 5
2.22842322544 0.495779 0.496269 0.478565 0.499779 0.500269 0.482565 5
2.22446647674 0.495785 0.496239 0.478552 0.499785 0.500239 0.482552 5
2.22052132522 0.495788 0.49621 0.478548 0.499788 0.50021 0.482548 5
2.21658771548 0.495787 0.496191 0.478544 0.499787 0.500191 0.482544 5
2.21266559244 0.495785 0.496168 0.478529 0.499785 0.500168 0.482529 5
2.20875490142 0.495787 0.496139 0.478523 0.499787 0.500139 0.482523 5
2.20485558808 0.495788 0.496111 0.478517 0.499788 0.500111 0.482517 5
2.20096759842 0.495796 0.496082 0.478514 0.499796 0.500082 0.482514 5
2.19709087883 0.495804 0.496059 0.478494 0.499804 0.500059 0.482494 5
2.19322537601 0.495806 0.49604 0.47847 0.499806 0.50004 0.48247 5
2.18937103703 0.495808 0.496019 0.478443 0.499808 0.500019 0.482443 5
2.18552780928 0.495806 0.496 0.478409 0.499806 0.5 0.482409 5
2.18169564051 0.495808 0.495979 0.478386 0.499808 0.499979 0.482386 5
2.1778744788 0.495813 0.495956 0.478359 0.499813 0.499956 0.482359 5
2.17406427256 0.495817 0.495937 0.478336 0.499817 0.499937 0.482336 5
2.17026497053 0.495821 0.495914 0.478309 0.499821 0.499914 0.482309 5
2.1664765218 0.495825 0.495893 0.478285 0.499825 0.499893 0.482285 5
2.16269887575 0.495827 0.495872 0.478258 0.499827 0.499872 0.482258 5
2.15893198211 0.49583 0.495851 0.478233 0.49983 0.499851 0.482233 5
2.15517579093 0.495834 0.49583 0.478208 0.499834 0.49983 0.482208 5
2.15143025257 0.495838 0.495808 0.478184 0.499838 0.499808 0.482184 5
2.1476953177 0.49584 0.495787 0.478161 0.49984 0.499787 0.482161 5
2.14397093731 0.495844 0.495762 0.478138 0.499844 0.499762 0.482138 5
2.14025706271 0.495846 0.495739 0.478115 0.499846 0.499739 0.482115 5
2.13655364551 0.495848 0.495714 0.478094 0.499848 0.499714 0.482094 5
2.13286063762 0.495848 0.495687 0.478073 0.499848 0.499687 0.482073 5
2.12917799125 0.495848 0.495663 0.478056 0.499848 0.499663 0.482056 5
2.12550565893 0.495846 0.495638 0.478039 0.499846 0.499638 0.482039 5
2.12184359347 0.495844 0.495619 0.478025 0.499844 0.499619 0.482025 5
2.11819174799 0.495842 0.495598 0.47801 0.499842 0.499598 0.48201 5
2.11455007588 0.495842 0.495581 0.477997 0.499842 0.499581 0.481997 5
2.11091853086 0.49584 0.495561 0.477981 0.49984 0.499561 0.481981 5
2.1072970669 0.495838 0.495546 0.477968 0.499838 0.499546 0.481968 5
2.10368563827 0.495838 0.495529 0.477953 0.499838 0.499529 0.481953 5
2.10008419955 0.495836 0.495514 0.477939 0.499836 0.499514 0.481939 5
2.09649270555 0.495836 0.495497 0.477924 0.499836 0.499497 0.481924 5
2.09291111141 0.495836 0.495481 0.477909 0.499836 0.499481 0.481909 5
2.08933937252 0.495834 0.495468 0.477894 0.499834 0.499468 0.481894 5
2.08577744454 0.495834 0.495455 0.47788 0.499834 0.499455 0.48188 5
2.08222528344 0.495834 0.495441 0.477865 0.499834 0.499441 0.481865 5
2.07868284542 0.495832 0.495428 0.47785 0.499832 0.499428 0.48185 5
2.07515008697 0.495832 0.495416 0.477835 0.499832 0.499416 0.481835 5
2.07162696484 0.495832 0.495403 0.477817 0.499832 0.499403 0.481817 5
2.06811343605 0.495832 0.49539 0.477802 0.499832 0.49939 0.481802 5
2.06460945788 0.49583 0.495378 0.477787 0.49983 0.499378 0.481787 5
2.06111498788 0.49583 0.495367 0.47777 0.49983 0.499367 0.48177 5
2.05762998383 0.49583 0.495355 0.477753 0.49983 0.499355 0.481753 5
2.05415440381 0.49583 0.495344 0.477735 0.49983 0.499344 0.481735 5
2.05068820611 0.49583 0.495333 0.477718 0.49983 0.499333 0.481718 5
2.04723134931 0.49583 0.495321 0.477701 0.49983 0.499321 0.481701 5
2.04378379222 0.49583 0.495312 0.477684 0.49983 0.499312 0.481684 5
2.04034549391 0.495832 0.4953 0.477665 0.499832 0.4993 0.481665 5
2.03691641368 0.495832 0.495289 0.477648 0.499832 0.499289 0.481648 5
2.03349651109 0.495834 0.495277 0.47763 0.499834 0.499277 0.48163 5
2.03008574594 0.495834 0.495266 0.477611 0.499834 0.499266 0.481611 5
2.02668407827 0.495834 0.495254 0.477594 0.499834 0.499254 0.481594 5
2.02329146837 0.495836 0.495243 0.477575 0.499836 0.499243 0.481575 5
2.01990787675 0.495838 0.495231 0.477556 0.499838 0.499231 0.481556 5
2.01653326416 0.495838 0.495218 0.477537 0.499838 0.499218 0.481537 5
2.0131675916 0.495838 0.495207 0.477518 0.499838 0.499207 0.481518 5
2.00981082028 0.49584 0.495195 0.477501 0.49984 0.499195 0.481501 5
2.00646291165 0.49584 0.495184 0.477482 0.49984 0.499184 0.481482 5
2.0031238274 0.495842 0.495172 0.477463 0.499842 0.499172 0.481463 5
1.99979384142 0.495842 0.495161 0.477444 0.499842 0.499161 0.481444 5
1.9964719798568 0.495844 0.495149 0.477424 0.499844 0.499149 0.481424 5
1.99315914111 0.495846 0.495138 0.477405 0.499846 0.499138 0.481405 5
1.9898549756827 0.495846 0.495127 0.477386 0.499846 0.499127 0.481386 5
1.9865594464051 0.495848 0.495115 0.477367 0.499848 0.499115 0.481367 5
1.9832725162947 0.495849 0.495104 0.477348 0.499849 0.499104 0.481348 5
1.9799941485863 0.495849 0.495092 0.477331 0.499849 0.499092 0.481331 5
1.9767243067301 0.495851 0.495081 0.477312 0.499851 0.499081 0.481312 5
1.9734629543904 0.495853 0.495069 0.477293 0.499853 0.499069 0.481293 5
1.9702100554436 0.495855 0.495058 0.477274 0.499855 0.499058 0.481274 5
1.9669655739768 0.495857 0.495048 0.477257 0.499857 0.499048 0.481257 5
1.9637294742863 0.495859 0.495037 0.477238 0.499859 0.499037 0.481238 5
1.9605017208762 0.495863 0.495027 0.477218 0.499863 0.499027 0.481218 5
1.9572822784565 0.495865 0.495016 0.477199 0.499865 0.499016 0.481199 5
1.9540711119418 0.495869 0.495006 0.47718 0.499869 0.499006 0.48118 5
1.9508681864496 0.49587 0.494997 0.477161 0.49987 0.498997 0.481161 5
1.9476734672993 0.495874 0.494989 0.477142 0.499874 0.498989 0.481142 5
1.9444869200102 0.495878 0.49498 0.477121 0.499878 0.49898 0.481121 5
1.9413085103001 0.495882 0.49497 0.4771 0.499882 0.49897 0.4811 5
1.9381382040842 0.495888 0.494959 0.477075 0.499888 0.498959 0.481075 5
1.9349759674732 0.495891 0.494947 0.477054 0.499891 0.498947 0.481054 5
1.9318217667724 0.495897 0.494932 0.477032 0.499897 0.498932 0.481032 5
1.9286755684797 0.495901 0.494917 0.477011 0.499901 0.498917 0.481011 5
1.9255373392847 0.495905 0.494902 0.476992 0.499905 0.498902 0.480992 5
1.9224070460668 0.495909 0.494888 0.476972 0.499909 0.498888 0.480972 5
1.9192846558944 0.49591 0.494873 0.476953 0.49991 0.498873 0.480953 5
1.9161701360231 0.495914 0.49486 0.476934 0.499914 0.49886 0.480934 5
1.9130634538947 0.495918 0.494846 0.476915 0.499918 0.498846 0.480915 5
1.9099645771353 0.495922 0.494831 0.476896 0.499922 0.498831 0.480896 5
1.9068734735547 0.495926 0.494819 0.476879 0.499926 0.498819 0.480879 5
1.9037901111445 0.495928 0.494804 0.476862 0.499928 0.498804 0.480862 5
1.9007144580769 0.495931 0.494793 0.476843 0.499931 0.498793 0.480843 5
1.8976464827038 0.495935 0.494779 0.476826 0.499935 0.498779 0.480826 5
1.8945861535551 0.495937 0.494768 0.476808 0.499937 0.498768 0.480808 5
1.8915334393373 0.495943 0.494757 0.476789 0.499943 0.498757 0.480789 5
1.8884883089329 0.495945 0.494745 0.476772 0.499945 0.498745 0.480772 5
1.8854507313984 0.495949 0.494736 0.476753 0.499949 0.498736 0.480753 5
1.8824206759636 0.495952 0.494726 0.476734 0.499952 0.498726 0.480734 5
1.87939811203 0.495958 0.494718 0.476713 0.499958 0.498718 0.480713 5
1.87638300917 0.495962 0.494709 0.476692 0.499962 0.498709 0.480692 5
1.8733753371252 0.495966 0.494699 0.476669 0.499966 0.498699 0.480669 5
1.8703750658055 0.495972 0.494688 0.476648 0.499972 0.498688 0.480648 5
1.8673821652878 0.495979 0.494676 0.476625 0.499979 0.498676 0.480625 5
1.8643966058151 0.495985 0.494665 0.476604 0.499985 0.498665 0.480604 5
1.8614183577949 0.495989 0.494652 0.476583 0.499989 0.498652 0.480583 5
1.8584473917982 0.495994 0.49464 0.47656 0.499994 0.49864 0.48056 5
1.8554836785585 0.496 0.494627 0.476536 0.5 0.498627 0.480536 5
1.8525271889707 0.496006 0.494614 0.476513 0.500006 0.498614 0.480513 5
1.8495778940896 0.49601 0.494598 0.47649 0.50001 0.498598 0.48049 5
1.8466357651292 0.496017 0.494585 0.476463 0.500017 0.498585 0.480463 5
1.8437007734611 0.496023 0.49457 0.476438 0.500023 0.49857 0.480438 5
1.8407728906142 0.496029 0.494554 0.476412 0.500029 0.498554 0.480412 5
1.8378520882727 0.496034 0.494539 0.476383 0.500034 0.498539 0.480383 5
1.8349383382755 0.49604 0.49452 0.476353 0.50004 0.49852 0.480353 5
1.8320316126153 0.496046 0.494501 0.476322 0.500046 0.498501 0.480322 5
1.8291318834371 0.496052 0.494478 0.476292 0.500052 0.498478 0.480292 5
1.8262391230373 0.496055 0.494453 0.476261 0.500055 0.498453 0.480261 5
1.8233533038628 0.496057 0.494427 0.476232 0.500057 0.498427 0.480232 5
1.8204743985099 0.496059 0.4944 0.476204 0.500059 0.4984 0.480204 5
1.8176023797232 0.496061 0.494373 0.476175 0.500061 0.498373 0.480175 5
1.8147372203944 0.496061 0.494346 0.47615 0.500061 0.498346 0.48015 5
1.811878893562 0.496061 0.49432 0.476124 0.500061 0.49832 0.480124 5
1.8090273724092 0.496061 0.494295 0.476101 0.500061 0.498295 0.480101 5
1.8061826302639 0.496061 0.494268 0.476078 0.500061 0.498268 0.480078 5
1.8033446405974 0.496061 0.494243 0.476055 0.500061 0.498243 0.480055 5
1.8005133770229 0.496059 0.494217 0.476034 0.500059 0.498217 0.480034 5
1.7976888132953 0.496057 0.494192 0.476015 0.500057 0.498192 0.480015 5
1.79487092331 0.496055 0.494169 0.475996 0.500055 0.498169 0.479996 5
1.7920596811016 0.496054 0.494144 0.475977 0.500054 0.498144 0.479977 5
1.7892550608433 0.496054 0.494121 0.47596 0.500054 0.498121 0.47996 5
1.7864570368459 0.49605 0.494099 0.475942 0.50005 0.498099 0.479942 5
1.7836655835568 0.496048 0.494076 0.475923 0.500048 0.498076 0.479923 5
1.7808806755592 0.496046 0.494055 0.475908 0.500046 0.498055 0.479908 5
1.7781022875711 0.496044 0.494034 0.475891 0.500044 0.498034 0.479891 5
1.7753303944442 0.496042 0.494013 0.475876 0.500042 0.498013 0.479876 5
1.7725649711635 0.49604 0.493992 0.475859 0.50004 0.497992 0.479859 5
1.7698059928459 0.496038 0.493971 0.475841 0.500038 0.497971 0.479841 5
1.7670534347396 0.496036 0.493952 0.475824 0.500036 0.497952 0.479824 5
1.7643072722229 0.496034 0.493931 0.475809 0.500034 0.497931 0.479809 5
1.7615674808041 0.496031 0.49391 0.47579 0.500031 0.49791 0.47979 5
1.7588340361195 0.496031 0.493891 0.475775 0.500031 0.497891 0.479775 5
1.7561069139335 0.496029 0.49387 0.475759 0.500029 0.49787 0.479759 5
1.7533860901374 0.496025 0.493849 0.475744 0.500025 0.497849 0.479744 5
1.7506715407484 0.496023 0.493828 0.475729 0.500023 0.497828 0.479729 5
1.7479633089343 0.496019 0.493807 0.475714 0.500019 0.497807 0.479714 5
1.7452611698792 0.496015 0.493786 0.475698 0.500015 0.497786 0.479698 5
1.7425653010697 0.496013 0.493767 0.475685 0.500013 0.497767 0.479685 5
1.7398756119735 0.496008 0.493746 0.475672 0.500008 0.497746 0.479672 5
1.7371920792325 0.496004 0.493727 0.475658 0.500004 0.497727 0.479658 5
1.7345146796027 0.496 0.493709 0.475647 0.5 0.497709 0.479647 5
1.7318433899609 0.495996 0.493692 0.475633 0.499996 0.497692 0.479633 5
1.7291781873031 0.495993 0.493675 0.47562 0.499993 0.497675 0.47962 5
1.7265190487441 0.495989 0.493658 0.475607 0.499989 0.497658 0.479607 5
1.7238659515168 0.495985 0.493641 0.475593 0.499985 0.497641 0.479593 5
1.7212188729713 0.495981 0.493624 0.47558 0.499981 0.497624 0.47958 5
1.7185777905739 0.495977 0.493606 0.475567 0.499977 0.497606 0.479567 5
1.7159426819069 0.495975 0.493591 0.475555 0.499975 0.497591 0.479555 5
1.7133135246674 0.49597 0.493572 0.475542 0.49997 0.497572 0.479542 5
1.7106902966666 0.495966 0.493553 0.475529 0.499966 0.497553 0.479529 5
1.7080729758291 0.49596 0.493536 0.475517 0.49996 0.497536 0.479517 5
1.7054615401925 0.495956 0.493519 0.475506 0.499956 0.497519 0.479506 5
1.7028559679061 0.495951 0.493502 0.475496 0.499951 0.497502 0.479496 5
1.7002562372304 0.495945 0.493486 0.475485 0.499945 0.497486 0.479485 5
1.6976623265366 0.495939 0.493471 0.475475 0.499939 0.497471 0.479475 5
1.6950742143057 0.495935 0.493456 0.475464 0.499935 0.497456 0.479464 5
1.6924918791277 0.495931 0.49344 0.475452 0.499931 0.49744 0.479452 5
1.6899152997011 0.495928 0.493427 0.475443 0.499928 0.497427 0.479443 5
1.6873444548319 0.495922 0.49341 0.475431 0.499922 0.49741 0.479431 5
1.6847793234334 0.495918 0.493395 0.475422 0.499918 0.497395 0.479422 5
1.682219884525 0.495912 0.493379 0.475412 0.499912 0.497379 0.479412 5
1.6796661172319 0.495907 0.493364 0.475405 0.499907 0.497364 0.479405 5
1.6771180007842 0.495901 0.493349 0.475397 0.499901 0.497349 0.479397 5
1.6745755145163 0.495895 0.493336 0.475389 0.499895 0.497336 0.479389 5
1.6720386378662 0.495891 0.493324 0.475382 0.499891 0.497324 0.479382 5
1.669507350375 0.495888 0.493313 0.475376 0.499888 0.497313 0.479376 5
1.6669816316859 0.495884 0.493301 0.475372 0.499884 0.497301 0.479372 5
1.6644614615441 0.495884 0.493294 0.47537 0.499884 0.497294 0.47937 5
1.6619468197954 0.495895 0.493292 0.475357 0.499895 0.497292 0.479357 5
1.6594376863864 0.495901 0.493278 0.475334 0.499901 0.497278 0.479334 5
1.6569340413632 0.495901 0.493261 0.475313 0.499901 0.497261 0.479313 5
1.654435864871 0.495899 0.493242 0.475294 0.499899 0.497242 0.479294 5
1.6519431371538 0.495893 0.493221 0.475275 0.499893 0.497221 0.479275 5
1.6494558385531 0.495884 0.493198 0.47526 0.499884 0.497198 0.47926 5
1.6469739495078 0.495872 0.493177 0.47525 0.499872 0.497177 0.47925 5
1.6444974505536 0.495874 0.49317 0.475246 0.499874 0.49717 0.479246 5
1.642026322322 0.495876 0.493152 0.475225 0.499876 0.497152 0.479225 5
1.6395605455401 0.495865 0.493128 0.47521 0.499865 0.497128 0.47921 5
1.6371001010298 0.495863 0.493114 0.475195 0.499863 0.497114 0.479195 5
1.6346449697072 0.495863 0.493099 0.47518 0.499863 0.497099 0.47918 5
1.6321951325822 0.495861 0.493082 0.475164 0.499861 0.497082 0.479164 5
1.6297505707576 0.495859 0.493065 0.475147 0.499859 0.497065 0.479147 5
1.6273112654289 0.495857 0.493048 0.475132 0.499857 0.497048 0.479132 5
1.6248771978833 0.495855 0.49303 0.475117 0.499855 0.49703 0.479117 5
1.6224483494995 0.495853 0.493013 0.475101 0.499853 0.497013 0.479101 5
1.6200247017471 0.495851 0.492996 0.475086 0.499851 0.496996 0.479086 5
1.6176062361855 0.495849 0.492979 0.475071 0.499849 0.496979 0.479071 5
1.6151929344643 0.495848 0.492962 0.475056 0.499848 0.496962 0.479056 5
1.612784778322 0.495846 0.492945 0.47504 0.499846 0.496945 0.47904 5
1.6103817495854 0.495844 0.492925 0.475023 0.499844 0.496925 0.479023 5
1.6079838301697 0.495842 0.492908 0.475008 0.499842 0.496908 0.479008 5
1.6055910020775 0.49584 0.492891 0.474993 0.49984 0.496891 0.478993 5
1.6032032473981 0.495838 0.492872 0.474977 0.499838 0.496872 0.478977 5
1.6008205483076 0.495836 0.492855 0.474962 0.499836 0.496855 0.478962 5
1.5984428870676 0.495832 0.492838 0.474947 0.499832 0.496838 0.478947 5
1.5960702460252 0.49583 0.492819 0.474932 0.49983 0.496819 0.478932 5
1.5937026076125 0.495828 0.492802 0.474916 0.499828 0.496802 0.478916 5
1.5913399543457 0.495827 0.492784 0.474901 0.499827 0.496784 0.478901 5
1.5889822688249 0.495825 0.492767 0.474886 0.499825 0.496767 0.478886 5
1.5866295337334 0.495823 0.49275 0.474871 0.499823 0.49675 0.478871 5
1.5842817318373 0.495821 0.492733 0.474855 0.499821 0.496733 0.478855 5
1.5819388459852 0.495819 0.492714 0.474838 0.499819 0.496714 0.478838 5
1.5796008591072 0.495817 0.492697 0.474823 0.499817 0.496697 0.478823 5
1.5772677542148 0.495817 0.492679 0.474808 0.499817 0.496679 0.478808 5
1.5749395144003 0.495815 0.492662 0.474792 0.499815 0.496662 0.478792 5
1.5726161228363 0.495815 0.492645 0.474775 0.499815 0.496645 0.478775 5
1.5702975627753 0.495813 0.492626 0.474758 0.499813 0.496626 0.478758 5
1.567983817549 0.495811 0.492609 0.474743 0.499811 0.496609 0.478743 5
1.5656748705681 0.495811 0.49259 0.474726 0.499811 0.49659 0.478726 5
1.5633707053216 0.495809 0.492571 0.474708 0.499809 0.496571 0.478708 5
1.5610713053765 0.495808 0.492552 0.474691 0.499808 0.496552 0.478691 5
1.5587766543771 0.495806 0.492533 0.474676 0.499806 0.496533 0.478676 5
1.556486736045 0.495804 0.492514 0.474659 0.499804 0.496514 0.478659 5
1.554201534178 0.495802 0.492496 0.474644 0.499802 0.496496 0.478644 5
1.5519210326502 0.4958 0.492477 0.474628 0.4998 0.496477 0.478628 5
1.5496452154112 0.495796 0.492458 0.474611 0.499796 0.496458 0.478611 5
1.5473740664858 0.495794 0.492441 0.474598 0.499794 0.496441 0.478598 5
1.5451075699736 0.495792 0.492422 0.474581 0.499792 0.496422 0.478581 5
1.5428457100484 0.49579 0.492405 0.474565 0.49979 0.496405 0.478565 5
1.5405884709578 0.49579 0.492386 0.47455 0.49979 0.496386 0.47855 5
1.5383358370229 0.495788 0.492369 0.474535 0.499788 0.496369 0.478535 5
1.5360877926378 0.495787 0.492351 0.47452 0.499787 0.496351 0.47852 5
1.5338443222689 0.495785 0.492334 0.474502 0.499785 0.496334 0.478502 5
1.5316054104551 0.495785 0.492317 0.474487 0.499785 0.496317 0.478487 5
1.5293710418066 0.495785 0.492298 0.47447 0.499785 0.496298 0.47847 5
1.5271412010051 0.495783 0.492281 0.474453 0.499783 0.496281 0.478453 5
1.5249158728031 0.495783 0.492262 0.474438 0.499783 0.496262 0.478438 5
1.5226950420235 0.495781 0.492243 0.47442 0.499781 0.496243 0.47842 5
1.5204786935592 0.495781 0.492224 0.474405 0.499781 0.496224 0.478405 5
1.5182668123726 0.495779 0.492206 0.47439 0.499779 0.496206 0.47839 5
1.5160593834956 0.495777 0.492187 0.474375 0.499777 0.496187 0.478375 5
1.5138563920287 0.495775 0.492168 0.474359 0.499775 0.496168 0.478359 5
1.5116578231407 0.495773 0.492151 0.474344 0.499773 0.496151 0.478344 5
1.5094636620686 0.495769 0.492132 0.474329 0.499769 0.496132 0.478329 5
1.5072738941169 0.495769 0.492115 0.474315 0.499769 0.496115 0.478315 5
1.5050885046572 0.495767 0.492098 0.4743 0.499767 0.496098 0.4783 5
1.5029074791281 0.495767 0.492081 0.474285 0.499767 0.496081 0.478285 5
1.5007308030346 0.495766 0.492063 0.474272 0.499766 0.496063 0.478272 5
1.4985530830933 0.495766 0.492046 0.474256 0.499766 0.496046 0.478256 5
1.4963862697806 0.495766 0.492029 0.474241 0.499766 0.496029 0.478241 5
1.4942240866819 0.495766 0.49201 0.474226 0.499766 0.49601 0.478226 5
1.4920664462611 0.495764 0.491993 0.474211 0.499764 0.495993 0.478211 5
1.4899110295293 0.495764 0.491972 0.474195 0.499764 0.495972 0.478195 5
1.4877583634232 0.495762 0.491953 0.47418 0.499762 0.495953 0.47818 5
1.4856102068105 0.49576 0.491936 0.474167 0.49976 0.495936 0.478167 5
1.4834665447103 0.495758 0.491918 0.474151 0.499758 0.495918 0.478151 5
1.4813273622096 0.495756 0.491901 0.474138 0.499756 0.495901 0.478138 5
1.4791926444632 0.495754 0.491884 0.474123 0.499754 0.495884 0.478123 5
1.4770623766933 0.495754 0.491867 0.474108 0.499754 0.495867 0.478108 5
1.4749365441891 0.495754 0.49185 0.474094 0.499754 0.49585 0.478094 5
1.4728151323061 0.495752 0.491831 0.474079 0.499752 0.495831 0.478079 5
1.4706981264663 0.495752 0.491812 0.474064 0.499752 0.495812 0.478064 5
1.4685855121571 0.49575 0.491793 0.474048 0.49975 0.495793 0.478048 5
1.4664772749317 0.495746 0.491775 0.474035 0.499746 0.495775 0.478035 5
1.4643734004081 0.495745 0.491758 0.47402 0.499745 0.495758 0.47802 5
1.4622738742691 0.495743 0.491741 0.474005 0.499743 0.495741 0.478005 5
1.4601786822616 0.495743 0.491724 0.473991 0.499743 0.495724 0.477991 5
1.4580878101968 0.495741 0.491705 0.473976 0.499741 0.495705 0.477976 5
1.4559994494445 0.495739 0.491688 0.473963 0.499739 0.495688 0.477963 5
1.4539130946544 0.495737 0.491669 0.473947 0.499737 0.495669 0.477947 5
1.4518310294636 0.495735 0.491651 0.473934 0.499735 0.495651 0.477934 5
1.4497532398892 0.495733 0.491632 0.473919 0.499733 0.495632 0.477919 5
1.4476797120112 0.495731 0.491615 0.473905 0.499731 0.495615 0.477905 5
1.4456104319714 0.495729 0.491598 0.473892 0.499729 0.495598 0.477892 5
1.4435453859731 0.495727 0.491581 0.473879 0.499727 0.495581 0.477879 5
1.4414845602812 0.495725 0.491564 0.473863 0.499725 0.495564 0.477863 5
1.4394279412215 0.495724 0.491545 0.47385 0.499724 0.495545 0.47785 5
1.4373755151802 0.495722 0.491527 0.473837 0.499722 0.495527 0.477837 5
1.4353272686041 0.49572 0.49151 0.473821 0.49972 0.49551 0.477821 5
1.4332831879998 0.495718 0.491493 0.473808 0.499718 0.495493 0.477808 5
1.4312432599335 0.495716 0.491476 0.473793 0.499716 0.495476 0.477793 5
1.4292074710307 0.495714 0.491459 0.47378 0.499714 0.495459 0.47778 5
1.4271758079758 0.495712 0.491442 0.473766 0.499712 0.495442 0.477766 5
1.425148257512 0.49571 0.491423 0.473751 0.49971 0.495423 0.477751 5
1.4231247090219 0.495708 0.491405 0.473738 0.499708 0.495405 0.477738 5
