1.4190818688353 0.49770450592041016  0.4933691024780274 0.47570896148681646  DD0806
1.4211012465037 0.49770641326904297 0.49338626861572266 0.47572231292724615  DD0805
1.4231247090219 0.49770832061767584  0.4934053421020508  0.4757375717163086  DD0804
 1.425148257512  0.4977102279663086 0.49342250823974615  0.4757509231567383  DD0803
1.4271758079758  0.4977121353149414 0.49344158172607416  0.4757661819458008  DD0802
1.4292074710307  0.4977140426635742  0.4934587478637696  0.4757795333862305  DD0801
1.4312432599335   0.497715950012207 0.49347591400146484  0.4757928848266602  DD0800
1.4332831879998  0.4977178573608399 0.49349308013916016  0.4758081436157227  DD0799
1.4353272686041  0.4977197647094726  0.4935102462768555  0.4758214950561523  DD0798
1.4373755151802  0.4977216720581054  0.4935274124145508  0.4758367538452148  DD0797
1.4394279412215  0.4977235794067382  0.4935445785522461 0.47585010528564453  DD0796
1.4414845602812 0.49772548675537104  0.4935636520385743  0.4758634567260742  DD0795
1.4435453859731  0.4977273941040039  0.4935808181762695 0.47587871551513666  DD0794
1.4456104319714  0.4977293014526368  0.4935979843139648 0.47589206695556646  DD0793
1.4476797120112  0.4977312088012695 0.49361515045166016  0.4759054183959961  DD0792
1.4497532398892  0.4977331161499024 0.49363231658935547  0.4759187698364258  DD0791
1.4518310294636  0.4977350234985351 0.49365139007568354  0.4759340286254883  DD0790
1.4539130946544 0.49773693084716797  0.4936685562133789 0.47594738006591797  DD0789
1.4559994494445 0.49773883819580084 0.49368762969970703 0.47596263885498047  DD0788
1.4580878101968 0.49774074554443365 0.49370479583740234  0.4759759902954101  DD0787
1.4601786822616 0.49774265289306646 0.49372386932373047 0.47599124908447266  DD0786
1.4622738742691  0.4977426528930664  0.4937410354614258 0.47600460052490234  DD0785
1.4643734004081 0.49774456024169916  0.4937582015991211 0.47601985931396484  DD0784
1.4664772749317 0.49774646759033203  0.4937753677368164  0.4760351181030274  DD0783
1.4685855121571  0.4977502822875977  0.4937925338745117 0.47604846954345703  DD0782
1.4706981264663 0.49775218963623047 0.49381160736083984 0.47606372833251953  DD0781
1.4728151323061 0.49775218963623047  0.4938306808471679   0.476078987121582  DD0780
1.4749365441891  0.4977540969848632  0.4938497543334961 0.47609424591064453  DD0779
1.4770623766933  0.4977540969848633  0.4938669204711914  0.4761075973510743  DD0778
1.4791926444632  0.4977540969848632  0.4938840866088867  0.4761228561401367  DD0777
1.4813273622096 0.49775600433349604 0.49390125274658203  0.4761381149291992  DD0776
1.4834665447103  0.4977579116821289 0.49391841888427734 0.47615146636962885  DD0775
1.4856102068105 0.49775981903076166 0.49393558502197266 0.47616672515869135  DD0774
1.4877583634232  0.4977617263793945  0.4939527511596679 0.47618007659912115  DD0773
1.4899110295293 0.49776363372802734  0.4939718246459961 0.47619533538818365  DD0772
1.4920664462611  0.4977636337280273 0.49399280548095703 0.47621059417724615  DD0771
1.4942240866819  0.4977655410766602  0.4940099716186523  0.4762258529663086  DD0770
1.4963862697806 0.49776554107666016 0.49402904510498047  0.4762411117553711  DD0769
1.4985530830933 0.49776554107666016  0.4940462112426758  0.4762563705444336  DD0768
1.5007308030346 0.49776554107666016  0.4940633773803711 0.47627162933349615  DD0767
1.5029074791281 0.49776744842529297  0.4940805435180664  0.4762849807739258 DD0766
1.5050885046572  0.4977674484252929  0.4940977096557618  0.4763002395629883 DD0765
1.5072738941169  0.4977693557739258   0.494114875793457  0.4763154983520508 DD0764
1.5094636620686 0.49776935577392584 0.49413204193115234  0.4763288497924805 DD0763
1.5116578231407 0.49777317047119135 0.49415111541748047  0.4763441085815429 DD0762
1.5138563920287 0.49777507781982416  0.4941682815551758  0.4763593673706054 DD0761
1.5160593834956   0.497776985168457 0.49418735504150385  0.4763746261596679 DD0760
1.5182668123726  0.4977788925170898 0.49420642852783203 0.47638988494873047 DD0759
1.5204786935592  0.4977807998657226  0.4942235946655273 0.47640514373779297 DD0758
1.5226950420235 0.49778079986572266 0.49424266815185547  0.4764204025268555 DD0757
1.5249158728031  0.4977827072143555  0.4942617416381836  0.4764375686645507 DD0756
1.5271412010051  0.4977827072143554 0.49428081512451166 0.47645282745361334 DD0755
1.5293710418066  0.4977846145629882  0.4942979812622071 0.47646999359130854 DD0754
1.5316054104551 0.49778461456298834  0.4943170547485352 0.47648715972900396 DD0753
1.5338443222689 0.49778461456298834  0.4943342208862305 0.47650241851806646 DD0752
1.5360877926378  0.4977865219116211  0.4943513870239258  0.4765195846557618 DD0751
1.5383358370229  0.4977884292602539  0.4943685531616211 0.47653484344482416 DD0750
1.5405884709578  0.4977903366088868  0.4943857192993164  0.4765501022338868 DD0749
1.5428457100484  0.4977903366088868 0.49440479278564453  0.4765653610229493 DD0748
1.5451075699736  0.4977922439575195  0.4944219589233398  0.4765806198120117 DD0747
1.5473740664858 0.49779415130615234   0.494441032409668 0.47659778594970703 DD0746
1.5496452154112 0.49779605865478516  0.4944581985473632  0.4766111373901367 DD0745
1.5519210326502  0.4977998733520507  0.4944772720336914 0.47662830352783203 DD0744
 1.554201534178  0.4978017807006836 0.49449634552001953 0.47664356231689453 DD0743
 1.556486736045  0.4978036880493164  0.4945135116577148 0.47665882110595703 DD0742
1.5587766543771  0.4978055953979492 0.49453258514404297  0.4766759872436524 DD0741
1.5610713053765  0.4978075027465821  0.4945516586303711  0.4766912460327148 DD0740
1.5633707053216 0.49780941009521484  0.4945707321166993  0.4767084121704101 DD0739
1.5656748705681 0.49781131744384766 0.49458980560302734 0.47672557830810547 DD0738
 1.567983817549 0.49781131744384766  0.4946088790893555  0.4767427444458007 DD0737
1.5702975627753 0.49781322479248047  0.4946260452270508 0.47675800323486334 DD0736
1.5726161228363  0.4978151321411132 0.49464511871337885  0.4767751693725586 DD0735
1.5749395144003  0.4978151321411133  0.4946622848510742  0.4767923355102539 DD0734
1.5772677542148 0.49781703948974615 0.49467945098876953  0.4768075942993164 DD0733
1.5796008591072  0.4978170394897461 0.49469661712646484  0.4768228530883789 DD0732
1.5819388459852 0.49781894683837896  0.4947137832641602  0.4768381118774414 DD0731
1.5842817318373 0.49782085418701166  0.4947328567504883 0.47685527801513666 DD0730
1.5866295337334  0.4978227615356445 0.49475002288818354  0.4768705368041993 DD0729
1.5889822688249 0.49782466888427734  0.4947671890258789  0.4768857955932617 DD0728
1.5913399543457  0.4978265762329102  0.4947843551635743  0.4769010543823243 DD0727
1.5937026076125  0.4978284835815429  0.4948015213012695  0.4769163131713867 DD0726
1.5960702460252 0.49783039093017584 0.49481868743896484  0.4769315719604492 DD0725
1.5984428870676  0.4978322982788086   0.494837760925293  0.4769468307495118 DD0724
1.6008205483076  0.4978361129760743  0.4948549270629883  0.4769620895385743 DD0723
1.6032032473981   0.497838020324707 0.49487209320068354 0.47697734832763666 DD0722
1.6055910020775  0.4978399276733399  0.4948911666870117  0.4769926071166992 DD0721
1.6079838301697 0.49784183502197266 0.49490833282470703  0.4770078659057617 DD0720
1.6103817495854 0.49784374237060547 0.49492549896240234  0.4770231246948242 DD0719
 1.612784778322 0.49784564971923834  0.4949445724487305  0.4770402908325196 DD0718
1.6151929344643 0.49784755706787104  0.4949617385864257   0.477055549621582 DD0717
1.6176062361855  0.4978494644165039 0.49497890472412104 0.47707080841064453 DD0716
1.6200247017471  0.4978513717651368  0.4949960708618164  0.4770860671997071 DD0715
1.6224483494995 0.49785327911376953  0.4950132369995117 0.47710132598876953 DD0714
1.6248771978833 0.49785518646240234  0.4950304031372071  0.4771165847778321 DD0713
1.6273112654289 0.49785709381103516 0.49504756927490234 0.47713184356689453 DD0712
1.6297505707576   0.497859001159668  0.4950647354125976 0.47714710235595703 DD0711
1.6321951325822  0.4978609085083008   0.495081901550293 0.47716426849365234 DD0710
1.6346449697072  0.4978628158569336  0.4950990676879883 0.47717952728271484 DD0709
1.6371001010298 0.49786281585693365  0.4951143264770508 0.47719478607177734 DD0708
1.6395605455401  0.4978647232055664 0.49512767791748047  0.4772100448608399 DD0707
 1.642026322322 0.49787616729736334 0.49515247344970703 0.47722530364990234 DD0706
1.6444974505536  0.4978742599487305  0.4951696395874024 0.47724628448486334 DD0705
1.6469739495078  0.4978723526000977 0.49517726898193365  0.4772500991821289 DD0704
1.6494558385531 0.49788379669189453 0.49519824981689453   0.477259635925293 DD0703
1.6519431371538  0.4978933334350586 0.49522113800048834  0.4772748947143555 DD0702
 1.654435864871 0.49789905548095703  0.4952421188354493  0.4772939682006836 DD0701
1.6569340413632 0.49790096282958984 0.49526119232177734 0.47731304168701166 DD0700
1.6594376863864 0.49790096282958984 0.49527835845947266 0.47733402252197266 DD0699
1.6619468197954 0.49789524078369135  0.4952917098999024 0.47735691070556635 DD0698
1.6644614615441 0.49788379669189453 0.49529361724853516  0.4773702621459961 DD0697
1.6669816316859  0.4978837966918945  0.4953012466430664 0.47737216949462896 DD0696
 1.669507350375  0.4978876113891601  0.4953126907348633 0.47737598419189453 DD0695
1.6720386378662  0.4978914260864258 0.49532413482666016 0.47738170623779297 DD0694
1.6745755145163  0.4978952407836914 0.49533557891845703  0.4773893356323242 DD0693
1.6771180007842  0.4979009628295899  0.4953489303588868 0.47739696502685547 DD0692
1.6796661172319 0.49790668487548834  0.4953641891479492  0.4774045944213868 DD0691
 1.682219884525  0.4979124069213868  0.4953794479370117 0.47741222381591797 DD0690
1.6847793234334 0.49791812896728516  0.4953947067260743 0.47742176055908203 DD0689
1.6873444548319  0.4979219436645508 0.49540996551513666 0.47743129730224615 DD0688
1.6899152997011 0.49792766571044916 0.49542713165283203   0.477442741394043 DD0687
1.6924918791277  0.4979314804077149  0.4954404830932618  0.4774522781372071 DD0686
1.6950742143057  0.4979352951049805  0.4954557418823242  0.4774637222290039 DD0685
1.6976623265366  0.4979391098022461  0.4954710006713867  0.4774751663208007 DD0684
1.7002562372304 0.49794483184814453  0.4954862594604492 0.47748470306396484 DD0683
1.7028559679061 0.49795055389404297 0.49550151824951166  0.4774961471557618 DD0682
1.7054615401925  0.4979562759399414 0.49551868438720703  0.4775056838989258 DD0681
1.7080729758291   0.497960090637207  0.4955358505249023  0.4775171279907227 DD0680
1.7106902966666  0.4979658126831055 0.49555301666259766 0.47752857208251953 DD0679
1.7133135246674  0.4979696273803711 0.49557209014892584  0.4775419235229492 DD0678
1.7159426819069  0.4979753494262696 0.49559116363525396 0.47755527496337896 DD0677
1.7185777905739 0.49797725677490234 0.49560642242431646 0.47756671905517584 DD0676
1.7212188729713 0.49798107147216797  0.4956235885620118  0.4775800704956055 DD0675
1.7238659515168  0.4979848861694336 0.49564075469970703 0.47759342193603516 DD0674
1.7265190487441  0.4979887008666993  0.4956579208374024 0.47760677337646484 DD0673
1.7291781873031  0.4979925155639648 0.49567508697509766  0.4776201248168946 DD0672
1.7318433899609  0.4979963302612304   0.495692253112793 0.47763347625732416 DD0671
1.7345146796027 0.49800014495849615  0.4957094192504883 0.47764682769775396 DD0670
1.7371920792325  0.4980039596557618  0.4957265853881836 0.47765827178955084 DD0669
1.7398756119735  0.4980077743530274  0.4957456588745117 0.47767162322998047 DD0668
1.7425653010697  0.4980134963989258  0.4957666397094726 0.47768497467041016 DD0667
1.7452611698792  0.4980154037475586 0.49578571319580084 0.47769832611083984 DD0666
1.7479633089343 0.49801921844482416  0.4958066940307617  0.4777135848999023 DD0665
1.7506715407484 0.49802303314208984  0.4958276748657226 0.47772884368896484 DD0664
1.7533860901374 0.49802494049072266  0.4958486557006836 0.47774410247802734 DD0663
1.7561069139335  0.4980287551879883  0.4958696365356445  0.4777593612670898 DD0662
1.7588340361195 0.49803066253662115 0.49589061737060547 0.47777462005615234 DD0661
1.7615674808041  0.4980306625366211 0.49590969085693365 0.47778987884521484 DD0660
1.7643072722229 0.49803447723388666 0.49593067169189453 0.47780895233154297 DD0659
1.7670534347396 0.49803638458251953 0.49595165252685547  0.4778242111206055 DD0658
1.7698059928459  0.4980382919311524  0.4959707260131836  0.4778413772583008 DD0657
1.7725649711635  0.4980401992797852  0.4959917068481445  0.4778585433959961 DD0656
1.7753303944442 0.49804210662841797 0.49601268768310547  0.4778757095336914 DD0655
1.7781022875711  0.4980440139770507 0.49603366851806635  0.4778909683227539 DD0654
1.7808806755592 0.49804592132568354  0.4960546493530273  0.4779081344604492 DD0653
1.7836655835568 0.49804782867431635  0.4960756301879883  0.4779233932495117 DD0652
1.7864570368459  0.4980497360229492 0.49609851837158203  0.4779424667358399 DD0651
1.7892550608433 0.49805355072021484  0.4961214065551758 0.47795963287353516 DD0650
1.7920596811016 0.49805355072021484  0.4961442947387696 0.47797679901123047 DD0649
  1.79487092331 0.49805545806884766 0.49616909027099615  0.4779958724975586 DD0648
1.7976888132953 0.49805736541748047 0.49619197845458984  0.4780149459838867 DD0647
1.8005133770229  0.4980592727661132 0.49621677398681635  0.4780340194702148 DD0646
1.8033446405974  0.4980611801147461  0.4962434768676758  0.4780550003051758 DD0645
1.8061826302639  0.4980611801147461  0.4962682723999023  0.4780778884887696 DD0644
1.8090273724092 0.49806118011474615 0.49629497528076166  0.4781007766723633 DD0643
 1.811878893562  0.4980611801147461 0.49631977081298834  0.4781236648559571 DD0642
1.8147372203944 0.49806118011474604  0.4963464736938477  0.4781503677368164 DD0641
1.8176023797232  0.4980611801147461 0.49637317657470703 0.47817516326904297 DD0640
1.8204743985099 0.49805927276611334 0.49639987945556646 0.47820377349853516 DD0639
1.8233533038628  0.4980573654174804  0.4964265823364258  0.4782323837280273 DD0638
1.8262391230373 0.49805545806884766 0.49645328521728516 0.47826099395751953 DD0637
1.8291318834371 0.49805164337158203  0.4964780807495118 0.47829151153564453 DD0636
1.8320316126153 0.49804592132568365  0.4965009689331055 0.47832202911376953 DD0635
1.8349383382755  0.4980401992797852 0.49652004241943365 0.47835254669189453 DD0634
1.8378520882727  0.4980344772338868  0.4965391159057618 0.47838306427001953 DD0633
1.8407728906142 0.49802875518798834  0.4965543746948243  0.4784116744995118 DD0632
1.8437007734611  0.4980230331420898  0.4965696334838868  0.4784383773803711 DD0631
1.8466357651292 0.49801731109619146  0.4965848922729492 0.47846317291259766 DD0630
1.8495778940896  0.4980096817016602 0.49659824371337896 0.47848987579345703 DD0629
1.8525271889707 0.49800586700439453 0.49661350250244146  0.4785127639770508 DD0628
1.8554836785585 0.49800014495849615  0.4966268539428711 0.47853565216064453 DD0627
1.8584473917982  0.4979944229125977  0.4966402053833008  0.4785604476928711 DD0626
1.8614183577949  0.4979887008666992 0.49665164947509766 0.47858333587646484 DD0625
1.8643966058151  0.4979848861694336 0.49666500091552734  0.4786043167114258 DD0624
1.8673821652878 0.49797916412353516  0.4966764450073242  0.4786252975463867 DD0623
1.8703750658055 0.49797153472900385 0.49668788909912104  0.4786481857299804 DD0622
1.8733753371252  0.4979658126831054  0.4966993331909179 0.47866916656494135 DD0621
  1.87638300917 0.49796199798583984 0.49670886993408203 0.47869205474853516 DD0620
  1.87939811203  0.4979581832885743 0.49671840667724615  0.4787130355834961 DD0619
1.8824206759636  0.4979524612426758 0.49672603607177734 0.47873401641845703 DD0618
1.8854507313984  0.4979486465454101  0.4967355728149414  0.4787530899047851 DD0617
1.8884883089329 0.49794483184814453 0.49674510955810547  0.4787721633911133 DD0616
1.8915334393373  0.4979429244995118  0.4967565536499024 0.47878932952880865 DD0615
1.8945861535551  0.4979372024536132 0.49676799774169916 0.47880840301513666 DD0614
1.8976464827038  0.4979352951049804  0.4967794418334961 0.47882556915283203 DD0613
1.9007144580769  0.4979314804077149 0.49679279327392584  0.4788427352905274 DD0612
1.9037901111445  0.4979276657104493  0.4968042373657227 0.47886180877685547 DD0611
1.9068734735547  0.4979257583618164 0.49681949615478516  0.4788789749145508 DD0610
1.9099645771353  0.4979219436645508   0.496830940246582  0.4788961410522461 DD0609
1.9130634538947  0.4979181289672851  0.4968461990356445 0.47891521453857416 DD0608
1.9161701360231 0.49791431427001953  0.4968595504760743  0.4789342880249024 DD0607
1.9192846558944 0.49791049957275396 0.49687290191650396  0.4789533615112305 DD0606
1.9224070460668  0.4979085922241211  0.4968881607055664 0.47897243499755865 DD0605
1.9255373392847 0.49790477752685547 0.49690151214599615  0.4789915084838867 DD0604
1.9286755684797 0.49790096282958984  0.4969167709350586  0.4790105819702148 DD0603
1.9318217667724  0.4978971481323242 0.49693202972412115  0.4790315628051758 DD0602
1.9349759674732 0.49789142608642584 0.49694728851318365  0.4790544509887696 DD0601
1.9381382040842 0.49788761138916016 0.49695873260498047 0.47907543182373047 DD0600
1.9413085103001  0.4978818893432617  0.4969701766967774 0.47910022735595703 DD0599
1.9444869200102 0.49787807464599604 0.49697971343994135 0.47912120819091797 DD0598
1.9476734672993  0.4978742599487304 0.49698925018310547 0.47914218902587885 DD0597
1.9508681864496 0.49787044525146484  0.4969968795776367 0.47916126251220703 DD0596
1.9540711119418 0.49786853790283203  0.4970064163208008  0.4791803359985351 DD0595
1.9572822784565 0.49786472320556635  0.4970159530639648  0.4791994094848633 DD0594
1.9605017208762  0.4978628158569336 0.49702739715576166  0.4792184829711914 DD0593
1.9637294742863 0.49785900115966797  0.4970369338989258 0.47923755645751953 DD0592
1.9669655739768  0.4978570938110352  0.4970483779907227 0.47925662994384766 DD0591
1.9702100554436 0.49785518646240234  0.4970579147338867 0.47927379608154297 DD0590
1.9734629543904 0.49785327911376953 0.49706935882568354 0.47929286956787104 DD0589
1.9767243067301  0.4978513717651367  0.4970808029174804  0.4793119430541992 DD0588
1.9799941485863  0.4978494644165039  0.4970922470092774 0.47933101654052734 DD0587
1.9832725162947  0.4978494644165039 0.49710369110107416 0.47934818267822266 DD0586
1.9865594464051  0.4978475570678711  0.4971151351928711  0.4793672561645508 DD0585
1.9898549756827  0.4978456497192383 0.49712657928466797  0.4793863296508789 DD0584
1.99315914111 0.49784564971923834  0.4971380233764649  0.4794054031372071 DD0583
1.9964719798568 0.49784374237060547  0.4971494674682617 0.47942447662353516 DD0582
1.99979384142 0.497841835022  0.49716091156  0.47944355011 DD0581
 2.0031238274 0.497841835022 0.497172355652 0.479462623596 DD0580
2.00646291165 0.497839927673 0.497183799744 0.479481697083 DD0579
2.00981082028 0.497839927673 0.497195243835 0.479500770569 DD0578
 2.0131675916 0.497838020325 0.497206687927 0.479517936707 DD0577
2.01653326416 0.497838020325 0.497218132019 0.479537010193 DD0576
2.01990787675 0.497838020325 0.497231483459 0.479556083679 DD0575
2.02329146837 0.497836112976 0.497242927551 0.479575157166 DD0574
2.02668407827 0.497834205627 0.497254371643 0.479594230652 DD0573
2.03008574594 0.497834205627 0.497265815735  0.47961139679 DD0572
2.03349651109 0.497834205627 0.497277259827 0.479630470276 DD0571
2.03691641368 0.497832298279 0.497288703918 0.479647636414 DD0570
2.04034549391 0.497832298279  0.49730014801 0.479664802551 DD0569
2.04378379222  0.49783039093 0.497311592102 0.479683876038 DD0568
2.04723134931  0.49783039093 0.497321128845 0.479701042175 DD0567
2.05068820611  0.49783039093 0.497332572937 0.479718208313 DD0566
2.05415440381  0.49783039093 0.497344017029 0.479735374451 DD0565
2.05762998383  0.49783039093 0.497355461121 0.479752540588 DD0564
2.06111498788  0.49783039093 0.497366905212 0.479769706726 DD0563
2.06460945788  0.49783039093 0.497378349304 0.479786872864 DD0562
2.06811343605 0.497832298279 0.497389793396 0.479802131653 DD0561
2.07162696484 0.497832298279 0.497403144836 0.479817390442 DD0560
2.07515008697 0.497832298279 0.497416496277  0.47983455658 DD0559
2.07868284542 0.497832298279 0.497427940369 0.479849815369 DD0558
2.08222528344 0.497834205627 0.497441291809 0.479865074158 DD0557
2.08577744454 0.497834205627  0.49745464325 0.479880332947 DD0556
2.08933937252 0.497834205627  0.49746799469 0.479893684387 DD0555
2.09291111141 0.497836112976  0.49748134613 0.479908943176 DD0554
2.09649270555 0.497836112976 0.497496604919 0.479924201965 DD0553
2.10008419955 0.497836112976 0.497513771057 0.479939460754 DD0552
2.10368563827 0.497838020325 0.497529029846 0.479952812195 DD0551
 2.1072970669 0.497838020325 0.497546195984 0.479968070984 DD0550
2.11091853086 0.497839927673 0.497561454773 0.479981422424 DD0549
2.11455007588 0.497841835022 0.497580528259 0.479996681213 DD0548
2.11819174799 0.497841835022 0.497597694397 0.480010032654 DD0547
2.12184359347 0.497843742371 0.497618675232 0.480025291443 DD0546
2.12550565893 0.497845649719 0.497637748718 0.480038642883 DD0545
2.12917799125 0.497847557068  0.49766254425 0.480055809021 DD0544
2.13286063762 0.497847557068 0.497687339783 0.480072975159 DD0543
2.13655364551 0.497847557068 0.497714042664 0.480093955994 DD0542
2.14025706271 0.497845649719 0.497738838196 0.480114936829 DD0541
2.14397093731 0.497843742371 0.497761726379 0.480137825012 DD0540
 2.1476953177 0.497839927673 0.497786521912 0.480160713196 DD0539
2.15143025257 0.497838020325 0.497807502747 0.480183601379 DD0538
2.15517579093 0.497834205627  0.49783039093 0.480208396912 DD0537
2.15893198211  0.49783039093 0.497851371765 0.480233192444 DD0536
2.16269887575 0.497826576233   0.4978723526 0.480257987976 DD0535
 2.1664765218 0.497824668884 0.497893333435 0.480284690857 DD0534
2.17026497053 0.497820854187  0.49791431427 0.480309486389 DD0533
2.17406427256  0.49781703949 0.497937202454  0.48033618927 DD0532
 2.1778744788 0.497813224792  0.49795627594 0.480359077454 DD0531
2.18169564051 0.497807502747 0.497979164124 0.480385780334 DD0530
2.18552780928 0.497805595398 0.498000144958 0.480408668518 DD0529
2.18937103703 0.497807502747 0.498019218445 0.480443000793 DD0528
2.19322537601 0.497805595398  0.49804019928 0.480469703674 DD0527
2.19709087883 0.497803688049 0.498059272766 0.480494499207 DD0526
2.20096759842 0.497796058655  0.49808216095 0.480513572693 DD0525
2.20485558808  0.49778842926 0.498110771179  0.48051738739 DD0524
2.20875490142 0.497786521912 0.498139381409 0.480523109436 DD0523
2.21266559244 0.497784614563 0.498167991638 0.480528831482 DD0522
2.21658771548 0.497786521912 0.498190879822 0.480544090271 DD0521
2.22052132522  0.49778842926 0.498209953308 0.480547904968 DD0520
2.22446647674 0.497784614563 0.498238563538 0.480551719666 DD0519
2.22842322544 0.497778892517 0.498269081116 0.480565071106 DD0518
2.23239162711 0.497778892517 0.498291969299 0.480584144592 DD0517
2.23637173791 0.497782707214 0.498307228088 0.480593681335 DD0516
2.24036361436 0.497782707214 0.498330116272 0.480599403381 DD0515
2.24436731334 0.497780799866 0.498356819153 0.480607032776 DD0514
2.24838313276 0.497778892517 0.498383522034 0.480618476868 DD0513
2.25241040853  0.49777507782 0.498412132263 0.480631828308 DD0512
2.25644992041 0.497771263123 0.498438835144 0.480648994446 DD0511
2.26050148626 0.497769355774 0.498461723328 0.480668067932 DD0510
2.26456516492 0.497769355774 0.498480796814 0.480687141418 DD0509
 2.2686410156 0.497771263123 0.498497962952 0.480702400208 DD0508
2.27272909793 0.497773170471 0.498515129089 0.480713844299 DD0507
2.27682947194  0.49777507782 0.498534202576 0.480725288391 DD0506
2.28094219804  0.49777507782 0.498557090759 0.480734825134 DD0505
2.28506733707  0.49777507782 0.498579978943 0.480744361877 DD0504
2.28920495029  0.49777507782 0.498602867126 0.480755805969 DD0503
2.29335509935 0.497773170471 0.498629570007 0.480767250061 DD0502
2.29751784634 0.497773170471 0.498656272888 0.480780601501 DD0501
2.30169325377 0.497771263123 0.498682975769 0.480793952942 DD0500
2.30588138457 0.497771263123 0.498711585999 0.480809211731 DD0499
 2.3100823021 0.497769355774 0.498740196228 0.480826377869 DD0498
2.31429607016 0.497767448425 0.498768806458 0.480843544006 DD0497
  2.318522753 0.497765541077 0.498795509338  0.48086643219 DD0496
2.32276241527 0.497763633728 0.498820304871 0.480889320374 DD0495
2.32701512212 0.497763633728 0.498843193054 0.480912208557 DD0494
 2.3312809391 0.497763633728 0.498864173889 0.480935096741 DD0493
2.33555993226 0.497765541077 0.498885154724 0.480956077576 DD0492
2.33985216806 0.497769355774  0.49890422821 0.480977058411 DD0491
2.34415771346 0.497771263123 0.498925209045 0.480996131897 DD0490
2.34847663588 0.497773170471 0.498944282532 0.481017112732 DD0489
2.35280900318 0.497776985168 0.498963356018  0.48103427887 DD0488
2.35715488372 0.497778892517 0.498982429504 0.481053352356 DD0487
2.36151434634 0.497782707214 0.498999595642 0.481070518494 DD0486
2.36588746036 0.497786521912 0.499018669128 0.481087684631 DD0485
2.37027429557 0.497790336609 0.499039649963 0.481104850769 DD0484
2.37467492227 0.497792243958  0.49905872345 0.481122016907 DD0483
2.37908941125 0.497797966003 0.499077796936 0.481137275696 DD0482
 2.3835178338 0.497801780701 0.499096870422 0.481152534485 DD0481
 2.3879602617 0.497803688049 0.499115943909 0.481171607971 DD0480
2.39241676727 0.497803688049 0.499133110046 0.481188774109 DD0479
2.39688742332 0.497807502747 0.499150276184 0.481204032898 DD0478
2.40137230317 0.497811317444 0.499171257019 0.481221199036 DD0477
 2.4058714807 0.497813224792 0.499190330505 0.481236457825 DD0476
2.41038503029  0.49781703949 0.499209403992 0.481251716614 DD0475
2.41491302684 0.497822761536 0.499230384827 0.481266975403 DD0474
2.41945554583 0.497828483582 0.499251365662 0.481282234192 DD0473
2.42401266324 0.497832298279 0.499272346497 0.481295585632 DD0472
2.42858445562 0.497838020325  0.49929523468 0.481310844421 DD0471
2.43317100006 0.497845649719 0.499316215515 0.481322288513 DD0470
2.43777237423 0.497851371765 0.499339103699 0.481337547302 DD0469
2.44238865633 0.497862815857 0.499361991882 0.481347084045 DD0468
2.44701992515 0.497866630554  0.49939250946 0.481364250183 DD0467
2.45166626005   0.4978723526 0.499415397644 0.481377601624 DD0466
2.45632774096 0.497878074646 0.499430656433 0.481381416321 DD0465
2.46100444841 0.497889518738 0.499459266663 0.481385231018 DD0464
 2.4656964635 0.497895240784 0.499487876892 0.481394767761 DD0463
2.47040386793 0.497899055481 0.499516487122 0.481406211853 DD0462
2.47512674401  0.49790096283 0.499545097351 0.481419563293 DD0461
2.47986517465 0.497902870178 0.499571800232 0.481434822083 DD0460
2.48461924336 0.497904777527 0.499598503113 0.481450080872 DD0459
2.48938903429 0.497904777527 0.499623298645 0.481465339661 DD0458
2.49417463215 0.497902870178 0.499648094177  0.48148059845 DD0457
2.49897650109  0.49790096283 0.499672889709 0.481497764587 DD0456
 2.5037935911 0.497899055481 0.499695777893 0.481514930725 DD0455
2.50862712481 0.497897148132 0.499720573425 0.481532096863 DD0454
2.51347681088 0.497895240784 0.499743461609    0.481549263 DD0453
2.51834273727 0.497893333435 0.499766349792 0.481566429138 DD0452
2.52322499262 0.497889518738 0.499787330627 0.481585502625 DD0451
2.52812366621 0.497885704041 0.499810218811 0.481602668762 DD0450
2.53303884801 0.497881889343 0.499831199646 0.481621742249 DD0449
2.53797062865 0.497878074646 0.499852180481 0.481638908386 DD0448
2.54291909946 0.497874259949 0.499873161316 0.481657981873 DD0447
2.54788435246 0.497899055481 0.499842643738 0.481623649597 DD0446
2.55286648036 0.497868537903 0.499915122986 0.481694221497 DD0445
2.55786557658 0.497868537903 0.499936103821 0.481713294983 DD0444
2.56288173525 0.497866630554 0.499955177307 0.481732368469 DD0443
2.56791505123 0.497868537903 0.499976158142 0.481749534607 DD0442
2.57296562009 0.497870445251 0.499999046326 0.481768608093 DD0441
2.57803353814   0.4978723526 0.500021934509  0.48178768158 DD0440
2.58311890242 0.497874259949 0.500044822693 0.481806755066 DD0439
2.58822181074 0.497876167297 0.500067710876 0.481823921204 DD0438
2.59334236164 0.497879981995 0.500094413757 0.481841087341 DD0437
2.59848065444 0.497885704041 0.500121116638  0.48185634613 DD0436
2.60363678922 0.497893333435 0.500149726868 0.481873512268 DD0435
2.60881086684  0.49790096283 0.500182151794 0.481892585754 DD0434
2.61400298894 0.497906684875 0.500214576721 0.481911659241 DD0433
2.61921325797 0.497912406921 0.500247001648 0.481930732727 DD0432
2.62444177715 0.497918128967 0.500279426575 0.481951713562 DD0431
2.62968865053 0.497921943665 0.500311851501 0.481972694397 DD0430
2.63495398297  0.49792766571 0.500344276428 0.481993675232 DD0429
2.64023788017 0.497931480408 0.500378608704 0.482014656067 DD0428
2.64554044864 0.497937202454  0.50041103363  0.48203754425 DD0427
2.65086179573 0.497939109802 0.500443458557 0.482060432434 DD0426
2.65620202968 0.497941017151 0.500475883484 0.482083320618 DD0425
2.66156125953   0.4979429245 0.500508308411 0.482106208801 DD0424
2.66693959523 0.497944831848 0.500540733337 0.482131004333 DD0423
2.67233714759 0.497948646545 0.500573158264 0.482151985168 DD0422
 2.6777540283 0.497952461243  0.50060749054 0.482176780701 DD0421
2.68319034997 0.497954368591 0.500639915466 0.482201576233 DD0420
2.68864622607 0.497920036316 0.500643730164 0.482329368591 DD0419
2.69412177102 0.497961997986 0.500706672668 0.482254981995 DD0418
2.69961710014 0.497963905334 0.500739097595 0.482283592224 DD0417
2.70513232968 0.497939109802 0.500708580017 0.482380867004 DD0416
2.71066757686  0.49796962738 0.500805854797 0.482340812683 DD0415
2.71622295981 0.497950553894 0.500754356384 0.482413291931 DD0414
2.72179859765 0.497975349426 0.500868797302 0.482403755188 DD0413
2.72739461045 0.497977256775  0.50089931488 0.482436180115 DD0412
2.73301111927 0.497979164124  0.50092792511 0.482468605042 DD0411
2.73864824615 0.497981071472 0.500954627991 0.482502937317 DD0410
 2.7443061141 0.497986793518 0.500878334045 0.482487678528 DD0409
2.74998541481 0.497994422913 0.500906944275 0.482502937317 DD0408
2.75568457079 0.498002052307 0.500933647156 0.482520103455 DD0407
2.76140541061  0.49801158905 0.500960350037 0.482535362244 DD0406
2.76714749396 0.498021125793 0.500988960266 0.482550621033 DD0405
2.77291094905 0.498028755188 0.501019477844 0.482569694519 DD0404
2.77869590516 0.498036384583 0.501048088074 0.482586860657 DD0403
2.78450249264 0.498045921326 0.501076698303 0.482604026794 DD0402
2.79033084294  0.49805355072 0.501105308533 0.482623100281 DD0401
2.79618108859 0.498061180115 0.501135826111 0.482640266418 DD0400
2.80205336325 0.498068809509 0.501166343689 0.482659339905 DD0399
2.80794780169 0.498076438904 0.501194953918 0.482676506042 DD0398
2.81386453982 0.498084068298 0.501227378845 0.482695579529 DD0397
2.81980371471 0.498089790344 0.501255989075 0.482716560364 DD0396
2.82576546457 0.498097419739 0.501286506653  0.48273563385 DD0395
2.83174992879 0.498105049133 0.501315116882 0.482756614685 DD0394
2.83775724794 0.498110771179 0.501343727112  0.48277759552 DD0393
2.84378756381 0.498118400574 0.501372337341 0.482798576355 DD0392
2.84984101937 0.498126029968 0.501400947571  0.48281955719 DD0391
2.85591775883 0.498133659363 0.501427650452 0.482840538025 DD0390
2.86201792765 0.498139381409 0.501456260681  0.48286151886 DD0389
2.86814167251 0.498147010803 0.501484870911 0.482882499695 DD0388
2.87428914139 0.498154640198  0.50151348114 0.482901573181 DD0387
2.88046048351 0.498162269592  0.50154209137 0.482922554016 DD0386
2.88665584942 0.498169898987 0.501570701599 0.482943534851 DD0385
2.89287539095 0.498175621033 0.501599311829 0.482964515686 DD0384
2.89911926126 0.498183250427 0.501627922058 0.482985496521 DD0383
2.90538761486 0.498190879822 0.501656532288 0.483006477356 DD0382
 2.9116806076 0.498196601868 0.501687049866 0.483027458191 DD0381
2.91799839668 0.498204231262 0.501713752747 0.483050346375 DD0380
2.92434114071 0.498209953308 0.501742362976 0.483071327209 DD0379
2.93070899968 0.498215675354 0.501769065857 0.483094215393 DD0378
2.93710213499 0.498223304749 0.501797676086 0.483117103577 DD0377
2.94352070948 0.498230934143 0.501824378967 0.483138084412 DD0376
2.94996488743 0.498238563538 0.501851081848 0.483159065247 DD0375
2.95643483458 0.498246192932 0.501879692078 0.483180046082 DD0374
2.96293071814 0.498251914978 0.501906394958 0.483202934265 DD0373
2.96945270684 0.498259544373 0.501933097839 0.483225822449 DD0372
2.97600097088 0.498265266418 0.501957893372 0.483248710632 DD0371
2.98257568203 0.498272895813 0.501984596252 0.483269691467 DD0370
2.98917701356 0.498280525208 0.502011299133 0.483292579651 DD0369
2.99580538563 0.498288154602 0.502039909363 0.483315467834 DD0368
3.00246023892 0.498293876648 0.502066612244 0.483338356018 DD0367
 3.0091424872 0.498301506042 0.502093315125 0.483361244202 DD0366
3.01585206488 0.498307228088 0.502120018005 0.483384132385 DD0365
3.02258915329 0.498314857483 0.502146720886 0.483407020569 DD0364
3.02935393536 0.498320579529 0.502171516418 0.483429908752 DD0363
3.03614659574 0.498328208923 0.502198219299 0.483452796936 DD0362
3.04296732074 0.498333930969  0.50222492218  0.48347568512 DD0361
3.04981629843 0.498341560364 0.502251625061 0.483498573303 DD0360
3.05669371856 0.498349189758 0.502278327942 0.483521461487 DD0359
3.06359977268 0.498354911804 0.502305030823  0.48354434967 DD0358
3.07053465409 0.498362541199 0.502331733704 0.483567237854 DD0357
3.07749855791 0.498370170593 0.502358436584 0.483590126038 DD0356
3.08449168106 0.498377799988 0.502387046814 0.483613014221 DD0355
3.09151422231 0.498385429382 0.502413749695 0.483635902405 DD0354
3.09856638229 0.498393058777 0.502440452576 0.483660697937 DD0353
 3.1056483635 0.498400688171 0.502469062805 0.483683586121 DD0352
3.11276037039 0.498406410217 0.502495765686 0.483706474304 DD0351
3.11990260928 0.498414039612 0.502522468567 0.483731269836 DD0350
 3.1270752885 0.498419761658 0.502549171448 0.483756065369 DD0349
3.13427861833 0.498427391052 0.502575874329 0.483780860901 DD0348
3.14151281104 0.498435020447 0.502602577209 0.483803749084 DD0347
3.14877808094 0.498442649841  0.50262928009 0.483828544617 DD0346
 3.1560746444 0.498450279236  0.50265789032 0.483853340149 DD0345
3.16340271985 0.498456001282 0.502682685852 0.483878135681 DD0344
3.17076252782 0.498463630676 0.502709388733 0.483902931213 DD0343
3.17815429096 0.498471260071 0.502736091614 0.483925819397 DD0342
 3.1855782341 0.498478889465 0.502760887146 0.483950614929 DD0341
3.19303458422  0.49848651886 0.502785682678 0.483975410461 DD0340
3.20052357053 0.498494148254 0.502812385559 0.484000205994 DD0339
3.20804542444 0.498501777649 0.502837181091 0.484026908875 DD0338
3.21560037965 0.498509407043 0.502863883972 0.484053611755 DD0337
3.22318867213 0.498517036438 0.502888679504 0.484078407288 DD0336
 3.2308105402 0.498526573181 0.502913475037 0.484105110168 DD0335
3.23846622448 0.498534202576 0.502938270569 0.484129905701 DD0334
  3.246155968 0.498543739319 0.502963066101 0.484156608582 DD0333
3.25388001619 0.498551368713 0.502987861633 0.484183311462 DD0332
 3.2616386169 0.498560905457 0.503012657166 0.484208106995 DD0331
3.26943202047   0.4985704422 0.503039360046 0.484234809875 DD0330
3.27726047972 0.498578071594 0.503064155579 0.484259605408 DD0329
3.28512425001 0.498587608337 0.503088951111  0.48428440094 DD0328
3.29302358927 0.498597145081 0.503115653992 0.484311103821 DD0327
3.30095875801 0.498606681824 0.503140449524 0.484335899353 DD0326
3.30893001938 0.498614311218 0.503167152405 0.484362602234 DD0325
3.31693763918 0.498623847961 0.503191947937 0.484389305115 DD0324
3.32498188593 0.498631477356 0.503218650818 0.484414100647 DD0323
3.33306303085 0.498641014099  0.50324344635 0.484440803528 DD0322
3.34118134796 0.498648643494 0.503270149231 0.484467506409 DD0321
3.34933711407 0.498658180237 0.503294944763 0.484492301941 DD0320
3.35753060882 0.498665809631 0.503319740295 0.484519004822 DD0319
3.36576211474 0.498673439026 0.503344535828 0.484543800354 DD0318
3.37403191728 0.498682975769 0.503371238708 0.484570503235 DD0317
3.38234030482 0.498690605164 0.503396034241 0.484595298767 DD0316
3.39068756876 0.498700141907 0.503420829773 0.484622001648 DD0315
3.39907400353 0.498707771301 0.503445625305  0.48464679718 DD0314
 3.4074999066 0.498715400696 0.503472328186 0.484673500061 DD0313
3.41596557859  0.49872303009 0.503497123718 0.484698295593 DD0312
3.42447132326 0.498732566833  0.50352191925 0.484724998474 DD0311
3.43301744757 0.498740196228 0.503546714783 0.484751701355 DD0310
3.44160426172 0.498747825623 0.503571510315 0.484776496887 DD0309
3.45023207918 0.498757362366 0.503596305847 0.484803199768 DD0308
3.45890121678  0.49876499176 0.503621101379 0.484829902649 DD0307
3.46761199469 0.498772621155 0.503645896912 0.484854698181 DD0306
3.47636473651 0.498780250549 0.503670692444 0.484881401062 DD0305
 3.4851597693 0.498787879944 0.503695487976 0.484908103943 DD0304
3.49399771037 0.498795509338 0.503720283508 0.484934806824 DD0303
3.50287803381 0.498803138733 0.503745079041 0.484961509705 DD0302
3.51180193737 0.498812675476 0.503769874573 0.484988212585 DD0301
3.52076947581 0.498820304871 0.503794670105 0.485014915466 DD0300
3.52978099426 0.498827934265 0.503817558289 0.485041618347 DD0299
3.53883684159 0.498837471008 0.503842353821 0.485068321228 DD0298
3.54793737052 0.498845100403 0.503865242004 0.485095024109 DD0297
3.55708293761 0.498852729797 0.503890037537 0.485123634338 DD0296
3.56627390335 0.498860359192  0.50391292572 0.485150337219 DD0295
3.57551063221 0.498867988586 0.503935813904 0.485178947449 DD0294
3.58479349268  0.49887752533 0.503958702087  0.48520565033 DD0293
3.59412285736 0.498885154724 0.503981590271  0.48523235321 DD0292
3.60349910299 0.498892784119 0.504004478455 0.485259056091 DD0291
3.61292261051 0.498902320862  0.50402545929 0.485287666321 DD0290
3.62239376513 0.498909950256 0.504048347473 0.485314369202 DD0289
3.63191295639 0.498917579651 0.504069328308 0.485341072083 DD0288
3.64148057822 0.498927116394 0.504092216492 0.485367774963 DD0287
  3.651097029 0.498936653137 0.504113197327 0.485396385193 DD0286
3.66076271163 0.498944282532  0.50413608551 0.485421180725 DD0285
3.67047803359 0.498955726624 0.504158973694 0.485447883606 DD0284
3.68024340701 0.498965263367 0.504179954529 0.485474586487 DD0283
3.69005924874  0.49897480011 0.504202842712 0.485499382019 DD0282
 3.6999259804 0.498986244202 0.504227638245 0.485524177551 DD0281
 3.7098440285 0.498995780945 0.504250526428 0.485550880432 DD0280
3.71981382444 0.499003410339  0.50427532196 0.485577583313 DD0279
3.72983580463 0.499012947083 0.504300117493 0.485604286194 DD0278
3.73991041058 0.499022483826 0.504323005676 0.485630989075 DD0277
3.75003808891 0.499032020569  0.50434589386 0.485657691956 DD0276
 3.7602192915 0.499041557312 0.504370689392 0.485684394836 DD0275
 3.7704544755 0.499051094055 0.504395484924 0.485711097717 DD0274
3.78074410348 0.499060630798 0.504420280457  0.48573589325 DD0273
3.79108864344 0.499070167542 0.504445075989  0.48576259613 DD0272
3.80148856895 0.499077796936 0.504469871521 0.485789299011 DD0271
3.81194435921 0.499087333679 0.504496574402 0.485814094543 DD0270
3.82245649911 0.499094963074 0.504521369934 0.485840797424 DD0269
3.83302547938 0.499102592468 0.504546165466 0.485867500305 DD0268
3.84365179662 0.499110221863 0.504570960999 0.485894203186 DD0267
3.85433595341 0.499117851257 0.504595756531 0.485920906067 DD0266
3.86507845842 0.499125480652 0.504620552063 0.485947608948 DD0265
3.87587982647 0.499133110046 0.504643440247 0.485974311829 DD0264
3.88674057866 0.499140739441 0.504668235779 0.486002922058 DD0263
3.89766124244 0.499148368835 0.504691123962 0.486029624939 DD0262
3.90864235171 0.499157905579 0.504714012146 0.486054420471 DD0261
3.91968444696 0.499167442322 0.504740715027 0.486079216003 DD0260
3.93078807532 0.499173164368 0.504767417908 0.486105918884 DD0259
 3.9419537907 0.499178886414  0.50479221344 0.486132621765 DD0258
3.95318215387 0.499186515808 0.504817008972 0.486159324646 DD0257
3.96447373261 0.499192237854 0.504841804504 0.486186027527 DD0256
3.97582910177 0.499199867249 0.504866600037 0.486214637756 DD0255
3.98724884333 0.499207496643 0.504891395569 0.486241340637 DD0254
3.99873457211 0.499215126038 0.504914283752 0.486269950867 DD0253
4.01028380925 0.499222755432 0.504939079285 0.486296653748 DD0252
4.02190023464 0.499230384827 0.504961967468 0.486325263977 DD0251
4.03358343525  0.49923992157    0.504986763 0.486353874207 DD0250
4.04533403096 0.499249458313 0.505011558533 0.486380577087 DD0249
4.05715264959 0.499258995056 0.505036354065 0.486409187317 DD0248
4.06903992706 0.499268531799 0.505061149597 0.486435890198 DD0247
4.08099650744 0.499278068542 0.505085945129 0.486462593079 DD0246
4.09302304316 0.499285697937 0.505108833313 0.486491203308 DD0245
4.10512019513 0.499299049377 0.505135536194  0.48651599884 DD0244
4.11728863285 0.499302864075 0.505162239075 0.486540794373 DD0243
4.12952903459 0.499308586121  0.50518321991 0.486565589905 DD0242
4.14184208752 0.499316215515 0.505208015442 0.486596107483 DD0241
4.15422848784 0.499348640442 0.505228996277 0.486643791199 DD0240
4.16668894099 0.499331474304 0.505255699158 0.486657142639 DD0239
4.17922416173 0.499367713928 0.505278587341 0.486691474915 DD0238
4.19183487436 0.499371528625 0.505303382874  0.48671245575 DD0237
4.20452181286 0.499369621277 0.505330085754  0.48673915863 DD0236
4.21728572103 0.499369621277 0.505356788635 0.486773490906 DD0235
4.23012735271 0.499373435974 0.505381584167 0.486807823181 DD0234
4.24304747191 0.499377250671 0.505408287048 0.486840248108 DD0233
  4.256046853 0.499381065369 0.505433082581 0.486876487732 DD0232
4.26912628089 0.499390602112 0.505457878113 0.486910820007 DD0231
4.28228655122 0.499396324158 0.505482673645 0.486943244934 DD0230
4.29552847053 0.499403953552 0.505507469177 0.486973762512 DD0229
4.30885285647 0.499411582947 0.505532264709 0.487008094788 DD0228
4.32226053798  0.49942111969 0.505557060242 0.487038612366 DD0227
 4.3357523555 0.499426841736 0.505579948425 0.487071037292 DD0226
4.34932916116 0.499436378479 0.505602836609 0.487103462219 DD0225
4.36299181901 0.499442100525 0.505625724792 0.487133979797 DD0224
4.37674120521 0.499451637268 0.505650520325 0.487164497375 DD0223
4.39057820826 0.499459266663 0.505673408508 0.487196922302 DD0222
4.40450372922 0.499468803406 0.505698204041 0.487229347229 DD0221
4.41851868194 0.499480247498 0.505722999573 0.487263679504 DD0220
4.43262399328 0.499491691589 0.505745887756 0.487292289734 DD0219
4.44682060335 0.499499320984 0.505770683289 0.487322807312 DD0218
4.46110946578 0.499508857727 0.505795478821 0.487351417542 DD0217
4.47549154791  0.49951839447 0.505818367004 0.487380027771 DD0216
 4.4899678311 0.499613761902 0.505808830261 0.487288475037 DD0215
4.50453931097 0.499617576599  0.50582408905 0.487315177917 DD0214
4.51920699764 0.499625205994 0.505854606628 0.487347602844 DD0213
4.53397191604  0.49963092804 0.505879402161 0.487376213074 DD0212
4.54883510616 0.499634742737 0.505902290344    0.487408638 DD0211
4.56379762334 0.499638557434 0.505925178528 0.487439155579 DD0210
4.57886053856 0.499646186829  0.50594997406 0.487469673157 DD0209
4.59402493874 0.499648094177 0.505974769592 0.487504005432 DD0208
4.60929192703 0.499651908875 0.505999565125 0.487538337708 DD0207
4.62466262316 0.499651908875 0.506058692932  0.48766040802 DD0206
4.64013816369  0.49965763092  0.50604724884 0.487603187561 DD0205
4.65571970238 0.499682426453 0.506106376648 0.487708091736 DD0204
4.67140841054 0.499697685242 0.506129264832 0.487730979919 DD0203
4.68720547731 0.499714851379 0.506152153015 0.487751960754 DD0202
4.70311211006 0.499730110168 0.506175041199 0.487774848938 DD0201
4.71912953474  0.49974155426 0.506197929382 0.487795829773 DD0200
 4.7352589962 0.499752998352 0.506220817566 0.487816810608 DD0199
4.75150175863 0.499764442444  0.50624370575 0.487839698792 DD0198
4.76785910589 0.499773979187 0.506266593933 0.487862586975 DD0197
4.78433234194 0.499785423279 0.506291389465  0.48788356781 DD0196
4.80092279121 0.499794960022   0.5063123703 0.487906455994 DD0195
4.81763179903 0.499806404114 0.506335258484 0.487927436829 DD0194
4.83446073204  0.49981212616 0.506356239319 0.487946510315 DD0193
4.85141097864 0.499821662903 0.506381034851  0.48796749115 DD0192
4.86848394941 0.499829292297 0.506400108337 0.487990379333 DD0191
4.88568107758 0.499836921692  0.50642490387 0.488013267517 DD0190
4.90300381948 0.499846458435 0.506443977356 0.488036155701 DD0189
4.92045365504 0.499855995178  0.50646686554 0.488060951233 DD0188
4.93803208824 0.499863624573 0.506489753723 0.488083839417 DD0187
4.95574064767 0.499871253967 0.506512641907 0.488108634949 DD0186
4.97358088686  0.49988079071  0.50653553009 0.488131523132 DD0185
4.99155534646 0.499886512756 0.506558418274 0.488156318665 DD0184
5.00966274837 0.499897956848 0.506579399109 0.488179206848 DD0183
5.02790760803 0.499903678894 0.506600379944  0.48820400238 DD0182
5.04629062378 0.499915122986 0.506625175476 0.488228797913 DD0181
5.06481348287  0.49992275238  0.50664806366 0.488251686096 DD0180
5.08347790102 0.499932289124 0.506672859192 0.488276481628 DD0179
  5.102285623 0.499939918518 0.506695747375 0.488301277161 DD0178
 5.1212384233 0.499949455261 0.506718635559 0.488326072693 DD0177
5.14033810674 0.499960899353 0.506743431091 0.488350868225 DD0176
5.15958650916 0.499968528748 0.506764411926 0.488377571106 DD0175
5.17898549807 0.499979972839 0.506791114807 0.488404273987 DD0174
5.19853697339 0.499987602234 0.506814002991 0.488429069519 DD0173
5.21824286815 0.499997138977  0.50684261322   0.4884557724 DD0172
 5.2381051492 0.500004768372 0.506867408752 0.488476753235 DD0171
5.25812581801 0.500016212463 0.506892204285 0.488503456116 DD0170
5.27830691142 0.500021934509 0.506915092468 0.488524436951 DD0169
5.29865050248 0.500029563904 0.506936073303 0.488551139832 DD0168
 5.3191587012 0.500041007996 0.506960868835 0.488577842712 DD0167
5.33983365548 0.500044822693 0.506985664368 0.488598823547 DD0166
5.36067755189 0.500056266785 0.507004737854  0.48862361908 DD0165
5.38169261666 0.500070571899  0.50701713562 0.488653182983 DD0164
5.40288111651 0.500080108643  0.50704574585 0.488681793213 DD0163
5.42424535963 0.500080108643 0.507076263428 0.488704681396 DD0162
5.44578769668 0.500087738037 0.507099151611  0.48872756958 DD0161
5.46751052172 0.500099182129 0.507118225098 0.488746643066 DD0160
5.48941627331 0.500114440918 0.507148742676 0.488777160645 DD0159
 5.5115074355 0.500114440918 0.507164001465 0.488807678223 DD0158
5.53378653897 0.500129699707 0.507194519043 0.488838195801 DD0157
5.55625616212 0.500144958496 0.507225036621  0.48885345459 DD0156
5.57891893223 0.500144958496  0.50724029541 0.488883972168 DD0155
5.60177752664 0.500160217285 0.507270812988 0.488914489746 DD0154
5.62483467398 0.500160217285 0.507286071777 0.488945007324 DD0153
5.64809315541 0.500175476074 0.507316589355 0.488960266113 DD0152
5.67155580594 0.500190734863 0.507347106934 0.488990783691 DD0151
5.69522551575 0.500190734863 0.507362365723  0.48902130127 DD0150
5.71910523154 0.500205993652 0.507392883301 0.489051818848 DD0149
5.74319795799 0.500198364258 0.507400512695 0.489059448242 DD0148
5.76750675919 0.500221252441 0.507438659668 0.489097595215 DD0147
5.79203476016  0.50023651123 0.507469177246 0.489143371582 DD0146
5.81678514836 0.500228881836  0.50749206543 0.489151000977 DD0145
5.84176117534 0.500259399414 0.507522583008 0.489181518555 DD0144
5.86696615838 0.500259399414 0.507522583008 0.489212036133 DD0143
5.89240348214 0.500259399414 0.507553100586 0.489242553711 DD0142
5.91807660047 0.500289916992 0.507583618164 0.489273071289 DD0141
 5.9439890382 0.500289916992 0.507614135742 0.489303588867 DD0140
5.97014439277  0.50032043457  0.50764465332 0.489334106445 DD0139
5.99654864503  0.50032043457  0.50764465332 0.489364624023 DD0138
6.02319862032  0.50032043457 0.507675170898 0.489395141602 DD0137
6.05010507006  0.50032043457 0.507705688477  0.48942565918 DD0136
6.07726959548 0.500289916992 0.507736206055 0.489547729492 DD0135
6.10469618865 0.500350952148 0.507736206055 0.489486694336 DD0134
6.13238892703 0.500350952148 0.507766723633 0.489517211914 DD0133
6.16035197582 0.500396728516 0.507843017578 0.489532470703 DD0132
6.18858959035 0.500396728516 0.507843017578 0.489532470703 DD0131
6.21710611859 0.500396728516 0.507843017578 0.489593505859 DD0130
