1.7920596811016 0.50687 0.507984 0.486133 0.51087 0.511984 0.490133 5
1.79487092331 0.506866 0.507971 0.486145 0.510866 0.511971 0.490145 5
1.7976888132953 0.506861 0.507959 0.486156 0.510861 0.511959 0.490156 5
1.8005133770229 0.506857 0.507946 0.486168 0.510857 0.511946 0.490168 5
1.8033446405974 0.506851 0.507933 0.486179 0.510851 0.511933 0.490179 5
1.8061826302639 0.506847 0.507921 0.486191 0.510847 0.511921 0.490191 5
1.8090273724092 0.506842 0.507908 0.486202 0.510842 0.511908 0.490202 5
1.811878893562 0.506838 0.507894 0.486214 0.510838 0.511894 0.490214 5
1.8147372203944 0.506834 0.507883 0.486225 0.510834 0.511883 0.490225 5
1.8176023797232 0.506828 0.50787 0.486238 0.510828 0.51187 0.490238 5
1.8204743985099 0.506822 0.507856 0.48625 0.510822 0.511856 0.49025 5
1.8233533038628 0.506819 0.507843 0.486261 0.510819 0.511843 0.490261 5
1.8262391230373 0.506813 0.50783 0.486273 0.510813 0.51183 0.490273 5
1.8291318834371 0.506807 0.507816 0.486286 0.510807 0.511816 0.490286 5
1.8320316126153 0.506803 0.507803 0.486297 0.510803 0.511803 0.490297 5
1.8349383382755 0.506798 0.507789 0.486309 0.510798 0.511789 0.490309 5
1.8378520882727 0.506792 0.507776 0.486322 0.510792 0.511776 0.490322 5
1.8407728906142 0.506786 0.507763 0.486334 0.510786 0.511763 0.490334 5
1.8437007734611 0.50678 0.507749 0.486345 0.51078 0.511749 0.490345 5
1.8466357651292 0.506775 0.507734 0.486358 0.510775 0.511734 0.490358 5
1.8495778940896 0.506769 0.507721 0.48637 0.510769 0.511721 0.49037 5
1.8525271889707 0.506763 0.507707 0.486383 0.510763 0.511707 0.490383 5
1.8554836785585 0.506758 0.507692 0.486395 0.510758 0.511692 0.490395 5
1.8584473917982 0.506752 0.507679 0.486408 0.510752 0.511679 0.490408 5
1.8614183577949 0.506746 0.507664 0.48642 0.510746 0.511664 0.49042 5
1.8643966058151 0.506739 0.507648 0.486433 0.510739 0.511648 0.490433 5
1.8673821652878 0.506733 0.507635 0.486446 0.510733 0.511635 0.490446 5
1.8703750658055 0.506727 0.50762 0.486458 0.510727 0.51162 0.490458 5
1.8733753371252 0.506721 0.507606 0.486471 0.510721 0.511606 0.490471 5
1.87638300917 0.506716 0.507591 0.486482 0.510716 0.511591 0.490482 5
1.87939811203 0.506708 0.507576 0.486496 0.510708 0.511576 0.490496 5
1.8824206759636 0.506702 0.507561 0.486509 0.510702 0.511561 0.490509 5
1.8854507313984 0.506697 0.507547 0.486521 0.510697 0.511547 0.490521 5
1.8884883089329 0.506691 0.507532 0.486534 0.510691 0.511532 0.490534 5
1.8915334393373 0.506685 0.507517 0.486547 0.510685 0.511517 0.490547 5
1.8945861535551 0.506679 0.507503 0.486561 0.510679 0.511503 0.490561 5
1.8976464827038 0.506672 0.507488 0.486574 0.510672 0.511488 0.490574 5
1.9007144580769 0.506666 0.507473 0.486585 0.510666 0.511473 0.490585 5
1.9037901111445 0.50666 0.507458 0.486599 0.51066 0.511458 0.490599 5
1.9068734735547 0.506653 0.507442 0.486612 0.510653 0.511442 0.490612 5
1.9099645771353 0.506647 0.507429 0.486624 0.510647 0.511429 0.490624 5
1.9130634538947 0.506641 0.507414 0.486637 0.510641 0.511414 0.490637 5
1.9161701360231 0.506636 0.507398 0.48665 0.510636 0.511398 0.49065 5
1.9192846558944 0.50663 0.507383 0.486662 0.51063 0.511383 0.490662 5
1.9224070460668 0.506624 0.50737 0.486675 0.510624 0.51137 0.490675 5
1.9255373392847 0.506618 0.507355 0.486688 0.510618 0.511355 0.490688 5
1.9286755684797 0.506611 0.507339 0.486702 0.510611 0.511339 0.490702 5
1.9318217667724 0.506605 0.507326 0.486713 0.510605 0.511326 0.490713 5
1.9349759674732 0.506599 0.507311 0.486727 0.510599 0.511311 0.490727 5
1.9381382040842 0.506594 0.507295 0.48674 0.510594 0.511295 0.49074 5
1.9413085103001 0.506588 0.507282 0.486751 0.510588 0.511282 0.490751 5
1.9444869200102 0.506582 0.507267 0.486765 0.510582 0.511267 0.490765 5
1.9476734672993 0.506576 0.507252 0.486776 0.510576 0.511252 0.490776 5
1.9508681864496 0.506571 0.507238 0.48679 0.510571 0.511238 0.49079 5
1.9540711119418 0.506565 0.507223 0.486803 0.510565 0.511223 0.490803 5
1.9572822784565 0.506559 0.507208 0.486814 0.510559 0.511208 0.490814 5
1.9605017208762 0.506554 0.507192 0.486828 0.510554 0.511192 0.490828 5
1.9637294742863 0.506548 0.507179 0.486839 0.510548 0.511179 0.490839 5
1.9669655739768 0.506542 0.507164 0.486847 0.510542 0.511164 0.490847 5
1.9702100554436 0.506538 0.507141 0.486873 0.510538 0.511141 0.490873 5
1.9734629543904 0.506533 0.507126 0.486872 0.510533 0.511126 0.490872 5
1.9767243067301 0.506529 0.50713 0.4869 0.510529 0.51113 0.4909 5
1.9799941485863 0.506525 0.507105 0.486927 0.510525 0.511105 0.490927 5
1.9832725162947 0.506517 0.507078 0.486942 0.510517 0.511078 0.490942 5
1.9865594464051 0.50651 0.507053 0.48695 0.51051 0.511053 0.49095 5
1.9898549756827 0.506504 0.507036 0.486948 0.510504 0.511036 0.490948 5
1.99315914111 0.506498 0.507032 0.486938 0.510498 0.511032 0.490938 5
1.9964719798568 0.506496 0.507053 0.486948 0.510496 0.511053 0.490948 5
1.9997938414155 0.506494 0.507059 0.486976 0.510494 0.511059 0.490976 5
2.0031238274036 0.506492 0.507057 0.487007 0.510492 0.511057 0.491007 5
2.00646291165 0.506487 0.507051 0.487036 0.510487 0.511051 0.491036 5
2.00981082028 0.506483 0.507042 0.48706 0.510483 0.511042 0.49106 5
2.0131675916 0.506477 0.50703 0.487087 0.510477 0.51103 0.491087 5
2.01653326416 0.506471 0.507019 0.48711 0.510471 0.511019 0.49111 5
2.01990787675 0.506466 0.507006 0.487133 0.510466 0.511006 0.491133 5
2.02329146837 0.50646 0.506992 0.487154 0.51046 0.510992 0.491154 5
2.02668407827 0.506454 0.506977 0.487175 0.510454 0.510977 0.491175 5
2.03008574594 0.506449 0.506962 0.487192 0.510449 0.510962 0.491192 5
2.03349651109 0.506441 0.506946 0.487211 0.510441 0.510946 0.491211 5
2.03691641368 0.506435 0.506929 0.487228 0.510435 0.510929 0.491228 5
2.04034549391 0.506428 0.506912 0.487244 0.510428 0.510912 0.491244 5
2.04378379222 0.506422 0.506893 0.487259 0.510422 0.510893 0.491259 5
2.04723134931 0.506416 0.506874 0.487272 0.510416 0.510874 0.491272 5
2.05068820611 0.506409 0.506855 0.487284 0.510409 0.510855 0.491284 5
2.05415440381 0.506401 0.506836 0.487295 0.510401 0.510836 0.491295 5
2.05762998383 0.506395 0.506813 0.487305 0.510395 0.510813 0.491305 5
2.06111498788 0.506388 0.50679 0.487312 0.510388 0.51079 0.491312 5
2.06460945788 0.50638 0.506767 0.48732 0.51038 0.510767 0.49132 5
2.06811343605 0.506372 0.506742 0.487326 0.510372 0.510742 0.491326 5
2.07162696484 0.506365 0.506718 0.487327 0.510365 0.510718 0.491327 5
2.07515008697 0.506357 0.506691 0.487326 0.510357 0.510691 0.491326 5
2.07868284542 0.506349 0.506664 0.48732 0.510349 0.510664 0.49132 5
2.08222528344 0.506332 0.506712 0.487213 0.510332 0.510712 0.491213 5
2.08577744454 0.506328 0.506702 0.487249 0.510328 0.510702 0.491249 5
2.08933937252 0.506327 0.506689 0.487289 0.510327 0.510689 0.491289 5
2.09291111141 0.506327 0.506668 0.487329 0.510327 0.510668 0.491329 5
2.09649270555 0.506323 0.506643 0.487367 0.510323 0.510643 0.491367 5
2.10008419955 0.506321 0.506615 0.487404 0.510321 0.510615 0.491404 5
2.10368563827 0.506319 0.506588 0.487438 0.510319 0.510588 0.491438 5
2.1072970669 0.506315 0.506559 0.487469 0.510315 0.510559 0.491469 5
2.11091853086 0.506311 0.506531 0.487499 0.510311 0.510531 0.491499 5
2.11455007588 0.506307 0.506502 0.487528 0.510307 0.510502 0.491528 5
2.11819174799 0.506304 0.506473 0.487556 0.510304 0.510473 0.491556 5
2.12184359347 0.5063 0.506445 0.487583 0.5103 0.510445 0.491583 5
2.12550565893 0.506298 0.506416 0.48761 0.510298 0.510416 0.49161 5
2.12917799125 0.506294 0.506386 0.487636 0.510294 0.510386 0.491636 5
2.13286063762 0.506292 0.506359 0.487661 0.510292 0.510359 0.491661 5
2.13655364551 0.506288 0.50633 0.487686 0.510288 0.51033 0.491686 5
2.14025706271 0.506285 0.506304 0.487711 0.510285 0.510304 0.491711 5
2.14397093731 0.506281 0.506275 0.487736 0.510281 0.510275 0.491736 5
2.1476953177 0.506277 0.506246 0.487758 0.510277 0.510246 0.491758 5
2.15143025257 0.506273 0.506216 0.487783 0.510273 0.510216 0.491783 5
2.15517579093 0.506269 0.506187 0.487806 0.510269 0.510187 0.491806 5
2.15893198211 0.506265 0.506159 0.487831 0.510265 0.510159 0.491831 5
2.16269887575 0.506262 0.50613 0.487854 0.510262 0.51013 0.491854 5
2.1664765218 0.50626 0.506101 0.487877 0.51026 0.510101 0.491877 5
2.17026497053 0.506254 0.506073 0.4879 0.510254 0.510073 0.4919 5
2.17406427256 0.506252 0.506046 0.487923 0.510252 0.510046 0.491923 5
2.1778744788 0.506246 0.506018 0.487945 0.510246 0.510018 0.491945 5
2.18169564051 0.506245 0.505991 0.487968 0.510245 0.509991 0.491968 5
2.18552780928 0.506239 0.505962 0.487991 0.510239 0.509962 0.491991 5
2.18937103703 0.506235 0.505934 0.488014 0.510235 0.509934 0.492014 5
2.19322537601 0.506229 0.505905 0.488037 0.510229 0.509905 0.492037 5
2.19709087883 0.506225 0.505878 0.48806 0.510225 0.509878 0.49206 5
2.20096759842 0.506222 0.50585 0.488081 0.510222 0.50985 0.492081 5
2.20485558808 0.506218 0.505821 0.488104 0.510218 0.509821 0.492104 5
2.20875490142 0.506214 0.505791 0.488125 0.510214 0.509791 0.492125 5
2.21266559244 0.506208 0.505762 0.488148 0.510208 0.509762 0.492148 5
2.21658771548 0.506206 0.505733 0.48817 0.510206 0.509733 0.49217 5
2.22052132522 0.506201 0.505703 0.488191 0.510201 0.509703 0.492191 5
2.22446647674 0.506199 0.505674 0.488214 0.510199 0.509674 0.492214 5
2.22842322544 0.506195 0.505646 0.488235 0.510195 0.509646 0.492235 5
2.23239162711 0.506193 0.505619 0.488256 0.510193 0.509619 0.492256 5
2.23637173791 0.506187 0.505592 0.488279 0.510187 0.509592 0.492279 5
2.24036361436 0.506183 0.505564 0.488298 0.510183 0.509564 0.492298 5
2.24436731334 0.50618 0.505535 0.488317 0.51018 0.509535 0.492317 5
2.24838313276 0.506172 0.505508 0.488338 0.510172 0.509508 0.492338 5
2.25241040853 0.506168 0.50548 0.488355 0.510168 0.50948 0.492355 5
2.25644992041 0.506162 0.505453 0.488376 0.510162 0.509453 0.492376 5
2.26050148626 0.506157 0.505426 0.488396 0.510157 0.509426 0.492396 5
2.26456516492 0.506151 0.505398 0.488413 0.510151 0.509398 0.492413 5
2.2686410156 0.506145 0.505371 0.488432 0.510145 0.509371 0.492432 5
2.27272909793 0.50614 0.505344 0.488449 0.51014 0.509344 0.492449 5
2.27682947194 0.506134 0.505319 0.488468 0.510134 0.509319 0.492468 5
2.28094219804 0.506128 0.505293 0.488489 0.510128 0.509293 0.492489 5
2.28506733707 0.506122 0.505268 0.488508 0.510122 0.509268 0.492508 5
2.28920495029 0.506117 0.505241 0.488523 0.510117 0.509241 0.492523 5
2.29335509935 0.506111 0.505216 0.488542 0.510111 0.509216 0.492542 5
2.29751784634 0.506103 0.50519 0.488563 0.510103 0.50919 0.492563 5
2.30169325377 0.506098 0.505165 0.488581 0.510098 0.509165 0.492581 5
2.30588138457 0.506092 0.505138 0.4886 0.510092 0.509138 0.4926 5
2.3100823021 0.506086 0.505113 0.488619 0.510086 0.509113 0.492619 5
2.31429607016 0.50608 0.505089 0.488638 0.51008 0.509089 0.492638 5
2.318522753 0.506075 0.505064 0.488657 0.510075 0.509064 0.492657 5
2.32276241527 0.506067 0.505039 0.488674 0.510067 0.509039 0.492674 5
2.32701512212 0.50606 0.505012 0.488689 0.51006 0.509012 0.492689 5
2.3312809391 0.506054 0.504988 0.488712 0.510054 0.508988 0.492712 5
2.33555993226 0.506048 0.504963 0.488731 0.510048 0.508963 0.492731 5
2.33985216806 0.50604 0.504938 0.48875 0.51004 0.508938 0.49275 5
2.34415771346 0.506037 0.504913 0.488769 0.510037 0.508913 0.492769 5
2.34847663588 0.506029 0.504888 0.488788 0.510029 0.508888 0.492788 5
2.35280900318 0.506021 0.504864 0.488806 0.510021 0.508864 0.492806 5
2.35715488372 0.506016 0.504841 0.488827 0.510016 0.508841 0.492827 5
2.36151434634 0.50601 0.504816 0.488846 0.51001 0.508816 0.492846 5
2.36588746036 0.506004 0.504791 0.488865 0.510004 0.508791 0.492865 5
2.37027429557 0.505998 0.504768 0.488886 0.509998 0.508768 0.492886 5
2.37467492227 0.505987 0.504743 0.488903 0.509987 0.508743 0.492903 5
2.37908941125 0.505979 0.504719 0.48892 0.509979 0.508719 0.49292 5
2.3835178338 0.505974 0.504696 0.488941 0.509974 0.508696 0.492941 5
2.3879602617 0.505966 0.504673 0.488962 0.509966 0.508673 0.492962 5
2.39241676727 0.50596 0.504648 0.488979 0.50996 0.508648 0.492979 5
2.39688742332 0.505953 0.504623 0.488998 0.509953 0.508623 0.492998 5
2.40137230317 0.505945 0.5046 0.489017 0.509945 0.5086 0.493017 5
2.4058714807 0.505939 0.504577 0.489036 0.509939 0.508577 0.493036 5
2.41038503029 0.505934 0.504555 0.489057 0.509934 0.508555 0.493057 5
2.41491302684 0.505926 0.504532 0.489076 0.509926 0.508532 0.493076 5
2.41945554583 0.505918 0.504509 0.489094 0.509918 0.508509 0.493094 5
2.42401266324 0.505909 0.504486 0.489113 0.509909 0.508486 0.493113 5
2.42858445562 0.505901 0.504463 0.489132 0.509901 0.508463 0.493132 5
2.43317100006 0.505894 0.50444 0.489149 0.509894 0.50844 0.493149 5
2.43777237423 0.505886 0.504417 0.489166 0.509886 0.508417 0.493166 5
2.44238865633 0.50588 0.504394 0.489187 0.50988 0.508394 0.493187 5
2.44701992515 0.505871 0.504371 0.489206 0.509871 0.508371 0.493206 5
2.45166626005 0.505863 0.504349 0.489225 0.509863 0.508349 0.493225 5
2.45632774096 0.505857 0.504326 0.489241 0.509857 0.508326 0.493241 5
2.46100444841 0.505846 0.504301 0.48926 0.509846 0.508301 0.49326 5
2.4656964635 0.50584 0.504278 0.489281 0.50984 0.508278 0.493281 5
2.47040386793 0.505831 0.504255 0.4893 0.509831 0.508255 0.4933 5
2.47512674401 0.505823 0.504232 0.489319 0.509823 0.508232 0.493319 5
2.47986517465 0.505815 0.504207 0.489334 0.509815 0.508207 0.493334 5
2.48461924336 0.505808 0.504185 0.489353 0.509808 0.508185 0.493353 5
2.48938903429 0.5058 0.504162 0.489372 0.5098 0.508162 0.493372 5
2.49417463215 0.505789 0.504139 0.489391 0.509789 0.508139 0.493391 5
2.49897650109 0.505779 0.504116 0.489408 0.509779 0.508116 0.493408 5
2.5037935911 0.505771 0.504093 0.489427 0.509771 0.508093 0.493427 5
2.50862712481 0.505764 0.50407 0.489448 0.509764 0.50807 0.493448 5
2.51347681088 0.505754 0.504047 0.489467 0.509754 0.508047 0.493467 5
2.51834273727 0.505747 0.504022 0.489483 0.509747 0.508022 0.493483 5
2.52322499262 0.505739 0.504 0.489504 0.509739 0.508 0.493504 5
2.52812366621 0.50573 0.503977 0.489525 0.50973 0.507977 0.493525 5
2.53303884801 0.50572 0.503952 0.489544 0.50972 0.507952 0.493544 5
2.53797062865 0.505714 0.503929 0.489561 0.509714 0.507929 0.493561 5
2.54291909946 0.505707 0.503906 0.489582 0.509707 0.507906 0.493582 5
2.54788435246 0.505693 0.503881 0.489601 0.509693 0.507881 0.493601 5
2.55286648036 0.505688 0.503858 0.48962 0.509688 0.507858 0.49362 5
2.55786557658 0.50568 0.503836 0.489639 0.50968 0.507836 0.493639 5
2.56288173525 0.505668 0.503811 0.489658 0.509668 0.507811 0.493658 5
2.56791505123 0.505661 0.503788 0.489679 0.509661 0.507788 0.493679 5
2.57296562009 0.505655 0.503765 0.489698 0.509655 0.507765 0.493698 5
2.57803353814 0.505646 0.50374 0.489717 0.509646 0.50774 0.493717 5
2.58311890242 0.505636 0.503715 0.489733 0.509636 0.507715 0.493733 5
2.58822181074 0.50563 0.503692 0.489752 0.50963 0.507692 0.493752 5
2.59334236164 0.505623 0.503668 0.489769 0.509623 0.507668 0.493769 5
2.59848065444 0.505615 0.503645 0.489788 0.509615 0.507645 0.493788 5
2.60363678922 0.505604 0.50362 0.489811 0.509604 0.50762 0.493811 5
2.60881086684 0.505596 0.503597 0.489826 0.509596 0.507597 0.493826 5
2.61400298894 0.505586 0.503572 0.489843 0.509586 0.507572 0.493843 5
2.61921325797 0.505581 0.503548 0.48986 0.509581 0.507548 0.49386 5
2.62444177715 0.505571 0.503525 0.489879 0.509571 0.507525 0.493879 5
2.62968865053 0.505564 0.5035 0.489895 0.509564 0.5075 0.493895 5
2.63495398297 0.505558 0.503477 0.489914 0.509558 0.507477 0.493914 5
2.64023788017 0.50555 0.503452 0.489933 0.50955 0.507452 0.493933 5
2.64554044864 0.505541 0.503429 0.48995 0.509541 0.507429 0.49395 5
2.65086179573 0.505537 0.503404 0.489963 0.509537 0.507404 0.493963 5
2.65620202968 0.505527 0.50338 0.489984 0.509527 0.50738 0.493984 5
2.66156125953 0.505518 0.503355 0.490002 0.509518 0.507355 0.494002 5
2.66693959523 0.505506 0.50333 0.490017 0.509506 0.50733 0.494017 5
2.67233714759 0.505501 0.503305 0.490032 0.509501 0.507305 0.494032 5
2.6777540283 0.505495 0.503279 0.490047 0.509495 0.507279 0.494047 5
2.68319034997 0.505489 0.503254 0.490064 0.509489 0.507254 0.494064 5
2.68864622607 0.505483 0.503227 0.490084 0.509483 0.507227 0.494084 5
2.69412177102 0.505478 0.5032 0.490103 0.509478 0.5072 0.494103 5
2.69961710014 0.50547 0.503176 0.490122 0.50947 0.507176 0.494122 5
2.70513232968 0.505463 0.503149 0.490139 0.509463 0.507149 0.494139 5
2.71066757686 0.505457 0.503122 0.490156 0.509457 0.507122 0.494156 5
2.71622295981 0.505449 0.503095 0.490173 0.509449 0.507095 0.494173 5
2.72179859765 0.505442 0.503069 0.490188 0.509442 0.507069 0.494188 5
2.72739461045 0.505436 0.503042 0.490206 0.509436 0.507042 0.494206 5
2.73301111927 0.50543 0.503015 0.490221 0.50943 0.507015 0.494221 5
2.73864824615 0.505424 0.502991 0.490238 0.509424 0.506991 0.494238 5
2.7443061141 0.505421 0.502964 0.490255 0.509421 0.506964 0.494255 5
2.74998541481 0.505415 0.502937 0.490272 0.509415 0.506937 0.494272 5
2.75568457079 0.505411 0.50291 0.49029 0.509411 0.50691 0.49429 5
2.76140541061 0.505407 0.502884 0.490307 0.509407 0.506884 0.494307 5
2.76714749396 0.505403 0.502857 0.490326 0.509403 0.506857 0.494326 5
2.77291094905 0.505398 0.502832 0.490345 0.509398 0.506832 0.494345 5
2.77869590516 0.505394 0.502806 0.490364 0.509394 0.506806 0.494364 5
2.78450249264 0.50539 0.502779 0.490381 0.50939 0.506779 0.494381 5
2.79033084294 0.505384 0.502752 0.4904 0.509384 0.506752 0.4944 5
2.79618108859 0.505379 0.502725 0.490417 0.509379 0.506725 0.494417 5
2.80205336325 0.505373 0.502699 0.490435 0.509373 0.506699 0.494435 5
2.80794780169 0.505367 0.502674 0.490452 0.509367 0.506674 0.494452 5
2.81386453982 0.505363 0.502647 0.490471 0.509363 0.506647 0.494471 5
2.81980371471 0.505356 0.502621 0.490486 0.509356 0.506621 0.494486 5
2.82576546457 0.505352 0.502594 0.490503 0.509352 0.506594 0.494503 5
2.83174992879 0.505348 0.502567 0.49052 0.509348 0.506567 0.49452 5
2.83775724794 0.505342 0.502542 0.490536 0.509342 0.506542 0.494536 5
2.84378756381 0.505339 0.502516 0.490551 0.509339 0.506516 0.494551 5
2.84984101937 0.505337 0.502491 0.490566 0.509337 0.506491 0.494566 5
2.85591775883 0.505333 0.502464 0.490581 0.509333 0.506464 0.494581 5
2.86201792765 0.505331 0.502439 0.490597 0.509331 0.506439 0.494597 5
2.86814167251 0.505329 0.502415 0.490614 0.509329 0.506415 0.494614 5
2.87428914139 0.505327 0.50239 0.490631 0.509327 0.50639 0.494631 5
2.88046048351 0.505323 0.502365 0.490648 0.509323 0.506365 0.494648 5
2.88665584942 0.505321 0.50234 0.490665 0.509321 0.50634 0.494665 5
2.89287539095 0.505318 0.502313 0.490681 0.509318 0.506313 0.494681 5
2.89911926126 0.505316 0.502291 0.490698 0.509316 0.506291 0.494698 5
2.90538761486 0.505312 0.502264 0.490717 0.509312 0.506264 0.494717 5
2.9116806076 0.505308 0.502239 0.490734 0.509308 0.506239 0.494734 5
2.91799839668 0.505306 0.502214 0.490749 0.509306 0.506214 0.494749 5
2.92434114071 0.505302 0.502189 0.490768 0.509302 0.506189 0.494768 5
2.93070899968 0.505298 0.502165 0.490784 0.509298 0.506165 0.494784 5
2.93710213499 0.505295 0.50214 0.490801 0.509295 0.50614 0.494801 5
2.94352070948 0.505289 0.502115 0.490816 0.509289 0.506115 0.494816 5
2.94996488743 0.505285 0.50209 0.490831 0.509285 0.50609 0.494831 5
2.95643483458 0.505281 0.502066 0.490846 0.509281 0.506066 0.494846 5
2.96293071814 0.505277 0.502039 0.490864 0.509277 0.506039 0.494864 5
2.96945270684 0.505276 0.502016 0.490877 0.509276 0.506016 0.494877 5
2.97600097088 0.505272 0.501991 0.490894 0.509272 0.505991 0.494894 5
2.98257568203 0.505268 0.501966 0.490909 0.509268 0.505966 0.494909 5
2.98917701356 0.505264 0.501942 0.490925 0.509264 0.505942 0.494925 5
2.99580538563 0.50526 0.501917 0.49094 0.50926 0.505917 0.49494 5
3.00246023892 0.505257 0.501892 0.490957 0.509257 0.505892 0.494957 5
3.0091424872 0.505253 0.501867 0.490972 0.509253 0.505867 0.494972 5
3.01585206488 0.505249 0.501842 0.490988 0.509249 0.505842 0.494988 5
3.02258915329 0.505245 0.501818 0.491003 0.509245 0.505818 0.495003 5
3.02935393536 0.505243 0.501795 0.491016 0.509243 0.505795 0.495016 5
3.03614659574 0.505239 0.50177 0.491033 0.509239 0.50577 0.495033 5
3.04296732074 0.505237 0.501745 0.491049 0.509237 0.505745 0.495049 5
3.04981629843 0.505236 0.50172 0.491064 0.509236 0.50572 0.495064 5
3.05669371856 0.505232 0.501695 0.491081 0.509232 0.505695 0.495081 5
3.06359977268 0.50523 0.501673 0.491096 0.50923 0.505673 0.495096 5
3.07053465409 0.505226 0.501648 0.491112 0.509226 0.505648 0.495112 5
3.07749855791 0.505224 0.501623 0.491127 0.509224 0.505623 0.495127 5
3.08449168106 0.505222 0.501598 0.491144 0.509222 0.505598 0.495144 5
3.09151422231 0.50522 0.501573 0.491161 0.50922 0.505573 0.495161 5
3.09856638229 0.505216 0.501549 0.491176 0.509216 0.505549 0.495176 5
3.1056483635 0.505213 0.501524 0.491194 0.509213 0.505524 0.495194 5
3.11276037039 0.505211 0.501501 0.491207 0.509211 0.505501 0.495207 5
3.11990260928 0.505207 0.501476 0.491224 0.509207 0.505476 0.495224 5
3.1270752885 0.505203 0.501451 0.491239 0.509203 0.505451 0.495239 5
3.13427861833 0.505201 0.501427 0.491255 0.509201 0.505427 0.495255 5
3.14151281104 0.505199 0.501404 0.49127 0.509199 0.505404 0.49527 5
3.14877808094 0.505197 0.501379 0.491289 0.509197 0.505379 0.495289 5
3.1560746444 0.505194 0.501356 0.491306 0.509194 0.505356 0.495306 5
3.16340271985 0.50519 0.501331 0.491323 0.50919 0.505331 0.495323 5
3.17076252782 0.505188 0.501308 0.491339 0.509188 0.505308 0.495339 5
3.17815429096 0.505184 0.501284 0.491356 0.509184 0.505284 0.495356 5
3.1855782341 0.505182 0.501261 0.491371 0.509182 0.505261 0.495371 5
3.19303458422 0.50518 0.501238 0.491388 0.50918 0.505238 0.495388 5
3.20052357053 0.505178 0.501215 0.491405 0.509178 0.505215 0.495405 5
3.20804542444 0.50518 0.501192 0.491424 0.50918 0.505192 0.495424 5
3.21560037965 0.505174 0.501167 0.491445 0.509174 0.505167 0.495445 5
3.22318867213 0.505171 0.501144 0.491461 0.509171 0.505144 0.495461 5
3.2308105402 0.505167 0.501121 0.491476 0.509167 0.505121 0.495476 5
3.23846622448 0.505167 0.501098 0.491495 0.509167 0.505098 0.495495 5
3.246155968 0.505161 0.501074 0.491514 0.509161 0.505074 0.495514 5
3.25388001619 0.505157 0.501049 0.491535 0.509157 0.505049 0.495535 5
3.2616386169 0.505152 0.501024 0.491552 0.509152 0.505024 0.495552 5
3.26943202047 0.505144 0.500999 0.491569 0.509144 0.504999 0.495569 5
3.27726047972 0.505138 0.500975 0.491585 0.509138 0.504975 0.495585 5
3.28512425001 0.505134 0.500952 0.491598 0.509134 0.504952 0.495598 5
3.29302358927 0.505133 0.500929 0.491613 0.509133 0.504929 0.495613 5
3.30095875801 0.505129 0.500906 0.491629 0.509129 0.504906 0.495629 5
3.30893001938 0.505127 0.500883 0.491644 0.509127 0.504883 0.495644 5
3.31693763918 0.505123 0.500858 0.491663 0.509123 0.504858 0.495663 5
3.32498188593 0.505119 0.500835 0.49168 0.509119 0.504835 0.49568 5
3.33306303085 0.505117 0.500812 0.491697 0.509117 0.504812 0.495697 5
3.34118134796 0.505113 0.500789 0.491714 0.509113 0.504789 0.495714 5
3.34933711407 0.505112 0.500767 0.491731 0.509112 0.504767 0.495731 5
3.35753060882 0.505106 0.500742 0.491751 0.509106 0.504742 0.495751 5
3.36576211474 0.505102 0.500719 0.491766 0.509102 0.504719 0.495766 5
3.37403191728 0.5051 0.500696 0.491783 0.5091 0.504696 0.495783 5
3.38234030482 0.505096 0.500673 0.4918 0.509096 0.504673 0.4958 5
3.39068756876 0.505092 0.50065 0.491819 0.509092 0.50465 0.495819 5
3.39907400353 0.505087 0.500625 0.491838 0.509087 0.504625 0.495838 5
3.4074999066 0.505083 0.500603 0.491854 0.509083 0.504603 0.495854 5
3.41596557859 0.505077 0.500578 0.491871 0.509077 0.504578 0.495871 5
3.42447132326 0.505075 0.500555 0.491886 0.509075 0.504555 0.495886 5
3.43301744757 0.505071 0.500532 0.491901 0.509071 0.504532 0.495901 5
3.44160426172 0.50507 0.500509 0.491918 0.50907 0.504509 0.495918 5
3.45023207918 0.505068 0.500486 0.491934 0.509068 0.504486 0.495934 5
3.45890121678 0.505066 0.500463 0.491951 0.509066 0.504463 0.495951 5
3.46761199469 0.505064 0.50044 0.491968 0.509064 0.50444 0.495968 5
3.47636473651 0.505064 0.500418 0.491985 0.509064 0.504418 0.495985 5
3.4851597693 0.505062 0.500395 0.492004 0.509062 0.504395 0.496004 5
3.49399771037 0.505062 0.500372 0.492021 0.509062 0.504372 0.496021 5
3.50287803381 0.50506 0.500347 0.49204 0.50906 0.504347 0.49604 5
3.51180193737 0.505058 0.500324 0.49206 0.509058 0.504324 0.49606 5
3.52076947581 0.505056 0.500301 0.492077 0.509056 0.504301 0.496077 5
3.52978099426 0.505054 0.500276 0.492096 0.509054 0.504276 0.496096 5
3.53883684159 0.505052 0.500254 0.492113 0.509052 0.504254 0.496113 5
3.54793737052 0.505051 0.500229 0.492132 0.509051 0.504229 0.496132 5
3.55708293761 0.505047 0.500204 0.492151 0.509047 0.504204 0.496151 5
3.56627390335 0.505043 0.500179 0.492172 0.509043 0.504179 0.496172 5
3.57551063221 0.505037 0.500154 0.492191 0.509037 0.504154 0.496191 5
3.58479349268 0.505037 0.500131 0.49221 0.509037 0.504131 0.49621 5
3.59412285736 0.505026 0.500105 0.492222 0.509026 0.504105 0.496222 5
3.60349910299 0.505031 0.50008 0.492243 0.509031 0.50408 0.496243 5
3.61292261051 0.505022 0.500053 0.492264 0.509022 0.504053 0.496264 5
3.62239376513 0.505012 0.500027 0.492271 0.509012 0.504027 0.496271 5
3.63191295639 0.505016 0.500004 0.492283 0.509016 0.504004 0.496283 5
3.64148057822 0.505018 0.499979 0.492304 0.509018 0.503979 0.496304 5
3.651097029 0.505014 0.499952 0.492327 0.509014 0.503952 0.496327 5
3.66076271163 0.505005 0.499925 0.492348 0.509005 0.503925 0.496348 5
3.67047803359 0.504993 0.499897 0.492361 0.508993 0.503897 0.496361 5
3.68024340701 0.504989 0.499872 0.492367 0.508989 0.503872 0.496367 5
3.69005924874 0.504989 0.499849 0.492376 0.508989 0.503849 0.496376 5
3.6999259804 0.504991 0.499826 0.49239 0.508991 0.503826 0.49639 5
3.7098440285 0.504995 0.499803 0.492407 0.508995 0.503803 0.496407 5
3.71981382444 0.504997 0.499779 0.492426 0.508997 0.503779 0.496426 5
3.72983580463 0.505001 0.499756 0.492447 0.509001 0.503756 0.496447 5
3.73991041058 0.505001 0.499731 0.49247 0.509001 0.503731 0.49647 5
3.75003808891 0.505001 0.499704 0.492493 0.509001 0.503704 0.496493 5
3.7602192915 0.504995 0.499678 0.492517 0.508995 0.503678 0.496517 5
3.7704544755 0.504986 0.499649 0.492542 0.508986 0.503649 0.496542 5
3.78074410348 0.504972 0.499618 0.492563 0.508972 0.503618 0.496563 5
3.79108864344 0.504959 0.499592 0.49258 0.508959 0.503592 0.49658 5
3.80148856895 0.504946 0.499565 0.492594 0.508946 0.503565 0.496594 5
3.81194435921 0.504934 0.499538 0.492607 0.508934 0.503538 0.496607 5
3.82245649911 0.504925 0.499512 0.492618 0.508925 0.503512 0.496618 5
3.83302547938 0.504915 0.499487 0.49263 0.508915 0.503487 0.49663 5
3.84365179662 0.504907 0.499462 0.492643 0.508907 0.503462 0.496643 5
3.85433595341 0.5049 0.499437 0.492655 0.5089 0.503437 0.496655 5
3.86507845842 0.504892 0.499412 0.492668 0.508892 0.503412 0.496668 5
3.87587982647 0.504885 0.499388 0.492679 0.508885 0.503388 0.496679 5
3.88674057866 0.504879 0.499363 0.492693 0.508879 0.503363 0.496693 5
3.89766124244 0.504873 0.49934 0.492704 0.508873 0.50334 0.496704 5
3.90864235171 0.504867 0.499313 0.492718 0.508867 0.503313 0.496718 5
3.91968444696 0.504862 0.49929 0.492729 0.508862 0.50329 0.496729 5
3.93078807532 0.504856 0.499266 0.492742 0.508856 0.503266 0.496742 5
3.9419537907 0.504852 0.499241 0.492756 0.508852 0.503241 0.496756 5
3.95318215387 0.50485 0.499218 0.492767 0.50885 0.503218 0.496767 5
3.96447373261 0.504846 0.499193 0.492781 0.508846 0.503193 0.496781 5
3.97582910177 0.504845 0.499168 0.492794 0.508845 0.503168 0.496794 5
3.98724884333 0.504843 0.499143 0.492809 0.508843 0.503143 0.496809 5
3.99873457221 0.504843 0.499119 0.492823 0.508843 0.503119 0.496823 5
4.01028380925 0.504841 0.499094 0.49284 0.508841 0.503094 0.49684 5
4.02190023464 0.504841 0.499069 0.492855 0.508841 0.503069 0.496855 5
4.03358343525 0.504843 0.499044 0.492872 0.508843 0.503044 0.496872 5
4.04533403096 0.504843 0.499019 0.492889 0.508843 0.503019 0.496889 5
4.05715264959 0.504843 0.498995 0.492906 0.508843 0.502995 0.496906 5
4.06903992706 0.504845 0.49897 0.492925 0.508845 0.50297 0.496925 5
4.08099650744 0.504846 0.498947 0.492945 0.508846 0.502947 0.496945 5
4.09302304316 0.504848 0.498922 0.492966 0.508848 0.502922 0.496966 5
4.10512019513 0.50485 0.498897 0.492985 0.50885 0.502897 0.496985 5
4.11728863285 0.504854 0.498875 0.493008 0.508854 0.502875 0.497008 5
4.12952903459 0.504856 0.49885 0.493028 0.508856 0.50285 0.497028 5
4.14184208752 0.50486 0.498825 0.493053 0.50886 0.502825 0.497053 5
4.15422848784 0.504862 0.4988 0.493076 0.508862 0.5028 0.497076 5
4.16668894099 0.504866 0.498777 0.493099 0.508866 0.502777 0.497099 5
4.17922416173 0.504867 0.498754 0.493126 0.508867 0.502754 0.497126 5
4.19183487436 0.504871 0.49873 0.493152 0.508871 0.50273 0.497152 5
4.20452181286 0.504873 0.498705 0.493179 0.508873 0.502705 0.497179 5
4.21728572103 0.504873 0.49868 0.49321 0.508873 0.50268 0.49721 5
4.23012735271 0.504873 0.498655 0.493238 0.508873 0.502655 0.497238 5
4.24304747191 0.504869 0.49863 0.493267 0.508869 0.50263 0.497267 5
4.256046853 0.504867 0.498604 0.493296 0.508867 0.502604 0.497296 5
4.26912628089 0.504864 0.498579 0.493324 0.508864 0.502579 0.497324 5
4.28228655122 0.50486 0.498552 0.493353 0.50886 0.502552 0.497353 5
4.29552847053 0.504854 0.498525 0.493381 0.508854 0.502525 0.497381 5
4.30885285647 0.504846 0.498501 0.493408 0.508846 0.502501 0.497408 5
4.32226053798 0.504841 0.498474 0.493435 0.508841 0.502474 0.497435 5
4.3357523555 0.504833 0.498447 0.493461 0.508833 0.502447 0.497461 5
4.34932916116 0.504827 0.498422 0.493486 0.508827 0.502422 0.497486 5
4.36299181901 0.504824 0.4984 0.493513 0.508824 0.5024 0.497513 5
4.37674120521 0.504818 0.498375 0.493542 0.508818 0.502375 0.497542 5
4.39057820826 0.504812 0.498352 0.493568 0.508812 0.502352 0.497568 5
4.40450372922 0.504806 0.498327 0.493595 0.508806 0.502327 0.497595 5
4.41851868194 0.504799 0.498304 0.493622 0.508799 0.502304 0.497622 5
4.43262399328 0.504793 0.498279 0.493646 0.508793 0.502279 0.497646 5
4.44682060335 0.504787 0.498255 0.493673 0.508787 0.502255 0.497673 5
4.46110946578 0.504782 0.49823 0.493698 0.508782 0.50223 0.497698 5
4.47549154791 0.504774 0.498207 0.493723 0.508774 0.502207 0.497723 5
4.4899678311 0.50477 0.498182 0.493746 0.50877 0.502182 0.497746 5
4.50453931097 0.504766 0.498159 0.493769 0.508766 0.502159 0.497769 5
4.51920699764 0.504763 0.498136 0.493795 0.508763 0.502136 0.497795 5
4.53397191604 0.504759 0.498112 0.493822 0.508759 0.502112 0.497822 5
4.54883510616 0.504753 0.498089 0.493849 0.508753 0.502089 0.497849 5
4.56379762334 0.504745 0.498064 0.493875 0.508745 0.502064 0.497875 5
4.57886053856 0.50474 0.498039 0.493902 0.50874 0.502039 0.497902 5
4.59402493874 0.504734 0.498012 0.493929 0.508734 0.502012 0.497929 5
4.60929192703 0.504726 0.497988 0.493955 0.508726 0.501988 0.497955 5
4.62466262316 0.504719 0.497963 0.493984 0.508719 0.501963 0.497984 5
4.64013816369 0.504711 0.497936 0.494009 0.508711 0.501936 0.498009 5
4.65571970238 0.504703 0.497909 0.494037 0.508703 0.501909 0.498037 5
4.67140841054 0.504694 0.497883 0.494064 0.508694 0.501883 0.498064 5
4.68720547731 0.504684 0.497856 0.494091 0.508684 0.501856 0.498091 5
4.70311211006 0.504673 0.497829 0.494118 0.508673 0.501829 0.498118 5
4.71912953474 0.504661 0.497801 0.494144 0.508661 0.501801 0.498144 5
4.7352589962 0.50465 0.497774 0.494169 0.50865 0.501774 0.498169 5
4.75150175863 0.504637 0.497745 0.494194 0.508637 0.501745 0.498194 5
4.76785910589 0.504621 0.497717 0.494217 0.508621 0.501717 0.498217 5
4.78433234194 0.504606 0.497688 0.49424 0.508606 0.501688 0.49824 5
4.80092279121 0.504593 0.49766 0.494261 0.508593 0.50166 0.498261 5
4.81763179903 0.504577 0.497633 0.494278 0.508577 0.501633 0.498278 5
4.83446073204 0.504562 0.497608 0.494295 0.508562 0.501608 0.498295 5
4.85141097864 0.504549 0.497583 0.494314 0.508549 0.501583 0.498314 5
4.86848394941 0.504537 0.49756 0.494329 0.508537 0.50156 0.498329 5
4.88568107758 0.504526 0.497534 0.494348 0.508526 0.501534 0.498348 5
4.90300381948 0.504515 0.497509 0.494366 0.508515 0.501509 0.498366 5
4.92045365504 0.504505 0.497484 0.494383 0.508505 0.501484 0.498383 5
4.93803208824 0.504495 0.497457 0.494402 0.508495 0.501457 0.498402 5
4.95574064767 0.504488 0.497431 0.494421 0.508488 0.501431 0.498421 5
4.97358088686 0.504478 0.497404 0.49444 0.508478 0.501404 0.49844 5
4.99155534646 0.504469 0.497377 0.494457 0.508469 0.501377 0.498457 5
5.00966274837 0.504459 0.497349 0.494476 0.508459 0.501349 0.498476 5
5.02790760803 0.50445 0.497318 0.494497 0.50845 0.501318 0.498497 5
5.04629062378 0.504442 0.49729 0.494516 0.508442 0.50129 0.498516 5
5.06481348287 0.504433 0.497259 0.494535 0.508433 0.501259 0.498535 5
5.08347790102 0.504423 0.497228 0.494554 0.508423 0.501228 0.498554 5
5.102285623 0.504413 0.497196 0.494575 0.508413 0.501196 0.498575 5
5.1212384233 0.504404 0.497166 0.494594 0.508404 0.501166 0.498594 5
5.14033810674 0.504392 0.497135 0.494614 0.508392 0.501135 0.498614 5
5.15958650916 0.504383 0.497103 0.494636 0.508383 0.501103 0.498636 5
5.17898549807 0.504371 0.49707 0.494657 0.508371 0.50107 0.498657 5
5.19853697339 0.50436 0.497038 0.49468 0.50836 0.501038 0.49868 5
5.21824286815 0.504351 0.497007 0.494701 0.508351 0.501007 0.498701 5
5.2381051492 0.504337 0.496975 0.494724 0.508337 0.500975 0.498724 5
5.25812581801 0.504322 0.49694 0.494749 0.508322 0.50094 0.498749 5
5.27830691142 0.504309 0.496906 0.494774 0.508309 0.500906 0.498774 5
5.29865050248 0.504295 0.496874 0.4948 0.508295 0.500874 0.4988 5
5.3191587012 0.50428 0.496837 0.494827 0.50828 0.500837 0.498827 5
5.33983365548 0.504263 0.496803 0.494852 0.508263 0.500803 0.498852 5
5.36067755189 0.504246 0.496767 0.494875 0.508246 0.500767 0.498875 5
5.38169261666 0.504225 0.496729 0.4949 0.508225 0.500729 0.4989 5
5.40288111651 0.504209 0.496694 0.494921 0.508209 0.500694 0.498921 5
5.42424535963 0.504192 0.49666 0.494942 0.508192 0.50066 0.498942 5
5.44578769668 0.504177 0.496626 0.494963 0.508177 0.500626 0.498963 5
5.46751052172 0.504162 0.496593 0.494982 0.508162 0.500593 0.498982 5
5.48941627331 0.504143 0.496561 0.495001 0.508143 0.500561 0.499001 5
5.5115074355 0.504125 0.496527 0.49502 0.508125 0.500527 0.49902 5
5.53378653897 0.504106 0.49649 0.495039 0.508106 0.50049 0.499039 5
5.55625616212 0.504087 0.496454 0.495062 0.508087 0.500454 0.499062 5
5.57891893223 0.504076 0.496422 0.495087 0.508076 0.500422 0.499087 5
5.60177752664 0.504064 0.496399 0.495108 0.508064 0.500399 0.499108 5
5.62483467398 0.504051 0.496372 0.495128 0.508051 0.500372 0.499128 5
5.64809315541 0.504038 0.496345 0.495148 0.508038 0.500345 0.499148 5
5.67155580594 0.504024 0.496319 0.495167 0.508024 0.500319 0.499167 5
5.69522551575 0.504009 0.49629 0.495186 0.508009 0.50029 0.499186 5
5.71910523154 0.503994 0.496261 0.495205 0.507994 0.500261 0.499205 5
5.74319795799 0.50398 0.496231 0.495226 0.50798 0.500231 0.499226 5
5.76750675919 0.503969 0.496199 0.495247 0.507969 0.500199 0.499247 5
5.79203476016 0.503958 0.496168 0.495268 0.507958 0.500168 0.499268 5
5.81678514836 0.503948 0.496139 0.495289 0.507948 0.500139 0.499289 5
5.84176117534 0.503935 0.496111 0.495306 0.507935 0.500111 0.499306 5
5.86696615838 0.503923 0.496082 0.495325 0.507923 0.500082 0.499325 5
5.89240348214 0.50391 0.496054 0.495342 0.50791 0.500054 0.499342 5
5.91807660047 0.503895 0.496019 0.495363 0.507895 0.500019 0.499363 5
5.9439890382 0.503885 0.495987 0.495386 0.507885 0.499987 0.499386 5
5.97014439277 0.503876 0.495956 0.495407 0.507876 0.499956 0.499407 5
5.99654864503 0.503866 0.495928 0.495428 0.507866 0.499928 0.499428 5
6.02319862032 0.503855 0.495897 0.495447 0.507855 0.499897 0.499447 5
6.05010507006 0.503841 0.495867 0.495466 0.507841 0.499867 0.499466 5
