6.05010507006 0.504841 0.496867 0.496466 0.506841 0.498867 0.498466 10
6.02319862032 0.504855 0.496897 0.496447 0.506855 0.498897 0.498447 10
5.99654864503 0.504866 0.496928 0.496428 0.506866 0.498928 0.498428 10
5.97014439277 0.504876 0.496956 0.496407 0.506876 0.498956 0.498407 10
5.9439890382 0.504885 0.496987 0.496386 0.506885 0.498987 0.498386 10
5.91807660047 0.504895 0.497019 0.496363 0.506895 0.499019 0.498363 10
5.89240348214 0.50491 0.497054 0.496342 0.50691 0.499054 0.498342 10
5.86696615838 0.504923 0.497082 0.496325 0.506923 0.499082 0.498325 10
5.84176117534 0.504935 0.497111 0.496306 0.506935 0.499111 0.498306 10
5.81678514836 0.504948 0.497139 0.496289 0.506948 0.499139 0.498289 10
5.79203476016 0.504958 0.497168 0.496268 0.506958 0.499168 0.498268 10
5.76750675919 0.504969 0.497199 0.496247 0.506969 0.499199 0.498247 10
5.74319795799 0.50498 0.497231 0.496226 0.50698 0.499231 0.498226 10
5.71910523154 0.504994 0.497261 0.496205 0.506994 0.499261 0.498205 10
5.69522551575 0.505009 0.49729 0.496186 0.507009 0.49929 0.498186 10
5.67155580594 0.505024 0.497319 0.496167 0.507024 0.499319 0.498167 10
5.64809315541 0.505038 0.497345 0.496148 0.507038 0.499345 0.498148 10
5.62483467398 0.505051 0.497372 0.496128 0.507051 0.499372 0.498128 10
5.60177752664 0.505064 0.497399 0.496108 0.507064 0.499399 0.498108 10
5.57891893223 0.505076 0.497422 0.496087 0.507076 0.499422 0.498087 10
5.55625616212 0.505087 0.497454 0.496062 0.507087 0.499454 0.498062 10
5.53378653897 0.505106 0.49749 0.496039 0.507106 0.49949 0.498039 10
5.5115074355 0.505125 0.497527 0.49602 0.507125 0.499527 0.49802 10
5.48941627331 0.505143 0.497561 0.496001 0.507143 0.499561 0.498001 10
5.46751052172 0.505162 0.497593 0.495982 0.507162 0.499593 0.497982 10
5.44578769668 0.505177 0.497626 0.495963 0.507177 0.499626 0.497963 10
5.42424535963 0.505192 0.49766 0.495942 0.507192 0.49966 0.497942 10
5.40288111651 0.505209 0.497694 0.495921 0.507209 0.499694 0.497921 10
5.38169261666 0.505225 0.497729 0.4959 0.507225 0.499729 0.4979 10
5.36067755189 0.505246 0.497767 0.495875 0.507246 0.499767 0.497875 10
5.33983365548 0.505263 0.497803 0.495852 0.507263 0.499803 0.497852 10
5.3191587012 0.50528 0.497837 0.495827 0.50728 0.499837 0.497827 10
5.29865050248 0.505295 0.497874 0.4958 0.507295 0.499874 0.4978 10
5.27830691142 0.505309 0.497906 0.495774 0.507309 0.499906 0.497774 10
5.25812581801 0.505322 0.49794 0.495749 0.507322 0.49994 0.497749 10
5.2381051492 0.505337 0.497975 0.495724 0.507337 0.499975 0.497724 10
5.21824286815 0.505351 0.498007 0.495701 0.507351 0.500007 0.497701 10
5.19853697339 0.50536 0.498038 0.49568 0.50736 0.500038 0.49768 10
5.17898549807 0.505371 0.49807 0.495657 0.507371 0.50007 0.497657 10
5.15958650916 0.505383 0.498103 0.495636 0.507383 0.500103 0.497636 10
5.14033810674 0.505392 0.498135 0.495614 0.507392 0.500135 0.497614 10
5.1212384233 0.505404 0.498166 0.495594 0.507404 0.500166 0.497594 10
5.102285623 0.505413 0.498196 0.495575 0.507413 0.500196 0.497575 10
5.08347790102 0.505423 0.498228 0.495554 0.507423 0.500228 0.497554 10
5.06481348287 0.505433 0.498259 0.495535 0.507433 0.500259 0.497535 10
5.04629062378 0.505442 0.49829 0.495516 0.507442 0.50029 0.497516 10
5.02790760803 0.50545 0.498318 0.495497 0.50745 0.500318 0.497497 10
5.00966274837 0.505459 0.498349 0.495476 0.507459 0.500349 0.497476 10
4.99155534646 0.505469 0.498377 0.495457 0.507469 0.500377 0.497457 10
4.97358088686 0.505478 0.498404 0.49544 0.507478 0.500404 0.49744 10
4.95574064767 0.505488 0.498431 0.495421 0.507488 0.500431 0.497421 10
4.93803208824 0.505495 0.498457 0.495402 0.507495 0.500457 0.497402 10
4.92045365504 0.505505 0.498484 0.495383 0.507505 0.500484 0.497383 10
4.90300381948 0.505515 0.498509 0.495366 0.507515 0.500509 0.497366 10
4.88568107758 0.505526 0.498534 0.495348 0.507526 0.500534 0.497348 10
4.86848394941 0.505537 0.49856 0.495329 0.507537 0.50056 0.497329 10
4.85141097864 0.505549 0.498583 0.495314 0.507549 0.500583 0.497314 10
4.83446073204 0.505562 0.498608 0.495295 0.507562 0.500608 0.497295 10
4.81763179903 0.505577 0.498633 0.495278 0.507577 0.500633 0.497278 10
4.80092279121 0.505593 0.49866 0.495261 0.507593 0.50066 0.497261 10
4.78433234194 0.505606 0.498688 0.49524 0.507606 0.500688 0.49724 10
4.76785910589 0.505621 0.498717 0.495217 0.507621 0.500717 0.497217 10
4.75150175863 0.505637 0.498745 0.495194 0.507637 0.500745 0.497194 10
4.7352589962 0.50565 0.498774 0.495169 0.50765 0.500774 0.497169 10
4.71912953474 0.505661 0.498801 0.495144 0.507661 0.500801 0.497144 10
4.70311211006 0.505673 0.498829 0.495118 0.507673 0.500829 0.497118 10
4.68720547731 0.505684 0.498856 0.495091 0.507684 0.500856 0.497091 10
4.67140841054 0.505694 0.498883 0.495064 0.507694 0.500883 0.497064 10
4.65571970238 0.505703 0.498909 0.495037 0.507703 0.500909 0.497037 10
4.64013816369 0.505711 0.498936 0.495009 0.507711 0.500936 0.497009 10
4.62466262316 0.505719 0.498963 0.494984 0.507719 0.500963 0.496984 10
4.60929192703 0.505726 0.498988 0.494955 0.507726 0.500988 0.496955 10
4.59402493874 0.505734 0.499012 0.494929 0.507734 0.501012 0.496929 10
4.57886053856 0.50574 0.499039 0.494902 0.50774 0.501039 0.496902 10
4.56379762334 0.505745 0.499064 0.494875 0.507745 0.501064 0.496875 10
4.54883510616 0.505753 0.499089 0.494849 0.507753 0.501089 0.496849 10
4.53397191604 0.505759 0.499112 0.494822 0.507759 0.501112 0.496822 10
4.51920699764 0.505763 0.499136 0.494795 0.507763 0.501136 0.496795 10
4.50453931097 0.505766 0.499159 0.494769 0.507766 0.501159 0.496769 10
4.4899678311 0.50577 0.499182 0.494746 0.50777 0.501182 0.496746 10
4.47549154791 0.505774 0.499207 0.494723 0.507774 0.501207 0.496723 10
4.46110946578 0.505782 0.49923 0.494698 0.507782 0.50123 0.496698 10
4.44682060335 0.505787 0.499255 0.494673 0.507787 0.501255 0.496673 10
4.43262399328 0.505793 0.499279 0.494646 0.507793 0.501279 0.496646 10
4.41851868194 0.505799 0.499304 0.494622 0.507799 0.501304 0.496622 10
4.40450372922 0.505806 0.499327 0.494595 0.507806 0.501327 0.496595 10
4.39057820826 0.505812 0.499352 0.494568 0.507812 0.501352 0.496568 10
4.37674120521 0.505818 0.499375 0.494542 0.507818 0.501375 0.496542 10
4.36299181901 0.505824 0.4994 0.494513 0.507824 0.5014 0.496513 10
4.34932916116 0.505827 0.499422 0.494486 0.507827 0.501422 0.496486 10
4.3357523555 0.505833 0.499447 0.494461 0.507833 0.501447 0.496461 10
4.32226053798 0.505841 0.499474 0.494435 0.507841 0.501474 0.496435 10
4.30885285647 0.505846 0.499501 0.494408 0.507846 0.501501 0.496408 10
4.29552847053 0.505854 0.499525 0.494381 0.507854 0.501525 0.496381 10
4.28228655122 0.50586 0.499552 0.494353 0.50786 0.501552 0.496353 10
4.26912628089 0.505864 0.499579 0.494324 0.507864 0.501579 0.496324 10
4.256046853 0.505867 0.499604 0.494296 0.507867 0.501604 0.496296 10
4.24304747191 0.505869 0.49963 0.494267 0.507869 0.50163 0.496267 10
4.23012735271 0.505873 0.499655 0.494238 0.507873 0.501655 0.496238 10
4.21728572103 0.505873 0.49968 0.49421 0.507873 0.50168 0.49621 10
4.20452181286 0.505873 0.499705 0.494179 0.507873 0.501705 0.496179 10
4.19183487436 0.505871 0.49973 0.494152 0.507871 0.50173 0.496152 10
4.17922416173 0.505867 0.499754 0.494126 0.507867 0.501754 0.496126 10
4.16668894099 0.505866 0.499777 0.494099 0.507866 0.501777 0.496099 10
4.15422848784 0.505862 0.4998 0.494076 0.507862 0.5018 0.496076 10
4.14184208752 0.50586 0.499825 0.494053 0.50786 0.501825 0.496053 10
4.12952903459 0.505856 0.49985 0.494028 0.507856 0.50185 0.496028 10
4.11728863285 0.505854 0.499875 0.494008 0.507854 0.501875 0.496008 10
4.10512019513 0.50585 0.499897 0.493985 0.50785 0.501897 0.495985 10
4.09302304316 0.505848 0.499922 0.493966 0.507848 0.501922 0.495966 10
4.08099650744 0.505846 0.499947 0.493945 0.507846 0.501947 0.495945 10
4.06903992706 0.505845 0.49997 0.493925 0.507845 0.50197 0.495925 10
4.05715264959 0.505843 0.499995 0.493906 0.507843 0.501995 0.495906 10
4.04533403096 0.505843 0.500019 0.493889 0.507843 0.502019 0.495889 10
4.03358343525 0.505843 0.500044 0.493872 0.507843 0.502044 0.495872 10
4.02190023464 0.505841 0.500069 0.493855 0.507841 0.502069 0.495855 10
4.01028380925 0.505841 0.500094 0.49384 0.507841 0.502094 0.49584 10
3.99873457221 0.505843 0.500119 0.493823 0.507843 0.502119 0.495823 10
3.98724884333 0.505843 0.500143 0.493809 0.507843 0.502143 0.495809 10
3.97582910177 0.505845 0.500168 0.493794 0.507845 0.502168 0.495794 10
3.96447373261 0.505846 0.500193 0.493781 0.507846 0.502193 0.495781 10
3.95318215387 0.50585 0.500218 0.493767 0.50785 0.502218 0.495767 10
3.9419537907 0.505852 0.500241 0.493756 0.507852 0.502241 0.495756 10
3.93078807532 0.505856 0.500266 0.493742 0.507856 0.502266 0.495742 10
3.91968444696 0.505862 0.50029 0.493729 0.507862 0.50229 0.495729 10
3.90864235171 0.505867 0.500313 0.493718 0.507867 0.502313 0.495718 10
3.89766124244 0.505873 0.50034 0.493704 0.507873 0.50234 0.495704 10
3.88674057866 0.505879 0.500363 0.493693 0.507879 0.502363 0.495693 10
3.87587982647 0.505885 0.500388 0.493679 0.507885 0.502388 0.495679 10
3.86507845842 0.505892 0.500412 0.493668 0.507892 0.502412 0.495668 10
3.85433595341 0.5059 0.500437 0.493655 0.5079 0.502437 0.495655 10
3.84365179662 0.505907 0.500462 0.493643 0.507907 0.502462 0.495643 10
3.83302547938 0.505915 0.500487 0.49363 0.507915 0.502487 0.49563 10
3.82245649911 0.505925 0.500512 0.493618 0.507925 0.502512 0.495618 10
3.81194435921 0.505934 0.500538 0.493607 0.507934 0.502538 0.495607 10
3.80148856895 0.505946 0.500565 0.493594 0.507946 0.502565 0.495594 10
3.79108864344 0.505959 0.500592 0.49358 0.507959 0.502592 0.49558 10
3.78074410348 0.505972 0.500618 0.493563 0.507972 0.502618 0.495563 10
3.7704544755 0.505986 0.500649 0.493542 0.507986 0.502649 0.495542 10
3.7602192915 0.505995 0.500678 0.493517 0.507995 0.502678 0.495517 10
3.75003808891 0.506001 0.500704 0.493493 0.508001 0.502704 0.495493 10
3.73991041058 0.506001 0.500731 0.49347 0.508001 0.502731 0.49547 10
3.72983580463 0.506001 0.500756 0.493447 0.508001 0.502756 0.495447 10
3.71981382444 0.505997 0.500779 0.493426 0.507997 0.502779 0.495426 10
3.7098440285 0.505995 0.500803 0.493407 0.507995 0.502803 0.495407 10
3.6999259804 0.505991 0.500826 0.49339 0.507991 0.502826 0.49539 10
3.69005924874 0.505989 0.500849 0.493376 0.507989 0.502849 0.495376 10
3.68024340701 0.505989 0.500872 0.493367 0.507989 0.502872 0.495367 10
3.67047803359 0.505993 0.500897 0.493361 0.507993 0.502897 0.495361 10
3.66076271163 0.506005 0.500925 0.493348 0.508005 0.502925 0.495348 10
3.651097029 0.506014 0.500952 0.493327 0.508014 0.502952 0.495327 10
3.64148057822 0.506018 0.500979 0.493304 0.508018 0.502979 0.495304 10
3.63191295639 0.506016 0.501004 0.493283 0.508016 0.503004 0.495283 10
3.62239376513 0.506012 0.501027 0.493271 0.508012 0.503027 0.495271 10
3.61292261051 0.506022 0.501053 0.493264 0.508022 0.503053 0.495264 10
3.60349910299 0.506031 0.50108 0.493243 0.508031 0.50308 0.495243 10
3.59412285736 0.506026 0.501105 0.493222 0.508026 0.503105 0.495222 10
3.58479349268 0.506037 0.501131 0.49321 0.508037 0.503131 0.49521 10
3.57551063221 0.506037 0.501154 0.493191 0.508037 0.503154 0.495191 10
3.56627390335 0.506043 0.501179 0.493172 0.508043 0.503179 0.495172 10
3.55708293761 0.506047 0.501204 0.493151 0.508047 0.503204 0.495151 10
3.54793737052 0.506051 0.501229 0.493132 0.508051 0.503229 0.495132 10
3.53883684159 0.506052 0.501254 0.493113 0.508052 0.503254 0.495113 10
3.52978099426 0.506054 0.501276 0.493096 0.508054 0.503276 0.495096 10
3.52076947581 0.506056 0.501301 0.493077 0.508056 0.503301 0.495077 10
3.51180193737 0.506058 0.501324 0.49306 0.508058 0.503324 0.49506 10
3.50287803381 0.50606 0.501347 0.49304 0.50806 0.503347 0.49504 10
3.49399771037 0.506062 0.501372 0.493021 0.508062 0.503372 0.495021 10
3.4851597693 0.506062 0.501395 0.493004 0.508062 0.503395 0.495004 10
3.47636473651 0.506064 0.501418 0.492985 0.508064 0.503418 0.494985 10
3.46761199469 0.506064 0.50144 0.492968 0.508064 0.50344 0.494968 10
3.45890121678 0.506066 0.501463 0.492951 0.508066 0.503463 0.494951 10
3.45023207918 0.506068 0.501486 0.492934 0.508068 0.503486 0.494934 10
3.44160426172 0.50607 0.501509 0.492918 0.50807 0.503509 0.494918 10
3.43301744757 0.506071 0.501532 0.492901 0.508071 0.503532 0.494901 10
3.42447132326 0.506075 0.501555 0.492886 0.508075 0.503555 0.494886 10
3.41596557859 0.506077 0.501578 0.492871 0.508077 0.503578 0.494871 10
3.4074999066 0.506083 0.501603 0.492854 0.508083 0.503603 0.494854 10
3.39907400353 0.506087 0.501625 0.492838 0.508087 0.503625 0.494838 10
3.39068756876 0.506092 0.50165 0.492819 0.508092 0.50365 0.494819 10
3.38234030482 0.506096 0.501673 0.4928 0.508096 0.503673 0.4948 10
3.37403191728 0.5061 0.501696 0.492783 0.5081 0.503696 0.494783 10
3.36576211474 0.506102 0.501719 0.492766 0.508102 0.503719 0.494766 10
3.35753060882 0.506106 0.501742 0.492751 0.508106 0.503742 0.494751 10
3.34933711407 0.506112 0.501767 0.492731 0.508112 0.503767 0.494731 10
3.34118134796 0.506113 0.501789 0.492714 0.508113 0.503789 0.494714 10
3.33306303085 0.506117 0.501812 0.492697 0.508117 0.503812 0.494697 10
3.32498188593 0.506119 0.501835 0.49268 0.508119 0.503835 0.49468 10
3.31693763918 0.506123 0.501858 0.492663 0.508123 0.503858 0.494663 10
3.30893001938 0.506127 0.501883 0.492644 0.508127 0.503883 0.494644 10
3.30095875801 0.506129 0.501906 0.492629 0.508129 0.503906 0.494629 10
3.29302358927 0.506133 0.501929 0.492613 0.508133 0.503929 0.494613 10
3.28512425001 0.506134 0.501952 0.492598 0.508134 0.503952 0.494598 10
3.27726047972 0.506138 0.501975 0.492585 0.508138 0.503975 0.494585 10
3.26943202047 0.506144 0.501999 0.492569 0.508144 0.503999 0.494569 10
3.2616386169 0.506152 0.502024 0.492552 0.508152 0.504024 0.494552 10
3.25388001619 0.506157 0.502049 0.492535 0.508157 0.504049 0.494535 10
3.246155968 0.506161 0.502074 0.492514 0.508161 0.504074 0.494514 10
3.23846622448 0.506167 0.502098 0.492495 0.508167 0.504098 0.494495 10
3.2308105402 0.506167 0.502121 0.492476 0.508167 0.504121 0.494476 10
3.22318867213 0.506171 0.502144 0.492461 0.508171 0.504144 0.494461 10
3.21560037965 0.506174 0.502167 0.492445 0.508174 0.504167 0.494445 10
3.20804542444 0.50618 0.502192 0.492424 0.50818 0.504192 0.494424 10
3.20052357053 0.506178 0.502215 0.492405 0.508178 0.504215 0.494405 10
3.19303458422 0.50618 0.502238 0.492388 0.50818 0.504238 0.494388 10
3.1855782341 0.506182 0.502261 0.492371 0.508182 0.504261 0.494371 10
3.17815429096 0.506184 0.502284 0.492356 0.508184 0.504284 0.494356 10
3.17076252782 0.506188 0.502308 0.492339 0.508188 0.504308 0.494339 10
3.16340271985 0.50619 0.502331 0.492323 0.50819 0.504331 0.494323 10
3.1560746444 0.506194 0.502356 0.492306 0.508194 0.504356 0.494306 10
3.14877808094 0.506197 0.502379 0.492289 0.508197 0.504379 0.494289 10
3.14151281104 0.506199 0.502404 0.49227 0.508199 0.504404 0.49427 10
3.13427861833 0.506201 0.502427 0.492255 0.508201 0.504427 0.494255 10
3.1270752885 0.506203 0.502451 0.492239 0.508203 0.504451 0.494239 10
3.11990260928 0.506207 0.502476 0.492224 0.508207 0.504476 0.494224 10
3.11276037039 0.506211 0.502501 0.492207 0.508211 0.504501 0.494207 10
3.1056483635 0.506213 0.502524 0.492194 0.508213 0.504524 0.494194 10
3.09856638229 0.506216 0.502549 0.492176 0.508216 0.504549 0.494176 10
3.09151422231 0.50622 0.502573 0.492161 0.50822 0.504573 0.494161 10
3.08449168106 0.506222 0.502598 0.492144 0.508222 0.504598 0.494144 10
3.07749855791 0.506224 0.502623 0.492127 0.508224 0.504623 0.494127 10
3.07053465409 0.506226 0.502648 0.492112 0.508226 0.504648 0.494112 10
3.06359977268 0.50623 0.502673 0.492096 0.50823 0.504673 0.494096 10
3.05669371856 0.506232 0.502695 0.492081 0.508232 0.504695 0.494081 10
3.04981629843 0.506236 0.50272 0.492064 0.508236 0.50472 0.494064 10
3.04296732074 0.506237 0.502745 0.492049 0.508237 0.504745 0.494049 10
3.03614659574 0.506239 0.50277 0.492033 0.508239 0.50477 0.494033 10
3.02935393536 0.506243 0.502795 0.492016 0.508243 0.504795 0.494016 10
3.02258915329 0.506245 0.502818 0.492003 0.508245 0.504818 0.494003 10
3.01585206488 0.506249 0.502842 0.491988 0.508249 0.504842 0.493988 10
3.0091424872 0.506253 0.502867 0.491972 0.508253 0.504867 0.493972 10
3.00246023892 0.506257 0.502892 0.491957 0.508257 0.504892 0.493957 10
2.99580538563 0.50626 0.502917 0.49194 0.50826 0.504917 0.49394 10
2.98917701356 0.506264 0.502942 0.491925 0.508264 0.504942 0.493925 10
2.98257568203 0.506268 0.502966 0.491909 0.508268 0.504966 0.493909 10
2.97600097088 0.506272 0.502991 0.491894 0.508272 0.504991 0.493894 10
2.96945270684 0.506276 0.503016 0.491877 0.508276 0.505016 0.493877 10
2.96293071814 0.506277 0.503039 0.491864 0.508277 0.505039 0.493864 10
2.95643483458 0.506281 0.503066 0.491846 0.508281 0.505066 0.493846 10
2.94996488743 0.506285 0.50309 0.491831 0.508285 0.50509 0.493831 10
2.94352070948 0.506289 0.503115 0.491816 0.508289 0.505115 0.493816 10
2.93710213499 0.506295 0.50314 0.491801 0.508295 0.50514 0.493801 10
2.93070899968 0.506298 0.503165 0.491784 0.508298 0.505165 0.493784 10
2.92434114071 0.506302 0.503189 0.491768 0.508302 0.505189 0.493768 10
2.91799839668 0.506306 0.503214 0.491749 0.508306 0.505214 0.493749 10
2.9116806076 0.506308 0.503239 0.491734 0.508308 0.505239 0.493734 10
2.90538761486 0.506312 0.503264 0.491717 0.508312 0.505264 0.493717 10
2.89911926126 0.506316 0.503291 0.491698 0.508316 0.505291 0.493698 10
2.89287539095 0.506318 0.503313 0.491681 0.508318 0.505313 0.493681 10
2.88665584942 0.506321 0.50334 0.491665 0.508321 0.50534 0.493665 10
2.88046048351 0.506323 0.503365 0.491648 0.508323 0.505365 0.493648 10
2.87428914139 0.506327 0.50339 0.491631 0.508327 0.50539 0.493631 10
2.86814167251 0.506329 0.503415 0.491614 0.508329 0.505415 0.493614 10
2.86201792765 0.506331 0.503439 0.491597 0.508331 0.505439 0.493597 10
2.85591775883 0.506333 0.503464 0.491581 0.508333 0.505464 0.493581 10
2.84984101937 0.506337 0.503491 0.491566 0.508337 0.505491 0.493566 10
2.84378756381 0.506339 0.503516 0.491551 0.508339 0.505516 0.493551 10
2.83775724794 0.506342 0.503542 0.491536 0.508342 0.505542 0.493536 10
2.83174992879 0.506348 0.503567 0.49152 0.508348 0.505567 0.49352 10
2.82576546457 0.506352 0.503594 0.491503 0.508352 0.505594 0.493503 10
2.81980371471 0.506356 0.503621 0.491486 0.508356 0.505621 0.493486 10
2.81386453982 0.506363 0.503647 0.491471 0.508363 0.505647 0.493471 10
2.80794780169 0.506367 0.503674 0.491452 0.508367 0.505674 0.493452 10
2.80205336325 0.506373 0.503699 0.491435 0.508373 0.505699 0.493435 10
2.79618108859 0.506379 0.503725 0.491417 0.508379 0.505725 0.493417 10
2.79033084294 0.506384 0.503752 0.4914 0.508384 0.505752 0.4934 10
2.78450249264 0.50639 0.503779 0.491381 0.50839 0.505779 0.493381 10
2.77869590516 0.506394 0.503806 0.491364 0.508394 0.505806 0.493364 10
2.77291094905 0.506398 0.503832 0.491345 0.508398 0.505832 0.493345 10
2.76714749396 0.506403 0.503857 0.491326 0.508403 0.505857 0.493326 10
2.76140541061 0.506407 0.503884 0.491307 0.508407 0.505884 0.493307 10
2.75568457079 0.506411 0.50391 0.49129 0.508411 0.50591 0.49329 10
2.74998541481 0.506415 0.503937 0.491272 0.508415 0.505937 0.493272 10
2.7443061141 0.506421 0.503964 0.491255 0.508421 0.505964 0.493255 10
2.73864824615 0.506424 0.503991 0.491238 0.508424 0.505991 0.493238 10
2.73301111927 0.50643 0.504015 0.491221 0.50843 0.506015 0.493221 10
2.72739461045 0.506436 0.504042 0.491206 0.508436 0.506042 0.493206 10
2.72179859765 0.506442 0.504069 0.491188 0.508442 0.506069 0.493188 10
2.71622295981 0.506449 0.504095 0.491173 0.508449 0.506095 0.493173 10
2.71066757686 0.506457 0.504122 0.491156 0.508457 0.506122 0.493156 10
2.70513232968 0.506463 0.504149 0.491139 0.508463 0.506149 0.493139 10
2.69961710014 0.50647 0.504176 0.491122 0.50847 0.506176 0.493122 10
2.69412177102 0.506478 0.5042 0.491103 0.508478 0.5062 0.493103 10
2.68864622607 0.506483 0.504227 0.491084 0.508483 0.506227 0.493084 10
2.68319034997 0.506489 0.504254 0.491064 0.508489 0.506254 0.493064 10
2.6777540283 0.506495 0.504279 0.491047 0.508495 0.506279 0.493047 10
2.67233714759 0.506501 0.504305 0.491032 0.508501 0.506305 0.493032 10
2.66693959523 0.506506 0.50433 0.491017 0.508506 0.50633 0.493017 10
2.66156125953 0.506518 0.504355 0.491002 0.508518 0.506355 0.493002 10
2.65620202968 0.506527 0.50438 0.490984 0.508527 0.50638 0.492984 10
2.65086179573 0.506537 0.504404 0.490963 0.508537 0.506404 0.492963 10
2.64554044864 0.506541 0.504429 0.49095 0.508541 0.506429 0.49295 10
2.64023788017 0.50655 0.504452 0.490933 0.50855 0.506452 0.492933 10
2.63495398297 0.506558 0.504477 0.490914 0.508558 0.506477 0.492914 10
2.62968865053 0.506564 0.5045 0.490895 0.508564 0.5065 0.492895 10
2.62444177715 0.506571 0.504525 0.490879 0.508571 0.506525 0.492879 10
2.61921325797 0.506581 0.504548 0.49086 0.508581 0.506548 0.49286 10
2.61400298894 0.506586 0.504572 0.490843 0.508586 0.506572 0.492843 10
2.60881086684 0.506596 0.504597 0.490826 0.508596 0.506597 0.492826 10
2.60363678922 0.506604 0.50462 0.490811 0.508604 0.50662 0.492811 10
2.59848065444 0.506615 0.504645 0.490788 0.508615 0.506645 0.492788 10
2.59334236164 0.506623 0.504668 0.490769 0.508623 0.506668 0.492769 10
2.58822181074 0.50663 0.504692 0.490752 0.50863 0.506692 0.492752 10
2.58311890242 0.506636 0.504715 0.490733 0.508636 0.506715 0.492733 10
2.57803353814 0.506646 0.50474 0.490717 0.508646 0.50674 0.492717 10
2.57296562009 0.506655 0.504765 0.490698 0.508655 0.506765 0.492698 10
2.56791505123 0.506661 0.504788 0.490679 0.508661 0.506788 0.492679 10
2.56288173525 0.506668 0.504811 0.490658 0.508668 0.506811 0.492658 10
2.55786557658 0.50668 0.504836 0.490639 0.50868 0.506836 0.492639 10
2.55286648036 0.506688 0.504858 0.49062 0.508688 0.506858 0.49262 10
2.54788435246 0.506693 0.504881 0.490601 0.508693 0.506881 0.492601 10
2.54291909946 0.506707 0.504906 0.490582 0.508707 0.506906 0.492582 10
2.53797062865 0.506714 0.504929 0.490561 0.508714 0.506929 0.492561 10
2.53303884801 0.50672 0.504952 0.490544 0.50872 0.506952 0.492544 10
2.52812366621 0.50673 0.504977 0.490525 0.50873 0.506977 0.492525 10
2.52322499262 0.506739 0.505 0.490504 0.508739 0.507 0.492504 10
2.51834273727 0.506747 0.505022 0.490483 0.508747 0.507022 0.492483 10
2.51347681088 0.506754 0.505047 0.490467 0.508754 0.507047 0.492467 10
2.50862712481 0.506764 0.50507 0.490448 0.508764 0.50707 0.492448 10
2.5037935911 0.506771 0.505093 0.490427 0.508771 0.507093 0.492427 10
2.49897650109 0.506779 0.505116 0.490408 0.508779 0.507116 0.492408 10
2.49417463215 0.506789 0.505139 0.490391 0.508789 0.507139 0.492391 10
2.48938903429 0.5068 0.505162 0.490372 0.5088 0.507162 0.492372 10
2.48461924336 0.506808 0.505185 0.490353 0.508808 0.507185 0.492353 10
2.47986517465 0.506815 0.505207 0.490334 0.508815 0.507207 0.492334 10
2.47512674401 0.506823 0.505232 0.490319 0.508823 0.507232 0.492319 10
2.47040386793 0.506831 0.505255 0.4903 0.508831 0.507255 0.4923 10
2.4656964635 0.50684 0.505278 0.490281 0.50884 0.507278 0.492281 10
2.46100444841 0.506846 0.505301 0.49026 0.508846 0.507301 0.49226 10
2.45632774096 0.506857 0.505326 0.490241 0.508857 0.507326 0.492241 10
2.45166626005 0.506863 0.505349 0.490225 0.508863 0.507349 0.492225 10
2.44701992515 0.506871 0.505371 0.490206 0.508871 0.507371 0.492206 10
2.44238865633 0.50688 0.505394 0.490187 0.50888 0.507394 0.492187 10
2.43777237423 0.506886 0.505417 0.490166 0.508886 0.507417 0.492166 10
2.43317100006 0.506894 0.50544 0.490149 0.508894 0.50744 0.492149 10
2.42858445562 0.506901 0.505463 0.490132 0.508901 0.507463 0.492132 10
2.42401266324 0.506909 0.505486 0.490113 0.508909 0.507486 0.492113 10
2.41945554583 0.506918 0.505509 0.490094 0.508918 0.507509 0.492094 10
2.41491302684 0.506926 0.505532 0.490076 0.508926 0.507532 0.492076 10
2.41038503029 0.506934 0.505555 0.490057 0.508934 0.507555 0.492057 10
2.4058714807 0.506939 0.505577 0.490036 0.508939 0.507577 0.492036 10
2.40137230317 0.506945 0.5056 0.490017 0.508945 0.5076 0.492017 10
2.39688742332 0.506953 0.505623 0.489998 0.508953 0.507623 0.491998 10
2.39241676727 0.50696 0.505648 0.489979 0.50896 0.507648 0.491979 10
2.3879602617 0.506966 0.505673 0.489962 0.508966 0.507673 0.491962 10
2.3835178338 0.506974 0.505696 0.489941 0.508974 0.507696 0.491941 10
2.37908941125 0.506979 0.505719 0.48992 0.508979 0.507719 0.49192 10
2.37467492227 0.506987 0.505743 0.489903 0.508987 0.507743 0.491903 10
2.37027429557 0.506998 0.505768 0.489886 0.508998 0.507768 0.491886 10
2.36588746036 0.507004 0.505791 0.489865 0.509004 0.507791 0.491865 10
2.36151434634 0.50701 0.505816 0.489846 0.50901 0.507816 0.491846 10
2.35715488372 0.507016 0.505841 0.489827 0.509016 0.507841 0.491827 10
2.35280900318 0.507021 0.505864 0.489806 0.509021 0.507864 0.491806 10
2.34847663588 0.507029 0.505888 0.489788 0.509029 0.507888 0.491788 10
2.34415771346 0.507037 0.505913 0.489769 0.509037 0.507913 0.491769 10
2.33985216806 0.50704 0.505938 0.48975 0.50904 0.507938 0.49175 10
2.33555993226 0.507048 0.505963 0.489731 0.509048 0.507963 0.491731 10
2.3312809391 0.507054 0.505988 0.489712 0.509054 0.507988 0.491712 10
2.32701512212 0.50706 0.506012 0.489689 0.50906 0.508012 0.491689 10
2.32276241527 0.507067 0.506039 0.489674 0.509067 0.508039 0.491674 10
2.318522753 0.507075 0.506064 0.489657 0.509075 0.508064 0.491657 10
2.31429607016 0.50708 0.506089 0.489638 0.50908 0.508089 0.491638 10
2.3100823021 0.507086 0.506113 0.489619 0.509086 0.508113 0.491619 10
2.30588138457 0.507092 0.506138 0.4896 0.509092 0.508138 0.4916 10
2.30169325377 0.507098 0.506165 0.489581 0.509098 0.508165 0.491581 10
2.29751784634 0.507103 0.50619 0.489563 0.509103 0.50819 0.491563 10
2.29335509935 0.507111 0.506216 0.489542 0.509111 0.508216 0.491542 10
2.28920495029 0.507117 0.506241 0.489523 0.509117 0.508241 0.491523 10
2.28506733707 0.507122 0.506268 0.489508 0.509122 0.508268 0.491508 10
2.28094219804 0.507128 0.506293 0.489489 0.509128 0.508293 0.491489 10
2.27682947194 0.507134 0.506319 0.489468 0.509134 0.508319 0.491468 10
2.27272909793 0.50714 0.506344 0.489449 0.50914 0.508344 0.491449 10
2.2686410156 0.507145 0.506371 0.489432 0.509145 0.508371 0.491432 10
2.26456516492 0.507151 0.506398 0.489413 0.509151 0.508398 0.491413 10
2.26050148626 0.507157 0.506426 0.489396 0.509157 0.508426 0.491396 10
2.25644992041 0.507162 0.506453 0.489376 0.509162 0.508453 0.491376 10
2.25241040853 0.507168 0.50648 0.489355 0.509168 0.50848 0.491355 10
2.24838313276 0.507172 0.506508 0.489338 0.509172 0.508508 0.491338 10
2.24436731334 0.50718 0.506535 0.489317 0.50918 0.508535 0.491317 10
2.24036361436 0.507183 0.506564 0.489298 0.509183 0.508564 0.491298 10
2.23637173791 0.507187 0.506592 0.489279 0.509187 0.508592 0.491279 10
2.23239162711 0.507193 0.506619 0.489256 0.509193 0.508619 0.491256 10
2.22842322544 0.507195 0.506646 0.489235 0.509195 0.508646 0.491235 10
2.22446647674 0.507199 0.506674 0.489214 0.509199 0.508674 0.491214 10
2.22052132522 0.507201 0.506703 0.489191 0.509201 0.508703 0.491191 10
2.21658771548 0.507206 0.506733 0.48917 0.509206 0.508733 0.49117 10
2.21266559244 0.507208 0.506762 0.489148 0.509208 0.508762 0.491148 10
2.20875490142 0.507214 0.506791 0.489125 0.509214 0.508791 0.491125 10
2.20485558808 0.507218 0.506821 0.489104 0.509218 0.508821 0.491104 10
2.20096759842 0.507222 0.50685 0.489081 0.509222 0.50885 0.491081 10
2.19709087883 0.507225 0.506878 0.48906 0.509225 0.508878 0.49106 10
2.19322537601 0.507229 0.506905 0.489037 0.509229 0.508905 0.491037 10
2.18937103703 0.507235 0.506934 0.489014 0.509235 0.508934 0.491014 10
2.18552780928 0.507239 0.506962 0.488991 0.509239 0.508962 0.490991 10
2.18169564051 0.507245 0.506991 0.488968 0.509245 0.508991 0.490968 10
2.1778744788 0.507246 0.507018 0.488945 0.509246 0.509018 0.490945 10
2.17406427256 0.507252 0.507046 0.488923 0.509252 0.509046 0.490923 10
2.17026497053 0.507254 0.507073 0.4889 0.509254 0.509073 0.4909 10
2.1664765218 0.50726 0.507101 0.488877 0.50926 0.509101 0.490877 10
2.16269887575 0.507262 0.50713 0.488854 0.509262 0.50913 0.490854 10
2.15893198211 0.507265 0.507159 0.488831 0.509265 0.509159 0.490831 10
2.15517579093 0.507269 0.507187 0.488806 0.509269 0.509187 0.490806 10
2.15143025257 0.507273 0.507216 0.488783 0.509273 0.509216 0.490783 10
2.1476953177 0.507277 0.507246 0.488758 0.509277 0.509246 0.490758 10
2.14397093731 0.507281 0.507275 0.488736 0.509281 0.509275 0.490736 10
2.14025706271 0.507285 0.507304 0.488711 0.509285 0.509304 0.490711 10
2.13655364551 0.507288 0.50733 0.488686 0.509288 0.50933 0.490686 10
2.13286063762 0.507292 0.507359 0.488661 0.509292 0.509359 0.490661 10
2.12917799125 0.507294 0.507386 0.488636 0.509294 0.509386 0.490636 10
2.12550565893 0.507298 0.507416 0.48861 0.509298 0.509416 0.49061 10
2.12184359347 0.5073 0.507445 0.488583 0.5093 0.509445 0.490583 10
2.11819174799 0.507304 0.507473 0.488556 0.509304 0.509473 0.490556 10
2.11455007588 0.507307 0.507502 0.488528 0.509307 0.509502 0.490528 10
2.11091853086 0.507311 0.507531 0.488499 0.509311 0.509531 0.490499 10
2.1072970669 0.507315 0.507559 0.488469 0.509315 0.509559 0.490469 10
2.10368563827 0.507319 0.507588 0.488438 0.509319 0.509588 0.490438 10
2.10008419955 0.507321 0.507615 0.488404 0.509321 0.509615 0.490404 10
2.09649270555 0.507323 0.507643 0.488367 0.509323 0.509643 0.490367 10
2.09291111141 0.507327 0.507668 0.488329 0.509327 0.509668 0.490329 10
2.08933937252 0.507327 0.507689 0.488289 0.509327 0.509689 0.490289 10
2.08577744454 0.507328 0.507702 0.488249 0.509328 0.509702 0.490249 10
2.08222528344 0.507332 0.507712 0.488213 0.509332 0.509712 0.490213 10
2.07868284542 0.507349 0.507664 0.48832 0.509349 0.509664 0.49032 10
2.07515008697 0.507357 0.507691 0.488326 0.509357 0.509691 0.490326 10
2.07162696484 0.507365 0.507718 0.488327 0.509365 0.509718 0.490327 10
2.06811343605 0.507372 0.507742 0.488326 0.509372 0.509742 0.490326 10
2.06460945788 0.50738 0.507767 0.48832 0.50938 0.509767 0.49032 10
2.06111498788 0.507388 0.50779 0.488312 0.509388 0.50979 0.490312 10
2.05762998383 0.507395 0.507813 0.488305 0.509395 0.509813 0.490305 10
2.05415440381 0.507401 0.507836 0.488295 0.509401 0.509836 0.490295 10
2.05068820611 0.507409 0.507855 0.488284 0.509409 0.509855 0.490284 10
2.04723134931 0.507416 0.507874 0.488272 0.509416 0.509874 0.490272 10
2.04378379222 0.507422 0.507893 0.488259 0.509422 0.509893 0.490259 10
2.04034549391 0.507428 0.507912 0.488244 0.509428 0.509912 0.490244 10
2.03691641368 0.507435 0.507929 0.488228 0.509435 0.509929 0.490228 10
2.03349651109 0.507441 0.507946 0.488211 0.509441 0.509946 0.490211 10
2.03008574594 0.507449 0.507962 0.488192 0.509449 0.509962 0.490192 10
2.02668407827 0.507454 0.507977 0.488175 0.509454 0.509977 0.490175 10
2.02329146837 0.50746 0.507992 0.488154 0.50946 0.509992 0.490154 10
2.01990787675 0.507466 0.508006 0.488133 0.509466 0.510006 0.490133 10
2.01653326416 0.507471 0.508019 0.48811 0.509471 0.510019 0.49011 10
2.0131675916 0.507477 0.50803 0.488087 0.509477 0.51003 0.490087 10
2.00981082028 0.507483 0.508042 0.48806 0.509483 0.510042 0.49006 10
2.00646291165 0.507487 0.508051 0.488036 0.509487 0.510051 0.490036 10
2.0031238274 0.507492 0.508057 0.488007 0.509492 0.510057 0.490007 10
1.99979384142 0.507494 0.508059 0.487976 0.509494 0.510059 0.489976 10
