root_index
18604989.0
18605042.0
18605095.0
18606500.0
18606553.0
18606606.0
18606659.0
18606702.0
18606711.0
18608117.0
18598770.0
18598771.0
18598830.0
18598876.0
18598884.0
18598937.0
18598938.0
18598984.0
18599038.0
18599093.0
18599094.0
18600280.0
18600288.0
18600289.0
18600333.0
18600343.0
18600344.0
18600397.0
18600604.0
18601801.0
18601802.0
18601856.0
18601897.0
18601951.0
18602006.0
18602060.0
18602115.0
18603463.0
18603516.0
18603517.0
18603571.0
18603572.0
18603625.0
18603626.0
18603627.0
18604813.0
18604866.0
18604882.0
18604919.0
18605091.0
18605143.0
18605144.0
18605196.0
18606325.0
18606326.0
18606339.0
18606379.0
18606393.0
18606432.0
18606446.0
18606447.0
18606486.0
18606539.0
18606593.0
18606647.0
18606703.0
18607838.0
18607850.0
18607892.0
18607904.0
18607945.0
18607957.0
18607999.0
18608052.0
18608064.0
18608106.0
18608161.0
18608162.0
18608169.0
18608218.0
18608221.0
18609351.0
18609360.0
18609361.0
18609405.0
18609414.0
18609415.0
18609458.0
18609468.0
18609512.0
18609521.0
18609566.0
18609574.0
18609620.0
18609621.0
18609622.0
18609627.0
18609676.0
18609677.0
18609678.0
18609679.0
18610864.0
18610865.0
18610866.0
18610870.0
18610871.0
18610918.0
18610919.0
18610925.0
18610972.0
18610979.0
18611025.0
18611026.0
18611032.0
18611080.0
18611081.0
18611084.0
18611135.0
18611136.0
18611137.0
18612378.0
18612379.0
18612380.0
18612381.0
18612382.0
18612431.0
18612432.0
18612433.0
18612434.0
18612435.0
18612436.0
18612485.0
18612486.0
18612487.0
18612488.0
18612489.0
18612539.0
18612540.0
18612541.0
18612542.0
18612594.0
18612595.0
18860460.0
18860465.0
18861918.0
18861972.0
18861978.0
18861979.0
18861980.0
18864835.0
18864836.0
18864837.0
18864992.0
18866347.0
18866348.0
18866349.0
18866398.0
18866399.0
18866400.0
18866404.0
18866405.0
18866406.0
18866407.0
18866408.0
18866451.0
18866463.0
18866504.0
18866517.0
18867911.0
18867912.0
18867913.0
18867914.0
18867915.0
18867916.0
18867917.0
18867918.0
18867919.0
18867920.0
18867963.0
18867964.0
18867972.0
18867973.0
18867974.0
18868016.0
18868017.0
18868028.0
18869424.0
18869425.0
18869426.0
18869427.0
18869428.0
18869476.0
18869477.0
18869478.0
18869482.0
18869483.0
18869529.0
18869530.0
18869537.0
18869538.0
18870990.0
18870991.0
18870992.0
18870993.0
18870994.0
18871042.0
18871043.0
18871044.0
18871045.0
18871046.0
18871047.0
18871048.0
18871049.0
18872558.0
19717201.0
19717254.0
19717258.0
19717259.0
19717307.0
19717308.0
19717312.0
19717313.0
19717362.0
19717415.0
19717416.0
19717417.0
18598775.0
18598822.0
18598823.0
18598875.0
18598885.0
18599092.0
18600386.0
18600603.0
18600605.0
18606332.0
18606601.0
18606648.0
18608107.0
18609352.0
18609626.0
18611031.0
18866401.0
18866402.0
18866403.0
18869481.0
19717253.0
19717360.0
19717361.0
19717470.0
19717471.0
18604828.0
18599151.0
18600506.0
18600559.0
18602124.0
18603622.0
18605083.0
18605134.0
18598768.0
18598777.0
18598832.0
18598873.0
18598874.0
18598886.0
18598926.0
18598927.0
18598940.0
18598979.0
18598980.0
18598981.0
18598991.0
18598993.0
18599033.0
18599034.0
18599035.0
18599044.0
18599046.0
18599089.0
18599090.0
18599091.0
18599096.0
18599097.0
18599098.0
18599145.0
18599146.0
18599150.0
18600278.0
18600291.0
18600331.0
18600346.0
18600384.0
18600385.0
18600399.0
18600400.0
18600437.0
18600438.0
18600439.0
18600450.0
18600451.0
18600452.0
18600453.0
18600491.0
18600492.0
18600493.0
18600495.0
18600503.0
18600504.0
18600505.0
18600545.0
18600546.0
18600547.0
18600549.0
18600557.0
18600558.0
18600600.0
18600601.0
18600602.0
18600610.0
18600611.0
18600656.0
18600657.0
18600660.0
18600661.0
18600663.0
18601789.0
18601791.0
18601804.0
18601842.0
18601844.0
18601857.0
18601909.0
18601910.0
18601912.0
18601949.0
18601950.0
18601963.0
18601965.0
18602003.0
18602004.0
18602016.0
18602018.0
18602057.0
18602058.0
18602059.0
18602071.0
18602111.0
18602112.0
18602113.0
18602122.0
18602166.0
18602167.0
18602168.0
18602171.0
18602172.0
18602173.0
18602174.0
18602176.0
18602225.0
18602226.0
18602227.0
18602228.0
18603301.0
18603303.0
18603313.0
18603314.0
18603315.0
18603316.0
18603354.0
18603355.0
18603356.0
18603368.0
18603369.0
18603370.0
18603407.0
18603409.0
18603421.0
18603422.0
18603424.0
18603461.0
18603462.0
18603475.0
18603477.0
18603530.0
18603570.0
18603583.0
18603633.0
18603634.0
18603636.0
18603676.0
18603677.0
18603679.0
18603680.0
18603681.0
18603683.0
18603684.0
18603685.0
18603686.0
18603688.0
18603736.0
18603737.0
18603740.0
18604825.0
18604826.0
18604867.0
18604879.0
18604880.0
18604921.0
18604933.0
18604934.0
18604935.0
18604973.0
18604975.0
18604987.0
18605027.0
18605028.0
18605029.0
18605030.0
18605040.0
18605082.0
18605093.0
18605136.0
18605137.0
18605138.0
18605146.0
18605189.0
18605190.0
18605194.0
18605195.0
18605197.0
18605198.0
18605200.0
18605248.0
18605249.0
18605250.0
18605251.0
18606336.0
18606337.0
18606338.0
18606391.0
18606392.0
18606433.0
18606487.0
18606541.0
18606551.0
18606595.0
18606596.0
18606603.0
18606604.0
18606650.0
18606651.0
18606652.0
18606655.0
18606656.0
18606704.0
18606705.0
18606761.0
18606762.0
18607843.0
18607845.0
18607846.0
18607847.0
18607849.0
18607895.0
18607901.0
18607903.0
18607948.0
18608007.0
18608009.0
18608053.0
18608057.0
18608058.0
18608060.0
18608061.0
18608062.0
18608109.0
18608113.0
18608114.0
18608166.0
18608219.0
18608220.0
18609408.0
18609409.0
18609461.0
18609462.0
18609463.0
18609464.0
18609513.0
18609516.0
18609517.0
18609518.0
18609519.0
18609567.0
18858948.0
18858949.0
18858952.0
18858953.0
18860405.0
18860406.0
18860411.0
18860412.0
18860413.0
18860457.0
18860467.0
18860468.0
18861864.0
18861865.0
18861868.0
18861869.0
18861870.0
18861916.0
18861919.0
18861920.0
18861921.0
18861922.0
18861923.0
18861926.0
18861927.0
18861968.0
18861970.0
18861971.0
18861982.0
18863324.0
18863325.0
18863375.0
18863381.0
18863382.0
18863383.0
18863427.0
18863431.0
18863434.0
18863435.0
18863436.0
18863439.0
18863480.0
18863482.0
18863483.0
18863490.0
18863491.0
18863492.0
18863494.0
18864886.0
18864887.0
18864893.0
18864894.0
18864895.0
18864896.0
18864939.0
18864948.0
18864951.0
18864994.0
18864996.0
18864997.0
18865003.0
18865004.0
18865006.0
18866460.0
18866461.0
18866508.0
18866516.0
18867971.0
18868020.0
18868021.0
18868022.0
18868024.0
18868026.0
18868027.0
19715689.0
19715690.0
19715691.0
19715742.0
19715743.0
19715744.0
19715745.0
19715746.0
19715747.0
19715793.0
19715794.0
19715795.0
19715796.0
19715800.0
19715801.0
19715844.0
19715845.0
19715846.0
19715847.0
19715848.0
19715849.0
19715854.0
19715855.0
19715898.0
19715899.0
19715900.0
19715901.0
19715902.0
19715903.0
19715906.0
19715907.0
19715908.0
19715954.0
19715955.0
19715956.0
19715957.0
19715958.0
19715959.0
19715960.0
19717146.0
19717147.0
19717149.0
19717150.0
19717198.0
19717199.0
19717203.0
19717206.0
19717251.0
19717257.0
19717261.0
19717303.0
19717304.0
19717315.0
19717355.0
19717356.0
19717357.0
19717368.0
19717410.0
19717411.0
19717412.0
19717421.0
19717465.0
19717466.0
19717467.0
19717468.0
19717473.0
19717522.0
19717523.0
19717524.0
19717525.0
18598773.0
18598774.0
18598776.0
18598821.0
18598826.0
18598829.0
18598831.0
18598877.0
18598882.0
18598883.0
18598928.0
18598929.0
18598930.0
18598939.0
18598982.0
18598983.0
18598986.0
18598990.0
18598992.0
18599036.0
18599037.0
18599040.0
18599041.0
18599042.0
18599095.0
18599147.0
18599149.0
18600279.0
18600281.0
18600286.0
18600290.0
18600332.0
18600334.0
18600342.0
18600345.0
18600387.0
18600398.0
18600440.0
18600494.0
18600496.0
18600502.0
18600548.0
18600551.0
18600552.0
18600556.0
18600608.0
18600609.0
18600659.0
18600662.0
18601790.0
18601793.0
18601800.0
18601803.0
18601843.0
18601855.0
18601858.0
18601896.0
18601898.0
18601911.0
18601952.0
18601962.0
18601964.0
18602005.0
18602008.0
18602017.0
18602061.0
18602062.0
18602069.0
18602070.0
18602114.0
18602116.0
18602169.0
18602170.0
18602175.0
18603302.0
18603304.0
18603367.0
18603408.0
18603423.0
18603476.0
18603515.0
18603522.0
18603526.0
18603528.0
18603529.0
18603569.0
18603581.0
18603582.0
18603623.0
18603624.0
18603628.0
18603635.0
18603678.0
18603682.0
18603687.0
18603738.0
18603739.0
18604814.0
18604815.0
18604816.0
18604817.0
18604818.0
18604827.0
18604868.0
18604869.0
18604881.0
18604920.0
18604922.0
18604923.0
18604974.0
18604986.0
18604988.0
18605037.0
18605041.0
18605081.0
18605090.0
18605092.0
18605139.0
18605140.0
18605145.0
18605191.0
18605192.0
18605193.0
18606327.0
18606328.0
18606329.0
18606330.0
18606333.0
18606380.0
18606381.0
18606382.0
18606387.0
18606390.0
18606434.0
18606435.0
18606444.0
18606445.0
18606488.0
18606489.0
18606493.0
18606497.0
18606498.0
18606499.0
18606540.0
18606542.0
18606549.0
18606605.0
18606649.0
18606653.0
18606654.0
18606657.0
18606706.0
18606707.0
18606708.0
18606709.0
18606710.0
18607839.0
18607841.0
18607842.0
18607844.0
18607848.0
18607894.0
18607896.0
18607902.0
18607946.0
18607947.0
18607949.0
18607950.0
18607954.0
18607955.0
18608000.0
18608001.0
18608002.0
18608003.0
18608004.0
18608008.0
18608010.0
18608054.0
18608055.0
18608056.0
18608059.0
18608108.0
18608110.0
18608111.0
18608112.0
18608115.0
18608116.0
18608163.0
18608164.0
18608165.0
18608167.0
18609354.0
18609355.0
18609356.0
18609357.0
18609359.0
18609407.0
18609410.0
18609411.0
18609412.0
18609413.0
18609459.0
18609465.0
18609466.0
18609515.0
18609568.0
18609570.0
18609571.0
18609572.0
18609623.0
18610867.0
18610869.0
18610920.0
18610924.0
18610973.0
18610974.0
18611027.0
18611028.0
18611082.0
18858950.0
18858951.0
18860407.0
18860408.0
18860409.0
18860410.0
18860458.0
18860459.0
18860461.0
18860462.0
18860463.0
18860464.0
18860466.0
18861866.0
18861867.0
18861924.0
18861925.0
18861969.0
18861976.0
18861977.0
18861981.0
18863376.0
18863378.0
18863379.0
18863380.0
18863428.0
18863429.0
18863430.0
18863432.0
18863433.0
18863437.0
18863438.0
18863485.0
18863488.0
18863493.0
18864888.0
18864889.0
18864890.0
18864891.0
18864892.0
18864941.0
18864942.0
18864943.0
18864944.0
18864945.0
18864946.0
18864947.0
18864949.0
18864950.0
18864993.0
18864995.0
18864999.0
18865000.0
18865001.0
18865002.0
18866452.0
18866453.0
18866454.0
18866455.0
18866456.0
18866457.0
18866459.0
18866462.0
18866505.0
18866506.0
18866507.0
18866509.0
18866510.0
18866511.0
18866512.0
18866513.0
18866514.0
18866515.0
18867968.0
18867970.0
18868019.0
18868023.0
18869533.0
18869534.0
19715799.0
19715850.0
19715853.0
19715904.0
19715905.0
19717148.0
19717202.0
19717205.0
19717255.0
19717256.0
19717260.0
19717306.0
19717311.0
19717314.0
19717358.0
19717363.0
19717365.0
19717366.0
19717413.0
19717418.0
19717419.0
19717469.0
18598769.0
18598772.0
18598824.0
18598827.0
18598828.0
18598878.0
18598879.0
18598880.0
18598931.0
18598934.0
18598985.0
18598989.0
18599039.0
18599043.0
18599045.0
18599148.0
18600282.0
18600284.0
18600285.0
18600287.0
18600335.0
18600341.0
18600395.0
18600396.0
18600441.0
18600442.0
18600449.0
18600499.0
18600550.0
18600555.0
18600606.0
18600607.0
18600658.0
18601792.0
18601798.0
18601799.0
18601845.0
18601899.0
18601907.0
18601908.0
18601953.0
18601960.0
18601961.0
18602007.0
18602015.0
18602063.0
18602065.0
18602066.0
18602067.0
18602068.0
18602117.0
18602118.0
18602120.0
18602123.0
18603305.0
18603311.0
18603312.0
18603357.0
18603358.0
18603365.0
18603366.0
18603410.0
18603411.0
18603418.0
18603420.0
18603466.0
18603469.0
18603473.0
18603474.0
18603518.0
18603519.0
18603523.0
18603524.0
18603527.0
18603573.0
18603574.0
18603575.0
18603577.0
18603579.0
18603580.0
18603629.0
18603630.0
18603631.0
18603632.0
18604820.0
18604822.0
18604823.0
18604824.0
18604870.0
18604872.0
18604874.0
18604875.0
18604877.0
18604878.0
18604924.0
18604925.0
18604929.0
18604931.0
18604932.0
18604976.0
18604977.0
18604978.0
18604983.0
18604984.0
18604985.0
18605035.0
18605038.0
18605039.0
18605084.0
18605085.0
18605086.0
18605087.0
18605088.0
18605089.0
18605094.0
18605135.0
18605141.0
18605147.0
18606331.0
18606334.0
18606335.0
18606384.0
18606385.0
18606386.0
18606388.0
18606389.0
18606436.0
18606437.0
18606438.0
18606439.0
18606440.0
18606441.0
18606442.0
18606443.0
18606490.0
18606491.0
18606492.0
18606494.0
18606495.0
18606496.0
18606543.0
18606544.0
18606545.0
18606546.0
18606547.0
18606548.0
18606550.0
18606552.0
18606594.0
18606597.0
18606598.0
18606599.0
18606600.0
18606602.0
18606658.0
18607840.0
18607893.0
18607897.0
18607898.0
18607900.0
18607951.0
18607952.0
18607953.0
18607956.0
18608005.0
18608006.0
18608063.0
18609353.0
18609358.0
18609460.0
18609467.0
18609514.0
18609520.0
18609569.0
18609573.0
18609624.0
18609625.0
18610868.0
18610921.0
18610922.0
18610923.0
18610975.0
18610976.0
18610977.0
18610978.0
18611029.0
18611030.0
18611083.0
18861917.0
18861973.0
18861975.0
18863377.0
18863481.0
18863484.0
18863486.0
18863489.0
18864940.0
18865005.0
18866458.0
18867965.0
18867966.0
18867967.0
18867969.0
18868018.0
18868025.0
18869479.0
18869480.0
18869531.0
18869532.0
18869535.0
18869536.0
19715797.0
19715798.0
19715851.0
19715852.0
19717200.0
19717204.0
19717252.0
19717305.0
19717310.0
19717359.0
19717367.0
19717414.0
19717420.0
19717472.0
21344872.0
21344886.0
21344905.0
21344907.0
21344927.0
21344950.0
21344979.0
21344980.0
21344999.0
21345021.0
21345039.0
21345040.0
21345067.0
21345069.0
21345088.0
21345090.0
21345091.0
21345092.0
21345105.0
21345109.0
21345110.0
21345128.0
21345129.0
21345131.0
21345132.0
21345133.0
21345137.0
21345160.0
21345210.0
21345212.0
21345247.0
21345249.0
21345288.0
21345289.0
21345290.0
21345291.0
21345305.0
21345327.0
21345330.0
21345349.0
21345358.0
21345359.0
21345369.0
21345370.0
21345371.0
21345374.0
21345400.0
21345402.0
21345403.0
21345406.0
21345437.0
21345438.0
21345440.0
21345441.0
21345442.0
21345443.0
21345451.0
21345484.0
21345485.0
21345486.0
21345488.0
21345497.0
21345521.0
21345522.0
21345524.0
21345525.0
21345526.0
21345539.0
21345553.0
21345567.0
21345568.0
21345569.0
21345571.0
21345572.0
21345583.0
21345598.0
21345607.0
21345608.0
21345609.0
21345610.0
21345612.0
21345613.0
21345614.0
21345626.0
21345651.0
21345652.0
21345653.0
21345654.0
21345655.0
21345656.0
21345657.0
21345670.0
18598825.0
18598932.0
18598935.0
18598936.0
18598987.0
18600283.0
18600338.0
18600448.0
18600553.0
18600554.0
18601846.0
18601853.0
18601854.0
18601906.0
18602013.0
18602014.0
18602119.0
18602121.0
18603309.0
18603310.0
18603419.0
18603464.0
18603467.0
18603471.0
18603472.0
18603525.0
18603578.0
18604821.0
18604871.0
18604876.0
18604930.0
18604979.0
18604982.0
18605033.0
18605034.0
18605036.0
18605142.0
18605199.0
18606383.0
18607899.0
18608168.0
18861974.0
18863487.0
18864998.0
19717364.0
21344864.0
21344880.0
21344891.0
21344892.0
21344893.0
21344913.0
21344915.0
21344935.0
21344938.0
21344943.0
21344954.0
21344964.0
21344965.0
21344966.0
21344968.0
21344977.0
21344981.0
21344982.0
21344988.0
21345000.0
21345004.0
21345005.0
21345008.0
21345019.0
21345031.0
21345045.0
21345065.0
21345066.0
21345068.0
21345071.0
21345073.0
21345086.0
21345111.0
21345126.0
21345130.0
21345141.0
21345156.0
21345157.0
21345159.0
21345162.0
21345165.0
21345166.0
21345172.0
21345184.0
21345185.0
21345196.0
21345211.0
21345220.0
21345238.0
21345246.0
21345248.0
21345250.0
21345263.0
21345269.0
21345316.0
21345329.0
21345339.0
21345340.0
21345343.0
21345360.0
21345368.0
21345372.0
21345377.0
21345387.0
21345390.0
21345401.0
21345404.0
21345405.0
21345416.0
21345417.0
21345418.0
21345439.0
21345450.0
21345452.0
21345461.0
21345475.0
21345476.0
21345487.0
21345495.0
21345496.0
21345507.0
21345523.0
21345537.0
21345570.0
21345584.0
21345585.0
21345586.0
21345600.0
21345611.0
21345625.0
21345658.0
21345659.0
21345689.0
21345690.0
18598881.0
18598933.0
18598988.0
18600336.0
18600337.0
18600339.0
18600340.0
18600388.0
18600389.0
18600390.0
18600391.0
18600392.0
18600393.0
18600394.0
18600443.0
18600444.0
18600445.0
18600446.0
18600447.0
18600497.0
18600498.0
18600500.0
18600501.0
18601794.0
18601795.0
18601796.0
18601797.0
18601847.0
18601848.0
18601849.0
18601850.0
18601851.0
18601852.0
18601900.0
18601901.0
18601902.0
18601903.0
18601904.0
18601905.0
18601954.0
18601955.0
18601956.0
18601957.0
18601958.0
18601959.0
18602009.0
18602010.0
18602011.0
18602012.0
18602064.0
18603306.0
18603307.0
18603308.0
18603359.0
18603360.0
18603361.0
18603362.0
18603363.0
18603364.0
18603412.0
18603413.0
18603414.0
18603415.0
18603416.0
18603417.0
18603465.0
18603468.0
18603470.0
18603520.0
18603521.0
18603576.0
18604819.0
18604873.0
18604926.0
18604927.0
18604928.0
18604980.0
18604981.0
18605031.0
18605032.0
18609406.0
19717309.0
21344863.0
21344865.0
21344866.0
21344867.0
21344868.0
21344869.0
21344870.0
21344871.0
21344873.0
21344874.0
21344875.0
21344876.0
21344877.0
21344878.0
21344879.0
21344881.0
21344882.0
21344883.0
21344884.0
21344885.0
21344887.0
21344888.0
21344889.0
21344890.0
21344894.0
21344895.0
21344896.0
21344897.0
21344898.0
21344899.0
21344900.0
21344901.0
21344902.0
21344903.0
21344904.0
21344906.0
21344908.0
21344909.0
21344910.0
21344911.0
21344912.0
21344914.0
21344916.0
21344917.0
21344918.0
21344919.0
21344920.0
21344921.0
21344922.0
21344923.0
21344924.0
21344925.0
21344926.0
21344928.0
21344929.0
21344930.0
21344931.0
21344932.0
21344933.0
21344934.0
21344936.0
21344937.0
21344939.0
21344940.0
21344941.0
21344942.0
21344944.0
21344945.0
21344946.0
21344947.0
21344948.0
21344949.0
21344951.0
21344952.0
21344953.0
21344955.0
21344956.0
21344957.0
21344958.0
21344959.0
21344960.0
21344961.0
21344963.0
21344967.0
21344969.0
21344970.0
21344971.0
21344972.0
21344973.0
21344974.0
21344975.0
21344976.0
21344983.0
21344984.0
21344985.0
21344986.0
21344987.0
21344989.0
21344990.0
21344991.0
21344992.0
21344993.0
21344994.0
21344995.0
21344996.0
21345001.0
21345002.0
21345003.0
21345006.0
21345007.0
21345009.0
21345010.0
21345011.0
21345012.0
21345013.0
21345014.0
21345015.0
21345016.0
21345017.0
21345020.0
21345022.0
21345023.0
21345024.0
21345025.0
21345026.0
21345027.0
21345028.0
21345029.0
21345030.0
21345032.0
21345033.0
21345034.0
21345035.0
21345041.0
21345042.0
21345043.0
21345044.0
21345046.0
21345047.0
21345048.0
21345049.0
21345050.0
21345051.0
21345052.0
21345053.0
21345054.0
21345055.0
21345056.0
21345057.0
21345058.0
21345059.0
21345060.0
21345061.0
21345062.0
21345070.0
21345072.0
21345074.0
21345075.0
21345076.0
21345077.0
21345078.0
21345079.0
21345080.0
21345081.0
21345082.0
21345083.0
21345084.0
21345085.0
21345087.0
21345089.0
21345094.0
21345095.0
21345096.0
21345097.0
21345098.0
21345099.0
21345100.0
21345101.0
21345102.0
21345103.0
21345104.0
21345108.0
21345112.0
21345113.0
21345114.0
21345115.0
21345116.0
21345117.0
21345118.0
21345119.0
21345120.0
21345121.0
21345122.0
21345123.0
21345124.0
21345125.0
21345127.0
21345138.0
21345139.0
21345140.0
21345142.0
21345143.0
21345144.0
21345145.0
21345146.0
21345147.0
21345148.0
21345149.0
21345150.0
21345151.0
21345152.0
21345153.0
21345154.0
21345155.0
21345158.0
21345161.0
21345163.0
21345164.0
21345167.0
21345168.0
21345169.0
21345170.0
21345171.0
21345173.0
21345174.0
21345175.0
21345176.0
21345177.0
21345178.0
21345179.0
21345180.0
21345193.0
21345194.0
21345195.0
21345197.0
21345198.0
21345199.0
21345200.0
21345201.0
21345202.0
21345203.0
21345204.0
21345205.0
21345206.0
21345207.0
21345208.0
21345209.0
21345219.0
21345221.0
21345222.0
21345223.0
21345224.0
21345225.0
21345226.0
21345227.0
21345228.0
21345229.0
21345230.0
21345231.0
21345232.0
21345233.0
21345234.0
21345235.0
21345236.0
21345237.0
21345239.0
21345240.0
21345241.0
21345260.0
21345261.0
21345262.0
21345264.0
21345265.0
21345266.0
21345267.0
21345268.0
21345270.0
21345271.0
21345272.0
21345273.0
21345274.0
21345275.0
21345276.0
21345277.0
21345278.0
21345279.0
21345280.0
21345281.0
21345282.0
21345283.0
21345301.0
21345302.0
21345303.0
21345304.0
21345306.0
21345307.0
21345308.0
21345309.0
21345310.0
21345311.0
21345312.0
21345313.0
21345314.0
21345315.0
21345317.0
21345318.0
21345319.0
21345320.0
21345321.0
21345322.0
21345323.0
21345324.0
21345325.0
21345326.0
21345328.0
21345338.0
21345341.0
21345342.0
21345344.0
21345345.0
21345346.0
21345347.0
21345348.0
21345350.0
21345351.0
21345352.0
21345353.0
21345354.0
21345355.0
21345356.0
21345361.0
21345373.0
21345375.0
21345376.0
21345378.0
21345379.0
21345380.0
21345381.0
21345382.0
21345383.0
21345384.0
21345385.0
21345386.0
21345388.0
21345389.0
21345391.0
21345392.0
21345413.0
21345414.0
21345415.0
21345419.0
21345420.0
21345421.0
21345422.0
21345423.0
21345424.0
21345425.0
21345426.0
21345427.0
21345428.0
21345429.0
21345430.0
21345431.0
21345432.0
21345453.0
21345454.0
21345455.0
21345456.0
21345457.0
21345458.0
21345459.0
21345460.0
21345462.0
21345463.0
21345464.0
21345465.0
21345466.0
21345467.0
21345468.0
21345469.0
21345470.0
21345471.0
21345472.0
21345473.0
21345474.0
21345477.0
21345478.0
21345479.0
21345498.0
21345499.0
21345500.0
21345501.0
21345502.0
21345503.0
21345504.0
21345505.0
21345506.0
21345508.0
21345509.0
21345510.0
21345511.0
21345512.0
21345513.0
21345514.0
21345515.0
21345516.0
21345517.0
21345518.0
21345535.0
21345536.0
21345538.0
21345540.0
21345541.0
21345542.0
21345543.0
21345544.0
21345545.0
21345546.0
21345547.0
21345548.0
21345549.0
21345550.0
21345551.0
21345552.0
21345554.0
21345555.0
21345556.0
21345557.0
21345582.0
21345587.0
21345588.0
21345589.0
21345590.0
21345591.0
21345592.0
21345593.0
21345594.0
21345595.0
21345596.0
21345597.0
21345599.0
21345601.0
21345602.0
21345603.0
21345604.0
21345622.0
21345623.0
21345624.0
21345627.0
21345628.0
21345629.0
21345630.0
21345631.0
21345632.0
21345633.0
21345634.0
21345635.0
21345636.0
21345637.0
21345638.0
21345639.0
21345640.0
21345641.0
21345642.0
21345643.0
21345669.0
21345671.0
21345672.0
21345673.0
21345674.0
21345675.0
21345676.0
21345677.0
21345678.0
21345679.0
21345680.0
21345681.0
21345682.0
21345683.0
21345684.0
21345685.0
21345686.0
21345687.0
21345688.0
