8.1330643194892 0.4916465555193185 0.5011676976946093 0.5010834361241325 0.4956465555193185 0.5051676976946093 0.5050834361241325 9
8.0818843214791 0.49162129058281245 0.5011639134876473 0.5010827261210931 0.49562129058281246 0.5051639134876473 0.5050827261210931 9
8.0314148869044 0.4915959994642763 0.5011600351345875 0.501082122831326 0.4955959994642763 0.5051600351345875 0.505082122831326 9
7.9816419161148 0.4915705823745637 0.5011563365454013 0.5010816259733837 0.4955705823745637 0.5051563365454013 0.5050816259733837 9
7.9325417101846 0.4915454342920968 0.5011527104449038 0.5010810640779331 0.4955454342920968 0.5051527104449038 0.5050810640779331 9
7.8841093256458 0.49152019785172135 0.5011488230303744 0.5010803592419238 0.49552019785172136 0.5051488230303744 0.5050803592419238 9
7.8363256870345 0.4914947674013514 0.5011448914441312 0.5010797704634603 0.4954947674013514 0.5051448914441312 0.5050797704634603 9
7.7891789670368 0.491469514136075 0.5011408969843304 0.501078885709575 0.495469514136075 0.5051408969843304 0.505078885709575 9
7.7426543516668 0.4914447367201684 0.5011370252183429 0.5010781008636371 0.4954447367201684 0.5051370252183429 0.5050781008636371 9
7.6967390981526 0.49142002682614633 0.5011331917285297 0.5010771990710923 0.49542002682614633 0.5051331917285297 0.5050771990710923 9
7.6514215382762 0.49139541123873 0.5011290900081948 0.50107644377989 0.49539541123873 0.5051290900081948 0.50507644377989 9
7.6066870985632 0.4913705422809653 0.5011249480677908 0.5010759335089734 0.4953705422809653 0.5051249480677908 0.5050759335089734 9
7.56252588351 0.4913454252727228 0.5011208154941925 0.5010753941120593 0.4953454252727228 0.5051208154941925 0.5050753941120593 9
7.5189257900861 0.4913206522413388 0.5011166541716957 0.5010747527183169 0.4953206522413388 0.5051166541716957 0.5050747527183169 9
7.4758742805379 0.4912960871236853 0.5011122281958055 0.5010742061866261 0.4952960871236853 0.5051122281958055 0.5050742061866261 9
7.4333621571324 0.49127129547623394 0.5011076719695144 0.5010740091924648 0.49527129547623394 0.5051076719695144 0.5050740091924648 9
7.3913774665521 0.4912458909922491 0.5011032694575441 0.5010740259491576 0.4952458909922491 0.5051032694575441 0.5050740259491576 9
7.349909823956 0.49121993101803735 0.5010989569694193 0.5010739491460219 0.49521993101803735 0.5050989569694193 0.5050739491460219 9
7.3089502830204 0.49119419514338725 0.5010947622513072 0.5010737393480275 0.49519419514338725 0.5050947622513072 0.5050737393480275 9
7.2684872391571 0.49116879563208904 0.501090883167653 0.5010733405161564 0.49516879563208904 0.505090883167653 0.5050733405161564 9
7.2285121024239 0.49114363344379053 0.5010869990422145 0.5010727839925673 0.49514363344379053 0.5050869990422145 0.5050727839925673 9
7.1890162272408 0.49111841894954006 0.5010828595615789 0.5010718080089379 0.49511841894954006 0.505082859561579 0.5050718080089379 9
7.1499884119886 0.4910937316368732 0.5010786514905456 0.5010703872584567 0.4950937316368732 0.5050786514905456 0.5050703872584567 9
7.1114215058699 0.4910694568101062 0.5010744702184395 0.5010689749311878 0.4950694568101062 0.5050744702184395 0.5050689749311879 9
7.0733072276286 0.4910450392057751 0.5010700821026799 0.5010676502783681 0.4950450392057751 0.5050700821026799 0.5050676502783681 9
7.0356348473542 0.49102046046804076 0.5010656805808672 0.501065999016829 0.49502046046804077 0.5050656805808672 0.505065999016829 9
6.9984018395066 0.4909958997569081 0.5010612930724682 0.5010638804596822 0.4949958997569081 0.5050612930724682 0.5050638804596822 9
6.9615897368687 0.4909715302711626 0.5010569714396723 0.5010616855560405 0.4949715302711626 0.5050569714396723 0.5050616855560405 9
6.9251989919202 0.49094741119804 0.5010524246307476 0.5010596060382222 0.49494741119804 0.5050524246307476 0.5050596060382222 9
6.889220717047 0.49092366961357115 0.5010475197545451 0.5010575289625213 0.49492366961357115 0.5050475197545451 0.5050575289625213 9
6.8536476043573 0.4908996103725455 0.5010427759826491 0.5010555768623327 0.4948996103725455 0.5050427759826491 0.5050555768623327 9
6.8184701284878 0.4908761284694899 0.5010383759279248 0.5010533605417953 0.4948761284694899 0.5050383759279248 0.5050533605417953 9
6.7836833043465 0.49085259093973127 0.501033527224142 0.501051271034553 0.4948525909397313 0.505033527224142 0.505051271034553 9
6.7492804580935 0.49082897065420666 0.5010284882834706 0.5010489968154129 0.49482897065420667 0.5050284882834706 0.5050489968154129 9
6.7152528236759 0.4908053680643433 0.5010233776647601 0.5010464877668385 0.4948053680643433 0.5050233776647601 0.5050464877668385 9
6.6815954030677 0.4907819699593117 0.5010183218424813 0.5010437666051567 0.49478196995931173 0.5050183218424813 0.5050437666051567 9
6.6483022721564 0.4907586851438387 0.5010132514056411 0.5010407424235674 0.4947586851438387 0.5050132514056411 0.5050407424235674 9
6.6153655461906 0.4907353401014569 0.5010082058057937 0.5010374425928347 0.4947353401014569 0.5050082058057938 0.5050374425928347 9
6.58277983259 0.49071204722638173 0.5010032054687105 0.5010338243282632 0.49471204722638173 0.5050032054687105 0.5050338243282632 9
6.5505400847295 0.49068894532489926 0.5009980628322478 0.5010296083050527 0.49468894532489927 0.5049980628322478 0.5050296083050527 9
6.5186394340621 0.4906659878727489 0.500992784016093 0.5010246610613737 0.4946659878727489 0.504992784016093 0.5050246610613737 9
6.4870717002914 0.49064349207955144 0.5009873195156299 0.5010191744045812 0.49464349207955144 0.5049873195156299 0.5050191744045812 9
6.455832854524 0.49062161203790705 0.5009813134975762 0.5010136243064807 0.49462161203790705 0.5049813134975762 0.5050136243064807 9
6.4249171923139 0.49060022657083907 0.5009751030015771 0.5010079354266657 0.4946002265708391 0.5049751030015771 0.5050079354266657 9
6.394317339037 0.4905795858033299 0.5009691156710468 0.5010024204939739 0.4945795858033299 0.5049691156710469 0.5050024204939739 9
6.3640304364049 0.49055960417641103 0.500963373214182 0.5009973868757359 0.49455960417641104 0.504963373214182 0.5049973868757359 9
6.3340513962328 0.4905399893790408 0.5009578569903715 0.50099284148825 0.4945399893790408 0.5049578569903715 0.50499284148825 9
6.3043733543713 0.49052059068185827 0.5009525615283766 0.5009887770121381 0.4945205906818583 0.5049525615283766 0.5049887770121381 9
6.2749926621466 0.4905012834208525 0.5009473768558645 0.5009851984342635 0.4945012834208525 0.5049473768558645 0.5049851984342635 9
6.2459052693099 0.4904820073673912 0.5009422378877222 0.5009820119848302 0.49448200736739123 0.5049422378877222 0.5049820119848302 9
6.2171057683393 0.49046271719621426 0.5009371334869555 0.5009791606012963 0.49446271719621426 0.5049371334869555 0.5049791606012963 9
6.1885885138638 0.49044334298152414 0.5009319696472937 0.5009765531560763 0.49444334298152415 0.5049319696472937 0.5049765531560763 9
6.1603509286601 0.4904238204101433 0.5009268536241616 0.5009741612745965 0.4944238204101433 0.5049268536241616 0.5049741612745965 9
6.1323886514927 0.49040414601383553 0.5009217857440356 0.5009720584963481 0.49440414601383553 0.5049217857440356 0.5049720584963481 9
6.104695379329 0.4903841970546569 0.5009167277474648 0.5009702767997044 0.4943841970546569 0.5049167277474648 0.5049702767997044 9
6.0772684074498 0.49036389506343864 0.5009116679893677 0.5009688529998664 0.49436389506343864 0.5049116679893677 0.5049688529998664 9
6.0501042425386 0.49034325215258534 0.5009065892657445 0.5009678361301175 0.49434325215258534 0.5049065892657445 0.5049678361301175 9
6.0231983798081 0.4903223090853388 0.5009016182374262 0.5009671190598002 0.4943223090853388 0.5049016182374262 0.5049671190598002 9
5.9965475703719 0.49030099442162567 0.5008966248644635 0.5009664236338369 0.4943009944216257 0.5048966248644635 0.5049664236338369 9
5.9701432208965 0.49027941768683475 0.5008916390493993 0.5009656613200539 0.49427941768683475 0.5048916390493993 0.5049656613200539 9
5.9439884934335 0.4902578494659081 0.5008865727651312 0.500964889261353 0.4942578494659081 0.5048865727651312 0.504964889261353 9
5.9180759873356 0.49023640364488336 0.500881320185802 0.500964270019251 0.49423640364488336 0.504881320185802 0.504964270019251 9
5.89240226686 0.49021513317876136 0.5008759551593582 0.500963812566791 0.49421513317876137 0.5048759551593582 0.504963812566791 9
5.8669650638089 0.4901940250526231 0.5008705296249468 0.5009636234583167 0.4941940250526231 0.5048705296249468 0.5049636234583167 9
5.8417631696179 0.4901729145020876 0.5008651104148534 0.5009635460354185 0.4941729145020876 0.5048651104148534 0.5049635460354185 9
5.8167866489641 0.4901517644673468 0.5008596721598965 0.5009636666268612 0.4941517644673468 0.5048596721598965 0.5049636666268612 9
5.7920348886606 0.49013049628114747 0.5008542469598984 0.5009639920102676 0.49413049628114747 0.5048542469598984 0.5049639920102676 9
5.7675074987457 0.4901092472826461 0.5008488141211864 0.5009644749944581 0.4941092472826461 0.5048488141211864 0.5049644749944581 9
5.7431997935087 0.4900880320994403 0.500843232567899 0.5009649736847157 0.4940880320994403 0.504843232567899 0.5049649736847157 9
5.7191062691567 0.49006682766638415 0.5008375348282749 0.5009654214359307 0.49406682766638416 0.5048375348282749 0.5049654214359307 9
5.6952262898529 0.4900455108217243 0.5008318053488723 0.5009657446319227 0.4940455108217243 0.5048318053488723 0.5049657446319227 9
5.6715570394742 0.49002420898580146 0.5008259139353414 0.5009657269998136 0.49402420898580146 0.5048259139353414 0.5049657269998136 9
5.6480952182022 0.49000314240177895 0.5008199419183337 0.5009652860590563 0.49400314240177895 0.5048199419183337 0.5049652860590563 9
5.6248355934072 0.48998241645520096 0.5008137935479108 0.5009642635691358 0.49398241645520097 0.5048137935479108 0.5049642635691358 9
5.6017780534771 0.48996224083231993 0.5008073267078311 0.5009627398309596 0.49396224083231993 0.5048073267078311 0.5049627398309596 9
5.5789198345122 0.4899427355043191 0.5008006244919435 0.5009608591506997 0.4939427355043191 0.5048006244919435 0.5049608591506997 9
5.5562578807676 0.4899236969540502 0.500793801902372 0.5009591247665782 0.4939236969540502 0.504793801902372 0.5049591247665782 9
5.5337873475186 0.4899048119798134 0.5007867572506076 0.5009574874843414 0.4939048119798134 0.5047867572506076 0.5049574874843414 9
5.5115080437052 0.4898860090372463 0.5007797184522086 0.5009560005136592 0.4938860090372463 0.5047797184522086 0.5049560005136592 9
5.4894173694927 0.48986725457866975 0.5007727533802702 0.5009546340139059 0.49386725457866976 0.5047727533802702 0.504954634013906 9
5.467510451776 0.4898485163407073 0.5007658359442578 0.5009533836965674 0.4938485163407073 0.5047658359442578 0.5049533836965674 9
5.4457866023531 0.48982976620658236 0.5007589639390932 0.5009522963018042 0.49382976620658237 0.5047589639390933 0.5049522963018042 9
5.4242439216841 0.4898110023335417 0.5007521570399921 0.5009514201712485 0.4938110023335417 0.5047521570399921 0.5049514201712485 9
5.4028800057157 0.4897922430371593 0.5007455190622522 0.5009507473271502 0.4937922430371593 0.5047455190622522 0.5049507473271502 9
5.3816924938323 0.4897735309931678 0.5007390600850223 0.5009501688537422 0.4937735309931678 0.5047390600850223 0.5049501688537422 9
5.3606765485932 0.4897549152411388 0.5007327470296546 0.5009496837860602 0.4937549152411388 0.5047327470296546 0.5049496837860602 9
5.3398321903059 0.4897363564809861 0.5007266667831759 0.5009493230781322 0.4937363564809861 0.5047266667831759 0.5049493230781322 9
5.3191574374925 0.48971782104412015 0.5007209087851247 0.5009490118247756 0.49371782104412015 0.5047209087851247 0.5049490118247756 9
5.2986500938818 0.4896993528542441 0.5007155186232192 0.5009486918121527 0.4936993528542441 0.5047155186232192 0.5049486918121527 9
5.2783060983026 0.4896809201830551 0.5007105291877103 0.5009483181447288 0.4936809201830551 0.5047105291877103 0.5049483181447288 9
5.2581243704102 0.48966248630173814 0.5007059527670163 0.500947837184069 0.49366248630173815 0.5047059527670164 0.504947837184069 9
5.2381037238371 0.4896440018050854 0.5007017934657374 0.5009472094287543 0.4936440018050854 0.5047017934657374 0.5049472094287543 9
5.2182421123361 0.4896254332785088 0.500698064956377 0.5009464165751407 0.49362543327850883 0.504698064956377 0.5049464165751407 9
5.1985364939115 0.48960674221956574 0.5006947643208105 0.5009454408217014 0.49360674221956574 0.5046947643208105 0.5049454408217015 9
5.1789841577134 0.4895878838802527 0.5006918821775749 0.500944278468037 0.4935878838802527 0.5046918821775749 0.504944278468037 9
5.1595849588013 0.48956881933535273 0.500689401657875 0.5009429500795778 0.49356881933535274 0.504689401657875 0.5049429500795778 9
5.1403369881188 0.4895495184716505 0.5006873155671338 0.5009414968503735 0.4935495184716505 0.5046873155671338 0.5049414968503735 9
5.1212383691729 0.4895299528557129 0.5006856263780067 0.5009399610533819 0.4935299528557129 0.5046856263780067 0.5049399610533819 9
5.1022845388415 0.4895101041816053 0.500684324475981 0.5009383816937841 0.4935101041816053 0.504684324475981 0.5049383816937841 9
5.0834763219681 0.4894899655543777 0.5006833828923295 0.5009368009587444 0.4934899655543777 0.5046833828923295 0.5049368009587444 9
5.0648120457982 0.4894695339955705 0.5006827464442815 0.5009352569957455 0.49346953399557053 0.5046827464442815 0.5049352569957455 9
5.0462899568069 0.4894488056102338 0.5006823873647446 0.5009337770675062 0.4934488056102338 0.5046823873647446 0.5049337770675062 9
5.027907003054 0.48942780673775466 0.5006822744437157 0.500932373621953 0.49342780673775466 0.5046822744437157 0.504932373621953 9
5.0096613111284 0.4894065657183448 0.5006823931422089 0.5009310298902552 0.4934065657183448 0.5046823931422089 0.5049310298902552 9
4.9915537094735 0.48938509563385835 0.5006826983906597 0.5009297573266634 0.49338509563385835 0.5046826983906597 0.5049297573266635 9
4.9735796746086 0.4893634101547094 0.5006831203929722 0.5009285520527588 0.4933634101547094 0.5046831203929723 0.5049285520527588 9
4.9557404757496 0.4893415223621757 0.5006835594314066 0.5009274059320968 0.4933415223621757 0.5046835594314066 0.5049274059320968 9
4.9380310525019 0.4893194579082865 0.5006839456031216 0.5009263073133721 0.4933194579082865 0.5046839456031216 0.5049263073133721 9
4.9204520263699 0.48929725080750713 0.5006842422403128 0.5009252350483157 0.49329725080750714 0.5046842422403128 0.5049252350483157 9
4.9030022186814 0.48927491189786537 0.5006843594303501 0.5009241912560419 0.4932749118978654 0.5046843594303501 0.5049241912560419 9
4.8856801172535 0.4892524804803194 0.5006842273489532 0.5009231759890059 0.4932524804803194 0.5046842273489532 0.5049231759890059 9
4.8684836794612 0.48922998534018386 0.5006838060216624 0.5009221943937454 0.49322998534018386 0.5046838060216624 0.5049221943937454 9
4.8514096704994 0.48920745392052306 0.5006830596765497 0.5009212701498628 0.49320745392052306 0.5046830596765497 0.5049212701498628 9
4.834459003746 0.48918491027042815 0.500681943479398 0.5009204162492664 0.49318491027042816 0.504681943479398 0.5049204162492664 9
4.8176302606012 0.4891623937019735 0.500680441110869 0.5009196495141459 0.4931623937019735 0.504680441110869 0.5049196495141459 9
4.8009220447965 0.4891399382599294 0.5006785565622104 0.5009189919834763 0.4931399382599294 0.5046785565622104 0.5049189919834763 9
4.784331787004 0.4891175472302261 0.5006762999671152 0.5009184338361268 0.4931175472302261 0.5046762999671152 0.5049184338361268 9
4.7678576311648 0.48909524863425713 0.500673663552278 0.5009179968371519 0.49309524863425713 0.504673663552278 0.5049179968371519 9
4.7514999721025 0.48907311423325556 0.5006706074170679 0.5009177533592075 0.49307311423325556 0.5046706074170679 0.5049177533592075 9
4.7352574981467 0.4890511776158755 0.5006671395290619 0.5009176770304419 0.4930511776158755 0.504667139529062 0.5049176770304419 9
4.719128917842 0.4890294199201847 0.5006633133073036 0.5009177245215004 0.49302941992018473 0.5046633133073036 0.5049177245215004 9
4.7031114062749 0.4890078799320133 0.5006591253851775 0.5009178945399106 0.4930078799320133 0.5046591253851775 0.5049178945399106 9
4.6872039085764 0.48898658260485917 0.500654533247477 0.500918158506285 0.49298658260485917 0.504654533247477 0.504918158506285 9
4.6714065757758 0.4889655141354743 0.5006495504934244 0.5009184931515791 0.4929655141354743 0.5046495504934244 0.5049184931515791 9
4.6557181930564 0.4889447092347262 0.5006441962334387 0.5009188866830024 0.4929447092347262 0.5046441962334387 0.5049188866830024 9
4.6401375639397 0.4889241940964585 0.5006384571119058 0.5009193561124058 0.4929241940964585 0.5046384571119058 0.5049193561124058 9
4.6246618908247 0.48890396083377774 0.5006323284280183 0.5009198916868304 0.49290396083377774 0.5046323284280183 0.5049198916868304 9
4.609290322647 0.4888840441728748 0.5006257873449931 0.5009204545003239 0.4928840441728748 0.5046257873449931 0.5049204545003239 9
4.5940230530324 0.48886452369282274 0.500618874649903 0.5009209866295646 0.49286452369282274 0.504618874649903 0.5049209866295646 9
4.5788589550727 0.4888454982977366 0.5006115881106096 0.5009214026927061 0.4928454982977366 0.5046115881106096 0.5049214026927061 9
4.5637969185282 0.48882700632461423 0.5006039446355556 0.5009216641220596 0.49282700632461424 0.5046039446355556 0.5049216641220596 9
4.5488344688364 0.4888091024931119 0.500595975324746 0.5009217734492362 0.4928091024931119 0.504595975324746 0.5049217734492362 9
4.5339703389387 0.4887918427015753 0.500587795410941 0.5009217300466657 0.4927918427015753 0.504587795410941 0.5049217300466657 9
4.5192050641501 0.4887752518387227 0.5005795870021231 0.5009215484435153 0.4927752518387227 0.5045795870021231 0.5049215484435153 9
4.5045375975085 0.4887593140362589 0.5005715324487887 0.5009212414026539 0.4927593140362589 0.5045715324487887 0.5049212414026539 9
4.4899669072332 0.4887439326836167 0.5005637998143272 0.5009208990887651 0.4927439326836167 0.5045637998143272 0.5049208990887651 9
4.4754911514238 0.4887290152188626 0.5005564821822445 0.500920603077556 0.4927290152188626 0.5045564821822445 0.504920603077556 9
4.4611080022545 0.48871450669660826 0.5005496556038551 0.500920368051979 0.49271450669660827 0.5045496556038551 0.504920368051979 9
4.4468186496149 0.48870035097615305 0.5005433139533765 0.5009202523109274 0.49270035097615306 0.5045433139533765 0.5049202523109274 9
4.4326221193866 0.48868647053054864 0.5005374538548454 0.5009202991248851 0.49268647053054865 0.5045374538548454 0.5049202991248851 9
4.4185174513027 0.48867281531227474 0.5005320550683597 0.5009205522721358 0.49267281531227475 0.5045320550683597 0.5049205522721358 9
4.4045036986985 0.48865934613894524 0.5005271304850641 0.5009210145526167 0.49265934613894524 0.5045271304850641 0.5049210145526167 9
4.3905769868197 0.48864597158947537 0.5005226804212164 0.5009216380969852 0.4926459715894754 0.5045226804212164 0.5049216380969852 9
4.3767393017845 0.4886326440928574 0.5005186423255135 0.5009224549168904 0.4926326440928574 0.5045186423255135 0.5049224549168904 9
4.3629897980136 0.4886193949561738 0.5005150228950561 0.5009234969661812 0.4926193949561738 0.5045150228950561 0.5049234969661812 9
4.3493275805421 0.48860615874985247 0.5005118793923534 0.5009247445500887 0.4926061587498525 0.5045118793923534 0.5049247445500887 9
4.3357517668425 0.4885928880246193 0.5005091813219721 0.5009261817533979 0.4925928880246193 0.5045091813219721 0.5049261817533979 9
4.3222597483625 0.48857950088443836 0.5005068857895084 0.5009278574011622 0.49257950088443836 0.5045068857895084 0.5049278574011622 9
4.3088511357715 0.4885659415484272 0.5005049488959775 0.5009298125985098 0.4925659415484272 0.5045049488959775 0.5049298125985098 9
4.2955263781795 0.4885521782124632 0.5005033228839492 0.5009320666075042 0.4925521782124632 0.5045033228839492 0.5049320666075042 9
4.2822846403544 0.48853819382920843 0.5005019864278528 0.5009346066587672 0.49253819382920844 0.5045019864278528 0.5049346066587672 9
4.2691250984564 0.48852389332729257 0.500500930870717 0.500937468342027 0.4925238933272926 0.504500930870717 0.504937468342027 9
4.256046765488 0.4885092419494862 0.5005000897069303 0.500940605795151 0.4925092419494862 0.5045000897069303 0.504940605795151 9
4.2430461473216 0.48849421862962145 0.5004993630949256 0.5009440158357611 0.49249421862962145 0.5044993630949256 0.5049440158357611 9
4.230125346118 0.4884788145165825 0.5004987328177625 0.5009476656356984 0.4924788145165825 0.5044987328177625 0.5049476656356984 9
4.2172835813756 0.4884630222045335 0.5004981720729504 0.5009515409770188 0.49246302220453353 0.5044981720729504 0.5049515409770188 9
4.2045200830444 0.4884468163167001 0.500497668148924 0.5009556203924489 0.4924468163167001 0.504497668148924 0.5049556203924489 9
4.1918340913492 0.48843019496928397 0.500497254487117 0.5009598798200707 0.492430194969284 0.504497254487117 0.5049598798200707 9
4.1792235471624 0.4884131641066794 0.5004969348953422 0.5009642553444708 0.4924131641066794 0.5044969348953422 0.5049642553444708 9
4.1666872780132 0.4883957910894209 0.5004966651165437 0.5009686828622969 0.4923957910894209 0.5044966651165437 0.5049686828622969 9
4.1542263217858 0.4883780769968127 0.5004964041485974 0.50097316008817 0.4923780769968127 0.5044964041485974 0.5049731600881701 9
4.1418399578098 0.48836002711564996 0.5004960484360613 0.5009776986698868 0.49236002711564997 0.5044960484360613 0.5049776986698868 9
4.1295274748596 0.48834161869088594 0.500495565730836 0.5009822802080346 0.49234161869088594 0.504495565730836 0.5049822802080346 9
4.1172881709967 0.48832287857251444 0.5004949200242343 0.5009868678054636 0.49232287857251444 0.5044949200242344 0.5049868678054636 9
4.1051192542267 0.4883038482866922 0.5004940939652871 0.5009914267687292 0.4923038482866922 0.5044940939652871 0.5049914267687292 9
4.0930211737232 0.48828451752571606 0.500493021804929 0.500995899709142 0.49228451752571606 0.504493021804929 0.504995899709142 9
4.0809942459588 0.4882648761292553 0.5004916796655537 0.5010002170887943 0.4922648761292553 0.5044916796655537 0.5050002170887943 9
4.0690378043587 0.4882448889736681 0.500490072415883 0.501004284021237 0.4922448889736681 0.504490072415883 0.505004284021237 9
4.0571511909009 0.4882245572127286 0.5004882569854521 0.5010081100322837 0.4922245572127286 0.5044882569854521 0.5050081100322837 9
4.0453337559766 0.4882038574845775 0.5004862467700889 0.5010117378548412 0.4922038574845775 0.5044862467700889 0.5050117378548412 9
4.0335823263733 0.4881828370348936 0.5004840025006196 0.5010152251229475 0.4921828370348936 0.5044840025006196 0.5050152251229475 9
4.021898250315 0.48816159845049784 0.500481527270618 0.5010185982450656 0.49216159845049784 0.504481527270618 0.5050185982450656 9
4.0102814779793 0.4881402627968652 0.5004788596291799 0.5010218160044372 0.4921402627968652 0.5044788596291799 0.5050218160044372 9
