8.1330643194892 0.49155393991791985 0.5010021993728023 0.5009731255610653 0.49555393991791985 0.5050021993728023 0.5049731255610653 9
8.0818843214791 0.4915305674875071 0.5010008778480239 0.5009736218253561 0.4955305674875071 0.5050008778480239 0.5049736218253561 9
8.0314148869044 0.49150730828398204 0.5009994751079471 0.5009740172367009 0.49550730828398204 0.5049994751079471 0.5049740172367009 9
7.9816419161148 0.49148442172287676 0.5009984314164676 0.5009747291073504 0.49548442172287677 0.5049984314164676 0.5049747291073504 9
7.9325417101846 0.4914613444593606 0.5009968239287667 0.5009751904074375 0.49546134445936063 0.5049968239287667 0.5049751904074375 9
7.8841093256458 0.4914382682352465 0.5009951519693744 0.5009756507231096 0.4954382682352465 0.5049951519693744 0.5049756507231096 9
7.8363256870345 0.4914151363403843 0.500993341482523 0.5009760232496464 0.4954151363403843 0.504993341482523 0.5049760232496464 9
7.7891789670368 0.4913921967813435 0.5009916147973614 0.5009763769663433 0.4953921967813435 0.5049916147973614 0.5049763769663433 9
7.7426543516668 0.49136948444558554 0.500990483995244 0.5009771166912373 0.49536948444558554 0.504990483995244 0.5049771166912373 9
7.6967390981526 0.49134654048964693 0.5009889627596407 0.5009776014245187 0.49534654048964694 0.5049889627596407 0.5049776014245188 9
7.6514215382762 0.4913237432850592 0.5009873303769576 0.5009780440785828 0.4953237432850592 0.5049873303769576 0.5049780440785828 9
7.6066870985632 0.491301186432552 0.5009858062873535 0.5009785432768272 0.495301186432552 0.5049858062873535 0.5049785432768272 9
7.56252588351 0.4912785764768705 0.5009840985264802 0.5009789133063428 0.4952785764768705 0.5049840985264802 0.5049789133063428 9
7.5189257900861 0.49125599544923193 0.5009823267833428 0.5009793926996899 0.49525599544923193 0.5049823267833428 0.5049793926996899 9
7.4758742805379 0.49123355291925414 0.5009808171332328 0.500979998892763 0.49523355291925414 0.5049808171332328 0.504979998892763 9
7.4333621571324 0.4912109488066175 0.500979158162491 0.5009805523087646 0.4952109488066175 0.504979158162491 0.5049805523087646 9
7.3913774665521 0.4911883657451558 0.5009775278038557 0.5009810349563393 0.4951883657451558 0.5049775278038557 0.5049810349563393 9
7.349909823956 0.4911658376990027 0.5009758298811074 0.5009816149914672 0.4951658376990027 0.5049758298811075 0.5049816149914672 9
7.3089502830204 0.49114325366899814 0.5009740191519104 0.5009823942958435 0.49514325366899814 0.5049740191519104 0.5049823942958435 9
7.2684872391571 0.4911206592036066 0.5009721338522177 0.5009829721712141 0.4951206592036066 0.5049721338522177 0.5049829721712141 9
7.2285121024239 0.49109819189173337 0.5009704236948953 0.5009834381568773 0.4950981918917334 0.5049704236948953 0.5049834381568773 9
7.1890162272408 0.49107558044209937 0.5009688420043487 0.500983764780022 0.49507558044209937 0.5049688420043487 0.504983764780022 9
7.1499884119886 0.49105296466286397 0.5009670599492297 0.5009842165538513 0.49505296466286397 0.5049670599492297 0.5049842165538513 9
7.1114215058699 0.4910306084428475 0.5009653785173551 0.5009844706090276 0.4950306084428475 0.5049653785173551 0.5049844706090276 9
7.0733072276286 0.49100829278746394 0.5009635790826784 0.500984549166506 0.49500829278746394 0.5049635790826784 0.504984549166506 9
7.0356348473542 0.4909861006330062 0.5009619261784616 0.500984432668573 0.4949861006330062 0.5049619261784616 0.504984432668573 9
6.9984018395066 0.490964276532321 0.5009604908191664 0.50098470775213 0.494964276532321 0.5049604908191664 0.50498470775213 9
6.9615897368687 0.4909425340889075 0.5009586644352297 0.5009845740157421 0.4949425340889075 0.5049586644352297 0.5049845740157421 9
6.9251989919202 0.49092063917238393 0.500956772187251 0.500984580912814 0.49492063917238394 0.504956772187251 0.504984580912814 9
6.889220717047 0.4908988178658243 0.5009546762293426 0.5009846569785562 0.4948988178658243 0.5049546762293426 0.5049846569785562 9
6.8536476043573 0.49087707362996774 0.5009523007545212 0.5009849181107573 0.49487707362996775 0.5049523007545212 0.5049849181107573 9
6.8184701284878 0.4908552685045115 0.5009497910843026 0.5009851657971971 0.4948552685045115 0.5049497910843026 0.5049851657971971 9
6.7836833043465 0.4908334344054496 0.5009473053501593 0.5009856417991088 0.4948334344054496 0.5049473053501593 0.5049856417991088 9
6.7492804580935 0.4908114444550473 0.5009445258957433 0.5009863905047268 0.4948114444550473 0.5049445258957433 0.5049863905047268 9
6.7152528236759 0.4907898681738084 0.5009420836429916 0.5009866311673788 0.4947898681738084 0.5049420836429916 0.5049866311673789 9
6.6815954030677 0.49076823755610505 0.5009394358106323 0.5009868860464791 0.49476823755610505 0.5049394358106323 0.5049868860464791 9
6.6483022721564 0.49074635246793735 0.5009366243925731 0.5009872078242429 0.49474635246793736 0.5049366243925731 0.5049872078242429 9
6.6153655461906 0.49072469060511364 0.5009336757666626 0.5009874275433938 0.49472469060511365 0.5049336757666626 0.5049874275433938 9
6.58277983259 0.49070288122950306 0.5009303088778484 0.5009875919242863 0.49470288122950307 0.5049303088778484 0.5049875919242863 9
6.5505400847295 0.49068135461722273 0.5009272538097616 0.5009872908740339 0.49468135461722273 0.5049272538097616 0.5049872908740339 9
6.5186394340621 0.49066000342263444 0.5009243219308045 0.5009870028972132 0.49466000342263444 0.5049243219308045 0.5049870028972132 9
6.4870717002914 0.4906387407132437 0.5009213095056071 0.500986488549055 0.4946387407132437 0.5049213095056071 0.504986488549055 9
6.455832854524 0.4906173014701701 0.5009176489962388 0.500986380506762 0.4946173014701701 0.5049176489962388 0.504986380506762 9
6.4249171923139 0.4905963555766456 0.5009139931369129 0.500985956487984 0.4945963555766456 0.5049139931369129 0.5049859564879841 9
6.394317339037 0.4905760415529215 0.5009103319370334 0.5009856565699738 0.4945760415529215 0.5049103319370334 0.5049856565699739 9
6.3640304364049 0.4905558810599964 0.5009065341534369 0.5009861705786418 0.4945558810599964 0.5049065341534369 0.5049861705786418 9
6.3340513962328 0.4905356677159788 0.5009032639654355 0.5009866114173668 0.4945356677159788 0.5049032639654355 0.5049866114173668 9
6.3043733543713 0.4905150755084485 0.5008996248743941 0.5009876307182985 0.4945150755084485 0.5048996248743941 0.5049876307182986 9
6.2749926621466 0.4904943946682417 0.500896019163864 0.5009882875961968 0.4944943946682417 0.504896019163864 0.5049882875961968 9
6.2459052693099 0.49047357976331446 0.5008926971491675 0.500989084740362 0.49447357976331446 0.5048926971491675 0.504989084740362 9
6.2171057683393 0.4904525965352011 0.5008892635531903 0.5009893785764022 0.4944525965352011 0.5048892635531903 0.5049893785764022 9
6.1885885138638 0.4904317017489573 0.50088575670597 0.5009895003601856 0.4944317017489573 0.50488575670597 0.5049895003601856 9
6.1603509286601 0.4904109229580336 0.5008822704303488 0.500989595414029 0.4944109229580336 0.5048822704303488 0.504989595414029 9
6.1323886514927 0.49039013392380004 0.5008789560183603 0.5009896175220047 0.49439013392380005 0.5048789560183603 0.5049896175220047 9
6.104695379329 0.4903696492562725 0.5008758342531184 0.5009893334022293 0.4943696492562725 0.5048758342531184 0.5049893334022293 9
6.0772684074498 0.49034929559330126 0.5008726038184319 0.5009889922861938 0.49434929559330126 0.5048726038184319 0.5049889922861938 9
6.0501042425386 0.4903287656132548 0.5008691150259372 0.500988962421469 0.4943287656132548 0.5048691150259372 0.504988962421469 9
6.0231983798081 0.49030881350029837 0.5008657503310168 0.5009884904530869 0.49430881350029837 0.5048657503310168 0.5049884904530869 9
5.9965475703719 0.49028886528720794 0.5008621057668299 0.5009881510047702 0.49428886528720795 0.5048621057668299 0.5049881510047702 9
5.9701432208965 0.4902686093241672 0.5008585691788494 0.5009871333648259 0.4942686093241672 0.5048585691788494 0.5049871333648259 9
5.9439884934335 0.49024792146402607 0.5008549706049932 0.5009860094804577 0.4942479214640261 0.5048549706049932 0.5049860094804577 9
5.9180759873356 0.49022706950684053 0.50085130545317 0.5009850486972637 0.49422706950684053 0.50485130545317 0.5049850486972637 9
5.89240226686 0.49020675922242657 0.500847463907897 0.5009841130515554 0.4942067592224266 0.504847463907897 0.5049841130515554 9
5.8669650638089 0.49018702372916784 0.5008435950427094 0.5009829562047987 0.49418702372916784 0.5048435950427094 0.5049829562047987 9
5.8417609124107 0.4901675191287643 0.5008400317748457 0.5009815333600159 0.4941675191287643 0.5048400317748457 0.5049815333600159 9
5.8167842956069 0.4901477314919539 0.500836463188826 0.5009803487178935 0.4941477314919539 0.504836463188826 0.5049803487178935 9
5.7920334747095 0.4901279438865778 0.5008329282155746 0.5009795740325153 0.4941279438865778 0.5048329282155746 0.5049795740325153 9
5.767505751253 0.4901079694476749 0.5008295248714819 0.5009791111639283 0.4941079694476749 0.5048295248714819 0.5049791111639284 9
5.7431979262941 0.49008787575295465 0.500826048691309 0.500978594626696 0.49408787575295465 0.504826048691309 0.504978594626696 9
5.7191042306574 0.4900679195030425 0.5008225347094415 0.5009779751325332 0.4940679195030425 0.5048225347094415 0.5049779751325332 9
5.695224191153 0.4900481915610325 0.5008187985074862 0.5009771519555178 0.4940481915610325 0.5048187985074862 0.5049771519555178 9
5.6715548563947 0.4900285127379182 0.50081497255652 0.5009762972498579 0.4940285127379182 0.50481497255652 0.5049762972498579 9
5.6480930437119 0.49000873420914925 0.5008110579123279 0.5009753863750449 0.49400873420914926 0.5048110579123279 0.5049753863750449 9
5.6248335895041 0.4899891738154051 0.5008072272189243 0.5009746585622771 0.4939891738154051 0.5048072272189243 0.5049746585622771 9
5.6017761687059 0.48996963655255904 0.5008036509347111 0.5009740113441452 0.49396963655255904 0.5048036509347111 0.5049740113441452 9
5.5789179892623 0.4899500087637184 0.5008002711722831 0.5009733758542495 0.4939500087637184 0.5048002711722831 0.5049733758542495 9
5.5562577885142 0.48993030136259624 0.5007970684514114 0.5009726849888271 0.49393030136259625 0.5047970684514114 0.5049726849888271 9
5.5337871676069 0.48991066097076813 0.5007940136234559 0.5009718414908355 0.49391066097076813 0.5047940136234559 0.5049718414908355 9
5.5115080019506 0.4898910471233423 0.5007910970473762 0.5009706819888514 0.4938910471233423 0.5047910970473762 0.5049706819888514 9
5.4894173085075 0.48987142001617134 0.500788101036196 0.500969212148039 0.49387142001617135 0.504788101036196 0.504969212148039 9
5.467512564171 0.4898517382808329 0.5007849276455006 0.5009675713775721 0.4938517382808329 0.5047849276455006 0.5049675713775721 9
5.4457881246519 0.48983225703833116 0.5007815118954 0.5009658716959293 0.49383225703833117 0.5047815118954 0.5049658716959293 9
5.4242454750413 0.4898131293431025 0.500777947501628 0.5009640924478986 0.4938131293431025 0.504777947501628 0.5049640924478986 9
5.4028816930548 0.4897941502250888 0.5007743258288507 0.5009623135300367 0.4937941502250888 0.5047743258288507 0.5049623135300367 9
5.3816942679164 0.48977521750301406 0.5007706845570837 0.5009605539188191 0.49377521750301406 0.5047706845570837 0.5049605539188191 9
5.3606782412111 0.4897563956962968 0.5007670800791018 0.5009587719574474 0.4937563956962968 0.5047670800791018 0.5049587719574474 9
5.3398339143321 0.48973775252678425 0.5007635543082052 0.5009570094802198 0.49373775252678426 0.5047635543082052 0.5049570094802198 9
5.3191592550443 0.48971921997912005 0.5007600511601223 0.5009552549960068 0.49371921997912005 0.5047600511601223 0.5049552549960068 9
5.2986520304014 0.48970061672973714 0.5007565726897937 0.5009535161147088 0.49370061672973714 0.5047565726897937 0.5049535161147088 9
5.2783071087039 0.4896818529456691 0.5007531781869308 0.5009517776912269 0.49368185294566913 0.5047531781869308 0.5049517776912269 9
5.258125435876 0.48966286979962886 0.5007498754761681 0.500949980297019 0.49366286979962887 0.5047498754761681 0.504949980297019 9
5.238104803474 0.48964365943769605 0.5007466888808965 0.5009481500582386 0.49364365943769606 0.5047466888808965 0.5049481500582386 9
5.2182432080198 0.48962423797929244 0.5007436438591855 0.5009462111180745 0.49362423797929245 0.5047436438591855 0.5049462111180745 9
5.198537606187 0.48960461534109817 0.5007406659225616 0.5009441061335428 0.4936046153410982 0.5047406659225616 0.5049441061335428 9
5.1789853004692 0.4895848627146762 0.500737671491587 0.5009418841940209 0.4935848627146762 0.504737671491587 0.5049418841940209 9
5.1595861399587 0.48956505549536133 0.5007346466789291 0.5009395972985018 0.49356505549536134 0.5047346466789291 0.5049395972985018 9
5.1403382088777 0.4895451914268402 0.5007316335915425 0.5009372185358598 0.4935451914268402 0.5047316335915425 0.5049372185358598 9
5.1212396217633 0.48952518724004385 0.5007286522450576 0.5009347834636168 0.49352518724004385 0.5047286522450576 0.5049347834636168 9
5.1022858195326 0.4895050389510029 0.5007256658258273 0.5009323616011825 0.4935050389510029 0.5047256658258273 0.5049323616011825 9
5.0834776126892 0.4894847356298787 0.5007226795208587 0.5009299842524562 0.4934847356298787 0.5047226795208587 0.5049299842524562 9
5.0648133232863 0.48946428328807373 0.5007197244708178 0.5009276850034543 0.49346428328807374 0.5047197244708178 0.5049276850034543 9
5.0462912289349 0.48944368704548613 0.5007167829099983 0.5009254639426075 0.49344368704548613 0.5047167829099983 0.5049254639426075 9
5.0279082792071 0.4894228533309071 0.5007138470100474 0.5009233065057358 0.49342285333090713 0.5047138470100474 0.5049233065057358 9
5.0096625954954 0.489401771543323 0.5007108385389873 0.5009212959665509 0.493401771543323 0.5047108385389873 0.5049212959665509 9
4.9915537094735 0.48938053522223096 0.5007078209494596 0.5009194668505392 0.49338053522223096 0.5047078209494597 0.5049194668505392 9
4.9735809811667 0.4893591756461819 0.5007048041126019 0.5009178110643884 0.4933591756461819 0.5047048041126019 0.5049178110643884 9
4.9557417978567 0.4893377612992977 0.5007017540119509 0.5009163213183407 0.4933377612992977 0.5047017540119509 0.5049163213183407 9
4.9380323973985 0.4893163162565225 0.5006986291431486 0.5009149900497673 0.4933163162565225 0.5046986291431486 0.5049149900497673 9
4.9204534013581 0.48929488749173633 0.5006954397249941 0.5009137832560343 0.49329488749173633 0.5046954397249941 0.5049137832560343 9
4.9030036085726 0.4892734363861744 0.5006921672384785 0.500912659428842 0.4932734363861744 0.5046921672384785 0.504912659428842 9
4.8856815154749 0.4892520083711365 0.5006887641672095 0.5009116489498653 0.49325200837113653 0.5046887641672095 0.5049116489498653 9
4.8684850852595 0.48923067771194545 0.5006853148788266 0.5009107440908511 0.49323067771194545 0.5046853148788266 0.5049107440908511 9
4.8514110823067 0.48920944999067856 0.5006817563251313 0.5009099208161413 0.49320944999067856 0.5046817563251313 0.5049099208161413 9
4.8344604209174 0.4891884596020183 0.5006780789855217 0.5009092314890113 0.4931884596020183 0.5046780789855217 0.5049092314890113 9
4.8176316797823 0.4891677606969941 0.5006742856636536 0.500908668635317 0.4931677606969941 0.5046742856636536 0.504908668635317 9
4.800923469721 0.4891472996976612 0.5006703699193124 0.5009082059767026 0.4931472996976612 0.5046703699193124 0.5049082059767026 9
4.7843332200952 0.48912701953541365 0.5006663268068703 0.5009078381776467 0.49312701953541366 0.5046663268068703 0.5049078381776467 9
4.7678590737898 0.48910693538641986 0.5006621426610827 0.5009075601048274 0.49310693538641986 0.5046621426610827 0.5049075601048274 9
4.7515014267659 0.4890870116468748 0.5006578220870127 0.5009073555057282 0.4930870116468748 0.5046578220870127 0.5049073555057282 9
4.7352589677683 0.489067232132472 0.5006533791126166 0.5009072226349865 0.493067232132472 0.5046533791126167 0.5049072226349866 9
4.7191304001518 0.48904755745901984 0.500648829361709 0.5009071537938768 0.49304755745901985 0.504648829361709 0.5049071537938769 9
4.7031129012692 0.4890279774061925 0.5006441550557272 0.5009070953450051 0.49302797740619253 0.5046441550557272 0.5049070953450051 9
4.6872054162566 0.4890084908889883 0.5006393481737216 0.5009070294340067 0.4930084908889883 0.5046393481737216 0.5049070294340067 9
4.6714080968646 0.4889891159492173 0.5006343893889101 0.500906955887028 0.4929891159492173 0.5046343893889101 0.504906955887028 9
4.6557197283611 0.488969890127944 0.5006292645274958 0.5009068693681138 0.492969890127944 0.5046292645274958 0.5049068693681138 9
4.6401391139933 0.48895081952103975 0.5006239654006072 0.5009067801709226 0.49295081952103975 0.5046239654006072 0.5049067801709226 9
4.6246618906707 0.48893191681270376 0.5006185167402109 0.5009067172851314 0.49293191681270376 0.5046185167402109 0.5049067172851314 9
4.609290322647 0.4889132142386534 0.5006129459348522 0.5009067080587628 0.4929132142386534 0.5046129459348522 0.5049067080587628 9
4.5940230530324 0.48889471648089644 0.5006072457848405 0.5009068047823197 0.49289471648089644 0.5046072457848405 0.5049068047823198 9
4.5788589550727 0.4888764316438127 0.5006014606384364 0.5009070442105897 0.49287643164381273 0.5046014606384364 0.5049070442105897 9
4.5637969185282 0.4888583545570622 0.5005956779673904 0.5009074114821936 0.49285835455706223 0.5045956779673904 0.5049074114821936 9
4.5488344688364 0.4888404792170765 0.5005900258026793 0.5009078802841546 0.4928404792170765 0.5045900258026793 0.5049078802841546 9
4.5339703389387 0.4888227690387888 0.5005845981417232 0.5009084948596789 0.4928227690387888 0.5045845981417232 0.5049084948596789 9
4.5192050641501 0.48880516599715523 0.5005794613305344 0.5009093090532752 0.49280516599715524 0.5045794613305344 0.5049093090532752 9
4.5045375975085 0.48878765243686584 0.5005746266956215 0.5009103341196929 0.49278765243686584 0.5045746266956215 0.5049103341196929 9
4.4899669072332 0.48877020833785156 0.5005700719836487 0.5009115640073393 0.49277020833785157 0.5045700719836487 0.5049115640073393 9
4.4754911514238 0.4887528283547425 0.5005657930623151 0.500912979938926 0.4927528283547425 0.5045657930623151 0.504912979938926 9
4.4611080022545 0.4887355044915374 0.5005617731258463 0.5009145785863568 0.4927355044915374 0.5045617731258463 0.5049145785863568 9
4.4468186496149 0.4887182351397481 0.5005579696110479 0.500916349588543 0.4927182351397481 0.5045579696110479 0.504916349588543 9
4.4326221193866 0.48870103743789556 0.5005543556776751 0.500918282284433 0.49270103743789556 0.5045543556776751 0.504918282284433 9
4.4185174513027 0.4886839007108439 0.5005509353110001 0.500920363110739 0.4926839007108439 0.5045509353110001 0.504920363110739 9
4.4045036986985 0.48866682774753145 0.5005477096203653 0.5009225560559811 0.49266682774753146 0.5045477096203653 0.5049225560559811 9
4.3905769868197 0.4886498449120635 0.5005446403571197 0.5009248179422909 0.4926498449120635 0.5045446403571197 0.5049248179422909 9
4.3767393017845 0.4886329315980955 0.5005417003989411 0.5009271374144616 0.4926329315980955 0.5045417003989411 0.5049271374144616 9
4.3629897980136 0.4886160514575314 0.5005389059737396 0.5009295164184765 0.4926160514575314 0.5045389059737396 0.5049295164184765 9
4.3493275805421 0.48859916285255384 0.5005362418155345 0.5009319673539968 0.49259916285255384 0.5045362418155345 0.5049319673539968 9
4.3357517668425 0.4885822624623245 0.5005336892728655 0.50093449596545 0.4925822624623245 0.5045336892728655 0.50493449596545 9
4.3222597483625 0.4885653398313762 0.5005312510186702 0.5009370912753475 0.4925653398313762 0.5045312510186702 0.5049370912753475 9
4.3088511357715 0.48854837387886896 0.5005289217112134 0.500939758828471 0.49254837387886896 0.5045289217112134 0.504939758828471 9
4.2955263781795 0.4885313305733305 0.5005267101427601 0.5009425101462518 0.4925313305733305 0.5045267101427601 0.5049425101462518 9
4.2822846403544 0.4885141838657304 0.5005246057029792 0.5009453030795468 0.4925141838657304 0.5045246057029792 0.5049453030795468 9
4.2691250984564 0.48849692061819 0.5005225840348217 0.5009481388504319 0.49249692061819 0.5045225840348218 0.5049481388504319 9
4.256046765488 0.48847953422944046 0.5005206345533182 0.5009510181790293 0.49247953422944046 0.5045206345533182 0.5049510181790293 9
4.2430461473216 0.48846201844877235 0.5005187486204797 0.5009539465603371 0.49246201844877235 0.5045187486204797 0.5049539465603371 9
4.230125346118 0.48844435842406186 0.5005169149471865 0.5009569064338244 0.49244435842406187 0.5045169149471865 0.5049569064338244 9
4.2172835813756 0.48842653954317505 0.5005150953622707 0.5009598796033318 0.49242653954317506 0.5045150953622707 0.5049598796033318 9
4.2045200830444 0.48840859827263644 0.5005132582536087 0.5009628306012328 0.49240859827263644 0.5045132582536087 0.5049628306012328 9
4.1918340913492 0.48839055555044286 0.5005113781427687 0.5009657523621318 0.49239055555044287 0.5045113781427687 0.5049657523621318 9
4.1792235471624 0.4883724446505224 0.5005094851183584 0.5009686329794574 0.4923724446505224 0.5045094851183584 0.5049686329794574 9
4.1666872780132 0.4883543200342841 0.500507635215822 0.5009714766393596 0.4923543200342841 0.504507635215822 0.5049714766393596 9
4.1542263217858 0.48833624192679587 0.5005057763317722 0.5009743277645818 0.49233624192679587 0.5045057763317722 0.5049743277645818 9
4.1418399578098 0.48831823627102017 0.5005038668786138 0.5009772119095325 0.49231823627102017 0.5045038668786138 0.5049772119095325 9
4.1295274748596 0.48830032163702464 0.5005019154461716 0.500980121443591 0.49230032163702464 0.5045019154461716 0.5049801214435911 9
4.1172881709967 0.48828252281860235 0.5004999155581901 0.5009830418963834 0.49228252281860235 0.5044999155581901 0.5049830418963834 9
4.1051192542267 0.4882648222516685 0.5004978859301948 0.5009859893451676 0.4922648222516685 0.5044978859301948 0.5049859893451676 9
4.0930211737232 0.488247183928043 0.5004958445285952 0.5009889626628372 0.492247183928043 0.5044958445285952 0.5049889626628372 9
4.0809942459588 0.4882295974443329 0.5004938026534503 0.5009919909449715 0.4922295974443329 0.5044938026534503 0.5049919909449715 9
4.0690378043587 0.48821206832435826 0.5004917347552704 0.5009950630605308 0.49221206832435827 0.5044917347552704 0.5049950630605308 9
4.0571511909009 0.48819459741398974 0.5004896113042302 0.5009981540546522 0.49219459741398974 0.5044896113042302 0.5049981540546522 9
4.0453337559766 0.4881771315095535 0.5004874244847277 0.5010011851960365 0.4921771315095535 0.5044874244847277 0.5050011851960365 9
4.0335823263733 0.48815956192162274 0.5004852107879221 0.5010040756322164 0.49215956192162275 0.5044852107879221 0.5050040756322164 9
4.021898250315 0.48814178786133067 0.5004830089851293 0.501006824644682 0.49214178786133067 0.5044830089851293 0.505006824644682 9
4.0102814779793 0.4881237475246536 0.5004808647658735 0.501009474250538 0.4921237475246536 0.5044808647658735 0.505009474250538 9
3.9987324166792 0.48810545083568574 0.5004787979244435 0.5010120495806303 0.49210545083568574 0.5044787979244435 0.5050120495806303 9
3.9872473818901 0.48808688074871537 0.5004767658008044 0.501014539774252 0.49208688074871537 0.5044767658008044 0.505014539774252 9
3.975828846378 0.4880680538272636 0.5004747400465405 0.501016960066674 0.4920680538272636 0.5044747400465405 0.505016960066674 9
3.9644725959655 0.48804897271277037 0.5004726790303807 0.501019334341142 0.49204897271277037 0.5044726790303807 0.505019334341142 9
3.9531801297653 0.4880296772729643 0.5004705482077532 0.5010216921034066 0.4920296772729643 0.5044705482077532 0.5050216921034066 9
3.9419514004454 0.4880102161109376 0.5004683406990265 0.5010240572798826 0.4920102161109376 0.5044683406990265 0.5050240572798826 9
3.9307858349441 0.4879906427123889 0.5004660526238608 0.5010264158660755 0.4919906427123889 0.5044660526238608 0.5050264158660756 9
3.9196828672572 0.4879709937151063 0.5004636818489387 0.5010287932175723 0.49197099371510633 0.5044636818489387 0.5050287932175723 9
3.9086419383279 0.4879512876986404 0.500461279147932 0.5010312525159584 0.4919512876986404 0.504461279147932 0.5050312525159584 9
3.8976602239897 0.4879315305956418 0.5004588224197086 0.5010338907717431 0.4919315305956418 0.5044588224197086 0.5050338907717431 9
3.8867385970595 0.48791174241618734 0.5004563236521712 0.5010365764688176 0.49191174241618735 0.5044563236521712 0.5050365764688176 9
3.8758773965664 0.4878919008389219 0.5004538271788831 0.5010393334554997 0.4918919008389219 0.5044538271788831 0.5050393334554997 9
3.8650760899298 0.48787197367146845 0.5004513467452028 0.5010421990786629 0.49187197367146845 0.5044513467452028 0.5050421990786629 9
3.8543341509986 0.48785201321276067 0.5004488760123726 0.501045219471542 0.4918520132127607 0.5044488760123726 0.505045219471542 9
3.8436510599535 0.4878320309620199 0.5004464199484954 0.501048400569759 0.4918320309620199 0.5044464199484954 0.505048400569759 9
3.833024754667 0.4878120276741283 0.5004440330149915 0.501051771725361 0.4918120276741283 0.5044440330149915 0.505051771725361 9
3.8224546730326 0.48779206793616203 0.500441767498897 0.5010553468804968 0.49179206793616204 0.504441767498897 0.5050553468804968 9
3.8119419408224 0.4877721944484834 0.5004396608062986 0.5010591632067396 0.4917721944484834 0.5044396608062987 0.5050591632067396 9
3.8014860623499 0.4877524438213206 0.5004376974926444 0.5010632203660987 0.4917524438213206 0.5044376974926444 0.5050632203660987 9
3.7910865477977 0.4877329088340374 0.5004358634768951 0.5010674736667711 0.4917329088340374 0.5044358634768951 0.5050674736667711 9
3.7807429131294 0.48771361942407004 0.5004341999836663 0.5010719007438571 0.49171361942407005 0.5044341999836663 0.5050719007438571 9
3.7704542734784 0.4876945699921936 0.5004327238849682 0.5010764160866684 0.49169456999219363 0.5044327238849682 0.5050764160866684 9
3.7602177883086 0.4876757624208166 0.5004314512387978 0.5010810010745673 0.4916757624208166 0.5044314512387978 0.5050810010745673 9
3.7500357884639 0.48765715254904207 0.5004303633176648 0.5010856152544023 0.4916571525490421 0.5044303633176648 0.5050856152544023 9
3.7399078119443 0.4876386522968334 0.5004294918007614 0.5010902589186168 0.4916386522968334 0.5044294918007614 0.5050902589186168 9
3.7298334021165 0.4876202057687607 0.5004288378004255 0.5010949844839595 0.4916202057687607 0.5044288378004255 0.5050949844839595 9
3.7198121076345 0.48760177667164223 0.5004283685258959 0.5010997908023547 0.49160177667164223 0.5044283685258959 0.5050997908023547 9
3.7098434823625 0.4875833180308796 0.5004280756515072 0.5011047019534707 0.4915833180308796 0.5044280756515072 0.5051047019534707 9
3.6999250456339 0.4875647975477645 0.5004279838873052 0.5011097435057446 0.4915647975477645 0.5044279838873053 0.5051097435057446 9
3.6900572514729 0.4875461659140801 0.500428084820463 0.5011149340942236 0.4915461659140801 0.504428084820463 0.5051149340942236 9
3.6802408418972 0.487527435310804 0.5004283466165076 0.5011202518140772 0.491527435310804 0.5044283466165076 0.5051202518140772 9
3.6704753906334 0.48750859728573204 0.5004287260570034 0.5011257332485748 0.49150859728573204 0.5044287260570034 0.5051257332485748 9
3.6607604762527 0.48748964503858794 0.500429200526076 0.5011313488676412 0.49148964503858794 0.504429200526076 0.5051313488676412 9
3.6510956821011 0.4874705839007354 0.5004297133935504 0.5011370793528263 0.4914705839007354 0.5044297133935504 0.5051370793528263 9
3.6414805597078 0.48745146428472974 0.500430228490098 0.5011428855547476 0.49145146428472974 0.504430228490098 0.5051428855547476 9
3.6319115503565 0.48743236094131026 0.5004307001957798 0.501148744984554 0.49143236094131026 0.5044307001957798 0.505148744984554 9
3.6223914623408 0.4874132861580114 0.5004311453963807 0.5011546760136019 0.4914132861580114 0.5044311453963807 0.5051546760136019 9
3.6129198972098 0.48739426146290693 0.5004315832829609 0.5011606635205452 0.49139426146290693 0.5044315832829609 0.5051606635205452 9
3.6034964609584 0.4873753465012834 0.5004319915110769 0.5011667128881816 0.4913753465012834 0.5044319915110769 0.5051667128881816 9
3.5941207639651 0.48735661952860854 0.5004323494235972 0.5011728381065031 0.49135661952860854 0.5044323494235972 0.5051728381065032 9
3.5847924209296 0.4873381014481633 0.500432649057322 0.5011790156773291 0.4913381014481633 0.504432649057322 0.5051790156773291 9
3.575510232622 0.4873197751327324 0.5004329281542161 0.5011852208122577 0.4913197751327324 0.5044329281542161 0.5051852208122577 9
3.5662722191411 0.48730162886858336 0.5004332017343179 0.5011914150867104 0.49130162886858336 0.5044332017343179 0.5051914150867104 9
3.5570804517714 0.48728364518981504 0.5004334433535634 0.5011976047771802 0.49128364518981504 0.5044334433535634 0.5051976047771802 9
3.5479345616864 0.487265853321885 0.5004336322127318 0.5012037606956412 0.491265853321885 0.5044336322127319 0.5052037606956412 9
3.5388341840899 0.48724830041190165 0.5004337957719537 0.5012098743711835 0.49124830041190165 0.5044337957719537 0.5052098743711835 9
3.5297789581599 0.48723098860150654 0.500434043291972 0.5012158560713785 0.49123098860150655 0.5044340432919721 0.5052158560713785 9
3.5207685269939 0.4872138988345276 0.5004344512527003 0.5012216691377678 0.4912138988345276 0.5044344512527003 0.5052216691377678 9
3.5118013802506 0.48719702465660314 0.5004350577285355 0.5012272754891594 0.49119702465660314 0.5044350577285355 0.5052272754891594 9
3.5028762255762 0.48718034261139936 0.5004358555225039 0.5012326629055367 0.49118034261139937 0.5044358555225039 0.5052326629055367 9
3.4939951268027 0.4871638509767108 0.5004368697706579 0.5012378558909218 0.4911638509767108 0.5044368697706579 0.5052378558909218 9
3.4851568825282 0.4871474860042425 0.5004381259674877 0.5012429004925342 0.4911474860042425 0.5044381259674877 0.5052429004925342 9
3.4763620139467 0.48713121982381746 0.5004396413621319 0.5012478174117 0.49113121982381747 0.5044396413621319 0.5052478174117 9
3.467609899811 0.48711502054796785 0.5004414126382628 0.5012526642683716 0.49111502054796785 0.5044414126382628 0.5052526642683716 9
3.4589002090205 0.4870988572449736 0.5004434597675284 0.5012574772981674 0.4910988572449736 0.5044434597675284 0.5052574772981674 9
3.4502315763407 0.48708272205014924 0.5004457806358801 0.5012623040211848 0.49108272205014925 0.5044457806358801 0.5052623040211848 9
3.4416024736124 0.4870665895509778 0.5004483763673664 0.5012671803242925 0.4910665895509778 0.5044483763673664 0.5052671803242925 9
3.4330148438295 0.48705044659134944 0.500451246738132 0.5012721241337098 0.49105044659134944 0.504451246738132 0.5052721241337098 9
3.4244683694379 0.48703428490804623 0.5004543945077159 0.5012771474695821 0.49103428490804624 0.5044543945077159 0.5052771474695821 9
3.4159627362152 0.4870181120899472 0.5004578177917456 0.5012822793251662 0.4910181120899472 0.5044578177917456 0.5052822793251662 9
3.4074976332263 0.4870019403074666 0.5004615115012592 0.5012875335139917 0.4910019403074666 0.5044615115012592 0.5052875335139917 9
3.3990727527795 0.4869857736903917 0.5004654626685914 0.5012928919113366 0.4909857736903917 0.5044654626685914 0.5052928919113366 9
3.3906873492335 0.48696963704331125 0.5004696348219508 0.5012983337119569 0.49096963704331126 0.5044696348219508 0.5052983337119569 9
3.3823386996526 0.48695354269066726 0.5004740214883179 0.5013038881290369 0.49095354269066727 0.5044740214883179 0.5053038881290369 9
3.3740293903981 0.4869375099435373 0.50047861604968 0.5013095768333397 0.4909375099435373 0.50447861604968 0.5053095768333397 9
3.3657591261373 0.48692157684366477 0.5004834237399194 0.5013153915520334 0.4909215768436648 0.5044834237399194 0.5053153915520334 9
3.3575276145752 0.48690575509402756 0.5004884129025663 0.5013213231702607 0.49090575509402756 0.5044884129025663 0.5053213231702607 9
3.3493345664152 0.48689006488734266 0.5004935812612227 0.5013274016684894 0.49089006488734266 0.5044935812612227 0.5053274016684894 9
3.34117969532 0.4868745489725104 0.5004989383792527 0.5013336411446315 0.4908745489725104 0.5044989383792527 0.5053336411446315 9
3.3330627178729 0.4868592265538934 0.5005044643623002 0.5013400474944054 0.4908592265538934 0.5045044643623002 0.5053400474944054 9
3.3249806737144 0.48684411824556934 0.5005101406770811 0.5013466165710017 0.49084411824556934 0.5045101406770811 0.5053466165710017 9
3.3169353347487 0.48682925128164717 0.5005159404157865 0.5013533570115217 0.49082925128164717 0.5045159404157865 0.5053533570115217 9
3.3089270777267 0.4868146613399675 0.5005218455726079 0.5013602749450908 0.4908146613399675 0.5045218455726079 0.5053602749450908 9
3.3009556303579 0.4868003868754358 0.5005278159786671 0.5013673451860465 0.4908003868754358 0.5045278159786671 0.5053673451860465 9
3.2930207230915 0.4867864486082866 0.5005338110457558 0.5013745357844536 0.49078644860828663 0.5045338110457558 0.5053745357844536 9
3.2851220890813 0.4867728868965137 0.5005398186795875 0.5013818197739256 0.4907728868965137 0.5045398186795875 0.5053818197739256 9
3.2772594641517 0.4867597199023191 0.5005458100237048 0.5013891727949745 0.4907597199023191 0.5045458100237048 0.5053891727949745 9
3.2694314870768 0.4867469787407776 0.500551771137382 0.5013965459963373 0.4907469787407776 0.504551771137382 0.5053965459963373 9
3.2616367572483 0.4867346946357582 0.500557681405812 0.5014038966117668 0.4907346946357582 0.504557681405812 0.5054038966117668 9
3.2538772808452 0.4867228855004404 0.5005635144324473 0.5014111621667274 0.4907228855004404 0.5045635144324473 0.5054111621667274 9
3.2461528038593 0.4867115094644183 0.5005692203851 0.5014182716590014 0.4907115094644183 0.5045692203851 0.5054182716590014 9
3.23846307479 0.4867005178153589 0.5005747271568882 0.5014251903769009 0.4907005178153589 0.5045747271568882 0.5054251903769009 9
3.2308078446135 0.4866898894226649 0.5005799830667489 0.5014319439074773 0.4906898894226649 0.5045799830667489 0.5054319439074773 9
3.2231868667511 0.4866796188269934 0.5005849696824932 0.5014385218318252 0.4906796188269934 0.5045849696824932 0.5054385218318252 9
3.2155998970397 0.4866697182190298 0.5005896990003661 0.5014448699772287 0.4906697182190298 0.5045896990003661 0.5054448699772287 9
3.2080443372893 0.4866601560682952 0.5005940621853083 0.5014509078453087 0.4906601560682952 0.5045940621853083 0.5054509078453087 9
3.2005213069074 0.48665079635594083 0.5005978894233499 0.5014565247978304 0.49065079635594083 0.5045978894233499 0.5054565247978304 9
3.1930315872069 0.4866415260337676 0.5006011377913676 0.5014616658310569 0.4906415260337676 0.5046011377913676 0.5054616658310569 9
3.1855749432158 0.4866323029596633 0.5006038282317145 0.5014663285763069 0.4906323029596633 0.5046038282317145 0.5054663285763069 9
3.1781511422332 0.486623057219559 0.5006059714666907 0.5014705014613285 0.490623057219559 0.5046059714666907 0.5054705014613285 9
3.1707599538021 0.48661371565704553 0.5006076188480336 0.5014742197743334 0.49061371565704553 0.5046076188480336 0.5054742197743334 9
3.1634011496809 0.48660422721378466 0.5006088366907099 0.5014774866368739 0.49060422721378466 0.5046088366907099 0.5054774866368739 9
3.1560745038175 0.4865945619290055 0.5006096623837534 0.5014803072915234 0.4905945619290055 0.5046096623837534 0.5054803072915234 9
3.148776689342 0.48658471416111765 0.5006101228986957 0.5014826991870032 0.49058471416111765 0.5046101228986957 0.5054826991870032 9
3.1415103200926 0.4865746620742533 0.5006102857028848 0.5014846889980855 0.4905746620742533 0.5046102857028848 0.5054846889980855 9
3.1342754643171 0.4865644015274517 0.5006102315802212 0.5014862880981616 0.4905644015274517 0.5046102315802212 0.5054862880981617 9
3.1270719042894 0.4865539289261503 0.5006100296202164 0.5014875135377563 0.4905539289261503 0.5046100296202164 0.5054875135377563 9
3.119899424345 0.48654324231268753 0.500609686565871 0.5014884039756407 0.49054324231268753 0.504609686565871 0.5054884039756407 9
3.1127578108557 0.48653233121697725 0.5006092369209073 0.5014889772205293 0.49053233121697726 0.5046092369209073 0.5054889772205293 9
3.1056468522058 0.4865211777543879 0.5006087047490341 0.5014892470899889 0.4905211777543879 0.5046087047490341 0.5054892470899889 9
3.0985663387676 0.48650977955971064 0.5006081116909624 0.501489218755792 0.49050977955971065 0.5046081116909624 0.505489218755792 9
3.0915127408727 0.4864981602045377 0.5006074800722108 0.5014889029430925 0.4904981602045377 0.5046074800722108 0.5054889029430925 9
3.0844891067424 0.48648631590465014 0.5006068114531391 0.5014883117490417 0.49048631590465014 0.5046068114531391 0.5054883117490417 9
3.0774953208457 0.4864742444913401 0.5006060933081521 0.5014874643153331 0.4904742444913401 0.5046060933081521 0.5054874643153331 9
3.0705311811127 0.48646195883667537 0.5006053417030953 0.501486408269433 0.49046195883667537 0.5046053417030953 0.505486408269433 9
3.0635964873479 0.4864494619792293 0.5006045459437463 0.5014851721456625 0.4904494619792293 0.5046045459437463 0.5054851721456625 9
3.0566910412088 0.48643676420316667 0.5006036943237258 0.5014837985261731 0.4904367642031667 0.5046036943237258 0.5054837985261731 9
3.0498146461836 0.4864238727010244 0.5006027866305516 0.5014822993470489 0.4904238727010244 0.5046027866305516 0.5054822993470489 9
3.0429671075699 0.4864107979139091 0.5006018294488876 0.5014806400962675 0.4904107979139091 0.5046018294488877 0.5054806400962675 9
3.0361452383258 0.486397545052868 0.5006008566873 0.5014787861989639 0.490397545052868 0.5046008566873 0.5054787861989639 9
3.029351422556 0.48638412141974663 0.5005998932005153 0.5014767172820501 0.49038412141974663 0.5045998932005153 0.5054767172820501 9
3.0225859096847 0.4863705156352719 0.5005989264090092 0.501474436493818 0.4903705156352719 0.5045989264090092 0.505474436493818 9
3.0158485118826 0.4863567170917977 0.5005979348283703 0.5014719633904439 0.4903567170917977 0.5045979348283703 0.5054719633904439 9
3.0091390430286 0.48634270129109514 0.5005969215317667 0.5014693281256936 0.49034270129109514 0.5045969215317667 0.5054693281256936 9
3.0024573186901 0.4863284569478017 0.5005958946476383 0.5014665322187363 0.4903284569478017 0.5045958946476383 0.5054665322187363 9
2.9958034010342 0.4863139784434827 0.5005948538672145 0.5014635837119175 0.4903139784434827 0.5045948538672145 0.5054635837119175 9
2.9891763741313 0.48629923951065357 0.5005937905614465 0.5014604724120669 0.4902992395106536 0.5045937905614465 0.5054604724120669 9
2.9825746953267 0.4862842226111952 0.5005926853751372 0.5014572200907693 0.4902842226111952 0.5045926853751372 0.5054572200907693 9
2.9759986987166 0.48626893323963744 0.50059156607256 0.5014538538916176 0.49026893323963744 0.50459156607256 0.5054538538916176 9
2.9694495688274 0.4862533653400466 0.5005904240380546 0.5014504106348427 0.4902533653400466 0.5045904240380547 0.5054504106348428 9
2.9629271308074 0.4862375063010762 0.5005892476372729 0.5014469065043673 0.4902375063010762 0.5045892476372729 0.5054469065043673 9
2.9564312113643 0.48622137642050006 0.500588057547934 0.5014433748708217 0.49022137642050007 0.504588057547934 0.5054433748708217 9
2.9499616387478 0.48620497164802357 0.500586854555154 0.5014398367816288 0.49020497164802357 0.504586854555154 0.5054398367816288 9
2.9435182427321 0.48618829475033587 0.5005856248938136 0.5014363221436073 0.4901882947503359 0.5045856248938136 0.5054363221436073 9
2.9371008545984 0.48617135659187444 0.5005843681197159 0.5014328637433552 0.49017135659187444 0.5045843681197159 0.5054328637433552 9
2.9307086966299 0.48615416889909613 0.500583060441852 0.5014294478114596 0.49015416889909613 0.504583060441852 0.5054294478114596 9
2.924339355746 0.4861367318240885 0.5005817020893342 0.5014260997462797 0.4901367318240885 0.5045817020893342 0.5054260997462797 9
2.9179955449638 0.4861190633500966 0.5005802989992982 0.501422856665155 0.4901190633500966 0.5045802989992982 0.505422856665155 9
2.9116771012797 0.4861011861385635 0.5005788385238449 0.5014197359670072 0.4901011861385635 0.5045788385238449 0.5054197359670072 9
2.9053838631165 0.48608313950641513 0.5005773167921785 0.5014167293980182 0.49008313950641513 0.5045773167921785 0.5054167293980182 9
2.8991156703073 0.4860649348812972 0.5005757444319952 0.5014138481303214 0.4900649348812972 0.5045757444319952 0.5054138481303214 9
2.8928723640799 0.4860465835618515 0.5005741368845796 0.501411125704542 0.4900465835618515 0.5045741368845796 0.505411125704542 9
2.8866537870417 0.4860280992366213 0.5005724867430439 0.5014085765912384 0.49002809923662133 0.5045724867430439 0.5054085765912384 9
2.8804597831643 0.4860095070911274 0.5005708162680005 0.5014061692272649 0.4900095070911274 0.5045708162680005 0.5054061692272649 9
2.8742881909078 0.48599083550995625 0.5005691382065198 0.5014038935846243 0.48999083550995626 0.5045691382065198 0.5054038935846243 9
2.868139389412 0.48597210026014326 0.500567437692199 0.5014017613339893 0.48997210026014326 0.504567437692199 0.5054017613339893 9
2.8620147201979 0.4859533092220685 0.5005657135643419 0.5013998072897334 0.4899533092220685 0.5045657135643419 0.5053998072897334 9
2.8559140324042 0.4859344650999072 0.5005639606410721 0.5013980497078016 0.4899344650999072 0.5045639606410721 0.5053980497078016 9
2.8498371764623 0.48591559560543174 0.5005621845760748 0.5013964985569425 0.48991559560543174 0.5045621845760748 0.5053964985569425 9
2.8437840040819 0.4858967188789064 0.500560393191962 0.501395146060112 0.4898967188789064 0.504560393191962 0.505395146060112 9
2.8377543682371 0.48587782849556227 0.5005585964088257 0.5013939655576028 0.4898778284955623 0.5045585964088257 0.5053939655576029 9
2.8317481231532 0.4858589254640275 0.5005568123028284 0.501392933493825 0.4898589254640275 0.5045568123028285 0.505392933493825 9
2.8257651242926 0.4858400028755816 0.5005550434102408 0.5013920353803827 0.4898400028755816 0.5045550434102408 0.5053920353803827 9
2.8198024174794 0.48582105969587075 0.5005533280796538 0.5013912922485053 0.48982105969587075 0.5045533280796538 0.5053912922485053 9
2.8138619846926 0.48580212589219324 0.5005517034651302 0.5013907227363861 0.48980212589219324 0.5045517034651302 0.5053907227363861 9
2.8079443906797 0.48578323225979964 0.5005501922525323 0.5013903010308244 0.48978323225979964 0.5045501922525323 0.5053903010308244 9
2.8020494955848 0.48576440597642595 0.500548813888686 0.5013900223337202 0.48976440597642595 0.504548813888686 0.5053900223337202 9
2.7961771607256 0.48574568568919174 0.5005475762753899 0.5013898936824625 0.48974568568919175 0.5045475762753899 0.5053898936824625 9
2.7903272485809 0.4857270998458007 0.5005464781888656 0.5013899166998411 0.4897270998458007 0.5045464781888656 0.5053899166998411 9
2.7844996227787 0.48570863542356174 0.5005454933827418 0.5013900739333432 0.48970863542356174 0.5045454933827418 0.5053900739333432 9
2.7786941480833 0.485690298783022 0.5005446047644299 0.5013903757005886 0.489690298783022 0.5045446047644299 0.5053903757005886 9
2.7729106903839 0.4856721071595831 0.5005438068643997 0.5013908264674002 0.4896721071595831 0.5045438068643997 0.5053908264674002 9
2.7671461137325 0.4856540676637007 0.5005431107627014 0.5013914187203533 0.4896540676637007 0.5045431107627014 0.5053914187203533 9
2.7614027747165 0.48563621678433 0.5005424831293942 0.5013921263456952 0.48963621678433 0.5045424831293942 0.5053921263456952 9
2.7556810755951 0.48561856586849084 0.5005419114200372 0.5013929554655708 0.48961856586849084 0.5045419114200372 0.5053929554655708 9
2.7499814536003 0.48560113106236097 0.5005413674234136 0.5013939393906703 0.489601131062361 0.5045413674234136 0.5053939393906703 9
2.7443020786028 0.4855839419522418 0.5005408276250319 0.5013950537715575 0.4895839419522418 0.5045408276250319 0.5053950537715575 9
2.7386445243155 0.485566976925194 0.5005403062132766 0.5013962535083984 0.489566976925194 0.5045403062132766 0.5053962535083985 9
2.7330080967852 0.4855501937240838 0.5005398242360164 0.5013975147641824 0.4895501937240838 0.5045398242360164 0.5053975147641824 9
2.7273926704129 0.4855335561054921 0.500539357417117 0.5013988391332715 0.4895335561054921 0.504539357417117 0.5053988391332715 9
2.7217981205675 0.4855170482295688 0.5005388962169633 0.5014002199021654 0.4895170482295688 0.5045388962169634 0.5054002199021654 9
2.7162217622249 0.4855006644870786 0.5005384371001116 0.5014016471132131 0.48950066448707863 0.5045384371001116 0.5054016471132131 9
2.7106650551251 0.48548439955146167 0.5005379781694094 0.5014031102799369 0.48948439955146167 0.5045379781694094 0.5054031102799369 9
2.7051288750562 0.48546827610047893 0.5005375014891107 0.5014045880364226 0.48946827610047894 0.5045375014891107 0.5054045880364226 9
2.6996131012521 0.48545232324619136 0.5005370104955774 0.5014060651034079 0.48945232324619137 0.5045370104955774 0.5054060651034079 9
2.6941176139202 0.48543653868788555 0.5005365148837929 0.5014075234948826 0.48943653868788556 0.5045365148837929 0.5054075234948826 9
2.6886422942317 0.4854208919191313 0.5005360107573557 0.5014089404836233 0.4894208919191313 0.5045360107573557 0.5054089404836233 9
2.6831870243117 0.4854053715457599 0.500535509069745 0.5014103180453222 0.4894053715457599 0.504535509069745 0.5054103180453222 9
2.6777516872295 0.4853899699509746 0.5005350026023979 0.5014116420328171 0.4893899699509746 0.5045350026023979 0.5054116420328171 9
2.672336166989 0.4853747035863929 0.5005344856808456 0.5014128973473696 0.4893747035863929 0.5045344856808456 0.5054128973473696 9
2.6669388861384 0.48535956104894723 0.5005339561919927 0.5014140801027073 0.48935956104894723 0.5045339561919927 0.5054140801027073 9
2.661559088592 0.4853445167125656 0.5005334106047307 0.5014151889590712 0.4893445167125656 0.5045334106047307 0.5054151889590712 9
2.6561987835509 0.4853295500032358 0.5005328525514814 0.50141621036349 0.4893295500032358 0.5045328525514814 0.50541621036349 9
2.6508578585406 0.4853146888714117 0.5005322625630039 0.5014171304479591 0.4893146888714117 0.5045322625630039 0.5054171304479591 9
2.6455362019754 0.48529994882602023 0.5005316256773275 0.5014179388121043 0.48929994882602024 0.5045316256773275 0.5054179388121043 9
2.6402337031507 0.48528529736419185 0.5005309552694477 0.5014186431878471 0.48928529736419185 0.5045309552694477 0.5054186431878471 9
2.634950252233 0.48527069977565446 0.5005302495442975 0.5014192366010484 0.48927069977565446 0.5045302495442975 0.5054192366010484 9
2.6296857402523 0.4852561674907211 0.5005295086385635 0.5014197141130523 0.4892561674907211 0.5045295086385635 0.5054197141130523 9
2.6244400590926 0.485241701777834 0.5005287291323224 0.5014200910727121 0.489241701777834 0.5045287291323224 0.5054200910727121 9
2.6192131014839 0.48522726398136473 0.5005278978239054 0.5014203730652165 0.48922726398136474 0.5045278978239054 0.5054203730652165 9
2.6140014850299 0.4852128291521774 0.5005270062016632 0.5014205571082226 0.4892128291521774 0.5045270062016632 0.5054205571082226 9
2.6088080779503 0.48519837917112324 0.5005260373690265 0.5014206646118888 0.48919837917112324 0.5045260373690265 0.5054206646118888 9
2.603633095426 0.4851839097088316 0.5005249924822311 0.5014207164218751 0.4891839097088316 0.5045249924822311 0.5054207164218751 9
2.5984764333689 0.4851694238994436 0.5005238606320781 0.5014207297152976 0.4891694238994436 0.5045238606320781 0.5054207297152976 9
2.5933379884963 0.48515492871390936 0.5005226247617877 0.5014207125725185 0.48915492871390936 0.5045226247617877 0.5054207125725185 9
2.5882176583239 0.48514042656674095 0.5005212742533952 0.501420692440919 0.48914042656674095 0.5045212742533952 0.505420692440919 9
2.5831153411573 0.4851259299873152 0.5005197821461277 0.5014206880334658 0.4891259299873152 0.5045197821461277 0.5054206880334658 9
2.5780309360846 0.4851114793726944 0.5005181559667047 0.501420723744947 0.4891114793726944 0.5045181559667047 0.505420723744947 9
2.5729643429685 0.48509711784325554 0.5005164318333456 0.5014208255763245 0.48909711784325555 0.5045164318333456 0.5054208255763245 9
2.5679146480015 0.48508285697400494 0.5005146702516292 0.5014209804821034 0.48908285697400494 0.5045146702516292 0.5054209804821034 9
2.5628797707526 0.48506868009470583 0.5005129471593662 0.5014211774537283 0.48906868009470583 0.5045129471593662 0.5054211774537283 9
2.5578624272739 0.48505456867551133 0.5005113164377376 0.5014214330007423 0.48905456867551134 0.5045113164377376 0.5054214330007423 9
2.5528625203372 0.4850404902533452 0.5005097904627003 0.501421781100607 0.48904049025334523 0.5045097904627003 0.505421781100607 9
2.5478799534533 0.4850264455763503 0.5005083449530328 0.5014221932403619 0.4890264455763503 0.5045083449530328 0.5054221932403619 9
2.5429146308646 0.48501241757870867 0.5005069759849956 0.5014226502135559 0.48901241757870867 0.5045069759849956 0.5054226502135559 9
2.5379664575382 0.4849983997335189 0.5005056872038064 0.5014231537432168 0.4889983997335189 0.5045056872038064 0.5054231537432168 9
2.5330353391589 0.4849843738780686 0.500504467486635 0.5014236779452723 0.4889843738780686 0.504504467486635 0.5054236779452723 9
2.5281211821227 0.4849703362910663 0.5005033181544358 0.5014242065751444 0.4889703362910663 0.5045033181544358 0.5054242065751444 9
2.5232238935292 0.4849562613573695 0.500502238386683 0.5014247331773786 0.4889562613573695 0.504502238386683 0.5054247331773786 9
2.5183421205573 0.48494214502482563 0.5005012395453742 0.5014252299195007 0.48894214502482564 0.5045012395453742 0.5054252299195007 9
2.5134746641512 0.4849279708277796 0.5005003338528303 0.5014256937027332 0.4889279708277796 0.5045003338528303 0.5054256937027332 9
2.5086238190325 0.484913737932157 0.5004995429934883 0.5014261166520237 0.488913737932157 0.5044995429934883 0.5054261166520237 9
2.5037894949393 0.48489944992734824 0.5004988848601359 0.5014264869592526 0.48889944992734824 0.5044988848601359 0.5054264869592526 9
2.4989719804881 0.4848850937277704 0.5004983562553993 0.5014267999633568 0.4888850937277704 0.5044983562553993 0.5054267999633568 9
2.494170052099 0.4848706614516197 0.5004979649087645 0.5014270554352515 0.4888706614516197 0.5044979649087645 0.5054270554352515 9
2.4893847562388 0.48485613806943656 0.500497724378031 0.5014272527268322 0.48885613806943656 0.504497724378031 0.5054272527268322 9
2.4846156269773 0.4848415147442468 0.5004976431934297 0.5014273937707471 0.4888415147442468 0.5044976431934297 0.5054273937707471 9
2.4798625773883 0.4848267990030875 0.5004977182831263 0.5014274805379098 0.4888267990030875 0.5044977182831263 0.5054274805379098 9
2.4751255211489 0.4848119891382666 0.5004979354039027 0.501427523482863 0.4888119891382666 0.5044979354039028 0.505427523482863 9
2.4704033768436 0.4847970777746436 0.5004982956196636 0.5014275259664115 0.4887970777746436 0.5044982956196636 0.5054275259664115 9
2.4656944006767 0.48478206641309496 0.5004987911558765 0.5014275016150695 0.48878206641309496 0.5044987911558765 0.5054275016150696 9
2.4610011798268 0.48476697286301107 0.5004994013405462 0.5014274588977902 0.4887669728630111 0.5044994013405462 0.5054274588977902 9
2.4563236303684 0.48475178858450757 0.5005001085536875 0.5014273967641898 0.4887517885845076 0.5045001085536875 0.5054273967641898 9
2.4516616689886 0.4847365116858221 0.5005008913421068 0.5014273250314788 0.4887365116858221 0.5045008913421068 0.5054273250314788 9
2.4470152129814 0.48472113304486003 0.5005017301041389 0.5014272669757579 0.48872113304486003 0.5045017301041389 0.5054272669757579 9
2.4423841802423 0.48470566734230713 0.5005026129218713 0.5014272316580267 0.48870566734230714 0.5045026129218713 0.5054272316580267 9
2.4377684892626 0.4846900817939982 0.5005035424890254 0.5014272144467108 0.4886900817939982 0.5045035424890254 0.5054272144467108 9
2.4331680591238 0.48467436046476914 0.5005044984037871 0.5014272319380877 0.48867436046476914 0.5045044984037871 0.5054272319380877 9
2.4285828094924 0.4846584852372477 0.5005054635941226 0.501427289152588 0.4886584852372477 0.5045054635941226 0.505427289152588 9
2.4240126606145 0.48464244311416343 0.5005064327440262 0.5014273844717152 0.48864244311416344 0.5045064327440262 0.5054273844717152 9
2.4194538637357 0.4846262458674711 0.5005074009988946 0.5014275125065892 0.4886262458674711 0.5045074009988946 0.5054275125065892 9
2.4149100214879 0.4846099009253918 0.5005083560789366 0.5014276490443687 0.4886099009253918 0.5045083560789366 0.5054276490443687 9
2.4103810609851 0.4845934018552345 0.5005092917070921 0.5014277763325288 0.4885934018552345 0.5045092917070921 0.5054277763325288 9
2.4058669046355 0.4845767705439972 0.5005102057480871 0.5014278765847445 0.48857677054399723 0.5045102057480871 0.5054278765847445 9
2.4013674754015 0.48456001765320605 0.5005110806592871 0.5014279375625147 0.48856001765320606 0.5045110806592871 0.5054279375625147 9
2.3968826967951 0.484543158807441 0.50051192251722 0.5014279565840718 0.488543158807441 0.50451192251722 0.5054279565840718 9
2.3924124928724 0.48452621582551664 0.5005127294752976 0.5014279336079175 0.48852621582551664 0.5045127294752976 0.5054279336079175 9
2.3879567882294 0.4845092026270646 0.5005135223174471 0.5014278690438079 0.4885092026270646 0.5045135223174471 0.5054278690438079 9
2.3835155079962 0.4844921713827176 0.5005143150872695 0.50142776815592 0.4884921713827176 0.5045143150872695 0.50542776815592 9
2.3790885778332 0.48447514078109993 0.5005151061605887 0.5014276561791247 0.48847514078109994 0.5045151061605887 0.5054276561791247 9
2.3746739909274 0.4844581214462496 0.5005158912778199 0.5014275551414717 0.4884581214462496 0.5045158912778199 0.5054275551414718 9
2.3702718540798 0.4844411305387742 0.5005166708146873 0.5014274650146878 0.4884411305387742 0.5045166708146873 0.5054274650146878 9
2.365883864053 0.4844241770264154 0.5005174357063348 0.5014273746639009 0.4884241770264154 0.5045174357063348 0.5054273746639009 9
2.3615099484791 0.4844072595276218 0.500518175784867 0.5014272633540269 0.4884072595276218 0.504518175784867 0.5054272633540269 9
2.3571500354971 0.4843903790470187 0.5005188788256841 0.5014271114399776 0.4883903790470187 0.5045188788256841 0.5054271114399776 9
2.3528040537491 0.4843735156404869 0.5005195286043275 0.5014268915699407 0.4883735156404869 0.5045195286043275 0.5054268915699407 9
2.3484719323754 0.48435666044531595 0.5005201247757893 0.5014265864956201 0.48835666044531595 0.5045201247757893 0.5054265864956201 9
2.3441536010103 0.48433981064514814 0.5005206658765767 0.5014261922684651 0.48833981064514814 0.5045206658765767 0.5054261922684651 9
2.3398489897774 0.4843229465671481 0.5005211571115366 0.501425698240858 0.4883229465671481 0.5045211571115366 0.505425698240858 9
2.3355580292859 0.4843060545764707 0.5005215993188457 0.501425100472942 0.4883060545764707 0.5045215993188457 0.505425100472942 9
2.3312806506256 0.48428912766052357 0.500522002322697 0.5014244096312583 0.48828912766052357 0.504522002322697 0.5054244096312583 9
2.3270136617716 0.48427213664285157 0.5005223788715093 0.5014236189535529 0.4882721366428516 0.5045223788715093 0.5054236189535529 9
2.3227595414563 0.4842550634726287 0.5005227467440456 0.5014227289978895 0.4882550634726287 0.5045227467440456 0.5054227289978895 9
2.3185188154562 0.48423789855030985 0.5005230896432522 0.5014217334379987 0.48823789855030986 0.5045230896432522 0.5054217334379987 9
2.3142914166463 0.48422064590256786 0.50052339110562 0.5014206175880955 0.48822064590256786 0.5045233911056201 0.5054206175880955 9
2.3100772783627 0.4842033080742322 0.500523634387383 0.5014193841761139 0.4882033080742322 0.504523634387383 0.5054193841761139 9
2.3058763343983 0.4841858776360941 0.5005237836858291 0.5014180674788412 0.4881858776360941 0.5045237836858291 0.5054180674788412 9
2.3016885189989 0.48416837862170176 0.5005238223994749 0.50141670080564 0.48816837862170176 0.5045238223994749 0.50541670080564 9
2.2975137668597 0.4841508376887731 0.5005237361425305 0.5014153106140011 0.4881508376887731 0.5045237361425305 0.5054153106140011 9
2.2933520131207 0.4841332873772311 0.5005235256751036 0.5014139077962425 0.4881332873772311 0.5045235256751036 0.5054139077962425 9
2.2892031933633 0.4841157430592548 0.5005231972171468 0.5014125086083832 0.4881157430592548 0.5045231972171468 0.5054125086083832 9
2.2850672436064 0.48409820260528325 0.5005227585327967 0.5014111149378394 0.48809820260528325 0.5045227585327967 0.5054111149378394 9
2.2809405558185 0.48408067227415263 0.500522226842664 0.5014097190415131 0.48808067227415264 0.504522226842664 0.5054097190415131 9
2.2768264373692 0.48406317080686556 0.5005216134552185 0.501408331765952 0.48806317080686556 0.5045216134552185 0.505408331765952 9
2.2727250156917 0.4840457069035629 0.5005209218553411 0.5014069488378504 0.4880457069035629 0.5045209218553411 0.5054069488378504 9
2.2686362284242 0.48402828065965875 0.5005201537480383 0.5014055478013504 0.48802828065965875 0.5045201537480383 0.5054055478013504 9
2.2645600136242 0.4840108990933734 0.5005192998794822 0.5014041152168686 0.4880108990933734 0.5045192998794822 0.5054041152168686 9
2.2604963097659 0.4839935617525276 0.5005183746844115 0.501402643629993 0.4879935617525276 0.5045183746844115 0.505402643629993 9
2.2564450557356 0.4839762649297728 0.5005173910089183 0.5014011237950627 0.4879762649297728 0.5045173910089183 0.5054011237950627 9
2.252406190829 0.4839590032903832 0.5005163567436531 0.5013995399817779 0.4879590032903832 0.5045163567436531 0.5053995399817779 9
2.2483798948755 0.48394176317943055 0.5005152926182004 0.5013978791891518 0.48794176317943055 0.5045152926182004 0.5053978791891518 9
2.2443653875697 0.48392455128489864 0.5005142188845345 0.5013961406138697 0.48792455128489864 0.5045142188845345 0.5053961406138697 9
2.2403633298704 0.48390736530606726 0.5005131383483284 0.5013943291150216 0.48790736530606726 0.5045131383483284 0.5053943291150216 9
2.2363702512927 0.48389020637437063 0.5005120680696703 0.5013924441197517 0.48789020637437064 0.5045120680696703 0.5053924441197517 9
2.2323886957509 0.4838730772718701 0.5005110134453865 0.5013904986655189 0.4878730772718701 0.5045110134453865 0.5053904986655189 9
2.228419189411 0.48385597084189613 0.5005099880886543 0.5013885224925317 0.48785597084189614 0.5045099880886543 0.5053885224925317 9
2.2244616742466 0.4838388913018249 0.5005090013412927 0.5013865335814672 0.4878388913018249 0.5045090013412927 0.5053865335814672 9
2.2205160926138 0.48382184397965877 0.5005080560044595 0.5013845391931914 0.4878218439796588 0.5045080560044595 0.5053845391931914 9
2.2165823872486 0.48380483696872645 0.5005071496137533 0.501382546237564 0.48780483696872645 0.5045071496137533 0.505382546237564 9
2.2126605012636 0.483787874808097 0.5005062833597662 0.5013805547547833 0.487787874808097 0.5045062833597662 0.5053805547547833 9
2.2087503781445 0.4837709721624509 0.5005054673387767 0.5013785642986827 0.4877709721624509 0.5045054673387767 0.5053785642986827 9
2.2048519617476 0.4837541280452278 0.5005047153490448 0.5013765816025595 0.48775412804522783 0.5045047153490448 0.5053765816025595 9
2.2009651962963 0.4837373278859076 0.5005040401274425 0.5013746041526251 0.4877373278859076 0.5045040401274425 0.5053746041526251 9
2.197090026378 0.48372055345523807 0.5005034398193695 0.5013726436791909 0.48772055345523807 0.5045034398193695 0.5053726436791909 9
2.1932244201332 0.48370377397118935 0.5005029003489457 0.5013707260021432 0.48770377397118936 0.5045029003489457 0.5053707260021432 9
2.1893685122466 0.48368699463669557 0.5005024132666813 0.5013688558175166 0.48768699463669557 0.5045024132666813 0.5053688558175166 9
2.1855240515174 0.4836702084621144 0.5005019668217595 0.5013670188069554 0.4876702084621144 0.5045019668217595 0.5053670188069554 9
2.1816909838723 0.48365340949346064 0.5005015599085831 0.5013652037905177 0.48765340949346064 0.5045015599085831 0.5053652037905177 9
2.1778692555878 0.4836365993100878 0.5005011877037387 0.501363398472025 0.4876365993100878 0.5045011877037388 0.505363398472025 9
2.1740588132877 0.48361977821718904 0.5005008407769443 0.5013615988876146 0.48761977821718905 0.5045008407769443 0.5053615988876146 9
2.1702596039401 0.48360294754535665 0.5005005292162481 0.5013598084518867 0.48760294754535666 0.5045005292162481 0.5053598084518867 9
2.1664715748545 0.4835861142635151 0.5005002609171679 0.5013580201963637 0.4875861142635151 0.5045002609171679 0.5053580201963637 9
2.162694673679 0.4835692756794745 0.5005000420242961 0.5013562441089134 0.4875692756794745 0.5045000420242961 0.5053562441089134 9
2.1589288483977 0.4835524367314533 0.5004998725892315 0.501354486054297 0.4875524367314533 0.5044998725892315 0.505354486054297 9
2.1551740473277 0.4835356182293035 0.5004997576528006 0.5013527517864197 0.4875356182293035 0.5044997576528006 0.5053527517864197 9
2.1514302191168 0.48351881299037536 0.5004996982689816 0.5013510413560625 0.48751881299037536 0.5044996982689816 0.5053510413560625 9
2.1476935887478 0.48350200902713203 0.5004997038370437 0.5013493581614133 0.48750200902713203 0.5044997038370437 0.5053493581614134 9
2.1439677772138 0.48348521632283864 0.5004997659661932 0.5013476941480484 0.48748521632283864 0.5044997659661932 0.5053476941480484 9
2.1402528018799 0.48346844654495535 0.5004998767098601 0.5013460482868276 0.48746844654495536 0.5044998767098601 0.5053460482868276 9
2.1365486126047 0.4834517230536939 0.5005000303435079 0.5013444178555114 0.4874517230536939 0.5045000303435079 0.5053444178555114 9
2.1328551595646 0.48343505317198404 0.5005002249718212 0.5013427924812066 0.48743505317198405 0.5045002249718212 0.5053427924812066 9
2.1291723932513 0.4834184585060119 0.5005004627308165 0.5013411664838677 0.4874184585060119 0.5045004627308165 0.5053411664838677 9
2.1255002644696 0.48340195590164514 0.5005007390840353 0.5013395459248421 0.48740195590164515 0.5045007390840353 0.5053395459248421 9
2.1218387243342 0.4833855492246944 0.5005010565140209 0.5013379230665315 0.4873855492246944 0.5045010565140209 0.5053379230665315 9
2.118187724268 0.483369237577665 0.5005014171062223 0.5013362940630274 0.487369237577665 0.5045014171062223 0.5053362940630274 9
2.1145472159991 0.4833530312579613 0.5005018255742931 0.5013346623706301 0.4873530312579613 0.5045018255742931 0.5053346623706301 9
2.1109171515583 0.4833369197463446 0.500502274556438 0.5013330126653773 0.4873369197463446 0.504502274556438 0.5053330126653773 9
2.1072966550091 0.48332087297175336 0.5005027493635872 0.5013313249789046 0.48732087297175336 0.5045027493635872 0.5053313249789047 9
2.1036835284525 0.4833048695824446 0.5005032320689035 0.501329599742922 0.4873048695824446 0.5045032320689035 0.505329599742922 9
2.1000807188935 0.48328890313807904 0.5005037116834374 0.5013278374663698 0.48728890313807904 0.5045037116834374 0.5053278374663698 9
2.0964881794689 0.4832729694730076 0.5005041801371024 0.5013260454557179 0.4872729694730076 0.5045041801371024 0.5053260454557179 9
2.0929058636071 0.483257067534277 0.5005046341461433 0.5013242238156694 0.487257067534277 0.5045046341461433 0.5053242238156694 9
2.0893337250261 0.48324121073535664 0.5005050510140886 0.5013223695027296 0.48724121073535664 0.5045050510140886 0.5053223695027296 9
2.0857717177306 0.48322540493372634 0.500505437161898 0.5013204806317597 0.48722540493372635 0.504505437161898 0.5053204806317597 9
2.0822197960104 0.4832096405239038 0.5005058041951632 0.5013185497264604 0.4872096405239038 0.5045058041951632 0.5053185497264604 9
2.0786779144378 0.4831939230844628 0.5005061522003255 0.5013165729922356 0.4871939230844628 0.5045061522003255 0.5053165729922356 9
2.0751460278654 0.4831782524168347 0.500506482431515 0.5013145584698905 0.4871782524168347 0.504506482431515 0.5053145584698905 9
2.0716240914239 0.48316260972596836 0.5005067980896054 0.5013125048676108 0.48716260972596837 0.5045067980896054 0.5053125048676108 9
2.0681120605201 0.48314699033878933 0.5005071049216908 0.5013104084798902 0.48714699033878933 0.5045071049216908 0.5053104084798902 9
2.0646090298741 0.48313139034247493 0.5005074009735551 0.5013082733627011 0.48713139034247493 0.5045074009735551 0.5053082733627011 9
2.0611128517163 0.4831158162280483 0.5005076753625269 0.5013061107407858 0.4871158162280483 0.5045076753625269 0.5053061107407858 9
2.0576264620118 0.4831002656812247 0.500507912784115 0.5013039220300813 0.4871002656812247 0.504507912784115 0.5053039220300813 9
2.0541498171705 0.4830847279804753 0.5005081139634974 0.5013016976607767 0.4870847279804753 0.5045081139634974 0.5053016976607767 9
2.0506828738688 0.48306919798923253 0.5005082768457615 0.5012994437309202 0.48706919798923254 0.5045082768457615 0.5052994437309202 9
2.0472255890465 0.48305366691629076 0.5005083901988646 0.501297169385866 0.48705366691629076 0.5045083901988646 0.505297169385866 9
2.0437779199054 0.4830381351995548 0.5005084427426494 0.5012948864097138 0.4870381351995548 0.5045084427426494 0.5052948864097138 9
2.0403398239073 0.4830226116719887 0.5005084277823453 0.5012926059782519 0.4870226116719887 0.5045084277823453 0.5052926059782519 9
2.0369112587715 0.483007113766087 0.5005083588036576 0.5012903257974126 0.487007113766087 0.5045083588036576 0.5052903257974126 9
2.0334921824735 0.4829916528419918 0.500508248252412 0.5012880460274656 0.4869916528419918 0.504508248252412 0.5052880460274656 9
2.0300825532424 0.4829762227205988 0.500508093158195 0.5012857673026789 0.4869762227205988 0.504508093158195 0.5052857673026789 9
2.0266823295594 0.4829608016923148 0.5005078853596465 0.5012834920780533 0.4869608016923148 0.5045078853596465 0.5052834920780533 9
2.0232914664964 0.48294539371805273 0.5005076173436218 0.5012812258471577 0.48694539371805273 0.5045076173436218 0.5052812258471577 9
2.0199060829107 0.48293002062231893 0.500507296022255 0.5012789664112582 0.48693002062231894 0.504507296022255 0.5052789664112582 9
2.0165299966681 0.48291467835535795 0.5005069439684827 0.5012767202800156 0.48691467835535795 0.5045069439684827 0.5052767202800156 9
2.0131631671614 0.4828993580210844 0.5005065666573729 0.5012744908811574 0.4868993580210844 0.5045065666573729 0.5052744908811574 9
2.009805554027 0.4828840596892992 0.5005061682077249 0.5012722646631982 0.4868840596892992 0.5045061682077249 0.5052722646631982 9
2.0064571171418 0.48286876891735914 0.5005057438508106 0.5012700424361417 0.48686876891735914 0.5045057438508106 0.5052700424361417 9
2.0031178166226 0.48285347425587627 0.5005052826747298 0.5012678236697469 0.4868534742558763 0.5045052826747298 0.5052678236697469 9
