8.1330643194892 0.49155393991791985 0.5010021993728023 0.5009731255610653 0.49555393991791985 0.5050021993728023 0.5049731255610653 9 
8.0818843214791 0.4915305674875071 0.5010008778480239 0.5009736218253561 0.4955305674875071 0.5050008778480239 0.5049736218253561 9 
8.0314148869044 0.49150730828398204 0.5009994751079471 0.5009740172367009 0.49550730828398204 0.5049994751079471 0.5049740172367009 9 
7.9816419161148 0.49148442172287676 0.5009984314164676 0.5009747291073504 0.49548442172287677 0.5049984314164676 0.5049747291073504 9 
7.9325417101846 0.4914613444593606 0.5009968239287667 0.5009751904074375 0.49546134445936063 0.5049968239287667 0.5049751904074375 9 
7.8841093256458 0.4914382682352465 0.5009951519693744 0.5009756507231096 0.4954382682352465 0.5049951519693744 0.5049756507231096 9 
7.8363256870345 0.4914151363403843 0.500993341482523 0.5009760232496464 0.4954151363403843 0.504993341482523 0.5049760232496464 9 
7.7891789670368 0.4913921967813435 0.5009916147973614 0.5009763769663433 0.4953921967813435 0.5049916147973614 0.5049763769663433 9 
7.7426543516668 0.49136948444558554 0.500990483995244 0.5009771166912373 0.49536948444558554 0.504990483995244 0.5049771166912373 9 
7.6967390981526 0.49134654048964693 0.5009889627596407 0.5009776014245187 0.49534654048964694 0.5049889627596407 0.5049776014245188 9 
7.6514215382762 0.4913237432850592 0.5009873303769576 0.5009780440785828 0.4953237432850592 0.5049873303769576 0.5049780440785828 9 
7.6066870985632 0.491301186432552 0.5009858062873535 0.5009785432768272 0.495301186432552 0.5049858062873535 0.5049785432768272 9 
7.56252588351 0.4912785764768705 0.5009840985264802 0.5009789133063428 0.4952785764768705 0.5049840985264802 0.5049789133063428 9 
7.5189257900861 0.49125599544923193 0.5009823267833428 0.5009793926996899 0.49525599544923193 0.5049823267833428 0.5049793926996899 9 
7.4758742805379 0.49123355291925414 0.5009808171332328 0.500979998892763 0.49523355291925414 0.5049808171332328 0.504979998892763 9 
7.4333621571324 0.4912109488066175 0.500979158162491 0.5009805523087646 0.4952109488066175 0.504979158162491 0.5049805523087646 9 
7.3913774665521 0.4911883657451558 0.5009775278038557 0.5009810349563393 0.4951883657451558 0.5049775278038557 0.5049810349563393 9 
7.349909823956 0.4911658376990027 0.5009758298811074 0.5009816149914672 0.4951658376990027 0.5049758298811075 0.5049816149914672 9 
7.3089502830204 0.49114325366899814 0.5009740191519104 0.5009823942958435 0.49514325366899814 0.5049740191519104 0.5049823942958435 9 
7.2684872391571 0.4911206592036066 0.5009721338522177 0.5009829721712141 0.4951206592036066 0.5049721338522177 0.5049829721712141 9 
7.2285121024239 0.49109819189173337 0.5009704236948953 0.5009834381568773 0.4950981918917334 0.5049704236948953 0.5049834381568773 9 
7.1890162272408 0.49107558044209937 0.5009688420043487 0.500983764780022 0.49507558044209937 0.5049688420043487 0.504983764780022 9 
7.1499884119886 0.49105296466286397 0.5009670599492297 0.5009842165538513 0.49505296466286397 0.5049670599492297 0.5049842165538513 9 
7.1114215058699 0.4910306084428475 0.5009653785173551 0.5009844706090276 0.4950306084428475 0.5049653785173551 0.5049844706090276 9 
7.0733072276286 0.49100829278746394 0.5009635790826784 0.500984549166506 0.49500829278746394 0.5049635790826784 0.504984549166506 9 
7.0356348473542 0.4909861006330062 0.5009619261784616 0.500984432668573 0.4949861006330062 0.5049619261784616 0.504984432668573 9 
6.9984018395066 0.490964276532321 0.5009604908191664 0.50098470775213 0.494964276532321 0.5049604908191664 0.50498470775213 9 
6.9615897368687 0.4909425340889075 0.5009586644352297 0.5009845740157421 0.4949425340889075 0.5049586644352297 0.5049845740157421 9 
6.9251989919202 0.49092063917238393 0.500956772187251 0.500984580912814 0.49492063917238394 0.504956772187251 0.504984580912814 9 
6.889220717047 0.4908988178658243 0.5009546762293426 0.5009846569785562 0.4948988178658243 0.5049546762293426 0.5049846569785562 9 
6.8536476043573 0.49087707362996774 0.5009523007545212 0.5009849181107573 0.49487707362996775 0.5049523007545212 0.5049849181107573 9 
6.8184701284878 0.4908552685045115 0.5009497910843026 0.5009851657971971 0.4948552685045115 0.5049497910843026 0.5049851657971971 9 
6.7836833043465 0.4908334344054496 0.5009473053501593 0.5009856417991088 0.4948334344054496 0.5049473053501593 0.5049856417991088 9 
6.7492804580935 0.4908114444550473 0.5009445258957433 0.5009863905047268 0.4948114444550473 0.5049445258957433 0.5049863905047268 9 
6.7152528236759 0.4907898681738084 0.5009420836429916 0.5009866311673788 0.4947898681738084 0.5049420836429916 0.5049866311673789 9 
6.6815954030677 0.49076823755610505 0.5009394358106323 0.5009868860464791 0.49476823755610505 0.5049394358106323 0.5049868860464791 9 
6.6483022721564 0.49074635246793735 0.5009366243925731 0.5009872078242429 0.49474635246793736 0.5049366243925731 0.5049872078242429 9 
6.6153655461906 0.49072469060511364 0.5009336757666626 0.5009874275433938 0.49472469060511365 0.5049336757666626 0.5049874275433938 9 
6.58277983259 0.49070288122950306 0.5009303088778484 0.5009875919242863 0.49470288122950307 0.5049303088778484 0.5049875919242863 9 
6.5505400847295 0.49068135461722273 0.5009272538097616 0.5009872908740339 0.49468135461722273 0.5049272538097616 0.5049872908740339 9 
6.5186394340621 0.49066000342263444 0.5009243219308045 0.5009870028972132 0.49466000342263444 0.5049243219308045 0.5049870028972132 9 
6.4870717002914 0.4906387407132437 0.5009213095056071 0.500986488549055 0.4946387407132437 0.5049213095056071 0.504986488549055 9 
6.455832854524 0.4906173014701701 0.5009176489962388 0.500986380506762 0.4946173014701701 0.5049176489962388 0.504986380506762 9 
6.4249171923139 0.4905963555766456 0.5009139931369129 0.500985956487984 0.4945963555766456 0.5049139931369129 0.5049859564879841 9 
6.394317339037 0.4905760415529215 0.5009103319370334 0.5009856565699738 0.4945760415529215 0.5049103319370334 0.5049856565699739 9 
6.3640304364049 0.4905558810599964 0.5009065341534369 0.5009861705786418 0.4945558810599964 0.5049065341534369 0.5049861705786418 9 
6.3340513962328 0.4905356677159788 0.5009032639654355 0.5009866114173668 0.4945356677159788 0.5049032639654355 0.5049866114173668 9 
6.3043733543713 0.4905150755084485 0.5008996248743941 0.5009876307182985 0.4945150755084485 0.5048996248743941 0.5049876307182986 9 
6.2749926621466 0.4904943946682417 0.500896019163864 0.5009882875961968 0.4944943946682417 0.504896019163864 0.5049882875961968 9 
6.2459052693099 0.49047357976331446 0.5008926971491675 0.500989084740362 0.49447357976331446 0.5048926971491675 0.504989084740362 9 
6.2171057683393 0.4904525965352011 0.5008892635531903 0.5009893785764022 0.4944525965352011 0.5048892635531903 0.5049893785764022 9 
6.1885885138638 0.4904317017489573 0.50088575670597 0.5009895003601856 0.4944317017489573 0.50488575670597 0.5049895003601856 9 
6.1603509286601 0.4904109229580336 0.5008822704303488 0.500989595414029 0.4944109229580336 0.5048822704303488 0.504989595414029 9 
6.1323886514927 0.49039013392380004 0.5008789560183603 0.5009896175220047 0.49439013392380005 0.5048789560183603 0.5049896175220047 9 
6.104695379329 0.4903696492562725 0.5008758342531184 0.5009893334022293 0.4943696492562725 0.5048758342531184 0.5049893334022293 9 
6.0772684074498 0.49034929559330126 0.5008726038184319 0.5009889922861938 0.49434929559330126 0.5048726038184319 0.5049889922861938 9 
6.0501042425386 0.4903287656132548 0.5008691150259372 0.500988962421469 0.4943287656132548 0.5048691150259372 0.504988962421469 9 
6.0231983798081 0.49030881350029837 0.5008657503310168 0.5009884904530869 0.49430881350029837 0.5048657503310168 0.5049884904530869 9 
5.9965475703719 0.49028886528720794 0.5008621057668299 0.5009881510047702 0.49428886528720795 0.5048621057668299 0.5049881510047702 9 
5.9701432208965 0.4902686093241672 0.5008585691788494 0.5009871333648259 0.4942686093241672 0.5048585691788494 0.5049871333648259 9 
5.9439884934335 0.49024792146402607 0.5008549706049932 0.5009860094804577 0.4942479214640261 0.5048549706049932 0.5049860094804577 9 
5.9180759873356 0.49022706950684053 0.50085130545317 0.5009850486972637 0.49422706950684053 0.50485130545317 0.5049850486972637 9 
5.89240226686 0.49020675922242657 0.500847463907897 0.5009841130515554 0.4942067592224266 0.504847463907897 0.5049841130515554 9 
5.8669650638089 0.49018702372916784 0.5008435950427094 0.5009829562047987 0.49418702372916784 0.5048435950427094 0.5049829562047987 9 
5.8417609124107 0.4901675191287643 0.5008400317748457 0.5009815333600159 0.4941675191287643 0.5048400317748457 0.5049815333600159 9 
5.8167842956069 0.4901477314919539 0.500836463188826 0.5009803487178935 0.4941477314919539 0.504836463188826 0.5049803487178935 9 
5.7920334747095 0.4901279438865778 0.5008329282155746 0.5009795740325153 0.4941279438865778 0.5048329282155746 0.5049795740325153 9 
5.767505751253 0.4901079694476749 0.5008295248714819 0.5009791111639283 0.4941079694476749 0.5048295248714819 0.5049791111639284 9 
5.7431979262941 0.49008787575295465 0.500826048691309 0.500978594626696 0.49408787575295465 0.504826048691309 0.504978594626696 9 
5.7191042306574 0.4900679195030425 0.5008225347094415 0.5009779751325332 0.4940679195030425 0.5048225347094415 0.5049779751325332 9 
5.695224191153 0.4900481915610325 0.5008187985074862 0.5009771519555178 0.4940481915610325 0.5048187985074862 0.5049771519555178 9 
5.6715548563947 0.4900285127379182 0.50081497255652 0.5009762972498579 0.4940285127379182 0.50481497255652 0.5049762972498579 9 
5.6480930437119 0.49000873420914925 0.5008110579123279 0.5009753863750449 0.49400873420914926 0.5048110579123279 0.5049753863750449 9 
5.6248335895041 0.4899891738154051 0.5008072272189243 0.5009746585622771 0.4939891738154051 0.5048072272189243 0.5049746585622771 9 
5.6017761687059 0.48996963655255904 0.5008036509347111 0.5009740113441452 0.49396963655255904 0.5048036509347111 0.5049740113441452 9 
5.5789179892623 0.4899500087637184 0.5008002711722831 0.5009733758542495 0.4939500087637184 0.5048002711722831 0.5049733758542495 9 
5.5562577885142 0.48993030136259624 0.5007970684514114 0.5009726849888271 0.49393030136259625 0.5047970684514114 0.5049726849888271 9 
5.5337871676069 0.48991066097076813 0.5007940136234559 0.5009718414908355 0.49391066097076813 0.5047940136234559 0.5049718414908355 9 
5.5115080019506 0.4898910471233423 0.5007910970473762 0.5009706819888514 0.4938910471233423 0.5047910970473762 0.5049706819888514 9 
5.4894173085075 0.48987142001617134 0.500788101036196 0.500969212148039 0.49387142001617135 0.504788101036196 0.504969212148039 9 
5.467512564171 0.4898517382808329 0.5007849276455006 0.5009675713775721 0.4938517382808329 0.5047849276455006 0.5049675713775721 9 
5.4457881246519 0.48983225703833116 0.5007815118954 0.5009658716959293 0.49383225703833117 0.5047815118954 0.5049658716959293 9 
5.4242454750413 0.4898131293431025 0.500777947501628 0.5009640924478986 0.4938131293431025 0.504777947501628 0.5049640924478986 9 
5.4028816930548 0.4897941502250888 0.5007743258288507 0.5009623135300367 0.4937941502250888 0.5047743258288507 0.5049623135300367 9 
5.3816942679164 0.48977521750301406 0.5007706845570837 0.5009605539188191 0.49377521750301406 0.5047706845570837 0.5049605539188191 9 
5.3606782412111 0.4897563956962968 0.5007670800791018 0.5009587719574474 0.4937563956962968 0.5047670800791018 0.5049587719574474 9 
5.3398339143321 0.48973775252678425 0.5007635543082052 0.5009570094802198 0.49373775252678426 0.5047635543082052 0.5049570094802198 9 
5.3191592550443 0.48971921997912005 0.5007600511601223 0.5009552549960068 0.49371921997912005 0.5047600511601223 0.5049552549960068 9 
5.2986520304014 0.48970061672973714 0.5007565726897937 0.5009535161147088 0.49370061672973714 0.5047565726897937 0.5049535161147088 9 
5.2783071087039 0.4896818529456691 0.5007531781869308 0.5009517776912269 0.49368185294566913 0.5047531781869308 0.5049517776912269 9 
5.258125435876 0.48966286979962886 0.5007498754761681 0.500949980297019 0.49366286979962887 0.5047498754761681 0.504949980297019 9 
5.238104803474 0.48964365943769605 0.5007466888808965 0.5009481500582386 0.49364365943769606 0.5047466888808965 0.5049481500582386 9 
5.2182432080198 0.48962423797929244 0.5007436438591855 0.5009462111180745 0.49362423797929245 0.5047436438591855 0.5049462111180745 9 
5.198537606187 0.48960461534109817 0.5007406659225616 0.5009441061335428 0.4936046153410982 0.5047406659225616 0.5049441061335428 9 
5.1789853004692 0.4895848627146762 0.500737671491587 0.5009418841940209 0.4935848627146762 0.504737671491587 0.5049418841940209 9 
5.1595861399587 0.48956505549536133 0.5007346466789291 0.5009395972985018 0.49356505549536134 0.5047346466789291 0.5049395972985018 9 
5.1403382088777 0.4895451914268402 0.5007316335915425 0.5009372185358598 0.4935451914268402 0.5047316335915425 0.5049372185358598 9 
5.1212396217633 0.48952518724004385 0.5007286522450576 0.5009347834636168 0.49352518724004385 0.5047286522450576 0.5049347834636168 9 
5.1022858195326 0.4895050389510029 0.5007256658258273 0.5009323616011825 0.4935050389510029 0.5047256658258273 0.5049323616011825 9 
5.0834776126892 0.4894847356298787 0.5007226795208587 0.5009299842524562 0.4934847356298787 0.5047226795208587 0.5049299842524562 9 
5.0648133232863 0.48946428328807373 0.5007197244708178 0.5009276850034543 0.49346428328807374 0.5047197244708178 0.5049276850034543 9 
5.0462912289349 0.48944368704548613 0.5007167829099983 0.5009254639426075 0.49344368704548613 0.5047167829099983 0.5049254639426075 9 
5.0279082792071 0.4894228533309071 0.5007138470100474 0.5009233065057358 0.49342285333090713 0.5047138470100474 0.5049233065057358 9 
5.0096625954954 0.489401771543323 0.5007108385389873 0.5009212959665509 0.493401771543323 0.5047108385389873 0.5049212959665509 9 
4.9915537094735 0.48938053522223096 0.5007078209494596 0.5009194668505392 0.49338053522223096 0.5047078209494597 0.5049194668505392 9 
4.9735809811667 0.4893591756461819 0.5007048041126019 0.5009178110643884 0.4933591756461819 0.5047048041126019 0.5049178110643884 9 
4.9557417978567 0.4893377612992977 0.5007017540119509 0.5009163213183407 0.4933377612992977 0.5047017540119509 0.5049163213183407 9 
4.9380323973985 0.4893163162565225 0.5006986291431486 0.5009149900497673 0.4933163162565225 0.5046986291431486 0.5049149900497673 9 
4.9204534013581 0.48929488749173633 0.5006954397249941 0.5009137832560343 0.49329488749173633 0.5046954397249941 0.5049137832560343 9 
4.9030036085726 0.4892734363861744 0.5006921672384785 0.500912659428842 0.4932734363861744 0.5046921672384785 0.504912659428842 9 
4.8856815154749 0.4892520083711365 0.5006887641672095 0.5009116489498653 0.49325200837113653 0.5046887641672095 0.5049116489498653 9 
4.8684850852595 0.48923067771194545 0.5006853148788266 0.5009107440908511 0.49323067771194545 0.5046853148788266 0.5049107440908511 9 
4.8514110823067 0.48920944999067856 0.5006817563251313 0.5009099208161413 0.49320944999067856 0.5046817563251313 0.5049099208161413 9 
4.8344604209174 0.4891884596020183 0.5006780789855217 0.5009092314890113 0.4931884596020183 0.5046780789855217 0.5049092314890113 9 
4.8176316797823 0.4891677606969941 0.5006742856636536 0.500908668635317 0.4931677606969941 0.5046742856636536 0.504908668635317 9 
4.800923469721 0.4891472996976612 0.5006703699193124 0.5009082059767026 0.4931472996976612 0.5046703699193124 0.5049082059767026 9 
4.7843332200952 0.48912701953541365 0.5006663268068703 0.5009078381776467 0.49312701953541366 0.5046663268068703 0.5049078381776467 9 
4.7678590737898 0.48910693538641986 0.5006621426610827 0.5009075601048274 0.49310693538641986 0.5046621426610827 0.5049075601048274 9 
4.7515014267659 0.4890870116468748 0.5006578220870127 0.5009073555057282 0.4930870116468748 0.5046578220870127 0.5049073555057282 9 
4.7352589677683 0.489067232132472 0.5006533791126166 0.5009072226349865 0.493067232132472 0.5046533791126167 0.5049072226349866 9 
4.7191304001518 0.48904755745901984 0.500648829361709 0.5009071537938768 0.49304755745901985 0.504648829361709 0.5049071537938769 9 
4.7031129012692 0.4890279774061925 0.5006441550557272 0.5009070953450051 0.49302797740619253 0.5046441550557272 0.5049070953450051 9 
4.6872054162566 0.4890084908889883 0.5006393481737216 0.5009070294340067 0.4930084908889883 0.5046393481737216 0.5049070294340067 9 
4.6714080968646 0.4889891159492173 0.5006343893889101 0.500906955887028 0.4929891159492173 0.5046343893889101 0.504906955887028 9 
4.6557197283611 0.488969890127944 0.5006292645274958 0.5009068693681138 0.492969890127944 0.5046292645274958 0.5049068693681138 9 
4.6401391139933 0.48895081952103975 0.5006239654006072 0.5009067801709226 0.49295081952103975 0.5046239654006072 0.5049067801709226 9 
4.6246618906707 0.48893191681270376 0.5006185167402109 0.5009067172851314 0.49293191681270376 0.5046185167402109 0.5049067172851314 9 
4.609290322647 0.4889132142386534 0.5006129459348522 0.5009067080587628 0.4929132142386534 0.5046129459348522 0.5049067080587628 9 
4.5940230530324 0.48889471648089644 0.5006072457848405 0.5009068047823197 0.49289471648089644 0.5046072457848405 0.5049068047823198 9 
4.5788589550727 0.4888764316438127 0.5006014606384364 0.5009070442105897 0.49287643164381273 0.5046014606384364 0.5049070442105897 9 
4.5637969185282 0.4888583545570622 0.5005956779673904 0.5009074114821936 0.49285835455706223 0.5045956779673904 0.5049074114821936 9 
4.5488344688364 0.4888404792170765 0.5005900258026793 0.5009078802841546 0.4928404792170765 0.5045900258026793 0.5049078802841546 9 
4.5339703389387 0.4888227690387888 0.5005845981417232 0.5009084948596789 0.4928227690387888 0.5045845981417232 0.5049084948596789 9 
4.5192050641501 0.48880516599715523 0.5005794613305344 0.5009093090532752 0.49280516599715524 0.5045794613305344 0.5049093090532752 9 
4.5045375975085 0.48878765243686584 0.5005746266956215 0.5009103341196929 0.49278765243686584 0.5045746266956215 0.5049103341196929 9 
4.4899669072332 0.48877020833785156 0.5005700719836487 0.5009115640073393 0.49277020833785157 0.5045700719836487 0.5049115640073393 9 
4.4754911514238 0.4887528283547425 0.5005657930623151 0.500912979938926 0.4927528283547425 0.5045657930623151 0.504912979938926 9 
4.4611080022545 0.4887355044915374 0.5005617731258463 0.5009145785863568 0.4927355044915374 0.5045617731258463 0.5049145785863568 9 
4.4468186496149 0.4887182351397481 0.5005579696110479 0.500916349588543 0.4927182351397481 0.5045579696110479 0.504916349588543 9 
4.4326221193866 0.48870103743789556 0.5005543556776751 0.500918282284433 0.49270103743789556 0.5045543556776751 0.504918282284433 9 
4.4185174513027 0.4886839007108439 0.5005509353110001 0.500920363110739 0.4926839007108439 0.5045509353110001 0.504920363110739 9 
4.4045036986985 0.48866682774753145 0.5005477096203653 0.5009225560559811 0.49266682774753146 0.5045477096203653 0.5049225560559811 9 
4.3905769868197 0.4886498449120635 0.5005446403571197 0.5009248179422909 0.4926498449120635 0.5045446403571197 0.5049248179422909 9 
4.3767393017845 0.4886329315980955 0.5005417003989411 0.5009271374144616 0.4926329315980955 0.5045417003989411 0.5049271374144616 9 
4.3629897980136 0.4886160514575314 0.5005389059737396 0.5009295164184765 0.4926160514575314 0.5045389059737396 0.5049295164184765 9 
4.3493275805421 0.48859916285255384 0.5005362418155345 0.5009319673539968 0.49259916285255384 0.5045362418155345 0.5049319673539968 9 
4.3357517668425 0.4885822624623245 0.5005336892728655 0.50093449596545 0.4925822624623245 0.5045336892728655 0.50493449596545 9 
4.3222597483625 0.4885653398313762 0.5005312510186702 0.5009370912753475 0.4925653398313762 0.5045312510186702 0.5049370912753475 9 
4.3088511357715 0.48854837387886896 0.5005289217112134 0.500939758828471 0.49254837387886896 0.5045289217112134 0.504939758828471 9 
4.2955263781795 0.4885313305733305 0.5005267101427601 0.5009425101462518 0.4925313305733305 0.5045267101427601 0.5049425101462518 9 
4.2822846403544 0.4885141838657304 0.5005246057029792 0.5009453030795468 0.4925141838657304 0.5045246057029792 0.5049453030795468 9 
4.2691250984564 0.48849692061819 0.5005225840348217 0.5009481388504319 0.49249692061819 0.5045225840348218 0.5049481388504319 9 
4.256046765488 0.48847953422944046 0.5005206345533182 0.5009510181790293 0.49247953422944046 0.5045206345533182 0.5049510181790293 9 
4.2430461473216 0.48846201844877235 0.5005187486204797 0.5009539465603371 0.49246201844877235 0.5045187486204797 0.5049539465603371 9 
4.230125346118 0.48844435842406186 0.5005169149471865 0.5009569064338244 0.49244435842406187 0.5045169149471865 0.5049569064338244 9 
4.2172835813756 0.48842653954317505 0.5005150953622707 0.5009598796033318 0.49242653954317506 0.5045150953622707 0.5049598796033318 9 
4.2045200830444 0.48840859827263644 0.5005132582536087 0.5009628306012328 0.49240859827263644 0.5045132582536087 0.5049628306012328 9 
4.1918340913492 0.48839055555044286 0.5005113781427687 0.5009657523621318 0.49239055555044287 0.5045113781427687 0.5049657523621318 9 
4.1792235471624 0.4883724446505224 0.5005094851183584 0.5009686329794574 0.4923724446505224 0.5045094851183584 0.5049686329794574 9 
4.1666872780132 0.4883543200342841 0.500507635215822 0.5009714766393596 0.4923543200342841 0.504507635215822 0.5049714766393596 9 
4.1542263217858 0.48833624192679587 0.5005057763317722 0.5009743277645818 0.49233624192679587 0.5045057763317722 0.5049743277645818 9 
4.1418399578098 0.48831823627102017 0.5005038668786138 0.5009772119095325 0.49231823627102017 0.5045038668786138 0.5049772119095325 9 
4.1295274748596 0.48830032163702464 0.5005019154461716 0.500980121443591 0.49230032163702464 0.5045019154461716 0.5049801214435911 9 
4.1172881709967 0.48828252281860235 0.5004999155581901 0.5009830418963834 0.49228252281860235 0.5044999155581901 0.5049830418963834 9 
4.1051192542267 0.4882648222516685 0.5004978859301948 0.5009859893451676 0.4922648222516685 0.5044978859301948 0.5049859893451676 9 
4.0930211737232 0.488247183928043 0.5004958445285952 0.5009889626628372 0.492247183928043 0.5044958445285952 0.5049889626628372 9 
4.0809942459588 0.4882295974443329 0.5004938026534503 0.5009919909449715 0.4922295974443329 0.5044938026534503 0.5049919909449715 9 
4.0690378043587 0.48821206832435826 0.5004917347552704 0.5009950630605308 0.49221206832435827 0.5044917347552704 0.5049950630605308 9 
4.0571511909009 0.48819459741398974 0.5004896113042302 0.5009981540546522 0.49219459741398974 0.5044896113042302 0.5049981540546522 9 
4.0453337559766 0.4881771315095535 0.5004874244847277 0.5010011851960365 0.4921771315095535 0.5044874244847277 0.5050011851960365 9 
4.0335823263733 0.48815956192162274 0.5004852107879221 0.5010040756322164 0.49215956192162275 0.5044852107879221 0.5050040756322164 9 
4.021898250315 0.48814178786133067 0.5004830089851293 0.501006824644682 0.49214178786133067 0.5044830089851293 0.505006824644682 9 
4.0102814779793 0.4881237475246536 0.5004808647658735 0.501009474250538 0.4921237475246536 0.5044808647658735 0.505009474250538 9 
3.9987324166792 0.48810545083568574 0.5004787979244435 0.5010120495806303 0.49210545083568574 0.5044787979244435 0.5050120495806303 9 
