8.1330643194892 0.49205393991791985 0.5015021993728024 0.5014731255610654 0.49505393991791985 0.5045021993728023 0.5044731255610653 9
8.0818843214791 0.4920305674875071 0.501500877848024 0.5014736218253562 0.4950305674875071 0.5045008778480239 0.504473621825356 9
8.0314148869044 0.49200730828398204 0.5014994751079471 0.5014740172367009 0.49500730828398204 0.504499475107947 0.5044740172367008 9
7.9816419161148 0.49198442172287676 0.5014984314164677 0.5014747291073505 0.49498442172287677 0.5044984314164676 0.5044747291073504 9
7.9325417101846 0.4919613444593606 0.5014968239287667 0.5014751904074376 0.49496134445936063 0.5044968239287666 0.5044751904074375 9
7.8841093256458 0.4919382682352465 0.5014951519693744 0.5014756507231096 0.4949382682352465 0.5044951519693743 0.5044756507231095 9
7.8363256870345 0.4919151363403843 0.501493341482523 0.5014760232496465 0.4949151363403843 0.5044933414825229 0.5044760232496464 9
7.7891789670368 0.4918921967813435 0.5014916147973615 0.5014763769663434 0.4948921967813435 0.5044916147973614 0.5044763769663433 9
7.7426543516668 0.49186948444558554 0.5014904839952441 0.5014771166912374 0.49486948444558554 0.504490483995244 0.5044771166912373 9
7.6967390981526 0.49184654048964693 0.5014889627596407 0.5014776014245188 0.49484654048964694 0.5044889627596406 0.5044776014245187 9
7.6514215382762 0.4918237432850592 0.5014873303769577 0.5014780440785829 0.4948237432850592 0.5044873303769576 0.5044780440785828 9
7.6066870985632 0.491801186432552 0.5014858062873535 0.5014785432768273 0.494801186432552 0.5044858062873534 0.5044785432768272 9
7.56252588351 0.4917785764768705 0.5014840985264802 0.5014789133063429 0.4947785764768705 0.5044840985264801 0.5044789133063428 9
7.5189257900861 0.49175599544923193 0.5014823267833428 0.50147939269969 0.49475599544923193 0.5044823267833427 0.5044793926996899 9
7.4758742805379 0.49173355291925414 0.5014808171332329 0.5014799988927631 0.49473355291925414 0.5044808171332328 0.504479998892763 9
7.4333621571324 0.4917109488066175 0.501479158162491 0.5014805523087646 0.4947109488066175 0.5044791581624909 0.5044805523087645 9
7.3913774665521 0.4916883657451558 0.5014775278038558 0.5014810349563393 0.4946883657451558 0.5044775278038557 0.5044810349563392 9
7.349909823956 0.4916658376990027 0.5014758298811075 0.5014816149914673 0.4946658376990027 0.5044758298811074 0.5044816149914672 9
7.3089502830204 0.49164325366899814 0.5014740191519105 0.5014823942958435 0.49464325366899814 0.5044740191519104 0.5044823942958434 9
7.2684872391571 0.4916206592036066 0.5014721338522178 0.5014829721712142 0.4946206592036066 0.5044721338522177 0.5044829721712141 9
7.2285121024239 0.49159819189173337 0.5014704236948954 0.5014834381568773 0.4945981918917334 0.5044704236948953 0.5044834381568772 9
7.1890162272408 0.49157558044209937 0.5014688420043487 0.5014837647800221 0.49457558044209937 0.5044688420043486 0.504483764780022 9
7.1499884119886 0.49155296466286397 0.5014670599492298 0.5014842165538513 0.49455296466286397 0.5044670599492297 0.5044842165538512 9
7.1114215058699 0.4915306084428475 0.5014653785173552 0.5014844706090277 0.4945306084428475 0.5044653785173551 0.5044844706090276 9
7.0733072276286 0.49150829278746394 0.5014635790826785 0.5014845491665061 0.49450829278746394 0.5044635790826784 0.504484549166506 9
7.0356348473542 0.4914861006330062 0.5014619261784616 0.501484432668573 0.4944861006330062 0.5044619261784615 0.5044844326685729 9
6.9984018395066 0.491464276532321 0.5014604908191664 0.50148470775213 0.494464276532321 0.5044604908191663 0.50448470775213 9
6.9615897368687 0.4914425340889075 0.5014586644352298 0.5014845740157422 0.4944425340889075 0.5044586644352297 0.5044845740157421 9
6.9251989919202 0.49142063917238393 0.501456772187251 0.501484580912814 0.49442063917238394 0.5044567721872509 0.5044845809128139 9
6.889220717047 0.4913988178658243 0.5014546762293427 0.5014846569785563 0.4943988178658243 0.5044546762293426 0.5044846569785562 9
6.8536476043573 0.49137707362996774 0.5014523007545213 0.5014849181107573 0.49437707362996774 0.5044523007545212 0.5044849181107572 9
6.8184701284878 0.4913552685045115 0.5014497910843027 0.5014851657971972 0.4943552685045115 0.5044497910843025 0.504485165797197 9
6.7836833043465 0.4913334344054496 0.5014473053501594 0.5014856417991088 0.4943334344054496 0.5044473053501592 0.5044856417991087 9
6.7492804580935 0.4913114444550473 0.5014445258957434 0.5014863905047269 0.4943114444550473 0.5044445258957433 0.5044863905047268 9
6.7152528236759 0.4912898681738084 0.5014420836429917 0.5014866311673789 0.4942898681738084 0.5044420836429916 0.5044866311673788 9
6.6815954030677 0.49126823755610505 0.5014394358106323 0.5014868860464792 0.49426823755610505 0.5044394358106322 0.5044868860464791 9
6.6483022721564 0.49124635246793735 0.5014366243925732 0.5014872078242429 0.49424635246793736 0.5044366243925731 0.5044872078242428 9
6.6153655461906 0.49122469060511365 0.5014336757666626 0.5014874275433938 0.49422469060511365 0.5044336757666625 0.5044874275433937 9
6.58277983259 0.49120288122950306 0.5014303088778485 0.5014875919242864 0.49420288122950307 0.5044303088778483 0.5044875919242863 9
6.5505400847295 0.49118135461722273 0.5014272538097616 0.501487290874034 0.49418135461722273 0.5044272538097615 0.5044872908740339 9
6.5186394340621 0.49116000342263444 0.5014243219308046 0.5014870028972133 0.49416000342263444 0.5044243219308044 0.5044870028972132 9
6.4870717002914 0.4911387407132437 0.5014213095056071 0.5014864885490551 0.4941387407132437 0.504421309505607 0.504486488549055 9
6.455832854524 0.4911173014701701 0.5014176489962389 0.5014863805067621 0.4941173014701701 0.5044176489962388 0.504486380506762 9
6.4249171923139 0.4910963555766456 0.5014139931369129 0.5014859564879841 0.4940963555766456 0.5044139931369128 0.504485956487984 9
6.394317339037 0.4910760415529215 0.5014103319370334 0.5014856565699739 0.4940760415529215 0.5044103319370333 0.5044856565699738 9
6.3640304364049 0.4910558810599964 0.501406534153437 0.5014861705786419 0.4940558810599964 0.5044065341534368 0.5044861705786418 9
6.3340513962328 0.4910356677159788 0.5014032639654356 0.5014866114173668 0.4940356677159788 0.5044032639654354 0.5044866114173667 9
6.3043733543713 0.4910150755084485 0.5013996248743942 0.5014876307182986 0.4940150755084485 0.504399624874394 0.5044876307182985 9
6.2749926621466 0.4909943946682417 0.501396019163864 0.5014882875961969 0.4939943946682417 0.5043960191638639 0.5044882875961968 9
6.2459052693099 0.49097357976331446 0.5013926971491676 0.501489084740362 0.49397357976331446 0.5043926971491675 0.5044890847403619 9
6.2171057683393 0.4909525965352011 0.5013892635531904 0.5014893785764023 0.4939525965352011 0.5043892635531902 0.5044893785764022 9
6.1885885138638 0.4909317017489573 0.5013857567059701 0.5014895003601857 0.4939317017489573 0.50438575670597 0.5044895003601856 9
6.1603509286601 0.4909109229580336 0.5013822704303489 0.501489595414029 0.4939109229580336 0.5043822704303488 0.5044895954140289 9
6.1323886514927 0.49089013392380004 0.5013789560183604 0.5014896175220047 0.49389013392380005 0.5043789560183602 0.5044896175220046 9
6.104695379329 0.4908696492562725 0.5013758342531185 0.5014893334022293 0.4938696492562725 0.5043758342531184 0.5044893334022292 9
6.0772684074498 0.49084929559330126 0.501372603818432 0.5014889922861938 0.49384929559330126 0.5043726038184319 0.5044889922861937 9
6.0501042425386 0.4908287656132548 0.5013691150259373 0.501488962421469 0.4938287656132548 0.5043691150259372 0.5044889624214689 9
6.0231983798081 0.49080881350029837 0.5013657503310168 0.501488490453087 0.49380881350029837 0.5043657503310167 0.5044884904530869 9
5.9965475703719 0.49078886528720794 0.5013621057668299 0.5014881510047703 0.49378886528720795 0.5043621057668298 0.5044881510047702 9
5.9701432208965 0.4907686093241672 0.5013585691788495 0.501487133364826 0.4937686093241672 0.5043585691788494 0.5044871333648259 9
5.9439884934335 0.49074792146402607 0.5013549706049932 0.5014860094804577 0.4937479214640261 0.5043549706049931 0.5044860094804576 9
5.9180759873356 0.49072706950684053 0.5013513054531701 0.5014850486972637 0.49372706950684053 0.50435130545317 0.5044850486972636 9
5.89240226686 0.49070675922242657 0.5013474639078971 0.5014841130515555 0.49370675922242657 0.504347463907897 0.5044841130515554 9
5.8669650638089 0.49068702372916784 0.5013435950427094 0.5014829562047988 0.49368702372916784 0.5043435950427093 0.5044829562047987 9
5.8417609124107 0.4906675191287643 0.5013400317748458 0.501481533360016 0.4936675191287643 0.5043400317748457 0.5044815333600159 9
5.8167842956069 0.4906477314919539 0.5013364631888261 0.5014803487178936 0.4936477314919539 0.504336463188826 0.5044803487178935 9
5.7920334747095 0.4906279438865778 0.5013329282155746 0.5014795740325153 0.4936279438865778 0.5043329282155745 0.5044795740325152 9
5.767505751253 0.4906079694476749 0.501329524871482 0.5014791111639284 0.4936079694476749 0.5043295248714819 0.5044791111639283 9
5.7431979262941 0.49058787575295465 0.501326048691309 0.5014785946266961 0.49358787575295465 0.5043260486913089 0.504478594626696 9
5.7191042306574 0.4905679195030425 0.5013225347094415 0.5014779751325332 0.4935679195030425 0.5043225347094414 0.5044779751325331 9
5.695224191153 0.4905481915610325 0.5013187985074863 0.5014771519555179 0.4935481915610325 0.5043187985074862 0.5044771519555178 9
5.6715548563947 0.4905285127379182 0.50131497255652 0.501476297249858 0.4935285127379182 0.5043149725565199 0.5044762972498579 9
5.6480930437119 0.49050873420914926 0.501311057912328 0.501475386375045 0.49350873420914926 0.5043110579123279 0.5044753863750449 9
5.6248335895041 0.4904891738154051 0.5013072272189244 0.5014746585622771 0.4934891738154051 0.5043072272189243 0.504474658562277 9
5.6017761687059 0.49046963655255904 0.5013036509347112 0.5014740113441453 0.49346963655255904 0.5043036509347111 0.5044740113441452 9
5.5789179892623 0.4904500087637184 0.5013002711722832 0.5014733758542496 0.4934500087637184 0.504300271172283 0.5044733758542495 9
5.5562577885142 0.49043030136259624 0.5012970684514114 0.5014726849888271 0.49343030136259625 0.5042970684514113 0.504472684988827 9
5.5337871676069 0.49041066097076813 0.5012940136234559 0.5014718414908356 0.49341066097076813 0.5042940136234558 0.5044718414908355 9
5.5115080019506 0.4903910471233423 0.5012910970473763 0.5014706819888515 0.4933910471233423 0.5042910970473762 0.5044706819888514 9
5.4894173085075 0.49037142001617134 0.501288101036196 0.5014692121480391 0.49337142001617135 0.5042881010361959 0.504469212148039 9
5.467512564171 0.4903517382808329 0.5012849276455007 0.5014675713775721 0.4933517382808329 0.5042849276455006 0.504467571377572 9
5.4457881246519 0.49033225703833117 0.5012815118954 0.5014658716959294 0.49333225703833117 0.5042815118953999 0.5044658716959293 9
5.4242454750413 0.4903131293431025 0.501277947501628 0.5014640924478987 0.4933131293431025 0.5042779475016279 0.5044640924478986 9
5.4028816930548 0.4902941502250888 0.5012743258288508 0.5014623135300368 0.4932941502250888 0.5042743258288507 0.5044623135300367 9
5.3816942679164 0.49027521750301406 0.5012706845570838 0.5014605539188192 0.49327521750301406 0.5042706845570837 0.504460553918819 9
5.3606782412111 0.4902563956962968 0.5012670800791018 0.5014587719574475 0.4932563956962968 0.5042670800791017 0.5044587719574474 9
5.3398339143321 0.49023775252678425 0.5012635543082052 0.5014570094802199 0.49323775252678426 0.5042635543082051 0.5044570094802198 9
5.3191592550443 0.49021921997912005 0.5012600511601224 0.5014552549960068 0.49321921997912005 0.5042600511601223 0.5044552549960067 9
5.2986520304014 0.49020061672973714 0.5012565726897937 0.5014535161147089 0.49320061672973714 0.5042565726897936 0.5044535161147088 9
5.2783071087039 0.4901818529456691 0.5012531781869308 0.501451777691227 0.49318185294566913 0.5042531781869307 0.5044517776912268 9
5.258125435876 0.49016286979962886 0.5012498754761682 0.501449980297019 0.49316286979962887 0.5042498754761681 0.5044499802970189 9
5.238104803474 0.49014365943769606 0.5012466888808965 0.5014481500582386 0.49314365943769606 0.5042466888808964 0.5044481500582385 9
5.2182432080198 0.49012423797929244 0.5012436438591855 0.5014462111180745 0.49312423797929245 0.5042436438591854 0.5044462111180744 9
5.198537606187 0.49010461534109817 0.5012406659225617 0.5014441061335428 0.4931046153410982 0.5042406659225616 0.5044441061335427 9
5.1789853004692 0.4900848627146762 0.501237671491587 0.5014418841940209 0.4930848627146762 0.5042376714915869 0.5044418841940208 9
5.1595861399587 0.49006505549536133 0.5012346466789291 0.5014395972985018 0.49306505549536134 0.504234646678929 0.5044395972985017 9
5.1403382088777 0.4900451914268402 0.5012316335915425 0.5014372185358599 0.4930451914268402 0.5042316335915424 0.5044372185358598 9
5.1212396217633 0.49002518724004385 0.5012286522450576 0.5014347834636168 0.49302518724004385 0.5042286522450575 0.5044347834636167 9
5.1022858195326 0.4900050389510029 0.5012256658258274 0.5014323616011825 0.4930050389510029 0.5042256658258273 0.5044323616011824 9
5.0834776126892 0.4899847356298787 0.5012226795208587 0.5014299842524562 0.4929847356298787 0.5042226795208586 0.5044299842524561 9
5.0648133232863 0.48996428328807373 0.5012197244708179 0.5014276850034544 0.49296428328807373 0.5042197244708178 0.5044276850034543 9
5.0462912289349 0.48994368704548613 0.5012167829099984 0.5014254639426076 0.49294368704548613 0.5042167829099983 0.5044254639426075 9
5.0279082792071 0.4899228533309071 0.5012138470100475 0.5014233065057359 0.49292285333090713 0.5042138470100473 0.5044233065057357 9
5.0096625954954 0.489901771543323 0.5012108385389874 0.5014212959665509 0.492901771543323 0.5042108385389873 0.5044212959665508 9
4.9915537094735 0.48988053522223096 0.5012078209494597 0.5014194668505393 0.49288053522223096 0.5042078209494596 0.5044194668505392 9
4.9735809811667 0.4898591756461819 0.5012048041126019 0.5014178110643884 0.4928591756461819 0.5042048041126018 0.5044178110643883 9
4.9557417978567 0.4898377612992977 0.501201754011951 0.5014163213183408 0.4928377612992977 0.5042017540119509 0.5044163213183407 9
4.9380323973985 0.4898163162565225 0.5011986291431486 0.5014149900497673 0.4928163162565225 0.5041986291431485 0.5044149900497672 9
4.9204534013581 0.48979488749173633 0.5011954397249941 0.5014137832560344 0.49279488749173633 0.504195439724994 0.5044137832560343 9
4.9030036085726 0.4897734363861744 0.5011921672384786 0.5014126594288421 0.4927734363861744 0.5041921672384785 0.504412659428842 9
4.8856815154749 0.4897520083711365 0.5011887641672096 0.5014116489498653 0.49275200837113653 0.5041887641672095 0.5044116489498652 9
4.8684850852595 0.48973067771194545 0.5011853148788267 0.5014107440908512 0.49273067771194545 0.5041853148788266 0.5044107440908511 9
4.8514110823067 0.48970944999067856 0.5011817563251314 0.5014099208161413 0.49270944999067856 0.5041817563251313 0.5044099208161412 9
4.8344604209174 0.4896884596020183 0.5011780789855218 0.5014092314890114 0.4926884596020183 0.5041780789855217 0.5044092314890113 9
4.8176316797823 0.4896677606969941 0.5011742856636536 0.5014086686353171 0.4926677606969941 0.5041742856636535 0.504408668635317 9
4.800923469721 0.4896472996976612 0.5011703699193124 0.5014082059767027 0.4926472996976612 0.5041703699193123 0.5044082059767026 9
4.7843332200952 0.48962701953541365 0.5011663268068703 0.5014078381776468 0.49262701953541366 0.5041663268068702 0.5044078381776467 9
4.7678590737898 0.48960693538641986 0.5011621426610827 0.5014075601048275 0.49260693538641986 0.5041621426610826 0.5044075601048273 9
4.7515014267659 0.4895870116468748 0.5011578220870128 0.5014073555057282 0.4925870116468748 0.5041578220870127 0.5044073555057281 9
4.7352589677683 0.489567232132472 0.5011533791126167 0.5014072226349866 0.492567232132472 0.5041533791126166 0.5044072226349865 9
4.7191304001518 0.48954755745901984 0.501148829361709 0.5014071537938769 0.49254755745901985 0.5041488293617089 0.5044071537938768 9
4.7031129012692 0.4895279774061925 0.5011441550557273 0.5014070953450052 0.49252797740619253 0.5041441550557272 0.504407095345005 9
4.6872054162566 0.4895084908889883 0.5011393481737216 0.5014070294340067 0.4925084908889883 0.5041393481737215 0.5044070294340066 9
4.6714080968646 0.4894891159492173 0.5011343893889102 0.5014069558870281 0.4924891159492173 0.5041343893889101 0.504406955887028 9
4.6557197283611 0.489469890127944 0.5011292645274958 0.5014068693681138 0.492469890127944 0.5041292645274957 0.5044068693681137 9
4.6401391139933 0.48945081952103975 0.5011239654006072 0.5014067801709227 0.49245081952103975 0.5041239654006071 0.5044067801709226 9
4.6246618906707 0.48943191681270376 0.5011185167402109 0.5014067172851314 0.49243191681270376 0.5041185167402108 0.5044067172851313 9
4.609290322647 0.4894132142386534 0.5011129459348522 0.5014067080587629 0.4924132142386534 0.5041129459348521 0.5044067080587628 9
4.5940230530324 0.48939471648089644 0.5011072457848406 0.5014068047823198 0.49239471648089644 0.5041072457848405 0.5044068047823197 9
4.5788589550727 0.4893764316438127 0.5011014606384364 0.5014070442105898 0.49237643164381273 0.5041014606384363 0.5044070442105897 9
4.5637969185282 0.4893583545570622 0.5010956779673904 0.5014074114821937 0.4923583545570622 0.5040956779673903 0.5044074114821936 9
4.5488344688364 0.4893404792170765 0.5010900258026794 0.5014078802841546 0.4923404792170765 0.5040900258026793 0.5044078802841545 9
4.5339703389387 0.4893227690387888 0.5010845981417232 0.501408494859679 0.4923227690387888 0.5040845981417231 0.5044084948596789 9
4.5192050641501 0.48930516599715523 0.5010794613305345 0.5014093090532753 0.49230516599715524 0.5040794613305344 0.5044093090532752 9
4.5045375975085 0.48928765243686584 0.5010746266956215 0.5014103341196929 0.49228765243686584 0.5040746266956214 0.5044103341196928 9
4.4899669072332 0.48927020833785156 0.5010700719836487 0.5014115640073393 0.49227020833785157 0.5040700719836486 0.5044115640073392 9
4.4754911514238 0.4892528283547425 0.5010657930623151 0.5014129799389261 0.4922528283547425 0.504065793062315 0.504412979938926 9
4.4611080022545 0.4892355044915374 0.5010617731258463 0.5014145785863569 0.4922355044915374 0.5040617731258462 0.5044145785863567 9
4.4468186496149 0.4892182351397481 0.501057969611048 0.5014163495885431 0.4922182351397481 0.5040579696110479 0.504416349588543 9
4.4326221193866 0.48920103743789556 0.5010543556776752 0.5014182822844331 0.49220103743789556 0.5040543556776751 0.504418282284433 9
4.4185174513027 0.4891839007108439 0.5010509353110002 0.501420363110739 0.4921839007108439 0.5040509353110001 0.5044203631107389 9
4.4045036986985 0.48916682774753145 0.5010477096203654 0.5014225560559812 0.49216682774753145 0.5040477096203653 0.5044225560559811 9
4.3905769868197 0.4891498449120635 0.5010446403571197 0.501424817942291 0.4921498449120635 0.5040446403571196 0.5044248179422909 9
4.3767393017845 0.4891329315980955 0.5010417003989411 0.5014271374144617 0.4921329315980955 0.504041700398941 0.5044271374144615 9
4.3629897980136 0.4891160514575314 0.5010389059737397 0.5014295164184766 0.4921160514575314 0.5040389059737396 0.5044295164184764 9
4.3493275805421 0.48909916285255384 0.5010362418155345 0.5014319673539969 0.49209916285255384 0.5040362418155344 0.5044319673539968 9
4.3357517668425 0.4890822624623245 0.5010336892728655 0.5014344959654501 0.4920822624623245 0.5040336892728654 0.50443449596545 9
4.3222597483625 0.4890653398313762 0.5010312510186703 0.5014370912753475 0.4920653398313762 0.5040312510186702 0.5044370912753474 9
4.3088511357715 0.48904837387886896 0.5010289217112135 0.501439758828471 0.49204837387886896 0.5040289217112134 0.5044397588284709 9
4.2955263781795 0.4890313305733305 0.5010267101427601 0.5014425101462519 0.4920313305733305 0.50402671014276 0.5044425101462517 9
4.2822846403544 0.4890141838657304 0.5010246057029792 0.5014453030795468 0.4920141838657304 0.5040246057029791 0.5044453030795467 9
4.2691250984564 0.48899692061819 0.5010225840348218 0.5014481388504319 0.49199692061819 0.5040225840348217 0.5044481388504318 9
4.256046765488 0.48897953422944046 0.5010206345533182 0.5014510181790294 0.49197953422944046 0.5040206345533181 0.5044510181790293 9
4.2430461473216 0.48896201844877235 0.5010187486204798 0.5014539465603371 0.49196201844877235 0.5040187486204797 0.504453946560337 9
4.230125346118 0.48894435842406186 0.5010169149471866 0.5014569064338245 0.49194435842406187 0.5040169149471865 0.5044569064338243 9
4.2172835813756 0.48892653954317505 0.5010150953622707 0.5014598796033318 0.49192653954317506 0.5040150953622706 0.5044598796033317 9
4.2045200830444 0.48890859827263644 0.5010132582536088 0.5014628306012329 0.49190859827263644 0.5040132582536087 0.5044628306012328 9
4.1918340913492 0.48889055555044286 0.5010113781427687 0.5014657523621319 0.49189055555044287 0.5040113781427686 0.5044657523621318 9
4.1792235471624 0.4888724446505224 0.5010094851183584 0.5014686329794574 0.4918724446505224 0.5040094851183583 0.5044686329794573 9
4.1666872780132 0.4888543200342841 0.501007635215822 0.5014714766393596 0.4918543200342841 0.5040076352158219 0.5044714766393595 9
4.1542263217858 0.48883624192679587 0.5010057763317722 0.5014743277645819 0.49183624192679587 0.5040057763317721 0.5044743277645818 9
4.1418399578098 0.48881823627102017 0.5010038668786139 0.5014772119095325 0.49181823627102017 0.5040038668786138 0.5044772119095324 9
4.1295274748596 0.48880032163702464 0.5010019154461717 0.5014801214435911 0.49180032163702464 0.5040019154461716 0.504480121443591 9
4.1172881709967 0.48878252281860235 0.5009999155581901 0.5014830418963835 0.49178252281860235 0.50399991555819 0.5044830418963834 9
4.1051192542267 0.4887648222516685 0.5009978859301949 0.5014859893451676 0.4917648222516685 0.5039978859301948 0.5044859893451675 9
4.0930211737232 0.488747183928043 0.5009958445285952 0.5014889626628373 0.491747183928043 0.5039958445285951 0.5044889626628372 9
4.0809942459588 0.4887295974443329 0.5009938026534504 0.5014919909449715 0.4917295974443329 0.5039938026534503 0.5044919909449714 9
4.0690378043587 0.48871206832435826 0.5009917347552705 0.5014950630605308 0.49171206832435826 0.5039917347552704 0.5044950630605307 9
4.0571511909009 0.48869459741398974 0.5009896113042303 0.5014981540546523 0.49169459741398974 0.5039896113042301 0.5044981540546521 9
4.0453337559766 0.4886771315095535 0.5009874244847278 0.5015011851960366 0.4916771315095535 0.5039874244847277 0.5045011851960365 9
4.0335823263733 0.48865956192162274 0.5009852107879221 0.5015040756322164 0.49165956192162275 0.503985210787922 0.5045040756322163 9
4.021898250315 0.48864178786133067 0.5009830089851294 0.5015068246446821 0.49164178786133067 0.5039830089851293 0.504506824644682 9
4.0102814779793 0.4886237475246536 0.5009808647658736 0.501509474250538 0.4916237475246536 0.5039808647658734 0.5045094742505379 9
3.9987324166792 0.48860545083568574 0.5009787979244436 0.5015120495806303 0.49160545083568574 0.5039787979244434 0.5045120495806302 9
3.9872473818901 0.48858688074871537 0.5009767658008044 0.5015145397742521 0.49158688074871537 0.5039767658008043 0.504514539774252 9
3.975828846378 0.4885680538272636 0.5009747400465405 0.501516960066674 0.4915680538272636 0.5039747400465404 0.5045169600666739 9
3.9644725959655 0.48854897271277037 0.5009726790303808 0.501519334341142 0.49154897271277037 0.5039726790303807 0.5045193343411419 9
3.9531801297653 0.4885296772729643 0.5009705482077532 0.5015216921034067 0.4915296772729643 0.5039705482077531 0.5045216921034066 9
3.9419514004454 0.4885102161109376 0.5009683406990265 0.5015240572798827 0.4915102161109376 0.5039683406990264 0.5045240572798826 9
3.9307858349441 0.4884906427123889 0.5009660526238608 0.5015264158660756 0.4914906427123889 0.5039660526238607 0.5045264158660755 9
3.9196828672572 0.4884709937151063 0.5009636818489388 0.5015287932175724 0.49147099371510633 0.5039636818489387 0.5045287932175723 9
3.9086419383279 0.4884512876986404 0.5009612791479321 0.5015312525159584 0.4914512876986404 0.503961279147932 0.5045312525159583 9
3.8976602239897 0.4884315305956418 0.5009588224197087 0.5015338907717432 0.4914315305956418 0.5039588224197086 0.504533890771743 9
3.8867385970595 0.48841174241618734 0.5009563236521712 0.5015365764688177 0.49141174241618735 0.5039563236521711 0.5045365764688176 9
3.8758773965664 0.4883919008389219 0.5009538271788831 0.5015393334554997 0.4913919008389219 0.503953827178883 0.5045393334554996 9
3.8650760899298 0.48837197367146845 0.5009513467452028 0.5015421990786629 0.49137197367146845 0.5039513467452027 0.5045421990786628 9
3.8543341509986 0.48835201321276067 0.5009488760123727 0.5015452194715421 0.4913520132127607 0.5039488760123726 0.504545219471542 9
3.8436510599535 0.4883320309620199 0.5009464199484954 0.501548400569759 0.4913320309620199 0.5039464199484953 0.5045484005697589 9
3.833024754667 0.4883120276741283 0.5009440330149916 0.501551771725361 0.4913120276741283 0.5039440330149915 0.5045517717253609 9
3.8224546730326 0.48829206793616203 0.5009417674988971 0.5015553468804969 0.49129206793616204 0.503941767498897 0.5045553468804967 9
3.8119419408224 0.4882721944484834 0.5009396608062987 0.5015591632067397 0.4912721944484834 0.5039396608062986 0.5045591632067395 9
3.8014860623499 0.4882524438213206 0.5009376974926445 0.5015632203660988 0.4912524438213206 0.5039376974926444 0.5045632203660987 9
3.7910865477977 0.4882329088340374 0.5009358634768951 0.5015674736667711 0.4912329088340374 0.503935863476895 0.504567473666771 9
3.7807429131294 0.48821361942407004 0.5009341999836664 0.5015719007438572 0.49121361942407005 0.5039341999836663 0.504571900743857 9
3.7704542734784 0.4881945699921936 0.5009327238849682 0.5015764160866685 0.49119456999219363 0.5039327238849681 0.5045764160866684 9
3.7602177883086 0.4881757624208166 0.5009314512387979 0.5015810010745674 0.4911757624208166 0.5039314512387978 0.5045810010745673 9
3.7500357884639 0.4881571525490421 0.5009303633176648 0.5015856152544024 0.4911571525490421 0.5039303633176647 0.5045856152544023 9
3.7399078119443 0.4881386522968334 0.5009294918007614 0.5015902589186169 0.4911386522968334 0.5039294918007613 0.5045902589186168 9
3.7298334021165 0.4881202057687607 0.5009288378004255 0.5015949844839596 0.4911202057687607 0.5039288378004254 0.5045949844839595 9
3.7198121076345 0.48810177667164223 0.500928368525896 0.5015997908023547 0.49110177667164223 0.5039283685258958 0.5045997908023546 9
3.7098434823625 0.4880833180308796 0.5009280756515072 0.5016047019534707 0.4910833180308796 0.5039280756515071 0.5046047019534706 9
3.6999250456339 0.4880647975477645 0.5009279838873053 0.5016097435057446 0.4910647975477645 0.5039279838873052 0.5046097435057445 9
3.6900572514729 0.4880461659140801 0.500928084820463 0.5016149340942236 0.4910461659140801 0.5039280848204629 0.5046149340942235 9
3.6802408418972 0.488027435310804 0.5009283466165076 0.5016202518140772 0.491027435310804 0.5039283466165075 0.5046202518140771 9
3.6704753906334 0.48800859728573204 0.5009287260570034 0.5016257332485748 0.49100859728573204 0.5039287260570033 0.5046257332485747 9
3.6607604762527 0.48798964503858794 0.500929200526076 0.5016313488676413 0.49098964503858794 0.5039292005260759 0.5046313488676412 9
3.6510956821011 0.4879705839007354 0.5009297133935504 0.5016370793528263 0.4909705839007354 0.5039297133935503 0.5046370793528262 9
3.6414805597078 0.48795146428472974 0.500930228490098 0.5016428855547477 0.49095146428472974 0.5039302284900979 0.5046428855547476 9
3.6319115503565 0.48793236094131026 0.5009307001957799 0.501648744984554 0.49093236094131026 0.5039307001957798 0.5046487449845539 9
3.6223914623408 0.4879132861580114 0.5009311453963807 0.5016546760136019 0.4909132861580114 0.5039311453963806 0.5046546760136018 9
3.6129198972098 0.48789426146290693 0.500931583282961 0.5016606635205453 0.49089426146290693 0.5039315832829608 0.5046606635205452 9
3.6034964609584 0.4878753465012834 0.5009319915110769 0.5016667128881817 0.4908753465012834 0.5039319915110768 0.5046667128881815 9
3.5941207639651 0.48785661952860854 0.5009323494235972 0.5016728381065032 0.49085661952860854 0.5039323494235971 0.5046728381065031 9
3.5847924209296 0.4878381014481633 0.500932649057322 0.5016790156773292 0.4908381014481633 0.5039326490573219 0.5046790156773291 9
3.575510232622 0.4878197751327324 0.5009329281542162 0.5016852208122577 0.4908197751327324 0.5039329281542161 0.5046852208122576 9
3.5662722191411 0.48780162886858336 0.500933201734318 0.5016914150867104 0.49080162886858336 0.5039332017343179 0.5046914150867103 9
3.5570804517714 0.48778364518981504 0.5009334433535635 0.5016976047771803 0.49078364518981504 0.5039334433535634 0.5046976047771802 9
3.5479345616864 0.487765853321885 0.5009336322127319 0.5017037606956413 0.490765853321885 0.5039336322127318 0.5047037606956412 9
3.5388341840899 0.48774830041190165 0.5009337957719537 0.5017098743711835 0.49074830041190165 0.5039337957719536 0.5047098743711834 9
3.5297789581599 0.48773098860150654 0.5009340432919721 0.5017158560713786 0.49073098860150655 0.503934043291972 0.5047158560713785 9
3.5207685269939 0.4877138988345276 0.5009344512527003 0.5017216691377678 0.4907138988345276 0.5039344512527002 0.5047216691377677 9
3.5118013802506 0.48769702465660314 0.5009350577285355 0.5017272754891594 0.49069702465660314 0.5039350577285354 0.5047272754891593 9
3.5028762255762 0.48768034261139936 0.500935855522504 0.5017326629055368 0.49068034261139937 0.5039358555225039 0.5047326629055366 9
3.4939951268027 0.4876638509767108 0.500936869770658 0.5017378558909219 0.4906638509767108 0.5039368697706579 0.5047378558909218 9
3.4851568825282 0.4876474860042425 0.5009381259674878 0.5017429004925342 0.4906474860042425 0.5039381259674877 0.5047429004925341 9
3.4763620139467 0.48763121982381746 0.500939641362132 0.5017478174117 0.49063121982381747 0.5039396413621319 0.5047478174116999 9
3.467609899811 0.48761502054796785 0.5009414126382629 0.5017526642683716 0.49061502054796785 0.5039414126382628 0.5047526642683715 9
3.4589002090205 0.4875988572449736 0.5009434597675284 0.5017574772981674 0.4905988572449736 0.5039434597675283 0.5047574772981673 9
3.4502315763407 0.48758272205014924 0.5009457806358801 0.5017623040211848 0.49058272205014924 0.50394578063588 0.5047623040211847 9
3.4416024736124 0.4875665895509778 0.5009483763673664 0.5017671803242926 0.4905665895509778 0.5039483763673663 0.5047671803242925 9
3.4330148438295 0.48755044659134944 0.5009512467381321 0.5017721241337099 0.49055044659134944 0.503951246738132 0.5047721241337098 9
3.4244683694379 0.48753428490804623 0.500954394507716 0.5017771474695821 0.49053428490804624 0.5039543945077158 0.504777147469582 9
3.4159627362152 0.4875181120899472 0.5009578177917456 0.5017822793251663 0.4905181120899472 0.5039578177917455 0.5047822793251662 9
3.4074976332263 0.4875019403074666 0.5009615115012592 0.5017875335139917 0.4905019403074666 0.5039615115012591 0.5047875335139916 9
3.3990727527795 0.4874857736903917 0.5009654626685914 0.5017928919113367 0.4904857736903917 0.5039654626685913 0.5047928919113366 9
3.3906873492335 0.48746963704331125 0.5009696348219509 0.5017983337119569 0.49046963704331126 0.5039696348219508 0.5047983337119568 9
3.3823386996526 0.48745354269066726 0.5009740214883179 0.501803888129037 0.49045354269066727 0.5039740214883178 0.5048038881290369 9
3.3740293903981 0.4874375099435373 0.5009786160496801 0.5018095768333397 0.4904375099435373 0.50397861604968 0.5048095768333396 9
3.3657591261373 0.48742157684366477 0.5009834237399194 0.5018153915520335 0.4904215768436648 0.5039834237399193 0.5048153915520334 9
3.3575276145752 0.48740575509402756 0.5009884129025663 0.5018213231702607 0.49040575509402756 0.5039884129025662 0.5048213231702606 9
3.3493345664152 0.48739006488734266 0.5009935812612227 0.5018274016684895 0.49039006488734266 0.5039935812612226 0.5048274016684894 9
3.34117969532 0.4873745489725104 0.5009989383792528 0.5018336411446316 0.4903745489725104 0.5039989383792527 0.5048336411446315 9
3.3330627178729 0.4873592265538934 0.5010044643623003 0.5018400474944055 0.4903592265538934 0.5040044643623002 0.5048400474944054 9
3.3249806737144 0.48734411824556934 0.5010101406770812 0.5018466165710017 0.49034411824556934 0.504010140677081 0.5048466165710016 9
3.3169353347487 0.48732925128164717 0.5010159404157866 0.5018533570115218 0.49032925128164717 0.5040159404157865 0.5048533570115217 9
3.3089270777267 0.4873146613399675 0.501021845572608 0.5018602749450909 0.4903146613399675 0.5040218455726079 0.5048602749450908 9
3.3009556303579 0.4873003868754358 0.5010278159786672 0.5018673451860466 0.4903003868754358 0.5040278159786671 0.5048673451860465 9
3.2930207230915 0.4872864486082866 0.5010338110457558 0.5018745357844536 0.49028644860828663 0.5040338110457557 0.5048745357844535 9
3.2851220890813 0.4872728868965137 0.5010398186795876 0.5018818197739257 0.4902728868965137 0.5040398186795875 0.5048818197739255 9
3.2772594641517 0.4872597199023191 0.5010458100237049 0.5018891727949746 0.4902597199023191 0.5040458100237047 0.5048891727949745 9
3.2694314870768 0.4872469787407776 0.5010517711373821 0.5018965459963374 0.4902469787407776 0.504051771137382 0.5048965459963373 9
3.2616367572483 0.4872346946357582 0.5010576814058121 0.5019038966117668 0.4902346946357582 0.504057681405812 0.5049038966117667 9
3.2538772808452 0.4872228855004404 0.5010635144324473 0.5019111621667275 0.4902228855004404 0.5040635144324472 0.5049111621667274 9
3.2461528038593 0.4872115094644183 0.5010692203851 0.5019182716590015 0.4902115094644183 0.5040692203850999 0.5049182716590014 9
3.23846307479 0.4872005178153589 0.5010747271568883 0.501925190376901 0.4902005178153589 0.5040747271568882 0.5049251903769009 9
3.2308078446135 0.4871898894226649 0.501079983066749 0.5019319439074773 0.4901898894226649 0.5040799830667488 0.5049319439074772 9
3.2231868667511 0.4871796188269934 0.5010849696824933 0.5019385218318253 0.4901796188269934 0.5040849696824932 0.5049385218318252 9
3.2155998970397 0.4871697182190298 0.5010896990003662 0.5019448699772288 0.4901697182190298 0.504089699000366 0.5049448699772286 9
3.2080443372893 0.4871601560682952 0.5010940621853084 0.5019509078453087 0.4901601560682952 0.5040940621853083 0.5049509078453086 9
3.2005213069074 0.48715079635594083 0.50109788942335 0.5019565247978305 0.49015079635594083 0.5040978894233499 0.5049565247978304 9
3.1930315872069 0.4871415260337676 0.5011011377913677 0.501961665831057 0.4901415260337676 0.5041011377913676 0.5049616658310568 9
3.1855749432158 0.4871323029596633 0.5011038282317145 0.501966328576307 0.4901323029596633 0.5041038282317144 0.5049663285763069 9
3.1781511422332 0.487123057219559 0.5011059714666908 0.5019705014613286 0.490123057219559 0.5041059714666907 0.5049705014613285 9
3.1707599538021 0.48711371565704553 0.5011076188480337 0.5019742197743334 0.49011371565704553 0.5041076188480336 0.5049742197743333 9
3.1634011496809 0.48710422721378466 0.5011088366907099 0.5019774866368739 0.49010422721378466 0.5041088366907098 0.5049774866368738 9
3.1560745038175 0.4870945619290055 0.5011096623837534 0.5019803072915234 0.4900945619290055 0.5041096623837533 0.5049803072915233 9
3.148776689342 0.48708471416111765 0.5011101228986957 0.5019826991870032 0.49008471416111765 0.5041101228986956 0.5049826991870031 9
3.1415103200926 0.4870746620742533 0.5011102857028849 0.5019846889980856 0.4900746620742533 0.5041102857028847 0.5049846889980855 9
3.1342754643171 0.4870644015274517 0.5011102315802213 0.5019862880981617 0.4900644015274517 0.5041102315802212 0.5049862880981616 9
3.1270719042894 0.4870539289261503 0.5011100296202164 0.5019875135377564 0.4900539289261503 0.5041100296202163 0.5049875135377563 9
3.119899424345 0.48704324231268753 0.5011096865658711 0.5019884039756407 0.49004324231268753 0.504109686565871 0.5049884039756406 9
3.1127578108557 0.48703233121697725 0.5011092369209074 0.5019889772205294 0.49003233121697726 0.5041092369209073 0.5049889772205293 9
3.1056468522058 0.4870211777543879 0.5011087047490341 0.5019892470899889 0.4900211777543879 0.504108704749034 0.5049892470899888 9
3.0985663387676 0.48700977955971064 0.5011081116909625 0.501989218755792 0.49000977955971065 0.5041081116909624 0.504989218755792 9
3.0915127408727 0.4869981602045377 0.5011074800722108 0.5019889029430925 0.4899981602045377 0.5041074800722107 0.5049889029430924 9
3.0844891067424 0.48698631590465014 0.5011068114531392 0.5019883117490418 0.48998631590465014 0.5041068114531391 0.5049883117490417 9
3.0774953208457 0.4869742444913401 0.5011060933081521 0.5019874643153331 0.4899742444913401 0.504106093308152 0.504987464315333 9
3.0705311811127 0.48696195883667537 0.5011053417030954 0.5019864082694331 0.48996195883667537 0.5041053417030953 0.504986408269433 9
3.0635964873479 0.4869494619792293 0.5011045459437463 0.5019851721456625 0.4899494619792293 0.5041045459437462 0.5049851721456624 9
3.0566910412088 0.48693676420316667 0.5011036943237258 0.5019837985261731 0.4899367642031667 0.5041036943237257 0.504983798526173 9
3.0498146461836 0.4869238727010244 0.5011027866305516 0.501982299347049 0.4899238727010244 0.5041027866305515 0.5049822993470489 9
3.0429671075699 0.4869107979139091 0.5011018294488877 0.5019806400962675 0.4899107979139091 0.5041018294488876 0.5049806400962674 9
3.0361452383258 0.486897545052868 0.5011008566873001 0.501978786198964 0.489897545052868 0.5041008566873 0.5049787861989639 9
3.029351422556 0.48688412141974663 0.5010998932005154 0.5019767172820502 0.48988412141974663 0.5040998932005153 0.5049767172820501 9
3.0225859096847 0.4868705156352719 0.5010989264090092 0.501974436493818 0.4898705156352719 0.5040989264090091 0.5049744364938179 9
3.0158485118826 0.4868567170917977 0.5010979348283704 0.5019719633904439 0.4898567170917977 0.5040979348283703 0.5049719633904438 9
3.0091390430286 0.48684270129109514 0.5010969215317668 0.5019693281256936 0.48984270129109514 0.5040969215317667 0.5049693281256935 9
3.0024573186901 0.4868284569478017 0.5010958946476384 0.5019665322187363 0.4898284569478017 0.5040958946476383 0.5049665322187362 9
2.9958034010342 0.4868139784434827 0.5010948538672145 0.5019635837119175 0.4898139784434827 0.5040948538672144 0.5049635837119174 9
2.9891763741313 0.48679923951065357 0.5010937905614465 0.501960472412067 0.4897992395106536 0.5040937905614464 0.5049604724120669 9
2.9825746953267 0.4867842226111952 0.5010926853751373 0.5019572200907694 0.4897842226111952 0.5040926853751372 0.5049572200907693 9
2.9759986987166 0.48676893323963744 0.50109156607256 0.5019538538916176 0.48976893323963744 0.5040915660725599 0.5049538538916175 9
2.9694495688274 0.4867533653400466 0.5010904240380547 0.5019504106348428 0.4897533653400466 0.5040904240380546 0.5049504106348427 9
2.9629271308074 0.4867375063010762 0.5010892476372729 0.5019469065043674 0.4897375063010762 0.5040892476372728 0.5049469065043672 9
2.9564312113643 0.48672137642050006 0.5010880575479341 0.5019433748708217 0.48972137642050007 0.504088057547934 0.5049433748708216 9
2.9499616387478 0.48670497164802357 0.501086854555154 0.5019398367816289 0.48970497164802357 0.5040868545551539 0.5049398367816288 9
2.9435182427321 0.48668829475033587 0.5010856248938137 0.5019363221436074 0.4896882947503359 0.5040856248938136 0.5049363221436073 9
2.9371008545984 0.48667135659187444 0.5010843681197159 0.5019328637433552 0.48967135659187444 0.5040843681197158 0.5049328637433551 9
2.9307086966299 0.48665416889909613 0.501083060441852 0.5019294478114597 0.48965416889909613 0.5040830604418519 0.5049294478114595 9
2.924339355746 0.4866367318240885 0.5010817020893342 0.5019260997462798 0.4896367318240885 0.5040817020893341 0.5049260997462797 9
2.9179955449638 0.4866190633500966 0.5010802989992983 0.501922856665155 0.4896190633500966 0.5040802989992982 0.5049228566651549 9
2.9116771012797 0.4866011861385635 0.5010788385238449 0.5019197359670072 0.4896011861385635 0.5040788385238448 0.5049197359670071 9
2.9053838631165 0.48658313950641513 0.5010773167921786 0.5019167293980182 0.48958313950641513 0.5040773167921785 0.5049167293980181 9
2.8991156703073 0.4865649348812972 0.5010757444319952 0.5019138481303215 0.4895649348812972 0.5040757444319951 0.5049138481303214 9
2.8928723640799 0.4865465835618515 0.5010741368845797 0.5019111257045421 0.4895465835618515 0.5040741368845796 0.504911125704542 9
2.8866537870417 0.4865280992366213 0.5010724867430439 0.5019085765912384 0.48952809923662133 0.5040724867430438 0.5049085765912383 9
2.8804597831643 0.4865095070911274 0.5010708162680005 0.5019061692272649 0.4895095070911274 0.5040708162680004 0.5049061692272648 9
2.8742881909078 0.48649083550995625 0.5010691382065199 0.5019038935846244 0.48949083550995626 0.5040691382065198 0.5049038935846243 9
2.868139389412 0.48647210026014326 0.5010674376921991 0.5019017613339893 0.48947210026014326 0.504067437692199 0.5049017613339892 9
2.8620147201979 0.4864533092220685 0.5010657135643419 0.5018998072897335 0.4894533092220685 0.5040657135643418 0.5048998072897334 9
2.8559140324042 0.4864344650999072 0.5010639606410722 0.5018980497078016 0.4894344650999072 0.5040639606410721 0.5048980497078015 9
2.8498371764623 0.48641559560543174 0.5010621845760749 0.5018964985569425 0.48941559560543174 0.5040621845760748 0.5048964985569424 9
2.8437840040819 0.4863967188789064 0.501060393191962 0.5018951460601121 0.4893967188789064 0.5040603931919619 0.504895146060112 9
2.8377543682371 0.48637782849556227 0.5010585964088258 0.5018939655576029 0.4893778284955623 0.5040585964088257 0.5048939655576028 9
2.8317481231532 0.4863589254640275 0.5010568123028285 0.501892933493825 0.4893589254640275 0.5040568123028284 0.5048929334938249 9
2.8257651242926 0.4863400028755816 0.5010550434102409 0.5018920353803827 0.4893400028755816 0.5040550434102408 0.5048920353803826 9
2.8198024174794 0.48632105969587075 0.5010533280796539 0.5018912922485054 0.48932105969587075 0.5040533280796538 0.5048912922485053 9
2.8138619846926 0.48630212589219324 0.5010517034651303 0.5018907227363861 0.48930212589219324 0.5040517034651302 0.504890722736386 9
2.8079443906797 0.48628323225979964 0.5010501922525323 0.5018903010308244 0.48928323225979964 0.5040501922525322 0.5048903010308243 9
2.8020494955848 0.48626440597642595 0.501048813888686 0.5018900223337203 0.48926440597642595 0.5040488138886859 0.5048900223337202 9
2.7961771607256 0.48624568568919174 0.50104757627539 0.5018898936824625 0.48924568568919174 0.5040475762753899 0.5048898936824624 9
2.7903272485809 0.4862270998458007 0.5010464781888656 0.5018899166998412 0.4892270998458007 0.5040464781888655 0.5048899166998411 9
2.7844996227787 0.48620863542356174 0.5010454933827418 0.5018900739333433 0.48920863542356174 0.5040454933827417 0.5048900739333432 9
2.7786941480833 0.486190298783022 0.5010446047644299 0.5018903757005887 0.489190298783022 0.5040446047644298 0.5048903757005886 9
2.7729106903839 0.4861721071595831 0.5010438068643998 0.5018908264674002 0.4891721071595831 0.5040438068643996 0.5048908264674001 9
2.7671461137325 0.4861540676637007 0.5010431107627015 0.5018914187203534 0.4891540676637007 0.5040431107627014 0.5048914187203533 9
2.7614027747165 0.48613621678433 0.5010424831293943 0.5018921263456952 0.48913621678433 0.5040424831293941 0.5048921263456951 9
2.7556810755951 0.48611856586849084 0.5010419114200373 0.5018929554655709 0.48911856586849084 0.5040419114200372 0.5048929554655708 9
2.7499814536003 0.48610113106236097 0.5010413674234137 0.5018939393906704 0.48910113106236097 0.5040413674234135 0.5048939393906703 9
2.7443020786028 0.4860839419522418 0.501040827625032 0.5018950537715575 0.4890839419522418 0.5040408276250319 0.5048950537715574 9
2.7386445243155 0.486066976925194 0.5010403062132767 0.5018962535083985 0.489066976925194 0.5040403062132766 0.5048962535083984 9
2.7330080967852 0.4860501937240838 0.5010398242360165 0.5018975147641824 0.4890501937240838 0.5040398242360163 0.5048975147641823 9
2.7273926704129 0.4860335561054921 0.501039357417117 0.5018988391332716 0.4890335561054921 0.5040393574171169 0.5048988391332715 9
2.7217981205675 0.4860170482295688 0.5010388962169634 0.5019002199021655 0.4890170482295688 0.5040388962169633 0.5049002199021654 9
2.7162217622249 0.4860006644870786 0.5010384371001116 0.5019016471132132 0.48900066448707863 0.5040384371001115 0.5049016471132131 9
2.7106650551251 0.48598439955146167 0.5010379781694094 0.501903110279937 0.48898439955146167 0.5040379781694093 0.5049031102799368 9
2.7051288750562 0.48596827610047894 0.5010375014891107 0.5019045880364227 0.48896827610047894 0.5040375014891106 0.5049045880364226 9
2.6996131012521 0.48595232324619136 0.5010370104955775 0.501906065103408 0.48895232324619137 0.5040370104955774 0.5049060651034079 9
2.6941176139202 0.48593653868788556 0.501036514883793 0.5019075234948827 0.48893653868788556 0.5040365148837929 0.5049075234948825 9
2.6886422942317 0.4859208919191313 0.5010360107573557 0.5019089404836233 0.4889208919191313 0.5040360107573556 0.5049089404836232 9
2.6831870243117 0.4859053715457599 0.501035509069745 0.5019103180453223 0.4889053715457599 0.5040355090697449 0.5049103180453222 9
2.6777516872295 0.4858899699509746 0.501035002602398 0.5019116420328171 0.4888899699509746 0.5040350026023979 0.504911642032817 9
2.672336166989 0.4858747035863929 0.5010344856808456 0.5019128973473697 0.4888747035863929 0.5040344856808455 0.5049128973473695 9
2.6669388861384 0.48585956104894723 0.5010339561919928 0.5019140801027073 0.48885956104894723 0.5040339561919926 0.5049140801027072 9
2.661559088592 0.4858445167125656 0.5010334106047307 0.5019151889590713 0.4888445167125656 0.5040334106047306 0.5049151889590712 9
2.6561987835509 0.4858295500032358 0.5010328525514814 0.5019162103634901 0.4888295500032358 0.5040328525514813 0.50491621036349 9
2.6508578585406 0.4858146888714117 0.5010322625630039 0.5019171304479592 0.4888146888714117 0.5040322625630038 0.504917130447959 9
2.6455362019754 0.48579994882602023 0.5010316256773275 0.5019179388121043 0.48879994882602024 0.5040316256773274 0.5049179388121042 9
2.6402337031507 0.48578529736419185 0.5010309552694477 0.5019186431878472 0.48878529736419185 0.5040309552694476 0.5049186431878471 9
2.634950252233 0.48577069977565446 0.5010302495442975 0.5019192366010484 0.48877069977565446 0.5040302495442974 0.5049192366010483 9
2.6296857402523 0.4857561674907211 0.5010295086385635 0.5019197141130524 0.4887561674907211 0.5040295086385634 0.5049197141130523 9
2.6244400590926 0.485741701777834 0.5010287291323224 0.5019200910727122 0.488741701777834 0.5040287291323223 0.5049200910727121 9
2.6192131014839 0.48572726398136473 0.5010278978239054 0.5019203730652165 0.48872726398136473 0.5040278978239053 0.5049203730652164 9
2.6140014850299 0.4857128291521774 0.5010270062016633 0.5019205571082227 0.4887128291521774 0.5040270062016632 0.5049205571082226 9
2.6088080779503 0.48569837917112324 0.5010260373690265 0.5019206646118889 0.48869837917112324 0.5040260373690264 0.5049206646118888 9
2.603633095426 0.4856839097088316 0.5010249924822312 0.5019207164218752 0.4886839097088316 0.5040249924822311 0.5049207164218751 9
2.5984764333689 0.4856694238994436 0.5010238606320782 0.5019207297152977 0.4886694238994436 0.504023860632078 0.5049207297152976 9
2.5933379884963 0.48565492871390936 0.5010226247617877 0.5019207125725186 0.48865492871390936 0.5040226247617876 0.5049207125725185 9
2.5882176583239 0.48564042656674095 0.5010212742533953 0.5019206924409191 0.48864042656674095 0.5040212742533952 0.504920692440919 9
2.5831153411573 0.4856259299873152 0.5010197821461277 0.5019206880334659 0.4886259299873152 0.5040197821461276 0.5049206880334658 9
2.5780309360846 0.4856114793726944 0.5010181559667047 0.501920723744947 0.4886114793726944 0.5040181559667046 0.5049207237449469 9
2.5729643429685 0.48559711784325554 0.5010164318333457 0.5019208255763246 0.48859711784325555 0.5040164318333455 0.5049208255763245 9
2.5679146480015 0.48558285697400494 0.5010146702516293 0.5019209804821034 0.48858285697400494 0.5040146702516292 0.5049209804821033 9
2.5628797707526 0.48556868009470583 0.5010129471593663 0.5019211774537283 0.48856868009470583 0.5040129471593662 0.5049211774537282 9
2.5578624272739 0.48555456867551133 0.5010113164377377 0.5019214330007423 0.48855456867551134 0.5040113164377376 0.5049214330007422 9
2.5528625203372 0.4855404902533452 0.5010097904627003 0.501921781100607 0.4885404902533452 0.5040097904627002 0.5049217811006069 9
2.5478799534533 0.4855264455763503 0.5010083449530328 0.5019221932403619 0.4885264455763503 0.5040083449530327 0.5049221932403618 9
2.5429146308646 0.48551241757870867 0.5010069759849957 0.501922650213556 0.48851241757870867 0.5040069759849956 0.5049226502135559 9
2.5379664575382 0.4854983997335189 0.5010056872038064 0.5019231537432168 0.4884983997335189 0.5040056872038063 0.5049231537432167 9
2.5330353391589 0.4854843738780686 0.5010044674866351 0.5019236779452724 0.4884843738780686 0.504004467486635 0.5049236779452723 9
2.5281211821227 0.4854703362910663 0.5010033181544359 0.5019242065751445 0.4884703362910663 0.5040033181544358 0.5049242065751444 9
2.5232238935292 0.4854562613573695 0.501002238386683 0.5019247331773786 0.4884562613573695 0.5040022383866829 0.5049247331773785 9
2.5183421205573 0.48544214502482563 0.5010012395453742 0.5019252299195007 0.48844214502482564 0.5040012395453741 0.5049252299195006 9
2.5134746641512 0.4854279708277796 0.5010003338528304 0.5019256937027332 0.4884279708277796 0.5040003338528303 0.5049256937027331 9
2.5086238190325 0.485413737932157 0.5009995429934884 0.5019261166520238 0.488413737932157 0.5039995429934883 0.5049261166520237 9
2.5037894949393 0.48539944992734824 0.500998884860136 0.5019264869592527 0.48839944992734824 0.5039988848601359 0.5049264869592526 9
2.4989719804881 0.4853850937277704 0.5009983562553993 0.5019267999633569 0.4883850937277704 0.5039983562553992 0.5049267999633568 9
2.494170052099 0.4853706614516197 0.5009979649087646 0.5019270554352515 0.4883706614516197 0.5039979649087645 0.5049270554352514 9
2.4893847562388 0.48535613806943656 0.500997724378031 0.5019272527268323 0.48835613806943656 0.5039977243780309 0.5049272527268321 9
2.4846156269773 0.4853415147442468 0.5009976431934298 0.5019273937707471 0.4883415147442468 0.5039976431934297 0.504927393770747 9
2.4798625773883 0.4853267990030875 0.5009977182831263 0.5019274805379098 0.4883267990030875 0.5039977182831262 0.5049274805379097 9
2.4751255211489 0.4853119891382666 0.5009979354039028 0.5019275234828631 0.4883119891382666 0.5039979354039027 0.504927523482863 9
2.4704033768436 0.4852970777746436 0.5009982956196637 0.5019275259664115 0.4882970777746436 0.5039982956196636 0.5049275259664114 9
2.4656944006767 0.48528206641309496 0.5009987911558765 0.5019275016150696 0.48828206641309496 0.5039987911558764 0.5049275016150695 9
2.4610011798268 0.48526697286301107 0.5009994013405462 0.5019274588977902 0.4882669728630111 0.5039994013405461 0.5049274588977901 9
2.4563236303684 0.48525178858450757 0.5010001085536876 0.5019273967641898 0.4882517885845076 0.5040001085536875 0.5049273967641897 9
2.4516616689886 0.4852365116858221 0.5010008913421069 0.5019273250314789 0.4882365116858221 0.5040008913421068 0.5049273250314787 9
2.4470152129814 0.48522113304486003 0.501001730104139 0.501927266975758 0.48822113304486003 0.5040017301041388 0.5049272669757578 9
2.4423841802423 0.48520566734230713 0.5010026129218713 0.5019272316580268 0.48820566734230714 0.5040026129218712 0.5049272316580267 9
2.4377684892626 0.4851900817939982 0.5010035424890255 0.5019272144467108 0.4881900817939982 0.5040035424890253 0.5049272144467107 9
2.4331680591238 0.48517436046476914 0.5010044984037871 0.5019272319380877 0.48817436046476914 0.504004498403787 0.5049272319380876 9
2.4285828094924 0.4851584852372477 0.5010054635941227 0.5019272891525881 0.4881584852372477 0.5040054635941226 0.504927289152588 9
2.4240126606145 0.48514244311416344 0.5010064327440262 0.5019273844717153 0.48814244311416344 0.5040064327440261 0.5049273844717151 9
2.4194538637357 0.4851262458674711 0.5010074009988946 0.5019275125065893 0.4881262458674711 0.5040074009988945 0.5049275125065892 9
2.4149100214879 0.4851099009253918 0.5010083560789367 0.5019276490443687 0.4881099009253918 0.5040083560789366 0.5049276490443686 9
2.4103810609851 0.4850934018552345 0.5010092917070922 0.5019277763325288 0.4880934018552345 0.5040092917070921 0.5049277763325287 9
2.4058669046355 0.4850767705439972 0.5010102057480872 0.5019278765847446 0.48807677054399723 0.5040102057480871 0.5049278765847445 9
2.4013674754015 0.48506001765320605 0.5010110806592871 0.5019279375625147 0.48806001765320606 0.504011080659287 0.5049279375625146 9
2.3968826967951 0.485043158807441 0.50101192251722 0.5019279565840719 0.488043158807441 0.5040119225172199 0.5049279565840717 9
2.3924124928724 0.48502621582551664 0.5010127294752976 0.5019279336079175 0.48802621582551664 0.5040127294752975 0.5049279336079174 9
2.3879567882294 0.4850092026270646 0.5010135223174471 0.5019278690438079 0.4880092026270646 0.504013522317447 0.5049278690438078 9
2.3835155079962 0.4849921713827176 0.5010143150872696 0.5019277681559201 0.4879921713827176 0.5040143150872695 0.50492776815592 9
2.3790885778332 0.48497514078109993 0.5010151061605888 0.5019276561791247 0.48797514078109994 0.5040151061605886 0.5049276561791246 9
2.3746739909274 0.4849581214462496 0.50101589127782 0.5019275551414718 0.4879581214462496 0.5040158912778199 0.5049275551414717 9
2.3702718540798 0.4849411305387742 0.5010166708146874 0.5019274650146879 0.4879411305387742 0.5040166708146873 0.5049274650146878 9
2.365883864053 0.4849241770264154 0.5010174357063348 0.5019273746639009 0.4879241770264154 0.5040174357063347 0.5049273746639008 9
2.3615099484791 0.4849072595276218 0.5010181757848671 0.5019272633540269 0.4879072595276218 0.504018175784867 0.5049272633540268 9
2.3571500354971 0.4848903790470187 0.5010188788256842 0.5019271114399777 0.4878903790470187 0.5040188788256841 0.5049271114399776 9
2.3528040537491 0.4848735156404869 0.5010195286043275 0.5019268915699407 0.4878735156404869 0.5040195286043274 0.5049268915699406 9
2.3484719323754 0.48485666044531595 0.5010201247757894 0.5019265864956202 0.48785666044531595 0.5040201247757893 0.5049265864956201 9
2.3441536010103 0.48483981064514814 0.5010206658765768 0.5019261922684651 0.48783981064514814 0.5040206658765767 0.504926192268465 9
2.3398489897774 0.4848229465671481 0.5010211571115366 0.5019256982408581 0.4878229465671481 0.5040211571115365 0.504925698240858 9
2.3355580292859 0.4848060545764707 0.5010215993188457 0.501925100472942 0.4878060545764707 0.5040215993188456 0.5049251004729419 9
2.3312806506256 0.48478912766052357 0.501022002322697 0.5019244096312584 0.48778912766052357 0.5040220023226969 0.5049244096312583 9
2.3270136617716 0.48477213664285157 0.5010223788715094 0.501923618953553 0.4877721366428516 0.5040223788715092 0.5049236189535529 9
2.3227595414563 0.4847550634726287 0.5010227467440457 0.5019227289978896 0.4877550634726287 0.5040227467440456 0.5049227289978895 9
2.3185188154562 0.48473789855030985 0.5010230896432523 0.5019217334379987 0.48773789855030986 0.5040230896432522 0.5049217334379986 9
2.3142914166463 0.48472064590256786 0.5010233911056201 0.5019206175880956 0.48772064590256786 0.50402339110562 0.5049206175880955 9
2.3100772783627 0.4847033080742322 0.5010236343873831 0.5019193841761139 0.4877033080742322 0.504023634387383 0.5049193841761138 9
2.3058763343983 0.4846858776360941 0.5010237836858291 0.5019180674788413 0.4876858776360941 0.504023783685829 0.5049180674788412 9
2.3016885189989 0.48466837862170176 0.501023822399475 0.5019167008056401 0.48766837862170176 0.5040238223994749 0.50491670080564 9
2.2975137668597 0.4846508376887731 0.5010237361425306 0.5019153106140012 0.4876508376887731 0.5040237361425305 0.5049153106140011 9
2.2933520131207 0.4846332873772311 0.5010235256751037 0.5019139077962426 0.4876332873772311 0.5040235256751036 0.5049139077962425 9
2.2892031933633 0.4846157430592548 0.5010231972171468 0.5019125086083832 0.4876157430592548 0.5040231972171467 0.5049125086083831 9
2.2850672436064 0.48459820260528325 0.5010227585327968 0.5019111149378395 0.48759820260528325 0.5040227585327967 0.5049111149378394 9
2.2809405558185 0.48458067227415264 0.5010222268426641 0.5019097190415132 0.48758067227415264 0.504022226842664 0.504909719041513 9
2.2768264373692 0.48456317080686556 0.5010216134552186 0.5019083317659521 0.48756317080686556 0.5040216134552185 0.504908331765952 9
2.2727250156917 0.4845457069035629 0.5010209218553412 0.5019069488378505 0.4875457069035629 0.5040209218553411 0.5049069488378504 9
2.2686362284242 0.48452828065965875 0.5010201537480383 0.5019055478013504 0.48752828065965875 0.5040201537480382 0.5049055478013503 9
2.2645600136242 0.4845108990933734 0.5010192998794822 0.5019041152168686 0.4875108990933734 0.5040192998794821 0.5049041152168685 9
2.2604963097659 0.4844935617525276 0.5010183746844116 0.501902643629993 0.4874935617525276 0.5040183746844115 0.5049026436299929 9
2.2564450557356 0.4844762649297728 0.5010173910089184 0.5019011237950628 0.4874762649297728 0.5040173910089183 0.5049011237950627 9
2.252406190829 0.4844590032903832 0.5010163567436532 0.5018995399817779 0.4874590032903832 0.5040163567436531 0.5048995399817778 9
2.2483798948755 0.48444176317943055 0.5010152926182004 0.5018978791891519 0.48744176317943055 0.5040152926182003 0.5048978791891517 9
2.2443653875697 0.48442455128489864 0.5010142188845346 0.5018961406138698 0.48742455128489864 0.5040142188845345 0.5048961406138697 9
2.2403633298704 0.48440736530606726 0.5010131383483285 0.5018943291150216 0.48740736530606726 0.5040131383483284 0.5048943291150215 9
2.2363702512927 0.48439020637437064 0.5010120680696704 0.5018924441197518 0.48739020637437064 0.5040120680696702 0.5048924441197516 9
2.2323886957509 0.4843730772718701 0.5010110134453866 0.5018904986655189 0.4873730772718701 0.5040110134453865 0.5048904986655188 9
2.228419189411 0.48435597084189613 0.5010099880886544 0.5018885224925318 0.48735597084189614 0.5040099880886543 0.5048885224925317 9
2.2244616742466 0.4843388913018249 0.5010090013412928 0.5018865335814673 0.4873388913018249 0.5040090013412927 0.5048865335814672 9
2.2205160926138 0.4843218439796588 0.5010080560044595 0.5018845391931914 0.4873218439796588 0.5040080560044594 0.5048845391931913 9
2.2165823872486 0.48430483696872645 0.5010071496137534 0.501882546237564 0.48730483696872645 0.5040071496137533 0.5048825462375639 9
2.2126605012636 0.484287874808097 0.5010062833597663 0.5018805547547833 0.487287874808097 0.5040062833597662 0.5048805547547832 9
2.2087503781445 0.4842709721624509 0.5010054673387767 0.5018785642986827 0.4872709721624509 0.5040054673387766 0.5048785642986826 9
2.2048519617476 0.4842541280452278 0.5010047153490449 0.5018765816025595 0.48725412804522783 0.5040047153490448 0.5048765816025594 9
2.2009651962963 0.4842373278859076 0.5010040401274426 0.5018746041526252 0.4872373278859076 0.5040040401274425 0.5048746041526251 9
2.197090026378 0.48422055345523807 0.5010034398193696 0.5018726436791909 0.48722055345523807 0.5040034398193695 0.5048726436791908 9
2.1932244201332 0.48420377397118936 0.5010029003489458 0.5018707260021432 0.48720377397118936 0.5040029003489457 0.5048707260021431 9
2.1893685122466 0.48418699463669557 0.5010024132666814 0.5018688558175166 0.48718699463669557 0.5040024132666813 0.5048688558175165 9
2.1855240515174 0.4841702084621144 0.5010019668217596 0.5018670188069555 0.4871702084621144 0.5040019668217595 0.5048670188069554 9
2.1816909838723 0.48415340949346064 0.5010015599085832 0.5018652037905178 0.48715340949346064 0.5040015599085831 0.5048652037905177 9
2.1778692555878 0.4841365993100878 0.5010011877037388 0.5018633984720251 0.4871365993100878 0.5040011877037387 0.504863398472025 9
2.1740588132877 0.48411977821718905 0.5010008407769444 0.5018615988876146 0.48711977821718905 0.5040008407769443 0.5048615988876145 9
2.1702596039401 0.48410294754535665 0.5010005292162482 0.5018598084518867 0.48710294754535666 0.504000529216248 0.5048598084518866 9
2.1664715748545 0.4840861142635151 0.501000260917168 0.5018580201963637 0.4870861142635151 0.5040002609171679 0.5048580201963636 9
2.162694673679 0.4840692756794745 0.5010000420242962 0.5018562441089135 0.4870692756794745 0.504000042024296 0.5048562441089134 9
2.1589288483977 0.4840524367314533 0.5009998725892315 0.501854486054297 0.4870524367314533 0.5039998725892314 0.504854486054297 9
2.1551740473277 0.4840356182293035 0.5009997576528007 0.5018527517864197 0.4870356182293035 0.5039997576528006 0.5048527517864196 9
2.1514302191168 0.48401881299037536 0.5009996982689816 0.5018510413560625 0.48701881299037536 0.5039996982689815 0.5048510413560624 9
2.1476935887478 0.48400200902713203 0.5009997038370437 0.5018493581614134 0.48700200902713203 0.5039997038370436 0.5048493581614133 9
2.1439677772138 0.48398521632283864 0.5009997659661932 0.5018476941480484 0.48698521632283864 0.5039997659661931 0.5048476941480483 9
2.1402528018799 0.48396844654495536 0.5009998767098601 0.5018460482868277 0.48696844654495536 0.50399987670986 0.5048460482868276 9
2.1365486126047 0.4839517230536939 0.5010000303435079 0.5018444178555115 0.4869517230536939 0.5040000303435078 0.5048444178555114 9
2.1328551595646 0.48393505317198404 0.5010002249718213 0.5018427924812067 0.48693505317198404 0.5040002249718212 0.5048427924812066 9
2.1291723932513 0.4839184585060119 0.5010004627308166 0.5018411664838678 0.4869184585060119 0.5040004627308164 0.5048411664838677 9
2.1255002644696 0.48390195590164514 0.5010007390840353 0.5018395459248421 0.48690195590164514 0.5040007390840352 0.504839545924842 9
2.1218387243342 0.4838855492246944 0.5010010565140209 0.5018379230665315 0.4868855492246944 0.5040010565140208 0.5048379230665314 9
2.118187724268 0.483869237577665 0.5010014171062224 0.5018362940630274 0.486869237577665 0.5040014171062223 0.5048362940630273 9
2.1145472159991 0.4838530312579613 0.5010018255742932 0.5018346623706301 0.4868530312579613 0.5040018255742931 0.50483466237063 9
2.1109171515583 0.4838369197463446 0.5010022745564381 0.5018330126653774 0.4868369197463446 0.504002274556438 0.5048330126653773 9
2.1072966550091 0.48382087297175336 0.5010027493635872 0.5018313249789047 0.48682087297175336 0.5040027493635871 0.5048313249789046 9
2.1036835284525 0.4838048695824446 0.5010032320689035 0.5018295997429221 0.4868048695824446 0.5040032320689034 0.504829599742922 9
2.1000807188935 0.48378890313807904 0.5010037116834375 0.5018278374663698 0.48678890313807904 0.5040037116834374 0.5048278374663697 9
2.0964881794689 0.4837729694730076 0.5010041801371025 0.501826045455718 0.4867729694730076 0.5040041801371024 0.5048260454557179 9
2.0929058636071 0.483757067534277 0.5010046341461434 0.5018242238156695 0.486757067534277 0.5040046341461433 0.5048242238156694 9
2.0893337250261 0.48374121073535664 0.5010050510140887 0.5018223695027296 0.48674121073535664 0.5040050510140885 0.5048223695027295 9
2.0857717177306 0.48372540493372634 0.501005437161898 0.5018204806317598 0.48672540493372635 0.5040054371618979 0.5048204806317597 9
2.0822197960104 0.4837096405239038 0.5010058041951633 0.5018185497264604 0.4867096405239038 0.5040058041951632 0.5048185497264603 9
2.0786779144378 0.4836939230844628 0.5010061522003255 0.5018165729922357 0.4866939230844628 0.5040061522003254 0.5048165729922356 9
2.0751460278654 0.4836782524168347 0.501006482431515 0.5018145584698905 0.4866782524168347 0.5040064824315149 0.5048145584698904 9
2.0716240914239 0.48366260972596836 0.5010067980896055 0.5018125048676109 0.48666260972596836 0.5040067980896054 0.5048125048676108 9
2.0681120605201 0.48364699033878933 0.5010071049216909 0.5018104084798902 0.48664699033878933 0.5040071049216908 0.5048104084798901 9
2.0646090298741 0.48363139034247493 0.5010074009735551 0.5018082733627012 0.48663139034247493 0.504007400973555 0.5048082733627011 9
2.0611128517163 0.4836158162280483 0.501007675362527 0.5018061107407858 0.4866158162280483 0.5040076753625269 0.5048061107407857 9
2.0576264620118 0.4836002656812247 0.501007912784115 0.5018039220300814 0.4866002656812247 0.5040079127841149 0.5048039220300813 9
2.0541498171705 0.4835847279804753 0.5010081139634974 0.5018016976607768 0.4865847279804753 0.5040081139634973 0.5048016976607766 9
2.0506828738688 0.48356919798923254 0.5010082768457615 0.5017994437309202 0.48656919798923254 0.5040082768457614 0.5047994437309201 9
2.0472255890465 0.48355366691629076 0.5010083901988647 0.501797169385866 0.48655366691629076 0.5040083901988646 0.5047971693858659 9
2.0437779199054 0.4835381351995548 0.5010084427426494 0.5017948864097138 0.4865381351995548 0.5040084427426493 0.5047948864097137 9
2.0403398239073 0.4835226116719887 0.5010084277823453 0.5017926059782519 0.4865226116719887 0.5040084277823452 0.5047926059782518 9
2.0369112587715 0.483507113766087 0.5010083588036577 0.5017903257974127 0.486507113766087 0.5040083588036576 0.5047903257974126 9
2.0334921824735 0.4834916528419918 0.5010082482524121 0.5017880460274656 0.4864916528419918 0.504008248252412 0.5047880460274655 9
2.0300825532424 0.4834762227205988 0.5010080931581951 0.501785767302679 0.4864762227205988 0.504008093158195 0.5047857673026789 9
2.0266823295594 0.4834608016923148 0.5010078853596466 0.5017834920780534 0.4864608016923148 0.5040078853596465 0.5047834920780533 9
2.0232914664964 0.48344539371805273 0.5010076173436219 0.5017812258471578 0.48644539371805273 0.5040076173436218 0.5047812258471577 9
2.0199060829107 0.48343002062231893 0.501007296022255 0.5017789664112583 0.48643002062231894 0.5040072960222549 0.5047789664112582 9
2.0165299966681 0.48341467835535795 0.5010069439684828 0.5017767202800156 0.48641467835535795 0.5040069439684827 0.5047767202800155 9
2.0131631671614 0.4833993580210844 0.501006566657373 0.5017744908811574 0.4863993580210844 0.5040065666573729 0.5047744908811573 9
2.009805554027 0.4833840596892992 0.5010061682077249 0.5017722646631982 0.4863840596892992 0.5040061682077248 0.5047722646631981 9
2.0064571171418 0.48336876891735914 0.5010057438508106 0.5017700424361418 0.48636876891735914 0.5040057438508105 0.5047700424361417 9
2.0031178166226 0.48335347425587627 0.5010052826747299 0.5017678236697469 0.4863534742558763 0.5040052826747298 0.5047678236697468 9
