2.0576264620118 0.48351212586526915 0.5006567930055082 0.5011108988476629 0.48751212586526915 0.5046567930055083 0.5051108988476629 9
2.0541498171706 0.48349652720976705 0.5006566551023309 0.5011088700771184 0.48749652720976705 0.5046566551023309 0.5051088700771184 9
2.0506828738689 0.4834809370114907 0.5006565154150389 0.5011068048949395 0.4874809370114907 0.5046565154150389 0.5051068048949395 9
2.0472255890465 0.483465348551345 0.5006563720931361 0.5011047304029854 0.487465348551345 0.5046563720931361 0.5051047304029854 9
2.0437779199055 0.4834497442781322 0.5006562036160856 0.5011026584791874 0.4874497442781322 0.5046562036160857 0.5051026584791874 9
2.0403398239073 0.48343409784247604 0.5006559916451272 0.5011005820055947 0.48743409784247604 0.5046559916451272 0.5051005820055947 9
2.0369112587716 0.48341841791634627 0.5006557357869292 0.5010984911025386 0.48741841791634627 0.5046557357869292 0.5050984911025386 9
2.0334921824736 0.4834027259133607 0.5006554407341538 0.5010963843788095 0.4874027259133607 0.5046554407341538 0.5050963843788095 9
2.0300825532425 0.48338704194178445 0.5006551083662705 0.5010942686754691 0.48738704194178445 0.5046551083662705 0.5050942686754691 9
2.0266823295595 0.48337139212883035 0.5006547359597086 0.5010921422327115 0.48737139212883035 0.5046547359597086 0.5050921422327115 9
2.0232914664964 0.48335578976803795 0.5006543202611188 0.5010900040836699 0.48735578976803795 0.5046543202611188 0.5050900040836699 9
2.0199060829108 0.48334022703905916 0.500653860187561 0.5010878604106445 0.48734022703905916 0.504653860187561 0.5050878604106445 9
2.0165299966681 0.48332469870820494 0.5006533665311016 0.5010857123486703 0.48732469870820494 0.5046533665311016 0.5050857123486703 9
2.0131631671615 0.4833092169741645 0.5006528495320771 0.5010835625562435 0.4873092169741645 0.5046528495320771 0.5050835625562435 9
2.009805554027 0.4832938051962873 0.5006523061857607 0.5010814099858499 0.4872938051962873 0.5046523061857607 0.5050814099858499 9
2.0064571171419 0.4832784836487796 0.5006517266033085 0.5010792529948407 0.4872784836487796 0.5046517266033085 0.5050792529948407 9
2.0031178166226 0.48326326125811425 0.5006510990181419 0.5010770990163647 0.48726326125811426 0.5046510990181419 0.5050770990163647 9
1.9997879241531 0.483248130740066 0.5006504135910327 0.5010749411488221 0.487248130740066 0.5046504135910327 0.5050749411488221 9
1.9964664663021 0.48323306986362813 0.5006496731979019 0.5010727692246705 0.48723306986362813 0.5046496731979019 0.5050727692246705 9
1.9931543379763 0.48321807948529377 0.5006488874930444 0.5010705894275014 0.4872180794852938 0.5046488874930444 0.5050705894275014 9
1.9898511888083 0.4832031534830304 0.5006480638042895 0.5010684073901182 0.4872031534830304 0.5046480638042895 0.5050684073901182 9
1.9865569801153 0.4831882775664359 0.5006472099495598 0.5010662195105392 0.4871882775664359 0.5046472099495598 0.5050662195105392 9
1.9832716734122 0.4831734406451487 0.5006463399245653 0.5010640228541825 0.4871734406451487 0.5046463399245653 0.5050640228541825 9
1.9799931307019 0.4831586571951437 0.5006454615295103 0.5010618226866808 0.48715865719514373 0.5046454615295103 0.5050618226866808 9
1.97672165575 0.48314394317546006 0.5006445759997278 0.5010596262974872 0.48714394317546006 0.5046445759997278 0.5050596262974872 9
1.9734589832896 0.4831293071423712 0.500643689125247 0.501057446602653 0.4871293071423712 0.504643689125247 0.505057446602653 9
1.9702050756596 0.48311474071545735 0.5006428044401339 0.5010552977531254 0.48711474071545735 0.5046428044401339 0.5050552977531254 9
1.9669598954194 0.4831002332856741 0.5006419186547986 0.5010531895144626 0.4871002332856741 0.5046419186547986 0.5050531895144627 9
1.9637234053477 0.48308577889676435 0.5006410190938632 0.5010511237821178 0.48708577889676435 0.5046410190938632 0.5050511237821178 9
1.9604955684406 0.48307135822301106 0.5006400915625043 0.50104909588812 0.48707135822301106 0.5046400915625043 0.50504909588812 9
1.9572763479098 0.4830569638138718 0.5006391345190234 0.5010471076642219 0.4870569638138718 0.5046391345190234 0.5050471076642219 9
1.9540657071817 0.4830426062698948 0.5006381594745907 0.5010451643429654 0.4870426062698948 0.5046381594745907 0.5050451643429654 9
1.9508636098952 0.4830282855781955 0.5006371840467548 0.5010432652408308 0.4870282855781955 0.5046371840467548 0.5050432652408308 9
1.9476700199001 0.48301399067638 0.5006362203450998 0.5010414119654214 0.48701399067638 0.5046362203450998 0.5050414119654214 9
1.944484901256 0.4829997083036119 0.5006352788586339 0.5010396019808674 0.4869997083036119 0.5046352788586339 0.5050396019808674 9
1.9413082182305 0.4829854316194231 0.5006343646648221 0.5010378361438785 0.4869854316194231 0.5046343646648221 0.5050378361438785 9
1.938136648356 0.48297116173598326 0.5006334826375665 0.5010361185207035 0.48697116173598326 0.5046334826375665 0.5050361185207035 9
1.9349728588458 0.4829568975090249 0.5006326359230735 0.5010344489284729 0.4869568975090249 0.5046326359230735 0.5050344489284729 9
1.9318174133573 0.482942640566103 0.5006318267635225 0.5010328177460225 0.486942640566103 0.5046318267635225 0.5050328177460225 9
1.9286702769038 0.48292841007685816 0.5006310548829138 0.5010312164070041 0.48692841007685816 0.5046310548829138 0.5050312164070041 9
1.9255314146995 0.4829142368062349 0.500630328153159 0.5010296441331302 0.4869142368062349 0.504630328153159 0.5050296441331302 9
1.9224007921581 0.48290013237169904 0.5006296381494194 0.5010281064130641 0.48690013237169905 0.5046296381494194 0.5050281064130641 9
1.9192783748914 0.48288609502608904 0.500628973891179 0.5010266127774539 0.48688609502608904 0.504628973891179 0.5050266127774539 9
1.9161641287076 0.4828721292782006 0.5006283349462599 0.5010251680916287 0.4868721292782006 0.5046283349462599 0.5050251680916287 9
1.9130580196104 0.48285824232614777 0.5006277226196185 0.5010237760426517 0.48685824232614777 0.5046277226196185 0.5050237760426517 9
1.909960013797 0.4828444399904786 0.500627131198333 0.5010224262300926 0.4868444399904786 0.504627131198333 0.5050224262300926 9
1.9068700776571 0.4828307088518255 0.5006265524574037 0.5010211009893276 0.4868307088518255 0.5046265524574037 0.5050211009893276 9
1.9037881777713 0.4828170341445303 0.5006259814594272 0.5010197871616883 0.4868170341445303 0.5046259814594272 0.5050197871616883 9
1.9007142809098 0.4828034092401209 0.5006254156605753 0.5010184808178585 0.4868034092401209 0.5046254156605753 0.5050184808178585 9
1.8976448128936 0.4827898094904238 0.5006248469348359 0.5010171856816116 0.48678980949042383 0.5046248469348359 0.5050171856816116 9
1.8945829348301 0.4827762071164112 0.5006242747066293 0.5010159029313663 0.48677620711641123 0.5046242747066293 0.5050159029313663 9
1.8915289753794 0.482762592172834 0.5006237048396526 0.5010146194356645 0.486762592172834 0.5046237048396526 0.5050146194356645 9
1.8884829019879 0.4827489789711916 0.5006231400098333 0.5010133172501692 0.4867489789711916 0.5046231400098333 0.5050133172501692 9
1.8854446822853 0.48273537890608553 0.5006225778755642 0.5010119909679093 0.48673537890608554 0.5046225778755642 0.5050119909679093 9
1.882414284083 0.48272177993423754 0.5006220103853667 0.5010106430021505 0.48672177993423754 0.5046220103853667 0.5050106430021505 9
1.8793916753736 0.4827081751233611 0.5006214299775473 0.5010092716110077 0.4867081751233611 0.5046214299775473 0.5050092716110077 9
1.8763768243287 0.4826945653560051 0.5006208314992052 0.5010078746064178 0.4866945653560051 0.5046208314992052 0.5050078746064178 9
1.8733696992982 0.48268094734621814 0.5006202185169644 0.5010064544669006 0.48668094734621814 0.5046202185169644 0.5050064544669006 9
1.8703702688089 0.4826673263988704 0.5006196034092122 0.5010050144928667 0.4866673263988704 0.5046196034092122 0.5050050144928667 9
1.8673785015633 0.48265370785039086 0.5006189968449407 0.5010035537527243 0.48665370785039086 0.5046189968449407 0.5050035537527243 9
1.8643943664381 0.48264009719668366 0.5006184101566472 0.5010020770237519 0.48664009719668366 0.5046184101566472 0.5050020770237519 9
1.8614178324832 0.4826264981001088 0.5006178449728309 0.5010005903269166 0.48662649810010883 0.5046178449728309 0.5050005903269166 9
1.8584460332395 0.48261291939562234 0.500617293889322 0.5009991014347835 0.48661291939562235 0.504617293889322 0.5049991014347835 9
1.8554807010121 0.48259938089110815 0.5006167417962066 0.5009976177836989 0.48659938089110816 0.5046167417962066 0.5049976177836989 9
1.8525228920909 0.4825859116132959 0.5006161675556567 0.500996139770656 0.4865859116132959 0.5046161675556567 0.504996139770656 9
1.8495725761396 0.482572541946968 0.5006155525324516 0.5009946618805379 0.48657254194696803 0.5046155525324516 0.5049946618805379 9
1.8466297229898 0.48255929624635835 0.5006148848656431 0.5009931722885802 0.48655929624635835 0.5046148848656431 0.5049931722885802 9
1.8436943026392 0.4825461897411684 0.5006141681691013 0.500991652317283 0.4865461897411684 0.5046141681691013 0.504991652317283 9
1.8407662852508 0.48253322180275016 0.500613407527375 0.500990093659939 0.48653322180275016 0.504613407527375 0.504990093659939 9
1.8378456411518 0.48252038753868803 0.5006126012020081 0.5009885011634414 0.48652038753868804 0.5046126012020081 0.5049885011634414 9
1.8349323408321 0.4825076847411852 0.5006117468941477 0.5009868843438606 0.4865076847411852 0.5046117468941477 0.5049868843438606 9
1.8320263549433 0.48249509677237556 0.5006108455261628 0.5009852525125664 0.48649509677237557 0.5046108455261628 0.5049852525125664 9
1.829127654298 0.48248260793275266 0.5006099032137825 0.5009836124477881 0.48648260793275266 0.5046099032137825 0.5049836124477881 9
1.8262362098681 0.4824701985326469 0.5006089265417052 0.5009819616883731 0.4864701985326469 0.5046089265417052 0.5049819616883731 9
1.8233519927838 0.4824578441474246 0.5006079161417871 0.5009802943138719 0.4864578441474246 0.5046079161417871 0.5049802943138719 9
1.8204738327937 0.48244552100958404 0.5006068721590994 0.5009786085221457 0.48644552100958405 0.5046068721590994 0.5049786085221457 9
1.8176000527713 0.4824332102781226 0.5006057972143636 0.5009769082461607 0.4864332102781226 0.5046057972143636 0.5049769082461607 9
1.8147334282076 0.48242089602578114 0.5006046900053763 0.5009751957534644 0.48642089602578115 0.5046046900053763 0.5049751957534644 9
1.8118739307912 0.4824085572666077 0.5006035442956459 0.5009734705466442 0.4864085572666077 0.5046035442956459 0.5049734705466442 9
1.8090215323644 0.48239618128635786 0.5006023596709931 0.5009717355940604 0.48639618128635786 0.5046023596709931 0.5049717355940604 9
1.8061762049216 0.48238377131257953 0.5006011453584235 0.500970000862892 0.48638377131257954 0.5046011453584235 0.504970000862892 9
1.8033379206087 0.48237132839707003 0.5005999126737796 0.5009682726609203 0.48637132839707004 0.5045999126737796 0.5049682726609203 9
1.8005066517217 0.4823588512482592 0.5005986708567179 0.5009665529214392 0.4863588512482592 0.504598670856718 0.5049665529214392 9
1.7976823707061 0.48234633411218764 0.50059742062267 0.5009648348518936 0.48634633411218764 0.50459742062267 0.5049648348518936 9
1.7948650501553 0.48233377803702865 0.5005961529911832 0.500963110208541 0.48633377803702865 0.5045961529911832 0.504963110208541 9
1.7920546628102 0.48232119247491323 0.5005948526451464 0.5009613768293072 0.48632119247491323 0.5045948526451464 0.5049613768293072 9
1.7892511815579 0.4823085909427224 0.5005934995603183 0.500959633979829 0.4863085909427224 0.5045934995603183 0.504959633979829 9
1.7864545794305 0.4822959787072839 0.5005920740231692 0.5009578753304597 0.4862959787072839 0.5045920740231692 0.5049578753304597 9
1.7836648296045 0.48228335881789636 0.5005905589429465 0.5009560895217313 0.48628335881789636 0.5045905589429465 0.5049560895217313 9
1.7808795201761 0.4822707506634827 0.5005889510225198 0.5009542754793798 0.4862707506634827 0.5045889510225198 0.5049542754793798 9
1.7780994508641 0.48225818039132107 0.5005872554512522 0.5009524343487827 0.48625818039132107 0.5045872554512522 0.5049524343487827 9
1.7753261677977 0.48224564712446755 0.5005854687058285 0.5009505603130683 0.48624564712446755 0.5045854687058285 0.5049505603130683 9
1.7725596446585 0.4822331389502368 0.500583585242371 0.5009486523785717 0.4862331389502368 0.504583585242371 0.5049486523785717 9
1.7697998552679 0.4822206450344014 0.5005816010278458 0.5009467129728601 0.4862206450344014 0.5045816010278458 0.5049467129728601 9
1.7670467735858 0.4822081515839593 0.5005795236370534 0.5009447419106097 0.4862081515839593 0.5045795236370534 0.5049447419106097 9
1.7643003737105 0.4821956357996733 0.5005773727658256 0.5009427378994665 0.4861956357996733 0.5045773727658256 0.5049427378994665 9
1.761560629877 0.48218309145681054 0.500575176944987 0.5009407063187408 0.48618309145681055 0.504575176944987 0.5049407063187408 9
1.7588275164563 0.4821705214776764 0.5005729670756521 0.5009386584176192 0.4861705214776764 0.5045729670756521 0.5049386584176192 9
1.7561010079547 0.4821579118068629 0.5005707639488833 0.5009366108238043 0.4861579118068629 0.5045707639488833 0.5049366108238043 9
1.7533810790127 0.4821452551090263 0.5005685819651423 0.5009345843852683 0.4861452551090263 0.5045685819651423 0.5049345843852683 9
1.7506677044042 0.4821325614291125 0.5005664382602023 0.5009326040567754 0.4861325614291125 0.5045664382602023 0.5049326040567754 9
1.7479609256718 0.482119838020555 0.500564346280354 0.5009306740382233 0.48611983802055503 0.504564346280354 0.5049306740382233 9
1.7452605179377 0.48210708174962685 0.5005623171166865 0.5009287877325288 0.48610708174962686 0.5045623171166865 0.5049287877325288 9
1.7425640362316 0.48209428992310094 0.5005603533877006 0.5009269361670997 0.48609428992310094 0.5045603533877006 0.5049269361670997 9
1.7398726693735 0.482081460366033 0.5005584470157903 0.5009251108114459 0.486081460366033 0.5045584470157903 0.5049251108114459 9
1.7371877460427 0.48206859484621745 0.5005565829355688 0.5009233107870585 0.48606859484621745 0.5045565829355688 0.5049233107870585 9
1.7345092417347 0.48205568514559377 0.5005547367658054 0.5009215352316927 0.4860556851455938 0.5045547367658054 0.5049215352316927 9
1.7318371320726 0.48204272179603835 0.500552883747779 0.5009197799809761 0.48604272179603836 0.504552883747779 0.5049197799809761 9
1.7291713928061 0.4820297042767365 0.5005510162089436 0.5009180362621946 0.48602970427673653 0.5045510162089436 0.5049180362621946 9
1.7265119998111 0.4820166463325303 0.5005491375558248 0.5009162920225013 0.4860166463325303 0.5045491375558248 0.5049162920225013 9
1.7238589290884 0.48200356117106635 0.5005472402522646 0.50091453353402 0.48600356117106636 0.5045472402522646 0.50491453353402 9
1.7212121567632 0.4819904466367121 0.5005453076922087 0.5009127558475427 0.4859904466367121 0.5045453076922087 0.5049127558475427 9
1.7185716590841 0.4819772989040604 0.5005433285876327 0.5009109617239287 0.4859772989040604 0.5045433285876327 0.5049109617239287 9
1.7159374124224 0.4819641223733795 0.5005412936373017 0.5009091504437371 0.4859641223733795 0.5045412936373017 0.5049091504437371 9
1.7133093932713 0.48195093063673217 0.5005391925340361 0.5009073203050811 0.48595093063673217 0.5045391925340361 0.5049073203050811 9
1.7106875782449 0.4819377389011676 0.5005370201264288 0.5009054768387979 0.4859377389011676 0.5045370201264288 0.5049054768387979 9
1.7080719440777 0.4819245514428742 0.5005347750706337 0.5009036316665552 0.4859245514428742 0.5045347750706337 0.5049036316665552 9
1.7054606482146 0.4819113479242422 0.5005324581982012 0.5009017960634834 0.4859113479242422 0.5045324581982013 0.5049017960634834 9
1.7028533276237 0.48189811606285604 0.5005300803157963 0.5008999836405292 0.48589811606285604 0.5045300803157963 0.5048999836405292 9
1.7002521319782 0.4818848547331424 0.5005276645761394 0.5008982078806412 0.4858848547331424 0.5045276645761394 0.5048982078806412 9
1.6976570384278 0.4818715665345083 0.5005252363260471 0.5008964828433576 0.4858715665345083 0.5045252363260471 0.5048964828433576 9
1.6950680242388 0.4818582539767116 0.5005228125782243 0.5008948205121494 0.4858582539767116 0.5045228125782243 0.5048948205121494 9
1.6924850667936 0.48184491658408884 0.5005204038375687 0.5008932223550356 0.48584491658408885 0.5045204038375687 0.5048932223550356 9
1.6899081435898 0.48183154111581106 0.5005180192884136 0.5008916863314228 0.48583154111581106 0.5045180192884136 0.5048916863314228 9
1.6873372322393 0.48181812070734675 0.5005156703264201 0.5008902100921951 0.48581812070734676 0.5045156703264201 0.5048902100921951 9
1.6847723104679 0.4818046742152453 0.5005133736034638 0.5008887936837304 0.4858046742152453 0.5045133736034638 0.5048887936837304 9
1.6822133561144 0.4817912249496834 0.5005111448825982 0.5008874424426001 0.4857912249496834 0.5045111448825982 0.5048874424426001 9
1.6796603471299 0.4817777853072723 0.5005089925573688 0.5008861582080736 0.4857777853072723 0.5045089925573688 0.5048861582080736 9
1.6771132615769 0.4817643716100692 0.5005069192053103 0.5008849319193368 0.4857643716100692 0.5045069192053103 0.5048849319193368 9
1.674572077629 0.4817510053174562 0.5005049283917004 0.5008837551848775 0.4857510053174562 0.5045049283917004 0.5048837551848775 9
1.6720367735697 0.4817376955643374 0.5005030277757507 0.5008826301996387 0.4857376955643374 0.5045030277757507 0.5048826301996387 9
1.6695073277921 0.48172444469056813 0.5005012341410651 0.500881575979895 0.48572444469056814 0.5045012341410651 0.504881575979895 9
1.6669797638613 0.48171123467705823 0.5004995516547526 0.5008806220587311 0.48571123467705823 0.5044995516547526 0.5048806220587311 9
1.6644579825916 0.4816980363258919 0.5004979552346077 0.5008797722639957 0.4856980363258919 0.5044979552346077 0.5048797722639957 9
1.6619420083752 0.4816848353917935 0.5004964225759653 0.5008790108610708 0.4856848353917935 0.5044964225759653 0.5048790108610708 9
1.6594318199799 0.48167162439676314 0.5004949445877853 0.5008783216671511 0.48567162439676315 0.5044949445877853 0.5048783216671511 9
1.6569273962798 0.4816583912016279 0.5004935294081044 0.5008777002492905 0.4856583912016279 0.5044935294081044 0.5048777002492905 9
1.6544287162546 0.48164512260091324 0.500492183072164 0.5008771399526666 0.48564512260091325 0.504492183072164 0.5048771399526666 9
1.651935758989 0.48163181659792015 0.5004909090638475 0.5008766259501514 0.48563181659792015 0.5044909090638475 0.5048766259501514 9
1.6494485036718 0.4816184842754076 0.5004897149349341 0.5008761503084973 0.4856184842754076 0.5044897149349341 0.5048761503084973 9
1.6469669295957 0.4816051387103603 0.5004886044269774 0.500875709310159 0.4856051387103603 0.5044886044269774 0.504875709310159 9
1.6444910161562 0.4815917882414842 0.500487577566295 0.5008752968258425 0.4855917882414842 0.504487577566295 0.5048752968258425 9
1.6420207428511 0.48157843180504084 0.5004866287714144 0.5008749083635036 0.48557843180504084 0.5044866287714144 0.5048749083635036 9
1.6395560892799 0.4815650693399957 0.5004857524478102 0.5008745431566939 0.4855650693399957 0.5044857524478102 0.5048745431566939 9
1.6370970351432 0.4815516885350929 0.5004849468557868 0.5008742061278971 0.4855516885350929 0.5044849468557868 0.5048742061278971 9
1.6346435602418 0.4815382727956944 0.5004842100579934 0.5008738981280522 0.4855382727956944 0.5044842100579934 0.5048738981280522 9
1.6321946255881 0.4815248207639551 0.5004835374161168 0.5008736073708809 0.4855248207639551 0.5044835374161168 0.5048736073708809 9
1.629748236416 0.48151134287255587 0.5004829183244869 0.5008733189876229 0.4855113428725559 0.5044829183244869 0.5048733189876229 9
1.6273073792684 0.4814978447850585 0.5004823435549197 0.5008730251051717 0.48549784478505853 0.5044823435549197 0.5048730251051717 9
1.6248720342874 0.4814843279298349 0.5004818021566847 0.5008727259027467 0.4854843279298349 0.5044818021566847 0.5048727259027467 9
1.6224421817124 0.48147079589131797 0.5004812835248513 0.5008724252861669 0.485470795891318 0.5044812835248513 0.5048724252861669 9
1.62001780188 0.48145725807384837 0.5004807858350082 0.5008721216526154 0.4854572580738484 0.5044807858350082 0.5048721216526154 9
1.6175988752233 0.4814437230909962 0.5004803074223467 0.5008718055663285 0.4854437230909962 0.5044803074223467 0.5048718055663285 9
1.6151853822708 0.4814301920520188 0.5004798368231826 0.5008714647579112 0.4854301920520188 0.5044798368231826 0.5048714647579112 9
1.6127773036466 0.48141665688305013 0.5004793640084989 0.5008710871355222 0.48541665688305013 0.5044793640084989 0.5048710871355222 9
1.610374620069 0.48140310477148995 0.5004788846364839 0.5008706612568471 0.48540310477148996 0.5044788846364839 0.5048706612568471 9
1.6079773123506 0.4813895267578298 0.5004783957399517 0.500870182659118 0.4853895267578298 0.5044783957399517 0.504870182659118 9
1.6055853613974 0.4813759254092896 0.5004778974626515 0.5008696546628838 0.4853759254092896 0.5044778974626515 0.5048696546628838 9
1.6031987482081 0.48136229032998007 0.5004773853088978 0.5008690916121008 0.4853622903299801 0.5044773853088979 0.5048690916121008 9
1.6008174538738 0.48134860869670704 0.5004768577141592 0.500868508221596 0.48534860869670704 0.5044768577141592 0.504868508221596 9
1.5984414595772 0.48133488565172255 0.5004763084683034 0.5008679111137864 0.48533488565172256 0.5044763084683034 0.5048679111137864 9
1.5960697495899 0.4813211334861737 0.5004757305501542 0.5008672993455674 0.48532113348617373 0.5044757305501542 0.5048672993455674 9
1.5937002717515 0.4813073563583687 0.5004751217425066 0.5008666722590227 0.4853073563583687 0.5044751217425066 0.5048666722590227 9
1.5913360506423 0.48129355597570234 0.5004744783137206 0.5008660327448092 0.48529355597570234 0.5044744783137206 0.5048660327448092 9
1.5889770677538 0.48127973161194537 0.5004737915025667 0.5008653841939409 0.4852797316119454 0.5044737915025667 0.5048653841939409 9
1.5866233046668 0.4812658903463577 0.5004730581414136 0.5008647257958155 0.4852658903463577 0.5044730581414136 0.5048647257958155 9
1.5842747430506 0.48125204382221054 0.5004722882848591 0.5008640544165279 0.48525204382221054 0.5044722882848591 0.5048640544165279 9
1.5819313646628 0.48123820441603826 0.5004715004638595 0.5008633690963137 0.48523820441603827 0.5044715004638595 0.5048633690963137 9
1.5795931513485 0.48122438081610586 0.5004707116611252 0.5008626682376328 0.48522438081610586 0.5044707116611252 0.5048626682376328 9
1.5772600850398 0.48121058468253725 0.500469930494597 0.5008619482555079 0.48521058468253725 0.504469930494597 0.5048619482555079 9
1.5749321477555 0.48119683935527474 0.5004691561955061 0.5008612096229669 0.48519683935527474 0.5044691561955061 0.5048612096229669 9
1.5726093216002 0.48118316759171703 0.5004683944061135 0.5008604641663583 0.48518316759171704 0.5044683944061135 0.5048604641663583 9
1.570291588764 0.4811695846943458 0.5004676625568747 0.5008597338015498 0.4851695846943458 0.5044676625568747 0.5048597338015498 9
1.5679789315221 0.48115609114574237 0.500466970760884 0.5008590350987542 0.4851560911457424 0.504466970760884 0.5048590350987542 9
1.565671332234 0.48114267018677814 0.500466327006857 0.5008583750632225 0.48514267018677815 0.504466327006857 0.5048583750632225 9
1.5633687733432 0.48112930587781105 0.5004657442615843 0.5008577606309876 0.48512930587781106 0.5044657442615843 0.5048577606309876 9
1.5610712373767 0.48111599203212846 0.5004652318266507 0.5008571974533823 0.48511599203212846 0.5044652318266507 0.5048571974533823 9
1.5587747993926 0.48110271806663585 0.5004647810210525 0.5008566769142169 0.48510271806663585 0.5044647810210525 0.5048566769142169 9
1.556483224114 0.48108946523471036 0.5004643745990385 0.500856175387136 0.48508946523471036 0.5044643745990385 0.504856175387136 9
1.5541966322082 0.48107621817104834 0.5004639941286027 0.5008556700420453 0.48507621817104835 0.5044639941286027 0.5048556700420453 9
1.5519150064802 0.481062952776148 0.5004636261965582 0.5008551448973216 0.485062952776148 0.5044636261965582 0.5048551448973216 9
1.5496383298163 0.48104964864040217 0.5004632654859555 0.5008545871811575 0.4850496486404022 0.5044632654859555 0.5048545871811575 9
1.5473665851836 0.48103629947138477 0.5004629080441286 0.5008539924990373 0.48503629947138477 0.5044629080441286 0.5048539924990373 9
1.5450997556295 0.48102290174473455 0.5004625466900182 0.5008533588282771 0.48502290174473456 0.5044625466900182 0.5048533588282771 9
1.5428378242808 0.48100945222443714 0.5004621742278449 0.5008526776793314 0.48500945222443714 0.5044621742278449 0.5048526776793314 9
1.5405807743441 0.4809959416919944 0.5004617828451993 0.5008519397256539 0.4849959416919944 0.5044617828451993 0.5048519397256539 9
1.5383285891043 0.4809823645147996 0.5004613650048289 0.5008511376968163 0.4849823645147996 0.5044613650048289 0.5048511376968163 9
1.536081251925 0.480968728895071 0.5004609171415896 0.5008502668859778 0.484968728895071 0.5044609171415896 0.5048502668859778 9
1.5338387462476 0.4809550505948787 0.5004604362423829 0.5008493291354076 0.4849550505948787 0.5044604362423829 0.5048493291354076 9
1.5316010555909 0.4809413427430219 0.5004599188984027 0.5008483353742031 0.4849413427430219 0.5044599188984027 0.5048483353742031 9
1.5293681635505 0.4809276280954853 0.5004593711263978 0.5008473041072209 0.4849276280954853 0.5044593711263978 0.5048473041072209 9
1.5271400537988 0.4809139307413651 0.5004588020388104 0.5008462533399588 0.48491393074136513 0.5044588020388104 0.5048462533399588 9
1.5249150584217 0.48090025041953777 0.5004582219230387 0.5008451960495491 0.48490025041953777 0.5044582219230387 0.5048451960495491 9
1.5226924105112 0.48088656590035916 0.5004576420698416 0.5008441410231129 0.48488656590035917 0.5044576420698416 0.5048441410231129 9
1.5204745085739 0.4808728531758421 0.5004570674515104 0.5008430890744171 0.4848728531758421 0.5044570674515104 0.5048430890744171 9
1.5182613365345 0.4808591066661895 0.5004565016090361 0.5008420374944305 0.4848591066661895 0.5044565016090361 0.5048420374944305 9
1.5160528783925 0.48084533591879147 0.5004559491603154 0.5008409851304283 0.4848453359187915 0.5044559491603154 0.5048409851304283 9
1.5138491182212 0.4808315538556495 0.5004554121558471 0.5008399310307166 0.4848315538556495 0.5044554121558471 0.5048399310307166 9
1.5116500401677 0.4808177633613101 0.5004548871939195 0.5008388753319973 0.4848177633613101 0.5044548871939195 0.5048388753319973 9
1.5094556284523 0.48080394887638145 0.500454366932494 0.500837814979413 0.48480394887638145 0.504454366932494 0.504837814979413 9
1.5072658673679 0.48079009815311713 0.5004538491713388 0.5008367473442595 0.48479009815311713 0.5044538491713388 0.5048367473442595 9
1.5050807412801 0.4807762094666255 0.5004533352328826 0.500835671807867 0.48477620946662553 0.5044533352328826 0.504835671807867 9
1.5029002346263 0.4807622984116481 0.5004528223739358 0.5008345790611195 0.4847622984116481 0.5044528223739358 0.5048345790611195 9
1.5007243319152 0.48074838496151845 0.500452308209511 0.5008334561150998 0.48474838496151845 0.504452308209511 0.5048334561150998 9
1.4985530900401 0.4807344933205707 0.5004517895748842 0.5008322991878315 0.4847344933205707 0.5044517895748842 0.5048322991878315 9
1.4963862767048 0.4807206387504525 0.5004512618442314 0.5008311109983143 0.4847206387504525 0.5044512618442314 0.5048311109983143 9
1.4942240935915 0.4807068287909062 0.5004507203973012 0.5008298905791887 0.4847068287909062 0.5044507203973012 0.5048298905791887 9
1.4920664531562 0.4806930588966221 0.5004501572618113 0.5008286310717834 0.4846930588966221 0.5044501572618113 0.5048286310717834 9
1.489911036423 0.48067930987543683 0.5004495630747334 0.5008273257353929 0.48467930987543684 0.5044495630747334 0.5048273257353929 9
1.4877583703025 0.4806655616144122 0.5004489347770442 0.5008259667408937 0.4846655616144122 0.5044489347770442 0.5048259667408938 9
1.4856102136754 0.4806518034288079 0.5004482779637194 0.500824546738829 0.4846518034288079 0.5044482779637194 0.504824546738829 9
1.4834665515608 0.48063803270441646 0.5004476015503464 0.5008230675424391 0.48463803270441647 0.5044476015503464 0.5048230675424391 9
1.4813273690457 0.48062424382979846 0.5004469104385171 0.5008215420959604 0.48462424382979846 0.5044469104385171 0.5048215420959604 9
1.4791926512851 0.4806104265012972 0.5004462091504914 0.5008199864839625 0.4846104265012972 0.5044462091504914 0.5048199864839625 9
1.477062383501 0.48059657216598295 0.500445501551933 0.5008184154082514 0.48459657216598295 0.504445501551933 0.5048184154082515 9
1.4749365509826 0.48058268179665115 0.5004447895340834 0.5008168326382688 0.48458268179665115 0.5044447895340834 0.5048168326382688 9
1.4728151390856 0.48056876502956886 0.5004440773197817 0.50081524046953 0.48456876502956886 0.5044440773197817 0.50481524046953 9
1.4706981332316 0.4805548346045724 0.5004433748950627 0.5008136489096945 0.4845548346045724 0.5044433748950627 0.5048136489096945 9
1.4685855189084 0.48054089249145693 0.500442690856147 0.5008120690013781 0.48454089249145693 0.504442690856147 0.5048120690013781 9
1.4664772816691 0.4805269366327386 0.5004420294608504 0.5008105064974517 0.4845269366327386 0.5044420294608504 0.5048105064974517 9
1.4643734071315 0.48051297401527826 0.5004413878119752 0.5008089606060976 0.48451297401527826 0.5044413878119752 0.5048089606060976 9
1.4622738809786 0.4804990182801723 0.5004407587599181 0.5008074248338835 0.4844990182801723 0.5044407587599181 0.5048074248338835 9
1.4601786889573 0.48048506702380317 0.5004401350013891 0.500805886068361 0.4844850670238032 0.5044401350013891 0.504805886068361 9
1.4580878168787 0.48047109716629494 0.5004395108410977 0.5008043268422466 0.48447109716629494 0.5044395108410977 0.5048043268422466 9
1.4559994561257 0.4804570963792326 0.5004388829183644 0.5008027354642522 0.4844570963792326 0.5044388829183644 0.5048027354642523 9
1.4539131013219 0.48044306528625624 0.5004382484968584 0.5008011108754342 0.48444306528625625 0.5044382484968584 0.5048011108754342 9
1.4518310361173 0.48042900785329196 0.5004376051043383 0.5007994569960239 0.48442900785329196 0.5044376051043383 0.5047994569960239 9
1.4497532465293 0.48041492793893675 0.5004369508517019 0.5007977751511944 0.48441492793893676 0.5044369508517019 0.5047977751511944 9
1.4476797186377 0.4804008330910505 0.5004362833000886 0.5007960638377181 0.48440083309105053 0.5044362833000886 0.5047960638377181 9
1.4456104385843 0.48038673157560813 0.5004355992910589 0.5007943200436825 0.48438673157560813 0.5044355992910589 0.5047943200436825 9
1.4435453925725 0.48037263513629347 0.500434890299283 0.500792541262701 0.4843726351362935 0.504434890299283 0.504792541262701 9
1.4414845668672 0.4803585573289382 0.50043415072193 0.5007907256021359 0.4843585573289382 0.50443415072193 0.5047907256021359 9
1.439427947794 0.4803445033003079 0.5004333795177492 0.5007888709531716 0.4843445033003079 0.5044333795177492 0.5047888709531716 9
1.4373755217393 0.48033047388260375 0.5004325769138732 0.5007869765238081 0.48433047388260375 0.5044325769138732 0.5047869765238081 9
1.4353272751499 0.48031646824773844 0.5004317454492521 0.5007850415455561 0.48431646824773844 0.5044317454492521 0.5047850415455561 9
1.4332831945323 0.4803024946071987 0.5004308928576447 0.5007830725804421 0.4843024946071987 0.5044308928576448 0.5047830725804421 9
1.4312432664527 0.4802885663832366 0.5004300277193146 0.5007810743850878 0.4842885663832366 0.5044300277193146 0.5047810743850878 9
1.4292074775367 0.4802746938001668 0.5004291536502924 0.5007790501064143 0.4842746938001668 0.5044291536502924 0.5047790501064143 9
1.4271758144686 0.4802608768025903 0.5004282734192355 0.5007770057108499 0.4842608768025903 0.5044282734192355 0.5047770057108499 9
1.4251482639916 0.48024709516700786 0.5004273917458418 0.5007749484547626 0.48424709516700787 0.5044273917458418 0.5047749484547626 9
1.4231247155016 0.4802333170741938 0.5004265108011547 0.5007728818803031 0.4842333170741938 0.5044265108011547 0.5047728818803031 9
1.4211012529703 0.480219519056921 0.5004256340314582 0.5007708077268763 0.484219519056921 0.5044256340314582 0.5047708077268763 9
1.4190818752888 0.4802056885010595 0.5004247646778164 0.5007687308347326 0.4842056885010595 0.5044247646778164 0.5047687308347326 9
1.4170665693871 0.48019181829288854 0.5004239059169616 0.500766657655884 0.48419181829288854 0.5044239059169616 0.504766657655884 9
1.4150553222524 0.48017790161659185 0.500423063157124 0.5007645943579171 0.48417790161659185 0.504423063157124 0.5047645943579171 9
1.413048120929 0.4801639430951007 0.5004222433980925 0.5007625513301273 0.4841639430951007 0.5044222433980925 0.5047625513301273 9
1.4110449525174 0.4801499513639336 0.5004214498927043 0.5007605383126982 0.48414995136393363 0.5044214498927043 0.5047605383126982 9
1.4090458041747 0.48013592399188393 0.5004206774293527 0.5007585559360702 0.48413592399188393 0.5044206774293527 0.5047585559360702 9
1.4070506631139 0.480121860500168 0.5004199160032501 0.5007565983638136 0.484121860500168 0.5044199160032501 0.5047565983638136 9
1.4050595166036 0.48010777110102776 0.5004191545130601 0.5007546530724587 0.48410777110102776 0.5044191545130601 0.5047546530724587 9
1.4030723519676 0.48009366728299835 0.5004183842941532 0.5007527059770223 0.48409366728299835 0.5044183842941532 0.5047527059770223 9
1.4010891565851 0.4800795509079418 0.5004175987034292 0.500750745803276 0.4840795509079418 0.5044175987034292 0.5047507458032761 9
1.3991100266588 0.48006542417224085 0.5004167964813476 0.500748769828002 0.48406542417224085 0.5044167964813476 0.504748769828002 9
1.3971346233588 0.4800512829087138 0.5004159736257023 0.500746784168584 0.4840512829087138 0.5044159736257023 0.504746784168584 9
1.3951632605671 0.48003712651098646 0.5004151248912724 0.5007447951378355 0.48403712651098646 0.5044151248912724 0.5047447951378355 9
1.3931958170782 0.48002294274362173 0.5004142420512612 0.5007427982926977 0.48402294274362173 0.5044142420512612 0.5047427982926977 9
1.3912322805527 0.48000870912657184 0.5004133158173768 0.5007407839005232 0.48400870912657185 0.5044133158173768 0.5047407839005232 9
1.3892713364085 0.47999440398181437 0.5004123460262335 0.5007387437284816 0.48399440398181437 0.5044123460262335 0.5047387437284816 9
1.3873114707173 0.4799800080296867 0.5004113390910923 0.5007366741202698 0.4839800080296867 0.5044113390910923 0.5047366741202698 9
1.3853554867459 0.47996551385536046 0.5004102987795099 0.5007345758532691 0.48396551385536046 0.5044102987795099 0.5047345758532691 9
1.3834033723124 0.47995092669632783 0.5004092276683729 0.5007324510075317 0.48395092669632783 0.5044092276683729 0.5047324510075317 9
1.3814551152875 0.479936259032379 0.5004081244965874 0.5007303045830604 0.483936259032379 0.5044081244965875 0.5047303045830605 9
1.3795107035936 0.4799215269412047 0.5004069884817677 0.5007281453707365 0.4839215269412047 0.5044069884817677 0.5047281453707365 9
1.377570125205 0.4799067518593664 0.5004058245549613 0.5007259817565474 0.4839067518593664 0.5044058245549613 0.5047259817565474 9
1.3756333681475 0.479891957280451 0.5004046422545978 0.5007238168815772 0.483891957280451 0.5044046422545978 0.5047238168815772 9
1.3737004204979 0.4798771676323134 0.5004034519803968 0.5007216549293515 0.4838771676323134 0.5044034519803968 0.5047216549293515 9
1.3717712703841 0.4798624092878327 0.500402266563028 0.5007194963459042 0.4838624092878327 0.504402266563028 0.5047194963459042 9
1.3698459059843 0.479847706426392 0.5004011012070022 0.5007173354708017 0.483847706426392 0.5044011012070022 0.5047173354708017 9
1.3679243155275 0.47983307728902036 0.5003999713066097 0.5007151683882965 0.48383307728902036 0.5043999713066097 0.5047151683882966 9
1.3660064872924 0.4798185357157211 0.5003988886734265 0.5007129947917686 0.4838185357157211 0.5043988886734265 0.5047129947917686 9
1.3640924096076 0.47980408883515885 0.5003978586824332 0.500710813840517 0.48380408883515885 0.5043978586824333 0.504710813840517 9
1.3621820708512 0.47978973661316693 0.5003968767284313 0.5007086265298738 0.48378973661316693 0.5043968767284313 0.5047086265298738 9
1.3602754594508 0.4797754670631458 0.5003959346077851 0.5007064361095633 0.4837754670631458 0.5043959346077851 0.5047064361095633 9
1.3583725638827 0.4797612600803653 0.50039502981362 0.5007042444739109 0.4837612600803653 0.50439502981362 0.5047042444739109 9
1.3564720771713 0.47974709583583225 0.5003941675995202 0.5007020567821767 0.48374709583583225 0.5043941675995202 0.5047020567821767 9
1.354572461194 0.47973295183600057 0.5003933501269664 0.5006998768284243 0.48373295183600057 0.5043933501269664 0.5046998768284243 9
1.3526765380818 0.47971880323055327 0.5003925704518518 0.5006977040083943 0.4837188032305533 0.5043925704518518 0.5046977040083943 9
1.3507842964634 0.47970463461633117 0.5003918176960968 0.5006955378762566 0.4837046346163312 0.5043918176960968 0.5046955378762567 9
1.3488957250153 0.4796904428774241 0.5003910813896842 0.5006933796121085 0.4836904428774241 0.5043910813896842 0.5046933796121085 9
1.3470108124615 0.4796762373674199 0.5003903534455341 0.5006912303560774 0.4836762373674199 0.5043903534455341 0.5046912303560774 9
1.3451295475735 0.4796620302294155 0.5003896259766771 0.500689091368395 0.4836620302294155 0.5043896259766771 0.504689091368395 9
1.3432519191701 0.4796478330390148 0.5003888887782388 0.5006869654260194 0.4836478330390148 0.5043888887782388 0.5046869654260194 9
1.3413779161166 0.4796336559678 0.5003881347104983 0.5006848582177527 0.4836336559678 0.5043881347104983 0.5046848582177527 9
1.3395075273253 0.4796195071094115 0.5003873581281201 0.5006827760468625 0.4836195071094115 0.5043873581281201 0.5046827760468625 9
1.3376407417546 0.47960539758376025 0.5003865533614176 0.5006807262953549 0.48360539758376025 0.5043865533614176 0.5046807262953549 9
1.3357775484093 0.4795913352367998 0.5003857185517278 0.5006787154902841 0.4835913352367998 0.5043857185517278 0.5046787154902841 9
1.3339179363398 0.47957731969808876 0.5003848556400381 0.5006767454198594 0.48357731969808876 0.5043848556400381 0.5046767454198594 9
1.3320618946426 0.4795633426771394 0.5003839711015109 0.5006748160862382 0.4835633426771394 0.5043839711015109 0.5046748160862382 9
1.330209412459 0.4795493985096941 0.5003830696585835 0.500672923213933 0.4835493985096941 0.5043830696585835 0.504672923213933 9
1.3283604789761 0.47953548472536006 0.5003821549483272 0.5006710588065243 0.48353548472536007 0.5043821549483272 0.5046710588065243 9
1.3265150834254 0.47952159760535296 0.5003812303476977 0.5006692166025712 0.48352159760535296 0.5043812303476977 0.5046692166025712 9
1.324673161468 0.4795077335260712 0.5003802947950795 0.5006673926631245 0.4835077335260712 0.5043802947950795 0.5046673926631245 9
1.3228306777695 0.47949389062567077 0.5003793441945296 0.500665584298585 0.4834938906256708 0.5043793441945296 0.504665584298585 9
1.320991711115 0.479480068969411 0.5003783750591828 0.5006637882080436 0.483480068969411 0.5043783750591828 0.5046637882080436 9
1.3191562508736 0.47946627337872977 0.5003773916039201 0.5006620054748001 0.48346627337872977 0.5043773916039201 0.5046620054748001 9
1.3173242864586 0.4794525098836735 0.50037640405863 0.5006602394416315 0.4834525098836735 0.50437640405863 0.5046602394416315 9
1.3154958073268 0.4794387771681979 0.5003754230740297 0.5006584903720659 0.4834387771681979 0.5043754230740297 0.5046584903720659 9
1.3136708029785 0.4794250644535575 0.500374452154249 0.5006567577398745 0.4834250644535575 0.504374452154249 0.5046567577398745 9
1.3118492629574 0.4794113628450154 0.5003734908818875 0.5006550392730633 0.4834113628450154 0.5043734908818875 0.5046550392730633 9
1.3100311768501 0.47939766925349875 0.5003725395953913 0.5006533286035818 0.48339766925349875 0.5043725395953913 0.5046533286035818 9
1.3082165342861 0.47938398208763205 0.5003715944205245 0.5006516193425674 0.48338398208763206 0.5043715944205245 0.5046516193425674 9
1.3064053249374 0.47937030764702815 0.5003706500925534 0.5006499055006919 0.48337030764702815 0.5043706500925534 0.5046499055006919 9
1.3045975385184 0.4793566616011021 0.5003697020478591 0.5006481813128397 0.4833566616011021 0.5043697020478591 0.5046481813128397 9
1.3027931647857 0.4793430544108144 0.5003687440282344 0.5006464436523291 0.4833430544108144 0.5043687440282344 0.5046464436523291 9
1.3009921935377 0.4793294857213195 0.5003677740856911 0.5006446940122292 0.4833294857213195 0.5043677740856911 0.5046446940122292 9
1.2991947137087 0.47931593613522455 0.500366794902196 0.500642941161614 0.48331593613522456 0.504366794902196 0.504642941161614 9
1.2974004178884 0.4793023764216493 0.5003658111382862 0.5006411963171274 0.4833023764216493 0.5043658111382862 0.5046411963171274 9
1.2956095933115 0.4792887908794125 0.500364826829177 0.5006394688566882 0.4832887908794125 0.504364826829177 0.5046394688566882 9
1.2938221308182 0.4792751744276584 0.5003638468455389 0.5006377635979044 0.4832751744276584 0.5043638468455389 0.5046377635979044 9
1.2920363203018 0.4792615276745022 0.5003628777731143 0.5006360850222958 0.4832615276745022 0.5043628777731143 0.5046360850222958 9
1.2902514143641 0.47924785435925826 0.5003619293442345 0.5006344380673574 0.48324785435925827 0.5043619293442345 0.5046344380673574 9
1.2884698516169 0.4792341634579909 0.5003610100194701 0.5006328292928869 0.4832341634579909 0.5043610100194701 0.5046328292928869 9
1.2866916221477 0.47922046886046143 0.500360126176893 0.5006312582843631 0.48322046886046144 0.504360126176893 0.5046312582843631 9
1.2849167160844 0.47920678087446544 0.5003592831547667 0.5006297129657797 0.48320678087446545 0.5043592831547667 0.5046297129657797 9
1.2831451235949 0.47919310423717604 0.5003584899663498 0.5006281746393356 0.48319310423717604 0.5043584899663498 0.5046281746393356 9
1.2813768348867 0.47917943636364424 0.5003577554169312 0.5006266266771097 0.48317943636364424 0.5043577554169312 0.5046266266771097 9
1.2796118402072 0.4791657805820985 0.5003570804734029 0.5006250602662281 0.4831657805820985 0.5043570804734029 0.5046250602662281 9
1.2778501298427 0.47915214529917277 0.5003564564276324 0.5006234715991895 0.4831521452991728 0.5043564564276324 0.5046234715991895 9
1.2760916941191 0.4791385403268045 0.5003558762110522 0.5006218573411565 0.4831385403268045 0.5043558762110522 0.5046218573411565 9
1.2743365234011 0.4791249741702607 0.5003553334248726 0.500620217995321 0.4831249741702607 0.5043553334248726 0.504620217995321 9
1.272584608092 0.4791114476681033 0.5003548195455956 0.5006185596106458 0.4831114476681033 0.5043548195455956 0.5046185596106458 9
1.270835938634 0.4790979534828686 0.5003543241037989 0.5006168906960619 0.4830979534828686 0.5043543241037989 0.5046168906960619 9
1.2690905055075 0.47908448753120964 0.5003538330503096 0.5006152212046714 0.48308448753120964 0.5043538330503096 0.5046152212046714 9
1.267348299231 0.4790710553227807 0.5003533347026856 0.5006135605743169 0.4830710553227807 0.5043533347026856 0.5046135605743169 9
1.2656093103611 0.4790576652767595 0.5003528222902274 0.5006119168603372 0.48305766527675953 0.5043528222902274 0.5046119168603372 9
1.2638735294923 0.4790443205956008 0.5003522927396136 0.5006102967389665 0.4830443205956008 0.5043522927396136 0.5046102967389665 9
1.2621409472563 0.47903101578658874 0.5003517447753872 0.5006087041791485 0.48303101578658875 0.5043517447753872 0.5046087041791485 9
1.2604094669927 0.47901774373537076 0.5003511768490737 0.5006071425813041 0.48301774373537076 0.5043511768490737 0.5046071425813041 9
1.2586791077784 0.4790045003856032 0.5003505914653152 0.5006056169079871 0.4830045003856032 0.5043505914653152 0.5046056169079871 9
1.2569519301028 0.4789912808917775 0.500349992534192 0.5006041308412845 0.4829912808917775 0.504349992534192 0.5046041308412845 9
1.2552279247092 0.4789780772025044 0.5003493847175645 0.5006026819597222 0.4829780772025044 0.5043493847175645 0.5046026819597222 9
1.2535070823777 0.47896488653815883 0.5003487735574906 0.5006012676963981 0.48296488653815883 0.5043487735574906 0.5046012676963981 9
1.2517893939251 0.47895170972002954 0.5003481635593107 0.500599890116652 0.48295170972002954 0.5043481635593107 0.504599890116652 9
1.2500748502045 0.47893854781022027 0.500347558669372 0.50059855329378 0.4829385478102203 0.504347558669372 0.50459855329378 9
1.2483634421054 0.47892540599449207 0.5003469622943254 0.5005972583063457 0.4829254059944921 0.5043469622943254 0.5045972583063457 9
1.2466551605535 0.47891229396010343 0.5003463782940083 0.5005960047181377 0.48291229396010343 0.5043463782940083 0.5045960047181377 9
1.2449499965101 0.47889921876093544 0.5003458088505981 0.5005947903952386 0.48289921876093544 0.5043458088505981 0.5045947903952386 9
1.2432479409726 0.4788861810837958 0.5003452538145484 0.5005936131485634 0.48288618108379583 0.5043452538145484 0.5045936131485634 9
1.2415489849735 0.47887317687463576 0.5003447121906403 0.5005924681713643 0.48287317687463577 0.5043447121906403 0.5045924681713643 9
1.2398531195811 0.4788602009870469 0.5003441844050343 0.500591344538954 0.4828602009870469 0.5043441844050343 0.504591344538954 9
1.2381603358986 0.47884724786369043 0.5003436718012274 0.5005902304877023 0.48284724786369043 0.5043436718012274 0.5045902304877024 9
1.2364706250644 0.4788343117620241 0.5003431755741378 0.5005891226765568 0.4828343117620241 0.5043431755741378 0.5045891226765568 9
1.2347839782516 0.4788213885585196 0.5003426974680368 0.5005880218972706 0.4828213885585196 0.5043426974680368 0.5045880218972706 9
1.2331003866681 0.47880847509899305 0.5003422374451263 0.5005869241794991 0.48280847509899305 0.5043422374451263 0.5045869241794991 9
1.2314198415561 0.47879557194120215 0.5003417920095015 0.5005858221334014 0.48279557194120215 0.5043417920095015 0.5045858221334014 9
1.2297411394339 0.47878268124683504 0.5003413567523348 0.5005847128558675 0.48278268124683504 0.5043413567523348 0.5045847128558675 9
1.2280625035863 0.47876979879999004 0.500340925500188 0.5005835953554127 0.48276979879999005 0.504340925500188 0.5045835953554128 9
1.2263868987675 0.478756916887505 0.5003404928863745 0.5005824689993452 0.482756916887505 0.5043404928863745 0.5045824689993452 9
1.2247143163202 0.4787440295180199 0.5003400582154329 0.5005813346216309 0.4827440295180199 0.5043400582154329 0.5045813346216309 9
1.2230447476208 0.4787311391585146 0.5003396238454471 0.5005801949314228 0.4827311391585146 0.5043396238454471 0.5045801949314228 9
1.2213781840794 0.47871825496018405 0.5003391904686592 0.500579051068641 0.48271825496018406 0.5043391904686592 0.504579051068641 9
1.2197146171396 0.47870538940432106 0.5003387581008719 0.5005779023497946 0.48270538940432106 0.5043387581008719 0.5045779023497946 9
1.2180540382781 0.4786925525648598 0.5003383287616261 0.5005767484891771 0.4826925525648598 0.5043383287616261 0.5045767484891771 9
1.2163964390051 0.47867974890261017 0.5003379058298718 0.500575594100334 0.4826797489026102 0.5043379058298718 0.504575594100334 9
1.2147418108635 0.4786669829100392 0.5003374925882251 0.5005744493375998 0.4826669829100392 0.5043374925882251 0.5045744493375998 9
1.213090145429 0.478654262757235 0.5003370928274045 0.5005733248645277 0.482654262757235 0.5043370928274045 0.5045733248645277 9
1.2114414343101 0.47864159069124224 0.5003367094178717 0.5005722276715712 0.48264159069124224 0.5043367094178717 0.5045722276715712 9
1.2097956691477 0.47862896522313736 0.5003363449809812 0.500571159571754 0.48262896522313736 0.5043363449809812 0.504571159571754 9
1.2081528416152 0.47861638425909997 0.5003360024221407 0.5005701190230196 0.4826163842591 0.5043360024221407 0.5045701190230196 9
1.2065129434178 0.47860384223261737 0.5003356824135904 0.5005691028787141 0.4826038422326174 0.5043356824135904 0.5045691028787141 9
1.2048759662932 0.47859133219318506 0.5003353831516782 0.5005681076355197 0.48259133219318506 0.5043353831516783 0.5045681076355197 9
1.2032419020105 0.478578845150971 0.5003351039426397 0.5005671329438984 0.482578845150971 0.5043351039426397 0.5045671329438984 9
1.2016107423709 0.478566368344971 0.5003348442489048 0.5005661787658163 0.482566368344971 0.5043348442489048 0.5045661787658163 9
1.1999826401527 0.4785538828732981 0.5003346011361394 0.5005652432828283 0.4825538828732981 0.5043346011361394 0.5045652432828283 9
1.198353932713 0.47854136684233084 0.5003343720798346 0.5005643248535999 0.48254136684233084 0.5043343720798346 0.5045643248535999 9
1.1967272773092 0.47852881712212586 0.5003341554549787 0.5005634231763654 0.48252881712212586 0.5043341554549787 0.5045634231763654 9
1.1951035044915 0.47851623584466224 0.5003339479416463 0.5005625396750397 0.48251623584466224 0.5043339479416463 0.5045625396750397 9
1.1934826061988 0.47850363553591807 0.5003337454682322 0.5005616755028467 0.4825036355359181 0.5043337454682322 0.5045616755028467 9
1.1918645743845 0.4784910323029943 0.500333542928192 0.5005608281051397 0.4824910323029943 0.504333542928192 0.5045608281051397 9
1.190249401033 0.47847843971171594 0.5003333334764465 0.5005599950888854 0.48247843971171595 0.5043333334764465 0.5045599950888854 9
1.188637078159 0.47846586449554235 0.5003331084549898 0.5005591758653177 0.48246586449554235 0.5043331084549898 0.5045591758653177 9
1.187027597808 0.4784533078250526 0.50033286158873 0.5005583689884392 0.4824533078250526 0.50433286158873 0.5045583689884392 9
1.1854209520559 0.4784407758385592 0.5003325901430578 0.500557568433984 0.4824407758385592 0.5043325901430578 0.504557568433984 9
1.1838171330084 0.4784282786692127 0.5003322918238199 0.5005567680631824 0.48242827866921273 0.5043322918238199 0.5045567680631824 9
1.1822161328017 0.47841582404250116 0.5003319606931192 0.5005559651251626 0.48241582404250116 0.5043319606931193 0.5045559651251627 9
1.1806179436016 0.47840341369693673 0.5003315885140702 0.5005551596975276 0.48240341369693673 0.5043315885140702 0.5045551596975276 9
1.1790225576037 0.4783910394855381 0.5003311678047849 0.5005543575944736 0.48239103948553813 0.5043311678047849 0.5045543575944736 9
1.1774299670334 0.4783786909264005 0.5003306910962659 0.5005535666592854 0.4823786909264005 0.5043306910962659 0.5045535666592854 9
1.1758401641454 0.47836635830105134 0.5003301493707669 0.5005527913080297 0.48236635830105135 0.5043301493707669 0.5045527913080297 9
1.1742531412237 0.4783540349025878 0.5003295335651562 0.500552027258352 0.4823540349025878 0.5043295335651562 0.504552027258352 9
1.1726688905817 0.47834171522656704 0.5003288374157588 0.5005512680874168 0.48234171522656705 0.5043288374157588 0.5045512680874168 9
1.1710874045616 0.47832939258953827 0.5003280588416661 0.5005505089328321 0.4823293925895383 0.5043280588416661 0.5045505089328322 9
1.1695086755348 0.4783170601379787 0.5003272002553222 0.5005497483564734 0.4823170601379787 0.5043272002553222 0.5045497483564734 9
1.1679288506289 0.4783047087367509 0.5003262687112947 0.5005489870017108 0.4823047087367509 0.5043262687112947 0.5045489870017108 9
1.1663514460111 0.47829232657579784 0.5003252740011245 0.5005482277290757 0.48229232657579785 0.5043252740011245 0.5045482277290757 9
1.1647767859435 0.47827990274470333 0.5003242233942625 0.5005474727696608 0.48227990274470334 0.5043242233942625 0.5045474727696608 9
1.163204862878 0.4782674323095981 0.5003231234064116 0.5005467216676074 0.4822674323095981 0.5043231234064116 0.5045467216676074 9
1.1616356692949 0.4782549145068067 0.5003219791946066 0.5005459730568637 0.4822549145068067 0.5043219791946066 0.5045459730568637 9
1.160069197703 0.47824235253413744 0.500320796336412 0.500545226647714 0.48224235253413744 0.504320796336412 0.504545226647714 9
1.1585054406388 0.4782297490303393 0.5003195786260367 0.5005444776396207 0.4822297490303393 0.5043195786260367 0.5045444776396207 9
1.1569443906672 0.4782171045084633 0.5003183294782441 0.5005437178510913 0.4822171045084633 0.5043183294782441 0.5045437178510913 9
1.1553860403806 0.4782044243976428 0.5003170572032604 0.500542942445709 0.48220442439764283 0.5043170572032604 0.504542942445709 9
1.1538303823992 0.47819171766662744 0.5003157713379923 0.5005421487755229 0.48219171766662744 0.5043157713379923 0.504542148775523 9
1.1522774093708 0.4781789923763643 0.5003144795665001 0.5005413388549297 0.4821789923763643 0.5043144795665001 0.5045413388549297 9
1.1507271139706 0.47816625775229604 0.5003131899846547 0.5005405190165837 0.48216625775229605 0.5043131899846547 0.5045405190165837 9
1.1491794889012 0.4781535217576395 0.5003119095201338 0.5005396935613818 0.4821535217576395 0.5043119095201338 0.5045396935613818 9
1.1476345268922 0.47814079285841876 0.500310640491645 0.5005388643590645 0.48214079285841877 0.504310640491645 0.5045388643590645 9
1.1460922207005 0.47812807850414696 0.500309382652403 0.5005380311230344 0.48212807850414696 0.504309382652403 0.5045380311230344 9
1.1445525631096 0.47811538568682327 0.5003081371622105 0.5005371945992677 0.4821153856868233 0.5043081371622105 0.5045371945992677 9
1.1430155469301 0.4781027256266577 0.5003069074909486 0.5005363562926054 0.4821027256266577 0.5043069074909486 0.5045363562926054 9
1.1414811649992 0.47809010944654623 0.5003057002389385 0.5005355176593433 0.48209010944654623 0.5043057002389385 0.5045355176593433 9
1.1399494101804 0.4780775440828095 0.5003045210042063 0.5005346800286836 0.4820775440828095 0.5043045210042063 0.5045346800286836 9
1.1384170770215 0.4780650317769663 0.5003033723925358 0.5005338435404761 0.4820650317769663 0.5043033723925358 0.5045338435404761 9
1.136886379811 0.4780525713665087 0.5003022547592697 0.500533011423229 0.4820525713665087 0.5043022547592697 0.504533011423229 9
1.1353582985752 0.47804015984087134 0.5003011677440413 0.5005321902062193 0.48204015984087134 0.5043011677440413 0.5045321902062193 9
1.1338328262503 0.4780277929333052 0.5003001064135604 0.5005313843140474 0.4820277929333052 0.5043001064135604 0.5045313843140474 9
1.1323099557988 0.4780154722432488 0.5002990622881298 0.5005305933979922 0.4820154722432488 0.5042990622881298 0.5045305933979922 9
1.1307896802088 0.47800319770253075 0.5002980259351654 0.5005298152284661 0.48200319770253075 0.5042980259351654 0.5045298152284661 9
1.1292719924944 0.4779909652318222 0.5002969892631431 0.5005290460347485 0.4819909652318222 0.5042969892631431 0.5045290460347485 9
1.1277568856954 0.4779787712458155 0.5002959483915689 0.5005282821577751 0.4819787712458155 0.5042959483915689 0.5045282821577751 9
1.1262443528772 0.4779666155440705 0.5002949007502787 0.5005275230704087 0.4819666155440705 0.5042949007502787 0.5045275230704087 9
1.1247343871304 0.4779544982576649 0.500293840859814 0.5005267686023042 0.4819544982576649 0.504293840859814 0.5045267686023042 9
1.1232269815714 0.4779424160040651 0.5002927630510982 0.5005260194382734 0.4819424160040651 0.5042927630510982 0.5045260194382734 9
1.1217221293414 0.47793036189121185 0.5002916620963974 0.500525278165624 0.48193036189121186 0.5042916620963974 0.504525278165624 9
1.1202198236069 0.4779183312533977 0.500290534053493 0.5005245481077597 0.4819183312533977 0.504290534053493 0.5045245481077597 9
1.1187200575594 0.47790632188051696 0.5002893762960998 0.5005238340661923 0.48190632188051696 0.5042893762960998 0.5045238340661923 9
1.1172228244152 0.47789433250393987 0.5002881911485983 0.5005231395318889 0.48189433250393987 0.5042881911485984 0.5045231395318889 9
1.1157281174154 0.4778823632151513 0.5002869815165348 0.5005224651629159 0.4818823632151513 0.5042869815165348 0.5045224651629159 9
1.1142359298258 0.47787041558011745 0.5002857488757014 0.5005218084742916 0.48187041558011745 0.5042857488757014 0.5045218084742916 9
1.1127462549366 0.4778584938287226 0.5002844981504291 0.5005211673185592 0.4818584938287226 0.5042844981504291 0.5045211673185592 9
1.1112590860625 0.4778465984199442 0.5002832354159492 0.5005205423102878 0.4818465984199442 0.5042832354159492 0.5045205423102878 9
1.1097732043061 0.4778347271757513 0.5002819656332718 0.5005199366453967 0.4818347271757513 0.5042819656332718 0.5045199366453967 9
1.1082868412979 0.4778228802955666 0.5002806927819688 0.5005193545804363 0.4818228802955666 0.5042806927819689 0.5045193545804363 9
1.1068029743615 0.4778110563511503 0.5002794176770006 0.5005187985371238 0.4818110563511503 0.5042794176770006 0.5045187985371238 9
1.1053215968767 0.4777992526582683 0.5002781401750696 0.5005182681840705 0.4817992526582683 0.5042781401750696 0.5045182681840705 9
1.1038427022473 0.4777874643568247 0.5002768624446967 0.500517761306266 0.4817874643568247 0.5042768624446967 0.504517761306266 9
1.1023662839011 0.4777756857521771 0.5002755891634416 0.5005172741504696 0.4817756857521771 0.5042755891634416 0.5045172741504697 9
1.1008923352897 0.47776391146432 0.5002743237218497 0.5005168038232651 0.48176391146432 0.5042743237218497 0.5045168038232651 9
1.0994209390267 0.4777521409695644 0.5002730693024509 0.5005163490495705 0.4817521409695644 0.5042730693024509 0.5045163490495705 9
1.0979518211862 0.477740371313328 0.5002718303280907 0.500515907373582 0.48174037131332803 0.5042718303280908 0.504515907373582 9
1.0964852427328 0.4777285986690608 0.5002706084039943 0.5005154736706056 0.4817285986690608 0.5042706084039943 0.5045154736706056 9
1.0950211080468 0.47771681677149097 0.5002694027582243 0.5005150422247326 0.481716816771491 0.5042694027582243 0.5045150422247326 9
1.0935594107057 0.47770502291138683 0.5002682107801444 0.5005146095486424 0.48170502291138684 0.5042682107801444 0.5045146095486424 9
1.0921001443014 0.4776932194047123 0.5002670287167466 0.5005141731348032 0.4816932194047123 0.5042670287167466 0.5045141731348032 9
1.0906433024487 0.4776814140600748 0.5002658519247474 0.5005137334977503 0.4816814140600748 0.5042658519247474 0.5045137334977503 9
1.0891888787854 0.47766961440688155 0.5002646739882026 0.500513293367425 0.48166961440688155 0.5042646739882026 0.504513293367425 9
1.087736866972 0.4776578219373389 0.5002634907207762 0.5005128554892122 0.4816578219373389 0.5042634907207763 0.5045128554892122 9
1.0862872606919 0.4776460375856636 0.5002623065464398 0.5005124201019614 0.4816460375856636 0.5042623065464398 0.5045124201019614 9
1.084840053651 0.4776342676094387 0.500261130700198 0.5005119834158855 0.4816342676094387 0.504261130700198 0.5045119834158855 9
1.0833952395775 0.4776225197158159 0.5002599721214903 0.5005115403733926 0.4816225197158159 0.5042599721214903 0.5045115403733926 9
1.0819528122223 0.47761079911918725 0.5002588360309129 0.500511085643848 0.48161079911918725 0.5042588360309129 0.5045110856438481 9
1.0805106987643 0.47759910888058676 0.500257722908816 0.5005106158324035 0.48159910888058677 0.504257722908816 0.5045106158324035 9
1.0790688366712 0.4775874516466475 0.5002566288497969 0.5005101326920107 0.4815874516466475 0.5042566288497969 0.5045101326920107 9
1.0776293524832 0.4775758310460955 0.5002555447312959 0.5005096380504365 0.4815758310460955 0.5042555447312959 0.5045096380504365 9
1.0761922400095 0.47756425252019313 0.5002544618106851 0.5005091314908968 0.48156425252019314 0.5042544618106851 0.5045091314908968 9
1.074757493081 0.4775527211800758 0.5002533740084693 0.5005086123755219 0.4815527211800758 0.5042533740084693 0.5045086123755219 9
1.0733251055509 0.47754123801892234 0.5002522765230518 0.5005080803274811 0.48154123801892235 0.5042522765230518 0.5045080803274811 9
1.0718950712939 0.4775298010388395 0.5002511683977683 0.5005075348322608 0.4815298010388395 0.5042511683977683 0.5045075348322609 9
1.0704673842066 0.4775184049501677 0.5002500493514249 0.5005069745291088 0.4815184049501677 0.5042500493514249 0.5045069745291088 9
1.0690420382071 0.4775070457461985 0.5002489171667446 0.5005063982053229 0.4815070457461985 0.5042489171667446 0.504506398205323 9
1.0676190272351 0.4774957216492617 0.5002477691737662 0.5005058049006629 0.4814957216492617 0.5042477691737662 0.5045058049006629 9
1.0661983452518 0.47748442709523986 0.5002466035037788 0.5005051916672851 0.48148442709523986 0.5042466035037788 0.5045051916672851 9
1.0647799862396 0.4774731503874439 0.5002454202284826 0.5005045550986826 0.4814731503874439 0.5042454202284826 0.5045045550986826 9
1.0633639442022 0.47746188254934846 0.5002442204410287 0.5005038947986122 0.48146188254934846 0.5042442204410287 0.5045038947986122 9
1.0619502131644 0.4774506218443029 0.5002430031962888 0.5005032164509945 0.48145062184430293 0.5042430031962888 0.5045032164509945 9
1.0605387871721 0.47743937096306677 0.500241766059631 0.5005025280990161 0.48143937096306677 0.504241766059631 0.5045025280990161 9
1.0591296602921 0.47742813539471035 0.5002405094216722 0.5005018347564043 0.48142813539471035 0.5042405094216722 0.5045018347564043 9
1.057722826612 0.4774169176115384 0.5002392347659284 0.5005011413735484 0.48141691761153843 0.5042392347659284 0.5045011413735484 9
1.0563182802405 0.4774057141497914 0.5002379419066382 0.5005004554993442 0.4814057141497914 0.5042379419066382 0.5045004554993442 9
1.0549160153065 0.4773945207538197 0.5002366301790451 0.5004997821183297 0.4813945207538197 0.5042366301790451 0.5044997821183297 9
1.0535160259598 0.4773833324340765 0.5002353007986741 0.500499123249683 0.4813833324340765 0.5042353007986741 0.504499123249683 9
1.0521167440013 0.4773721419745549 0.5002339520308777 0.5004984776365212 0.4813721419745549 0.5042339520308777 0.5044984776365212 9
1.0507170931312 0.4773609352748835 0.5002325798446088 0.5004978401361696 0.4813609352748835 0.5042325798446088 0.5044978401361696 9
1.0493197100668 0.47734969660981436 0.5002311799046202 0.5004972076910525 0.48134969660981436 0.5042311799046202 0.5044972076910526 9
1.0479245890103 0.47733842285605615 0.5002297525533174 0.5004965791356623 0.48133842285605616 0.5042297525533174 0.5044965791356623 9
1.0465317241835 0.47732712032317426 0.5002283023428659 0.5004959531737599 0.48132712032317426 0.5042283023428659 0.50449595317376 9
1.0451411098288 0.47731579504042704 0.5002268349179615 0.500495327744149 0.48131579504042704 0.5042268349179615 0.504495327744149 9
1.0437527402086 0.4773044521985557 0.5002253531916155 0.5004947011654642 0.4813044521985557 0.5042253531916155 0.5044947011654642 9
1.042366609605 0.47729309680349435 0.5002238601657019 0.5004940714901174 0.48129309680349436 0.5042238601657019 0.5044940714901174 9
1.0409827123204 0.47728173268488777 0.5002223607917021 0.5004934368048509 0.4812817326848878 0.5042223607917021 0.5044934368048509 9
1.0396010426766 0.4772703604186108 0.5002208597379892 0.5004927972397978 0.4812703604186108 0.5042208597379892 0.5044927972397978 9
1.0382215950154 0.4772589795389682 0.500219359129667 0.5004921530316115 0.4812589795389682 0.504219359129667 0.5044921530316115 9
1.0368443636981 0.47724759176042986 0.5002178589923584 0.5004915051402399 0.48124759176042986 0.5042178589923584 0.5044915051402399 9
1.0354693431056 0.4772362042022828 0.5002163594836835 0.5004908573391378 0.4812362042022828 0.5042163594836835 0.5044908573391378 9
1.0340965276382 0.4772248278087639 0.5002148621394336 0.5004902152017672 0.4812248278087639 0.5042148621394336 0.5044902152017672 9
1.0327259117156 0.4772134776833233 0.5002133689474384 0.5004895863091589 0.4812134776833233 0.5042133689474384 0.5044895863091589 9
1.0313574897767 0.4772021669859584 0.5002118849491478 0.5004889791844142 0.4812021669859584 0.5042118849491478 0.5044889791844142 9
1.0299912562798 0.477190897213481 0.5002104129825183 0.5004884008960185 0.481190897213481 0.5042104129825183 0.5044884008960185 9
1.0286272057021 0.477179662612563 0.5002089538059556 0.5004878569184574 0.481179662612563 0.5042089538059557 0.5044878569184574 9
1.02726533254 0.47716845922864987 0.5002075062548063 0.500487347652985 0.48116845922864987 0.5042075062548063 0.504487347652985 9
1.0259056313087 0.47715728344430836 0.5002060678151959 0.5004868672315034 0.48115728344430836 0.504206067815196 0.5044868672315034 9
1.0245480965424 0.4771461339913144 0.5002046357460592 0.5004864066462134 0.4811461339913144 0.5042046357460592 0.5044864066462134 9
1.0231888347304 0.4771350101097612 0.5002032083283092 0.5004859561704069 0.48113501010976123 0.5042032083283092 0.5044859561704069 9
1.0218314228799 0.47712391104829976 0.500201787750758 0.5004855088856767 0.48112391104829977 0.504201787750758 0.5044855088856767 9
1.0204761706842 0.4771128340041393 0.5002003759468667 0.500485061261795 0.4811128340041393 0.5042003759468667 0.504485061261795 9
1.0191230727238 0.4771017725652597 0.5001989722550082 0.5004846117562836 0.4811017725652597 0.5041989722550082 0.5044846117562836 9
1.017772123598 0.4770907196881585 0.5001975742560829 0.5004841605847139 0.48109071968815853 0.5041975742560829 0.5044841605847139 9
1.0164233179243 0.4770796702863731 0.500196176770996 0.500483709461761 0.4810796702863731 0.504196176770996 0.504483709461761 9
1.0150766503387 0.4770686162184985 0.5001947742130786 0.5004832573724459 0.4810686162184985 0.5041947742130786 0.5044832573724459 9
1.0137321154957 0.47705754936793665 0.5001933617148293 0.5004828047376937 0.48105754936793665 0.5041933617148293 0.5044828047376937 9
1.0123897080677 0.47704646518589966 0.5001919330017177 0.5004823547762784 0.48104646518589966 0.5041919330017177 0.5044823547762785 9
1.0110494227456 0.4770353635594548 0.500190484721511 0.500481911952808 0.4810353635594548 0.504190484721511 0.504481911952808 9
1.0097112542383 0.47702424807183724 0.5001890218198475 0.5004814752156206 0.48102424807183725 0.5041890218198475 0.5044814752156206 9
1.0083751972725 0.4770131217350345 0.5001875504164983 0.5004810391105876 0.4810131217350345 0.5041875504164983 0.5044810391105876 9
1.0070412465932 0.47700198335266836 0.5001860730731296 0.5004805970165669 0.48100198335266836 0.5041860730731296 0.5044805970165669 9
1.0057093969629 0.47699083647237506 0.5001845878385567 0.5004801455848822 0.48099083647237506 0.5041845878385567 0.5044801455848822 9
1.0043796431622 0.47697969109962335 0.5001830929372642 0.5004796850555563 0.48097969109962335 0.5041830929372642 0.5044796850555563 9
1.0030519799891 0.4769685587724784 0.500181589393214 0.5004792140964504 0.4809685587724784 0.504181589393214 0.5044792140964504 9
1.0017264022594 0.47695745034484 0.5001800809701025 0.5004787339256316 0.48095745034484 0.5041800809701025 0.5044787339256316 9
1.0004029048065 0.4769463764168302 0.5001785724914973 0.5004782498461048 0.4809463764168302 0.5041785724914973 0.5044782498461048 9
