8.1330643194892 0.4916489348523811 0.5011670594302692 0.5010843138658019 0.4956489348523811 0.5051670594302692 0.5050843138658019 9
8.0818843214791 0.49162404285980726 0.5011630379952994 0.5010840487385437 0.49562404285980727 0.5051630379952994 0.5050840487385437 9
8.0314148869044 0.49159928522750046 0.5011593718734216 0.5010831519460996 0.49559928522750046 0.5051593718734216 0.5050831519460997 9
7.9816419161148 0.49157403759049817 0.5011558120673689 0.501082394902763 0.4955740375904982 0.5051558120673689 0.505082394902763 9
7.9325417101846 0.4915485840750793 0.5011519105246963 0.5010815557224131 0.4955485840750793 0.5051519105246963 0.5050815557224131 9
7.8841093256458 0.4915237271534043 0.5011477404255171 0.5010808181695163 0.4955237271534043 0.5051477404255171 0.5050808181695163 9
7.8363256870345 0.4914987437549126 0.5011431988601291 0.5010800094393657 0.4954987437549126 0.5051431988601292 0.5050800094393657 9
7.7891789670368 0.49147413870677253 0.5011384231303069 0.5010789922243336 0.49547413870677254 0.5051384231303069 0.5050789922243336 9
7.7426543516668 0.4914491617203374 0.501134039506689 0.5010781905025113 0.4954491617203374 0.505134039506689 0.5050781905025113 9
7.6967390981526 0.4914244617773401 0.5011300558502739 0.5010774957627422 0.4954244617773401 0.5051300558502739 0.5050774957627422 9
7.6514215382762 0.4913998067169311 0.5011260919604845 0.5010766299880424 0.4953998067169311 0.5051260919604845 0.5050766299880424 9
7.6066870985632 0.49137530157069836 0.5011217941165571 0.5010758301673555 0.49537530157069837 0.5051217941165571 0.5050758301673555 9
7.56252588351 0.4913504318553407 0.5011174616447425 0.5010751992371093 0.4953504318553407 0.5051174616447425 0.5050751992371093 9
7.5189257900861 0.49132543430639186 0.5011130191703993 0.5010746893631312 0.49532543430639187 0.5051130191703993 0.5050746893631312 9
7.4758742805379 0.49130040438801703 0.5011083467349016 0.5010739853214718 0.49530040438801703 0.5051083467349016 0.5050739853214719 9
7.4333621571324 0.49127570899125866 0.5011034608096196 0.5010738629582244 0.49527570899125867 0.5051034608096197 0.5050738629582244 9
7.3913774665521 0.4912513358930144 0.5010986649133577 0.5010734116235281 0.4952513358930144 0.5050986649133578 0.5050734116235281 9
7.349909823956 0.4912265316675495 0.5010937777273372 0.5010737622435535 0.4952265316675495 0.5050937777273372 0.5050737622435535 9
7.3089502830204 0.4912014836216616 0.5010889176843856 0.5010738902500934 0.4952014836216616 0.5050889176843856 0.5050738902500934 9
7.2684872391571 0.49117619823060715 0.5010843942581441 0.5010739722311768 0.49517619823060716 0.5050843942581441 0.5050739722311768 9
7.2285121024239 0.49115088385957767 0.5010802064860254 0.5010735258423634 0.4951508838595777 0.5050802064860254 0.5050735258423634 9
7.1890162272408 0.49112571122566506 0.5010765224805401 0.5010727648627096 0.49512571122566507 0.5050765224805401 0.5050727648627096 9
7.1499884119886 0.49110051159040097 0.5010727700056261 0.5010716445352064 0.49510051159040097 0.5050727700056261 0.5050716445352064 9
7.1114215058699 0.49107588173357114 0.5010685234180211 0.5010701051358735 0.49507588173357114 0.5050685234180211 0.5050701051358735 9
7.0733072276286 0.4910512023183177 0.5010637777430259 0.5010687499321899 0.49505120231831773 0.5050637777430259 0.5050687499321899 9
7.0356348473542 0.4910263305050143 0.5010591746252661 0.5010668000531631 0.4950263305050143 0.5050591746252661 0.5050668000531631 9
6.9984018395066 0.49100204365325234 0.501054677586142 0.5010644604110963 0.49500204365325234 0.505054677586142 0.5050644604110963 9
6.9615897368687 0.4909783028812928 0.5010502092570277 0.5010619763068225 0.4949783028812928 0.5050502092570277 0.5050619763068225 9
6.9251989919202 0.4909544095621632 0.5010457158150073 0.5010601257078823 0.4949544095621632 0.5050457158150073 0.5050601257078823 9
6.889220717047 0.4909307383722597 0.5010407765052716 0.5010582670280005 0.4949307383722597 0.5050407765052716 0.5050582670280005 9
6.8536476043573 0.4909070784417616 0.5010360438725151 0.5010563694047265 0.4949070784417616 0.5050360438725151 0.5050563694047265 9
6.8184701284878 0.4908833570711774 0.5010314840190163 0.5010545745148172 0.4948833570711774 0.5050314840190163 0.5050545745148172 9
6.7836833043465 0.4908594563601029 0.5010265837769229 0.5010522530895685 0.4948594563601029 0.5050265837769229 0.5050522530895685 9
6.7492804580935 0.4908360695381857 0.5010215362327922 0.5010494835796871 0.4948360695381857 0.5050215362327922 0.5050494835796872 9
6.7152528236759 0.49081307966798876 0.5010165403964167 0.5010467875501317 0.49481307966798876 0.5050165403964167 0.5050467875501317 9
6.6815954030677 0.4907901387485485 0.501011491023561 0.5010434973795896 0.4947901387485485 0.505011491023561 0.5050434973795896 9
6.6483022721564 0.49076707175338796 0.5010063714107823 0.5010404628062021 0.49476707175338797 0.5050063714107823 0.5050404628062021 9
6.6153655461906 0.4907441852873597 0.5010009987306162 0.5010366480411581 0.4947441852873597 0.5050009987306162 0.5050366480411581 9
6.58277983259 0.49072140679537596 0.5009956004250558 0.5010323746934818 0.49472140679537596 0.5049956004250558 0.5050323746934818 9
6.5505400847295 0.4906983358067825 0.50099047827177 0.501027805715319 0.4946983358067825 0.50499047827177 0.505027805715319 9
6.5186394340621 0.4906753153912178 0.5009846876730911 0.5010229420306355 0.4946753153912178 0.5049846876730911 0.5050229420306355 9
6.4870717002914 0.4906528177867858 0.500978762316341 0.5010174807060366 0.4946528177867858 0.504978762316341 0.5050174807060366 9
6.455832854524 0.49063118273463896 0.5009725744903888 0.5010118293024324 0.49463118273463896 0.5049725744903888 0.5050118293024324 9
6.4249171923139 0.4906108181483351 0.5009658528193032 0.5010065788931373 0.49461081814833513 0.5049658528193032 0.5050065788931373 9
6.394317339037 0.4905915065060991 0.5009590158660128 0.5010018326242607 0.4945915065060991 0.5049590158660128 0.5050018326242607 9
6.3640304364049 0.4905724659283291 0.5009527841654933 0.5009982547094076 0.4945724659283291 0.5049527841654933 0.5049982547094076 9
6.3340513962328 0.49055311156914694 0.5009465765742238 0.5009958873807722 0.49455311156914694 0.5049465765742238 0.5049958873807722 9
6.3043733543713 0.4905339721674399 0.5009410225594566 0.5009936209143672 0.4945339721674399 0.5049410225594566 0.5049936209143672 9
6.2749926621466 0.49051402208823314 0.5009360897222981 0.5009918140400041 0.49451402208823314 0.5049360897222981 0.5049918140400041 9
6.2459052693099 0.490493532733417 0.5009315274192043 0.5009903647794158 0.494493532733417 0.5049315274192043 0.5049903647794158 9
6.2171057683393 0.4904733508000424 0.5009270366623965 0.500988904189573 0.4944733508000424 0.5049270366623965 0.504988904189573 9
6.1885885138638 0.4904521586133276 0.5009224154579903 0.5009874377835917 0.4944521586133276 0.5049224154579903 0.5049874377835917 9
6.1603509286601 0.4904305042150981 0.5009174797906556 0.5009858461102692 0.4944305042150981 0.5049174797906556 0.5049858461102692 9
6.1323886514927 0.49040899924104775 0.5009127097590262 0.5009845360370306 0.49440899924104775 0.5049127097590262 0.5049845360370306 9
6.104695379329 0.4903874872329728 0.5009077220615868 0.500983103990715 0.4943874872329728 0.5049077220615868 0.504983103990715 9
6.0772684074498 0.49036583269780215 0.5009030060901947 0.5009816939750047 0.49436583269780215 0.5049030060901947 0.5049816939750047 9
6.0501042425386 0.4903438141039763 0.5008979538066398 0.5009809943436437 0.4943438141039763 0.5048979538066398 0.5049809943436437 9
6.0231983798081 0.4903215294729893 0.5008933130990699 0.500979759543485 0.4943215294729893 0.5048933130990699 0.504979759543485 9
5.9965475703719 0.49029779344186464 0.500888713382155 0.5009784953904092 0.49429779344186464 0.504888713382155 0.5049784953904092 9
5.9701432208965 0.49027506481457395 0.500882866132347 0.5009763267617949 0.49427506481457395 0.504882866132347 0.5049763267617949 9
5.9439884934335 0.49025411305749783 0.5008768396980617 0.5009741132168243 0.49425411305749783 0.5048768396980617 0.5049741132168243 9
5.9180759873356 0.4902342306143149 0.500870447294055 0.5009730748395693 0.49423423061431493 0.5048704472940551 0.5049730748395693 9
5.89240226686 0.49021415834468435 0.5008642312804295 0.50097288568774 0.49421415834468435 0.5048642312804295 0.50497288568774 9
5.8669650638089 0.49019360945556034 0.5008581062705955 0.5009732616696506 0.49419360945556035 0.5048581062705955 0.5049732616696506 9
5.8417609124107 0.4901723967763602 0.5008522577522984 0.5009734738933385 0.4941723967763602 0.5048522577522984 0.5049734738933385 9
5.8167842956069 0.49015089692905855 0.5008462489497827 0.5009726245157811 0.49415089692905856 0.5048462489497827 0.5049726245157811 9
5.7920334747095 0.4901304562895882 0.500840084014977 0.5009720002173125 0.4941304562895882 0.504840084014977 0.5049720002173125 9
5.767505751253 0.4901103271498197 0.5008344881860082 0.5009721493978255 0.49411032714981973 0.5048344881860082 0.5049721493978255 9
5.7431979262941 0.4900900529209378 0.5008281758547009 0.500971844727581 0.49409005292093783 0.5048281758547009 0.504971844727581 9
5.7191042306574 0.4900704263641562 0.5008222810069531 0.5009713670521293 0.4940704263641562 0.5048222810069531 0.5049713670521293 9
5.695224191153 0.4900501983964066 0.5008164152716481 0.500971087445488 0.4940501983964066 0.5048164152716481 0.504971087445488 9
5.6715548563947 0.4900306074021203 0.500810651958746 0.500970674912178 0.4940306074021203 0.504810651958746 0.504970674912178 9
5.6480930437119 0.4900114565549256 0.5008055360766641 0.5009703660210181 0.4940114565549256 0.5048055360766641 0.5049703660210181 9
5.6248335895041 0.48999191849508256 0.5008005255910616 0.5009698762287227 0.49399191849508256 0.5048005255910616 0.5049698762287227 9
5.6017761687059 0.48997216027706963 0.5007953823271678 0.500969405956303 0.49397216027706964 0.5047953823271678 0.504969405956303 9
5.5789179892623 0.48995246565180084 0.5007898872665737 0.5009692582460099 0.49395246565180084 0.5047898872665737 0.5049692582460099 9
5.5562560161217 0.4899332739373267 0.5007842408720061 0.5009693764694909 0.4939332739373267 0.5047842408720061 0.5049693764694909 9
5.5337854228291 0.4899141623499891 0.500778730551614 0.500969485223935 0.4939141623499891 0.504778730551614 0.504969485223935 9
5.5115060388609 0.48989548963894475 0.5007737700733521 0.5009694944487744 0.49389548963894475 0.5047737700733521 0.5049694944487744 9
5.4894152752971 0.4898767732959605 0.5007691992012474 0.5009695774327282 0.4938767732959605 0.5047691992012474 0.5049695774327282 9
5.4675104519837 0.4898580876708431 0.5007647809896862 0.5009695396341202 0.4938580876708431 0.5047647809896862 0.5049695396341202 9
5.4457866023531 0.4898396847299197 0.5007604787692083 0.5009695590434244 0.4938396847299197 0.5047604787692083 0.5049695590434244 9
5.4242439216841 0.4898216146374953 0.5007561800136178 0.5009698804764587 0.4938216146374953 0.5047561800136178 0.5049698804764587 9
5.4028800057157 0.4898039194646575 0.5007522079791444 0.5009704293651136 0.4938039194646575 0.5047522079791444 0.5049704293651136 9
5.3816924938323 0.48978635719746877 0.5007485092791858 0.5009708846407273 0.4937863571974688 0.5047485092791858 0.5049708846407273 9
5.3606765485932 0.4897687899435671 0.5007450212235917 0.5009710508815919 0.4937687899435671 0.5047450212235917 0.5049710508815919 9
5.3398321903059 0.48975124555081606 0.5007417310566401 0.5009710551252406 0.49375124555081606 0.5047417310566401 0.5049710551252407 9
5.3191574374925 0.4897337711332757 0.5007385019152482 0.5009706870409285 0.4937337711332757 0.5047385019152482 0.5049706870409285 9
5.2986500938818 0.4897165463840458 0.5007353955201906 0.5009698082283204 0.49371654638404583 0.5047353955201906 0.5049698082283204 9
5.2783060983026 0.4896994008062357 0.5007323809726566 0.5009683891103303 0.4936994008062357 0.5047323809726566 0.5049683891103303 9
5.2581243704102 0.4896824008874633 0.5007296109079403 0.5009667260609704 0.4936824008874633 0.5047296109079403 0.5049667260609704 9
5.2381037238371 0.4896654059165776 0.500727103124008 0.5009651234311263 0.4936654059165776 0.504727103124008 0.5049651234311263 9
5.2182421123361 0.4896483561639148 0.500724666702168 0.500963459528797 0.4936483561639148 0.504724666702168 0.504963459528797 9
5.1985364939115 0.4896307099813566 0.5007223709533446 0.5009614704974713 0.4936307099813566 0.5047223709533446 0.5049614704974713 9
5.1789841577134 0.48961233567359924 0.5007200840829374 0.5009589887006817 0.49361233567359925 0.5047200840829374 0.5049589887006817 9
5.1595849588013 0.48959315280408994 0.5007177164961003 0.500956136881764 0.49359315280408994 0.5047177164961003 0.504956136881764 9
5.1403369881188 0.48957318641923336 0.5007153669996238 0.5009532024539876 0.49357318641923337 0.5047153669996238 0.5049532024539876 9
5.1212383691729 0.4895524962133099 0.5007131673811913 0.5009502630381957 0.4935524962133099 0.5047131673811913 0.5049502630381957 9
5.1022845388415 0.48953114563928196 0.5007110490062657 0.5009474466617189 0.49353114563928197 0.5047110490062657 0.5049474466617189 9
5.0834763219681 0.4895092729030702 0.5007089119277784 0.5009446639992806 0.49350927290307023 0.5047089119277784 0.5049446639992806 9
5.0648120457982 0.48948696658543395 0.5007067932560967 0.5009419502383927 0.49348696658543395 0.5047067932560967 0.5049419502383927 9
5.0462899568069 0.4894643668738104 0.5007047564181744 0.5009395584795816 0.4934643668738104 0.5047047564181744 0.5049395584795816 9
5.027907003054 0.48944156117952536 0.5007028197657906 0.5009376195593133 0.49344156117952537 0.5047028197657906 0.5049376195593133 9
5.0096613111284 0.4894186519879984 0.5007009725238214 0.5009358512741793 0.4934186519879984 0.5047009725238214 0.5049358512741793 9
4.9915537094735 0.48939567401004197 0.5006992851201866 0.5009341572502763 0.493395674010042 0.5046992851201866 0.5049341572502763 9
4.9735796746086 0.489372393272926 0.5006977874631456 0.5009326403984643 0.493372393272926 0.5046977874631456 0.5049326403984643 9
4.9557404757496 0.4893488619663459 0.5006963663167976 0.5009313786241507 0.4933488619663459 0.5046963663167976 0.5049313786241507 9
4.9380310525019 0.48932514190993326 0.5006948557636558 0.5009304493528066 0.49332514190993326 0.5046948557636558 0.5049304493528066 9
4.9204520263699 0.48930124393706825 0.500693189653374 0.5009299467093655 0.49330124393706826 0.504693189653374 0.5049299467093655 9
4.9030022186814 0.48927717584017466 0.5006913545648023 0.500929791816875 0.49327717584017466 0.5046913545648023 0.504929791816875 9
4.8856801172535 0.48925300083123247 0.5006893296597912 0.5009299364703542 0.49325300083123247 0.5046893296597912 0.5049299364703542 9
4.8684836794612 0.4892288307442683 0.50068705241296 0.5009302931186496 0.4932288307442683 0.50468705241296 0.5049302931186496 9
4.8514096704994 0.4892049530366177 0.5006845572383141 0.500930928830502 0.4932049530366177 0.5046845572383141 0.5049309288305021 9
4.834459003746 0.48918154579293494 0.5006816295892474 0.5009318687278536 0.49318154579293494 0.5046816295892474 0.5049318687278536 9
4.8176302606012 0.48915851547845507 0.500678112594882 0.5009328932522127 0.4931585154784551 0.504678112594882 0.5049328932522127 9
4.8009220447965 0.48913584768237056 0.5006741072711267 0.500934162403211 0.49313584768237056 0.5046741072711267 0.504934162403211 9
4.784331787004 0.48911363184631895 0.5006697847844093 0.5009358403500451 0.49311363184631896 0.5046697847844093 0.5049358403500451 9
4.7678576311648 0.4890918064010865 0.5006651183052522 0.5009378335524161 0.4930918064010865 0.5046651183052522 0.5049378335524161 9
4.7514999721025 0.4890703250661654 0.5006601985914514 0.5009398955947983 0.4930703250661654 0.5046601985914514 0.5049398955947983 9
4.7352574981467 0.4890491156311735 0.5006551446296337 0.500941991985608 0.4930491156311735 0.5046551446296337 0.504941991985608 9
4.719128917842 0.4890281422708574 0.5006499729084787 0.5009440078890854 0.4930281422708574 0.5046499729084787 0.5049440078890854 9
4.7031114062749 0.48900750513217117 0.500644665093232 0.5009459971857921 0.4930075051321712 0.504644665093232 0.5049459971857921 9
4.6872039085764 0.48898720225972303 0.5006390805930153 0.5009479491238742 0.49298720225972303 0.5046390805930153 0.5049479491238742 9
4.6714065757758 0.4889672933411796 0.5006331395201912 0.5009497466878088 0.4929672933411796 0.5046331395201912 0.5049497466878088 9
4.6557181930564 0.48894775246794725 0.5006268379558473 0.5009514050517734 0.49294775246794725 0.5046268379558473 0.5049514050517734 9
4.6401375639397 0.4889285930726968 0.5006202098913605 0.5009530810394897 0.4929285930726968 0.5046202098913605 0.5049530810394897 9
4.6246618908247 0.48890987207686293 0.5006132901221806 0.5009547801200795 0.49290987207686293 0.5046132901221806 0.5049547801200795 9
4.609290322647 0.4888916903525746 0.5006060683568061 0.5009565001218796 0.49289169035257463 0.5046060683568061 0.5049565001218796 9
4.5940230530324 0.4888740582040064 0.500598585925366 0.5009583429224085 0.4928740582040064 0.504598585925366 0.5049583429224085 9
4.5788589550727 0.48885702552373017 0.5005909148477192 0.500960191457401 0.4928570255237302 0.5045909148477192 0.504960191457401 9
4.5637969185282 0.4888406756705285 0.5005833131442037 0.5009620216780395 0.4928406756705285 0.5045833131442037 0.5049620216780395 9
4.5488344688364 0.48882510894859993 0.5005763245690454 0.5009641869343271 0.49282510894859993 0.5045763245690454 0.5049641869343271 9
4.5339703389387 0.4888103354748859 0.5005702186092188 0.5009669567533953 0.4928103354748859 0.5045702186092188 0.5049669567533953 9
4.5192050641501 0.48879638236322814 0.5005649970596981 0.5009702578161247 0.49279638236322815 0.5045649970596982 0.5049702578161247 9
4.5045375975085 0.48878308042211754 0.5005606043534488 0.5009739668629024 0.49278308042211755 0.5045606043534488 0.5049739668629024 9
4.4899669072332 0.4887704785762268 0.5005571532629586 0.5009778088948057 0.4927704785762268 0.5045571532629586 0.5049778088948057 9
4.4754911514238 0.48875863003833975 0.5005547551716943 0.5009815913146501 0.49275863003833975 0.5045547551716943 0.5049815913146501 9
4.4611080022545 0.48874730799919824 0.5005532726322419 0.5009850689354173 0.49274730799919825 0.5045532726322419 0.5049850689354173 9
4.4468186496149 0.4887361150894179 0.5005525959457985 0.5009881118927583 0.4927361150894179 0.5045525959457985 0.5049881118927583 9
4.4326221193866 0.4887248246861527 0.5005523624807622 0.5009908100379774 0.4927248246861527 0.5045523624807622 0.5049908100379774 9
4.4185174513027 0.48871320356195913 0.5005523531879894 0.5009933693918173 0.49271320356195913 0.5045523531879894 0.5049933693918173 9
4.4045036986985 0.48870105135880665 0.5005525126297496 0.5009958302041282 0.49270105135880665 0.5045525126297496 0.5049958302041282 9
4.3905769868197 0.4886883535089178 0.500552609307732 0.5009984083019334 0.4926883535089178 0.504552609307732 0.5049984083019334 9
4.3767393017845 0.48867503347575 0.5005526852387675 0.5010011778051484 0.49267503347575 0.5045526852387675 0.5050011778051484 9
4.3629897980136 0.48866082368216224 0.5005528004033858 0.501004245975861 0.49266082368216224 0.5045528004033858 0.505004245975861 9
4.3493275805421 0.4886456570394303 0.5005528905179734 0.501007622573387 0.4926456570394303 0.5045528905179734 0.505007622573387 9
4.3357517668425 0.488629512419812 0.5005530635486807 0.5010112550845637 0.492629512419812 0.5045530635486807 0.5050112550845637 9
4.3222597483625 0.48861234372781936 0.5005533051225315 0.5010151693803924 0.49261234372781937 0.5045533051225315 0.5050151693803924 9
4.3088511357715 0.48859422193211854 0.5005535875513858 0.501019279117078 0.49259422193211855 0.5045535875513858 0.505019279117078 9
4.2955263781795 0.4885751465164308 0.5005537197773785 0.5010235282881321 0.4925751465164308 0.5045537197773785 0.5050235282881321 9
4.2822846403544 0.48855522118452854 0.5005535708159086 0.5010279485078916 0.49255522118452855 0.5045535708159086 0.5050279485078916 9
4.2691250984564 0.48853443931348195 0.500552924204207 0.5010322931668078 0.49253443931348195 0.504552924204207 0.5050322931668078 9
4.256046765488 0.48851271617771036 0.5005515046387978 0.5010362586437385 0.49251271617771036 0.5045515046387978 0.5050362586437385 9
4.2430461473216 0.48849002257010915 0.5005491886075877 0.5010399530347369 0.49249002257010915 0.5045491886075877 0.5050399530347369 9
4.230125346118 0.48846658216364924 0.5005460282527674 0.5010434436449142 0.49246658216364925 0.5045460282527674 0.5050434436449142 9
4.2172835813756 0.48844302537869094 0.5005421558323235 0.501047011006225 0.49244302537869095 0.5045421558323235 0.505047011006225 9
4.2045200830444 0.4884199669622674 0.5005379887610242 0.5010498322201181 0.4924199669622674 0.5045379887610242 0.5050498322201181 9
4.1918340913492 0.4883975567879553 0.5005336142846901 0.5010522401199395 0.4923975567879553 0.5045336142846901 0.5050522401199395 9
4.1792235471624 0.4883757182347578 0.500529307814399 0.5010541795595401 0.4923757182347578 0.504529307814399 0.5050541795595401 9
4.1666872780132 0.4883544437360797 0.5005250397992251 0.5010557880395038 0.4923544437360797 0.5045250397992251 0.5050557880395038 9
4.1542263217858 0.48833368760804446 0.5005209662285401 0.5010572785357007 0.49233368760804447 0.5045209662285401 0.5050572785357007 9
4.1418399578098 0.48831339587914124 0.500517096310762 0.5010587552228405 0.49231339587914125 0.504517096310762 0.5050587552228405 9
4.1295274748596 0.4882935227088865 0.500513442417314 0.5010602857672873 0.4922935227088865 0.504513442417314 0.5050602857672873 9
4.1172881709967 0.48827402067578857 0.5005099540190061 0.5010618325715946 0.49227402067578857 0.5045099540190061 0.5050618325715946 9
4.1051192542267 0.48825469947642564 0.5005066256728024 0.5010632831812691 0.49225469947642564 0.5045066256728024 0.5050632831812691 9
4.0930211737232 0.48823544188027573 0.5005034691911412 0.5010647337085669 0.49223544188027574 0.5045034691911412 0.5050647337085669 9
4.0809942459588 0.4882160792022731 0.5005004706250131 0.5010662442044752 0.4922160792022731 0.5045004706250131 0.5050662442044752 9
4.0690378043587 0.4881965638658917 0.500497630683082 0.5010679196766762 0.4921965638658917 0.504497630683082 0.5050679196766762 9
4.0571511909009 0.48817708597601106 0.5004946835567531 0.5010696734887582 0.49217708597601106 0.5044946835567531 0.5050696734887582 9
4.0453337559766 0.48815778228379914 0.5004915531640632 0.5010715170607964 0.49215778228379914 0.5044915531640632 0.5050715170607964 9
4.0335823263733 0.48813875215126945 0.5004881683924597 0.5010736353395686 0.49213875215126945 0.5044881683924597 0.5050736353395686 9
4.021898250315 0.4881199591745061 0.5004844869770468 0.5010760907622646 0.4921199591745061 0.5044844869770468 0.5050760907622646 9
4.0102814779793 0.4881015029003935 0.5004806949604673 0.5010788571205723 0.4921015029003935 0.5044806949604673 0.5050788571205723 9
3.9987324166792 0.488083367207412 0.5004769106182555 0.5010818313315317 0.492083367207412 0.5044769106182555 0.5050818313315317 9
3.9872473818901 0.4880655124660529 0.5004730949147435 0.5010849803314614 0.4920655124660529 0.5044730949147435 0.5050849803314614 9
3.975828846378 0.48804803364237337 0.5004693769340713 0.5010881960894586 0.4920480336423734 0.5044693769340713 0.5050881960894587 9
3.9644725959655 0.48803082386425445 0.500465764334425 0.5010915153564518 0.49203082386425445 0.504465764334425 0.5050915153564518 9
3.9531801297653 0.48801386036943933 0.5004621195505902 0.5010950028341692 0.49201386036943934 0.5044621195505902 0.5050950028341692 9
3.9419514004454 0.48799717079342114 0.5004584806644211 0.5010986061879192 0.49199717079342115 0.5044584806644211 0.5050986061879192 9
3.9307858349441 0.4879807213933391 0.5004550010706693 0.5011021621883476 0.4919807213933391 0.5044550010706693 0.5051021621883476 9
3.9196828672572 0.487964242006462 0.5004517094461356 0.5011058471907226 0.491964242006462 0.5044517094461356 0.5051058471907226 9
3.9086419383279 0.48794760495427064 0.5004486166541536 0.5011096225359901 0.49194760495427065 0.5044486166541536 0.5051096225359901 9
3.8976602239897 0.4879306779521899 0.5004456685173976 0.5011135158582722 0.4919306779521899 0.5044456685173976 0.5051135158582722 9
3.8867385970595 0.4879131989773525 0.5004429745603097 0.5011174363744147 0.49191319897735253 0.5044429745603097 0.5051174363744148 9
3.8758773965664 0.4878952726016921 0.5004406935115984 0.5011215274855643 0.4918952726016921 0.5044406935115984 0.5051215274855643 9
3.8650760899298 0.4878769272671752 0.5004386840874141 0.5011257568394685 0.4918769272671752 0.5044386840874141 0.5051257568394685 9
3.8543341509986 0.48785808660861907 0.500437032046242 0.5011301611747985 0.49185808660861907 0.504437032046242 0.5051301611747985 9
3.8436510599535 0.4878390635572892 0.5004358835819828 0.5011349005000162 0.4918390635572892 0.5044358835819828 0.5051349005000162 9
3.833024754667 0.4878197757098459 0.50043523271488 0.5011399005854424 0.4918197757098459 0.50443523271488 0.5051399005854424 9
3.8224546730326 0.48780039460386787 0.5004349849884806 0.5011453223764761 0.4918003946038679 0.5044349849884806 0.5051453223764761 9
3.8119419408224 0.4877811705972624 0.5004351816258111 0.5011512613160437 0.4917811705972624 0.5044351816258111 0.5051512613160437 9
3.8014860623499 0.4877623369809978 0.5004358397718828 0.5011574722835713 0.4917623369809978 0.5044358397718828 0.5051574722835713 9
3.7910865477977 0.48774376498280275 0.5004368702388432 0.5011641430908254 0.49174376498280276 0.5044368702388432 0.5051641430908254 9
3.7807429131294 0.4877253214121938 0.5004383889193516 0.5011712472679528 0.4917253214121938 0.5044383889193516 0.5051712472679528 9
3.7704542734784 0.48770682284663724 0.5004403066390734 0.501178447640236 0.49170682284663725 0.5044403066390734 0.505178447640236 9
3.7602177883086 0.48768832422028796 0.5004424219996421 0.5011856189844957 0.49168832422028796 0.5044424219996421 0.5051856189844957 9
3.7500357884639 0.4876697668307627 0.5004445055489144 0.5011928911647536 0.4916697668307627 0.5044445055489144 0.5051928911647536 9
3.7399078119443 0.4876511603538933 0.5004464959022458 0.5012003526333704 0.4916511603538933 0.5044464959022458 0.5052003526333704 9
3.7298334021165 0.4876325855175632 0.5004487140969677 0.5012079604897642 0.4916325855175632 0.5044487140969677 0.5052079604897642 9
3.7198121076345 0.48761414964940386 0.500450938476924 0.5012156539732409 0.49161414964940386 0.504450938476924 0.5052156539732409 9
3.7098434823625 0.487595738777479 0.5004530884523921 0.5012235306277594 0.49159573877747903 0.5044530884523921 0.5052235306277594 9
3.6999250456339 0.4875772717796814 0.5004550942921727 0.5012313649191962 0.4915772717796814 0.5044550942921727 0.5052313649191962 9
3.6900572514729 0.4875592072343901 0.5004568927012927 0.5012389237705308 0.4915592072343901 0.5044568927012927 0.5052389237705308 9
3.6802408418972 0.48754156469335286 0.5004583119705627 0.5012463374131565 0.49154156469335286 0.5044583119705627 0.5052463374131565 9
3.6704753906334 0.4875243013159154 0.5004592334708298 0.5012533312610867 0.4915243013159154 0.5044592334708298 0.5052533312610867 9
3.6607604762527 0.48750740684188737 0.5004598523260773 0.5012601295289703 0.4915074068418874 0.5044598523260773 0.5052601295289703 9
3.6510956821011 0.4874912496738026 0.5004603320289485 0.5012667688330035 0.4914912496738026 0.5044603320289485 0.5052667688330035 9
3.6414805597078 0.48747529544320484 0.5004601498822858 0.5012737690980015 0.49147529544320484 0.5044601498822858 0.5052737690980015 9
3.6319115503565 0.48745931185307806 0.5004594297596217 0.5012812585473316 0.49145931185307806 0.5044594297596217 0.5052812585473316 9
3.6223914623408 0.487443537616475 0.5004581063073372 0.5012890884824496 0.491443537616475 0.5044581063073372 0.5052890884824496 9
3.6129198972098 0.48742782369041215 0.5004560772544171 0.5012971907823672 0.49142782369041216 0.5044560772544171 0.5052971907823672 9
3.6034964609584 0.4874121536424112 0.5004537731664677 0.5013048755752066 0.4914121536424112 0.5044537731664677 0.5053048755752066 9
3.5941207639651 0.4873965850898176 0.5004520282579948 0.5013117178074713 0.4913965850898176 0.5044520282579948 0.5053117178074713 9
3.5847924209296 0.4873813273054812 0.5004510935311922 0.5013175643642725 0.49138132730548123 0.5044510935311922 0.5053175643642726 9
3.575510232622 0.4873661004005626 0.5004510469489742 0.5013226478652762 0.4913661004005626 0.5044510469489742 0.5053226478652763 9
3.5662722191411 0.4873509966457423 0.500451887153703 0.5013271300042716 0.4913509966457423 0.504451887153703 0.5053271300042717 9
3.5570804517714 0.4873363411729968 0.5004537491252871 0.5013311481354489 0.4913363411729968 0.5044537491252871 0.5053311481354489 9
3.5479345616864 0.48732195497919467 0.5004564004923632 0.5013349003562008 0.4913219549791947 0.5044564004923632 0.5053349003562008 9
3.5388341840899 0.48730780524059725 0.5004598607290524 0.5013388191856478 0.49130780524059725 0.5044598607290524 0.5053388191856478 9
3.5297789581599 0.4872935650615977 0.5004639915053403 0.5013430387779567 0.4912935650615977 0.5044639915053403 0.5053430387779567 9
3.5207685269939 0.4872790594581736 0.5004688650326091 0.501347510855746 0.49127905945817363 0.5044688650326091 0.505347510855746 9
3.5118013802506 0.48726448734373534 0.5004743169156354 0.5013522197456675 0.49126448734373535 0.5044743169156354 0.5053522197456675 9
3.5028762255762 0.48725013669777717 0.5004801671813979 0.5013571904116123 0.4912501366977772 0.5044801671813979 0.5053571904116123 9
3.4939951268027 0.4872359942898649 0.5004863427087028 0.5013624614075904 0.4912359942898649 0.5044863427087029 0.5053624614075904 9
3.4851568825282 0.4872219609997207 0.500492595962777 0.5013677960877819 0.4912219609997207 0.504492595962777 0.5053677960877819 9
3.4763620139467 0.48720783088769065 0.5004988218464721 0.5013731169129431 0.49120783088769066 0.5044988218464721 0.5053731169129431 9
3.467609899811 0.4871935024811352 0.5005050424145651 0.5013784399500159 0.4911935024811352 0.5045050424145651 0.5053784399500159 9
3.4589002090205 0.48717891751398457 0.5005114146412174 0.5013839408246052 0.49117891751398457 0.5045114146412174 0.5053839408246052 9
3.4502315763407 0.48716416317911 0.5005179844676808 0.501389679658053 0.49116416317911 0.5045179844676808 0.505389679658053 9
3.4416024736124 0.4871494961883498 0.5005248351013278 0.5013958084489607 0.4911494961883498 0.5045248351013278 0.5053958084489607 9
3.4330148438295 0.4871349992608663 0.5005318994198916 0.5014023013205523 0.4911349992608663 0.5045318994198916 0.5054023013205523 9
3.4244683694379 0.48712077360429923 0.5005391107998634 0.5014090014954444 0.49112077360429923 0.5045391107998634 0.5054090014954444 9
3.4159627362152 0.48710694477950334 0.500546350227972 0.5014161221172589 0.49110694477950334 0.504546350227972 0.505416122117259 9
3.4074976332263 0.4870934344489111 0.5005532483124088 0.5014238243924906 0.4910934344489111 0.5045532483124088 0.5054238243924906 9
3.3990727527795 0.4870801178655236 0.5005596217485754 0.501432088113754 0.4910801178655236 0.5045596217485754 0.505432088113754 9
3.3906873492335 0.4870667379953974 0.5005657229531769 0.5014407376009031 0.4910667379953974 0.5045657229531769 0.5054407376009031 9
3.3823386996526 0.48705323875875883 0.5005716881914337 0.5014496478990916 0.49105323875875884 0.5045716881914337 0.5054496478990916 9
3.3740293903981 0.48703970595739543 0.5005776466361587 0.501458622946825 0.49103970595739543 0.5045776466361587 0.505458622946825 9
3.3657591261373 0.48702629338746467 0.5005836588070807 0.5014677605658823 0.4910262933874647 0.5045836588070807 0.5054677605658823 9
3.3575276145752 0.48701296756561935 0.5005898241922266 0.5014772966594372 0.49101296756561935 0.5045898241922266 0.5054772966594372 9
3.3493345664152 0.4870000181373151 0.5005960054157295 0.5014872751183307 0.4910000181373151 0.5045960054157295 0.5054872751183307 9
3.34117969532 0.48698773610692225 0.50060198707058 0.5014975696703138 0.49098773610692226 0.50460198707058 0.5054975696703138 9
3.3330627178729 0.48697645632626807 0.500607394451857 0.5015082283132137 0.4909764563262681 0.504607394451857 0.5055082283132137 9
3.3249806737144 0.4869663136292889 0.5006127046301919 0.5015188738952344 0.4909663136292889 0.5046127046301919 0.5055188738952344 9
3.3169353347487 0.4869570685333385 0.500618191837942 0.5015292725107642 0.4909570685333385 0.504618191837942 0.5055292725107642 9
3.3089270777267 0.48694822884010164 0.5006239161660575 0.501539519981397 0.49094822884010164 0.5046239161660575 0.505539519981397 9
3.3009556303579 0.48693959235970047 0.5006292484711118 0.5015490143227798 0.49093959235970047 0.5046292484711118 0.5055490143227798 9
3.2930207230915 0.48693129485265146 0.5006335457209654 0.5015574803854824 0.49093129485265147 0.5046335457209654 0.5055574803854824 9
3.2851220890813 0.48692292886440114 0.5006364122978085 0.5015643952297116 0.49092292886440114 0.5046364122978085 0.5055643952297116 9
3.2772594641517 0.48691373756905504 0.5006375465329125 0.501569515616301 0.49091373756905504 0.5046375465329125 0.505569515616301 9
3.2694314870768 0.486904081094304 0.5006372513229452 0.5015734074916695 0.490904081094304 0.5046372513229452 0.5055734074916695 9
3.2616367572483 0.4868944677991332 0.5006359459757765 0.5015760467658315 0.4908944677991332 0.5046359459757765 0.5055760467658315 9
3.2538772808452 0.48688460189143185 0.5006338415026299 0.5015774305293141 0.49088460189143185 0.5046338415026299 0.5055774305293141 9
3.2461528038593 0.4868743237660812 0.5006310648354486 0.5015775024628415 0.4908743237660812 0.5046310648354486 0.5055775024628415 9
3.23846307479 0.4868635876929825 0.5006277917469826 0.5015766043883227 0.4908635876929825 0.5046277917469826 0.5055766043883227 9
3.2308078446135 0.4868521343598183 0.5006243172804589 0.5015747817392758 0.4908521343598183 0.5046243172804589 0.5055747817392758 9
3.2231868667511 0.4868400868010022 0.5006210307852725 0.5015723526000817 0.4908400868010022 0.5046210307852725 0.5055723526000817 9
3.2155998970397 0.48682710103698246 0.5006179866491641 0.5015695427825783 0.49082710103698246 0.5046179866491641 0.5055695427825783 9
3.2080443372893 0.4868133487517025 0.5006151715465733 0.5015662995538658 0.4908133487517025 0.5046151715465733 0.5055662995538658 9
3.2005213069074 0.4867992689025908 0.5006126946170311 0.5015626464262819 0.4907992689025908 0.5046126946170311 0.5055626464262819 9
3.1930315872069 0.48678492242090105 0.5006105740566529 0.5015585581176359 0.49078492242090105 0.5046105740566529 0.505558558117636 9
3.1855749432158 0.4867702611410846 0.500608783143641 0.5015544295888188 0.49077026114108463 0.504608783143641 0.5055544295888188 9
3.1781511422332 0.4867553292800117 0.5006072774365441 0.5015504418401802 0.4907553292800117 0.5046072774365441 0.5055504418401802 9
3.1707599538021 0.48674000470641404 0.5006060522330716 0.5015467104458803 0.49074000470641405 0.5046060522330716 0.5055467104458803 9
3.1634011496809 0.48672434106369894 0.5006049001088934 0.5015432839464514 0.49072434106369894 0.5046049001088934 0.5055432839464514 9
3.1560745038175 0.4867084312396231 0.5006038171754915 0.5015398711122234 0.4907084312396231 0.5046038171754915 0.5055398711122234 9
3.148776689342 0.48669252324643736 0.5006027861376168 0.5015364122533305 0.49069252324643736 0.5046027861376168 0.5055364122533305 9
3.1415103200926 0.4866765857319743 0.5006020253328382 0.5015331391470421 0.4906765857319743 0.5046020253328382 0.5055331391470421 9
3.1342754643171 0.48666057082820285 0.5006010717879065 0.5015301082352627 0.49066057082820286 0.5046010717879065 0.5055301082352627 9
3.1270719042894 0.48664396391239995 0.5005999855259206 0.5015274991817159 0.49064396391239995 0.5045999855259206 0.5055274991817159 9
3.119899424345 0.486626639322252 0.5005987956749647 0.5015252605242807 0.490626639322252 0.5045987956749647 0.5055252605242807 9
3.1127578108557 0.4866086871460017 0.5005975017852152 0.5015231442670899 0.4906086871460017 0.5045975017852152 0.5055231442670899 9
3.1056468522058 0.4865902327769709 0.5005961001870102 0.5015211465313024 0.4905902327769709 0.5045961001870102 0.5055211465313024 9
3.0985663387676 0.48657130658363296 0.5005945871945586 0.501519239172071 0.49057130658363296 0.5045945871945586 0.505519239172071 9
3.0915127408727 0.4865520937250443 0.5005930626472451 0.5015176080171223 0.4905520937250443 0.5045930626472451 0.5055176080171223 9
3.0844891067424 0.4865327270734203 0.5005917862697502 0.5015160510765964 0.4905327270734203 0.5045917862697502 0.5055160510765964 9
3.0774953208457 0.4865131651661098 0.50059077206701 0.5015147716168677 0.4905131651661098 0.50459077206701 0.5055147716168678 9
3.0705311811127 0.48649344793949756 0.5005898652391327 0.5015138018141694 0.49049344793949756 0.5045898652391327 0.5055138018141694 9
3.0635964873479 0.4864734261771807 0.5005890974461158 0.501513165420235 0.4904734261771807 0.5045890974461158 0.5055131654202351 9
3.0566910412088 0.48645316011145984 0.5005887563261385 0.5015130491714065 0.49045316011145984 0.5045887563261385 0.5055130491714065 9
3.0498146461836 0.4864335378857467 0.5005888338829712 0.5015132923604967 0.49043353788574673 0.5045888338829712 0.5055132923604967 9
3.0429671075699 0.4864153085831858 0.5005890951809097 0.501513719929349 0.4904153085831858 0.5045890951809097 0.505513719929349 9
3.0361452383258 0.4863984228961259 0.5005893961669392 0.5015146899413624 0.4903984228961259 0.5045893961669392 0.5055146899413624 9
3.029351422556 0.4863826381512049 0.5005898418918132 0.5015158966649081 0.4903826381512049 0.5045898418918132 0.5055158966649081 9
3.0225859096847 0.4863681418317396 0.500590506687585 0.5015175917763035 0.4903681418317396 0.504590506687585 0.5055175917763035 9
3.0158485118826 0.48635473028504206 0.5005911414877188 0.501519623173811 0.49035473028504206 0.5045911414877188 0.505519623173811 9
3.0091390430286 0.4863419576589232 0.5005916665698513 0.5015216312522421 0.4903419576589232 0.5045916665698513 0.5055216312522421 9
3.0024573186901 0.4863297712615969 0.5005919457275775 0.5015236344669963 0.4903297712615969 0.5045919457275775 0.5055236344669963 9
2.9958034010342 0.48631802768903426 0.500592062711908 0.5015255003122367 0.49031802768903426 0.504592062711908 0.5055255003122368 9
2.9891763741313 0.4863068862449319 0.5005920672707602 0.5015275305478325 0.4903068862449319 0.5045920672707602 0.5055275305478325 9
2.9825746953267 0.48629601507379006 0.5005917515065575 0.5015295040658916 0.49029601507379006 0.5045917515065576 0.5055295040658916 9
2.9759986987166 0.48628511981295774 0.5005912641151037 0.5015312951143897 0.49028511981295775 0.5045912641151037 0.5055312951143897 9
2.9694495688274 0.48627442047145153 0.5005907108075387 0.5015329031897648 0.49027442047145153 0.5045907108075387 0.5055329031897648 9
2.9629271308074 0.4862636024424059 0.5005900286565005 0.5015342610796231 0.4902636024424059 0.5045900286565005 0.5055342610796231 9
2.9564312113643 0.4862522238996069 0.5005890342030516 0.5015352812315172 0.4902522238996069 0.5045890342030516 0.5055352812315173 9
2.9499616387478 0.48624034851608966 0.500587979915246 0.501536125188029 0.49024034851608966 0.504587979915246 0.505536125188029 9
2.9435182427321 0.48622778237766257 0.500586806414697 0.5015369633321249 0.49022778237766257 0.504586806414697 0.505536963332125 9
2.9371008545984 0.486214506623771 0.5005856332586929 0.5015376924049372 0.49021450662377103 0.5045856332586929 0.5055376924049372 9
2.9307086966299 0.48620047710446007 0.5005845982398922 0.5015384679207415 0.4902004771044601 0.5045845982398922 0.5055384679207415 9
2.924339355746 0.4861857244591454 0.5005837205227871 0.5015393233252847 0.4901857244591454 0.5045837205227871 0.5055393233252847 9
2.9179955449638 0.4861708520860476 0.5005830234073431 0.5015400065141045 0.4901708520860476 0.5045830234073431 0.5055400065141045 9
2.9116771012797 0.48615638904812103 0.5005828858864176 0.5015406143333216 0.49015638904812103 0.5045828858864176 0.5055406143333216 9
2.9053838631165 0.48614263136080527 0.5005833541119512 0.5015411311266847 0.49014263136080527 0.5045833541119512 0.5055411311266848 9
2.8991156703073 0.48612950986053943 0.500584117130275 0.5015417504012221 0.49012950986053944 0.504584117130275 0.5055417504012221 9
2.8928723640799 0.48611697845935115 0.500585066300901 0.5015425772519558 0.49011697845935115 0.504585066300901 0.5055425772519558 9
2.8866537870417 0.4861048940234782 0.5005860536521236 0.501543405249099 0.4901048940234782 0.5045860536521236 0.505543405249099 9
2.8804597831643 0.4860931871691618 0.50058688430827 0.5015439200723676 0.4900931871691618 0.50458688430827 0.5055439200723676 9
2.8742881909078 0.4860818038148505 0.5005875422684657 0.5015441777349627 0.4900818038148505 0.5045875422684657 0.5055441777349627 9
2.868139389412 0.48607074379485243 0.5005878723292708 0.5015444964415117 0.49007074379485244 0.5045878723292708 0.5055444964415117 9
2.8620147201979 0.4860598333566607 0.5005881648764963 0.5015448341074592 0.4900598333566607 0.5045881648764963 0.5055448341074592 9
2.8559140324042 0.4860491877701961 0.5005883628273324 0.5015450672383396 0.4900491877701961 0.5045883628273324 0.5055450672383396 9
2.8498371764623 0.4860386869329136 0.5005882614117974 0.5015452766364938 0.4900386869329136 0.5045882614117974 0.5055452766364938 9
2.8437840040819 0.48602816642385005 0.5005881229320893 0.5015456025743916 0.49002816642385005 0.5045881229320893 0.5055456025743916 9
2.8377543682371 0.4860174057287235 0.5005878928994479 0.5015459547220716 0.4900174057287235 0.5045878928994479 0.5055459547220716 9
2.8317481231531 0.48600632768898355 0.5005873254131458 0.5015463949839424 0.49000632768898356 0.5045873254131458 0.5055463949839424 9
2.8257651242924 0.48599461857305803 0.5005865212587066 0.5015469878479176 0.48999461857305804 0.5045865212587066 0.5055469878479176 9
2.8198024174793 0.4859819349210499 0.5005855296319789 0.501547451255306 0.4899819349210499 0.5045855296319789 0.505547451255306 9
2.8138619846925 0.485968442165865 0.5005849320531969 0.5015476991244981 0.489968442165865 0.5045849320531969 0.5055476991244982 9
2.8079443906796 0.4859540147448463 0.5005845944568059 0.5015483355033851 0.4899540147448463 0.5045845944568059 0.5055483355033851 9
2.8020494955847 0.4859390011853052 0.5005844120432309 0.5015492252222412 0.4899390011853052 0.5045844120432309 0.5055492252222412 9
2.7961771607254 0.4859239522771947 0.5005845773320267 0.5015502853817931 0.4899239522771947 0.5045845773320267 0.5055502853817931 9
2.7903272485808 0.4859089761976126 0.5005848286011457 0.501551266435774 0.4899089761976126 0.5045848286011457 0.505551266435774 9
2.7844996227786 0.48589413638092066 0.5005851023375022 0.5015521513658774 0.48989413638092066 0.5045851023375022 0.5055521513658774 9
2.7786941480832 0.485879664764435 0.5005857073735764 0.5015529590107293 0.489879664764435 0.5045857073735764 0.5055529590107293 9
2.7729106903838 0.48586537530162566 0.5005865630893057 0.501553588803166 0.48986537530162566 0.5045865630893057 0.505553588803166 9
2.7671461137324 0.4858513869381624 0.5005874839909539 0.501554207113262 0.4898513869381624 0.5045874839909539 0.505554207113262 9
2.7614027747164 0.4858377674047356 0.5005884099544053 0.5015549019699587 0.4898377674047356 0.5045884099544053 0.5055549019699587 9
2.755681075595 0.4858244626729286 0.5005893677060502 0.5015554787945595 0.4898244626729286 0.5045893677060502 0.5055554787945595 9
2.7499814536001 0.48581176666339776 0.5005902950704844 0.5015556948833239 0.48981176666339776 0.5045902950704844 0.5055556948833239 9
2.7443020786027 0.4857992748039725 0.5005910501929125 0.5015557079889322 0.4897992748039725 0.5045910501929125 0.5055557079889322 9
2.7386445243154 0.48578689709438677 0.5005916218559556 0.5015557058156852 0.4897868970943868 0.5045916218559556 0.5055557058156852 9
2.7330080967851 0.48577451709760555 0.5005920870353467 0.5015558693968863 0.48977451709760556 0.5045920870353467 0.5055558693968863 9
2.7273926704128 0.4857623974670662 0.5005924363448965 0.5015564874705751 0.4897623974670662 0.5045924363448965 0.5055564874705751 9
2.7217981205674 0.4857506162144067 0.5005925888021286 0.5015572092997121 0.4897506162144067 0.5045925888021286 0.5055572092997122 9
2.7162217622248 0.48573904103836846 0.5005930950289046 0.5015578254703468 0.48973904103836846 0.5045930950289046 0.5055578254703468 9
2.710665055125 0.4857279774587833 0.5005938038106611 0.5015583790821947 0.4897279774587833 0.5045938038106611 0.5055583790821947 9
2.7051288750561 0.4857172764612183 0.500594772796872 0.5015590246798562 0.4897172764612183 0.504594772796872 0.5055590246798563 9
2.699613101252 0.4857071295539685 0.5005959677107354 0.5015596547667395 0.4897071295539685 0.5045959677107354 0.5055596547667395 9
2.6941176139201 0.4856974542250009 0.5005972858644699 0.5015603216984558 0.4896974542250009 0.50459728586447 0.5055603216984558 9
2.6886422942316 0.4856879213456548 0.500598703562995 0.501560812766231 0.4896879213456548 0.504598703562995 0.505560812766231 9
2.6831870243116 0.48567822323032406 0.5005999461507731 0.5015611472165504 0.48967822323032406 0.5045999461507731 0.5055611472165504 9
2.6777516872294 0.48566828355437663 0.5006012865479045 0.501561647982951 0.48966828355437664 0.5046012865479045 0.505561647982951 9
2.6723361669889 0.4856578710882747 0.5006025366202076 0.501562096789181 0.4896578710882747 0.5046025366202076 0.505562096789181 9
2.6669388861383 0.48564708039265697 0.5006033557711075 0.50156262852331 0.489647080392657 0.5046033557711075 0.50556262852331 9
2.6615590885918 0.48563595571465457 0.5006037947877329 0.5015629125272698 0.48963595571465457 0.5046037947877329 0.5055629125272698 9
2.6561987835508 0.4856244690887529 0.5006036804426942 0.5015631464283593 0.4896244690887529 0.5046036804426942 0.5055631464283593 9
2.6508578585405 0.48561264724623765 0.5006034646908559 0.5015635014178262 0.48961264724623765 0.5046034646908559 0.5055635014178262 9
2.6455362019753 0.4856000833993525 0.5006027920692814 0.5015637219494692 0.4896000833993525 0.5046027920692814 0.5055637219494692 9
2.6402337031506 0.48558713393860553 0.5006017213862508 0.5015639196971236 0.48958713393860553 0.5046017213862508 0.5055639196971236 9
2.6349502522329 0.48557388289944853 0.5006002728209077 0.5015641295489754 0.48957388289944853 0.5046002728209077 0.5055641295489754 9
2.6296857402522 0.4855602506659266 0.500598600716931 0.5015642946252494 0.4895602506659266 0.504598600716931 0.5055642946252494 9
2.6244400590924 0.4855462865922771 0.5005968204547186 0.5015644133526791 0.4895462865922771 0.5045968204547187 0.5055644133526791 9
2.6192131014838 0.4855321212441245 0.5005950995424407 0.5015644902328105 0.4895321212441245 0.5045950995424408 0.5055644902328105 9
2.6140014850298 0.485517662047528 0.5005933285218513 0.5015645728922344 0.489517662047528 0.5045933285218513 0.5055645728922344 9
2.6088080779502 0.48550286384044755 0.5005915044869966 0.5015646482882206 0.48950286384044756 0.5045915044869966 0.5055646482882206 9
2.6036330954259 0.4854878410350408 0.5005896656808829 0.5015647280181632 0.4894878410350408 0.5045896656808829 0.5055647280181632 9
2.5984764333688 0.4854724541328516 0.5005878452818431 0.5015649195785492 0.4894724541328516 0.5045878452818431 0.5055649195785492 9
2.5933379884962 0.4854567136886835 0.5005861486555901 0.5015651873615535 0.4894567136886835 0.5045861486555901 0.5055651873615535 9
2.5882176583238 0.4854408464362815 0.5005846492126104 0.5015652776314549 0.4894408464362815 0.5045846492126104 0.5055652776314549 9
2.5831153411572 0.48542468963847435 0.5005831561546594 0.5015652792953373 0.48942468963847435 0.5045831561546594 0.5055652792953373 9
2.5780309360845 0.4854084133001582 0.500581717560904 0.5015652138586364 0.4894084133001582 0.504581717560904 0.5055652138586364 9
2.5729643429684 0.48539222143364447 0.5005807518290846 0.5015652301834647 0.48939222143364447 0.5045807518290846 0.5055652301834647 9
2.5679146480014 0.4853760465564261 0.5005800650593095 0.5015653414773878 0.4893760465564261 0.5045800650593095 0.5055653414773879 9
2.5628797707525 0.4853598429225039 0.5005791965502686 0.5015656673152308 0.4893598429225039 0.5045791965502686 0.5055656673152308 9
2.5578624272738 0.485343678022754 0.500578280336381 0.5015660123746256 0.489343678022754 0.504578280336381 0.5055660123746256 9
2.5528625203371 0.48532740617256465 0.5005773609542433 0.5015664407243703 0.48932740617256465 0.5045773609542433 0.5055664407243703 9
2.5478799534532 0.48531108144423263 0.5005763740426802 0.5015668628652565 0.48931108144423263 0.5045763740426802 0.5055668628652565 9
2.5429146308645 0.4852947830512187 0.5005751063755691 0.5015673027045551 0.4892947830512187 0.5045751063755691 0.5055673027045551 9
2.5379664575381 0.48527829804697875 0.5005736316261955 0.5015678190209748 0.48927829804697875 0.5045736316261955 0.5055678190209748 9
2.5330353391588 0.48526171585750794 0.5005722204030573 0.5015683541755382 0.48926171585750794 0.5045722204030573 0.5055683541755382 9
2.5281211821226 0.4852452761788248 0.5005707595486272 0.5015689393702004 0.4892452761788248 0.5045707595486272 0.5055689393702004 9
2.5232238935291 0.4852289195603584 0.5005694999827465 0.5015698113217941 0.4892289195603584 0.5045694999827465 0.5055698113217941 9
2.5183421205572 0.4852125726723173 0.500568270455826 0.5015705919244168 0.4892125726723173 0.504568270455826 0.5055705919244168 9
2.5134746641511 0.48519607672445164 0.5005670997303903 0.5015713105086319 0.48919607672445165 0.5045670997303903 0.5055713105086319 9
2.5086238190324 0.4851795135050674 0.5005659096115931 0.5015718402391909 0.4891795135050674 0.5045659096115931 0.5055718402391909 9
2.5037894949392 0.4851628289079043 0.5005648881372391 0.5015721898522763 0.4891628289079043 0.5045648881372391 0.5055721898522763 9
2.498971980488 0.4851460476784471 0.5005643064288747 0.5015723826712265 0.4891460476784471 0.5045643064288747 0.5055723826712265 9
2.4941700520989 0.48512942087450434 0.500563711922868 0.5015726390685445 0.48912942087450434 0.504563711922868 0.5055726390685445 9
2.4893847562387 0.4851127153417696 0.5005629954313102 0.5015727853529022 0.4891127153417696 0.5045629954313102 0.5055727853529022 9
2.4846156269772 0.485096114316522 0.5005623415704838 0.5015729044080651 0.489096114316522 0.5045623415704839 0.5055729044080651 9
2.4798625773882 0.48507966209265113 0.5005618075686322 0.501572814923742 0.48907966209265114 0.5045618075686322 0.505572814923742 9
2.4751255211488 0.4850632408498537 0.5005612312875584 0.5015727050280384 0.4890632408498537 0.5045612312875584 0.5055727050280384 9
2.4704033768435 0.4850469386739348 0.500560627835289 0.5015725764587561 0.4890469386739348 0.504560627835289 0.5055725764587561 9
2.4656944006766 0.4850309699418267 0.5005602597362747 0.5015724519050697 0.4890309699418267 0.5045602597362747 0.5055724519050697 9
2.4610011798267 0.4850153101945228 0.5005602155356247 0.5015724909570468 0.4890153101945228 0.5045602155356247 0.5055724909570468 9
2.4563236303683 0.4850002031204582 0.5005606834334021 0.50157256128082 0.4890002031204582 0.5045606834334021 0.50557256128082 9
2.4516616689885 0.4849855514203673 0.5005617902066274 0.5015727502961412 0.4889855514203673 0.5045617902066274 0.5055727502961412 9
2.4470152129813 0.4849713715383921 0.5005632642517751 0.5015732592803644 0.4889713715383921 0.5045632642517751 0.5055732592803645 9
2.4423841802423 0.48495782042774604 0.5005649293391747 0.5015738484906371 0.48895782042774605 0.5045649293391747 0.5055738484906371 9
2.4377684892625 0.4849448642647669 0.5005665129007872 0.5015747950281126 0.4889448642647669 0.5045665129007872 0.5055747950281126 9
2.4331680591237 0.48493230113619323 0.5005681760045971 0.5015757084343317 0.48893230113619324 0.5045681760045971 0.5055757084343317 9
2.4285828094924 0.484919977845971 0.5005698515324285 0.5015765013862827 0.488919977845971 0.5045698515324285 0.5055765013862827 9
2.4240126606144 0.4849077662023207 0.500571142207293 0.5015772830076642 0.4889077662023207 0.504571142207293 0.5055772830076642 9
2.4194538637356 0.48489547998131244 0.5005723138528413 0.5015780926757182 0.48889547998131244 0.5045723138528413 0.5055780926757182 9
2.4149100214878 0.48488342821935604 0.5005731908164304 0.501578986222928 0.48888342821935604 0.5045731908164304 0.505578986222928 9
2.410381060985 0.4848716692954236 0.500573869286461 0.5015797756143784 0.4888716692954236 0.504573869286461 0.5055797756143784 9
2.4058669046354 0.4848602307307894 0.5005745247244523 0.5015805636041349 0.4888602307307894 0.5045745247244523 0.505580563604135 9
2.4013674754014 0.48484882583118544 0.500575404823065 0.5015812517224925 0.48884882583118544 0.504575404823065 0.5055812517224925 9
2.396882696795 0.48483742814706327 0.5005760150222937 0.5015816792715718 0.48883742814706327 0.5045760150222937 0.5055816792715718 9
2.3924124928724 0.48482599903015766 0.5005762920971957 0.5015819418043698 0.48882599903015767 0.5045762920971957 0.5055819418043698 9
2.3879567882293 0.4848141707817349 0.5005764228791677 0.5015825107987371 0.4888141707817349 0.5045764228791677 0.5055825107987371 9
2.3835155079961 0.48480227037063867 0.5005766217021064 0.5015831532519235 0.48880227037063867 0.5045766217021064 0.5055831532519235 9
2.3790885778331 0.484790229000807 0.5005766219427457 0.5015837158545684 0.488790229000807 0.5045766219427457 0.5055837158545684 9
2.3746739909273 0.48477821620541 0.5005762187672828 0.5015840300612522 0.48877821620541 0.5045762187672828 0.5055840300612522 9
2.3702718540797 0.4847662836697584 0.5005756440183629 0.5015842749481231 0.4887662836697584 0.5045756440183629 0.5055842749481231 9
2.365883864053 0.48475465533150397 0.5005749620607588 0.5015843461625383 0.488754655331504 0.5045749620607588 0.5055843461625383 9
2.361509948479 0.48474334674521363 0.5005745127295573 0.5015844114013602 0.48874334674521364 0.5045745127295573 0.5055844114013602 9
2.357150035497 0.48473207102731986 0.5005740629319394 0.5015845211768875 0.48873207102731986 0.5045740629319394 0.5055845211768875 9
2.3528040537491 0.48472044865912756 0.500573498733995 0.5015845313026273 0.48872044865912756 0.504573498733995 0.5055845313026273 9
2.3484719323754 0.48470853622418836 0.5005728529180047 0.5015844294778179 0.48870853622418836 0.5045728529180047 0.5055844294778179 9
2.3441536010102 0.48469638624393624 0.5005719498011411 0.5015842784685209 0.48869638624393624 0.5045719498011411 0.5055842784685209 9
2.3398489897773 0.4846841928832395 0.500571167233536 0.5015839412266196 0.4886841928832395 0.504571167233536 0.5055839412266196 9
2.3355580292858 0.48467213854170477 0.5005706795193923 0.5015833353809374 0.48867213854170477 0.5045706795193923 0.5055833353809374 9
2.3312806506255 0.48465991235864214 0.5005703877525522 0.5015824298072535 0.48865991235864215 0.5045703877525523 0.5055824298072535 9
2.3270136617715 0.48464748253442785 0.5005703838426877 0.5015813501239687 0.48864748253442786 0.5045703838426877 0.5055813501239687 9
2.3227595414562 0.4846349103721288 0.5005706673730593 0.5015800744233376 0.4886349103721288 0.5045706673730593 0.5055800744233376 9
2.3185188154561 0.4846222155025998 0.5005711523402827 0.5015786170010801 0.4886222155025998 0.5045711523402827 0.5055786170010801 9
2.3142914166462 0.4846093297831343 0.5005717972289361 0.5015770580007403 0.4886093297831343 0.5045717972289361 0.5055770580007403 9
2.3100772783626 0.48459616200893224 0.5005727070177818 0.5015753742098714 0.48859616200893224 0.5045727070177818 0.5055753742098714 9
2.3058763343982 0.48458274330975437 0.5005735198841554 0.5015737072983903 0.4885827433097544 0.5045735198841554 0.5055737072983904 9
2.3016885189989 0.4845689942973705 0.5005744359528149 0.5015719462747991 0.4885689942973705 0.5045744359528149 0.5055719462747991 9
2.2975137668596 0.48455495924084707 0.5005752794459707 0.5015699631465043 0.4885549592408471 0.5045752794459707 0.5055699631465043 9
2.2933520131206 0.4845406424874729 0.5005760959669844 0.5015676952134448 0.4885406424874729 0.5045760959669844 0.5055676952134448 9
2.2892031933632 0.4845261297231951 0.5005768352049227 0.5015653672821981 0.4885261297231951 0.5045768352049227 0.5055653672821981 9
2.2850672436064 0.4845112945131285 0.5005774365128631 0.501563066173084 0.4885112945131285 0.5045774365128631 0.505563066173084 9
2.2809405558184 0.48449625539223906 0.5005779955460136 0.5015606920438952 0.48849625539223906 0.5045779955460136 0.5055606920438952 9
2.2768264373691 0.4844813067776499 0.5005783346812032 0.5015582072674071 0.4884813067776499 0.5045783346812032 0.5055582072674071 9
2.2727250156917 0.48446660450048734 0.5005784457967268 0.5015556000250481 0.48846660450048734 0.5045784457967268 0.5055556000250481 9
2.2686362284241 0.484452064404025 0.500578401666831 0.501552911581078 0.488452064404025 0.504578401666831 0.505552911581078 9
2.2645600136242 0.4844377706848775 0.5005782417537072 0.5015502855810623 0.4884377706848775 0.5045782417537072 0.5055502855810623 9
2.2604963097658 0.48442327130415613 0.5005779950641287 0.5015478417513053 0.48842327130415614 0.5045779950641287 0.5055478417513053 9
2.2564450557355 0.4844086772985192 0.5005775411989646 0.5015453019714706 0.4884086772985192 0.5045775411989646 0.5055453019714706 9
2.2524061908289 0.4843940705029022 0.5005769519686056 0.5015430396816132 0.4883940705029022 0.5045769519686056 0.5055430396816132 9
2.2483798948754 0.4843794569772837 0.5005761918599548 0.5015408203854085 0.4883794569772837 0.5045761918599548 0.5055408203854085 9
2.2443653875696 0.4843647943564644 0.500575285215778 0.5015385315432866 0.4883647943564644 0.504575285215778 0.5055385315432867 9
2.2403633298703 0.48435011466456085 0.5005741157072837 0.5015365234830009 0.48835011466456085 0.5045741157072837 0.5055365234830009 9
2.2363702512927 0.48433534417228064 0.5005729423362525 0.5015346753812653 0.48833534417228064 0.5045729423362525 0.5055346753812653 9
2.2323886957508 0.4843204680144382 0.5005717454774071 0.5015330487242855 0.4883204680144382 0.5045717454774071 0.5055330487242855 9
2.228419189411 0.4843057648203665 0.5005706942766491 0.5015313973938573 0.48830576482036653 0.5045706942766491 0.5055313973938573 9
2.2244616742465 0.48429100024741567 0.5005697259581275 0.5015298594220997 0.4882910002474157 0.5045697259581275 0.5055298594220997 9
2.2205160926137 0.48427626683280595 0.5005685577686798 0.5015283602132958 0.48827626683280595 0.5045685577686798 0.5055283602132958 9
2.2165823872486 0.4842617102671966 0.5005674135971871 0.5015271094060773 0.4882617102671966 0.5045674135971872 0.5055271094060773 9
2.2126605012635 0.48424738244808546 0.5005662761249122 0.5015258788630451 0.48824738244808547 0.5045662761249122 0.5055258788630451 9
2.2087503781445 0.4842330431191592 0.5005651738291883 0.5015248626824229 0.4882330431191592 0.5045651738291883 0.5055248626824229 9
2.2048519617476 0.48421890736504053 0.5005641990349149 0.5015239731570555 0.48821890736504053 0.5045641990349149 0.5055239731570556 9
2.2009651962963 0.48420490443673336 0.5005632097319471 0.5015233293124904 0.48820490443673337 0.5045632097319471 0.5055233293124904 9
2.197090026378 0.484191042353772 0.5005623729181599 0.5015228277344886 0.48819104235377203 0.5045623729181599 0.5055228277344886 9
2.1932244201332 0.48417721485441967 0.5005619430803453 0.5015221391985272 0.48817721485441967 0.5045619430803453 0.5055221391985272 9
2.1893685122466 0.48416360840153594 0.5005615875310673 0.5015214939672147 0.48816360840153594 0.5045615875310673 0.5055214939672147 9
2.1855240515174 0.4841501065944146 0.5005611321383903 0.5015208810497471 0.4881501065944146 0.5045611321383903 0.5055208810497471 9
2.1816909838723 0.48413674720393635 0.5005607797256468 0.5015201092145696 0.48813674720393635 0.5045607797256468 0.5055201092145696 9
2.1778692555878 0.4841232534222137 0.5005606157299537 0.501519288321668 0.4881232534222137 0.5045606157299537 0.505519288321668 9
2.1740588132877 0.48410963796239115 0.5005603558717399 0.5015181689251612 0.48810963796239115 0.5045603558717399 0.5055181689251612 9
2.1702596039401 0.4840958752981444 0.5005599372698994 0.5015168776353001 0.4880958752981444 0.5045599372698995 0.5055168776353001 9
2.1664715748545 0.48408194810716193 0.5005594155396804 0.5015154314784258 0.48808194810716193 0.5045594155396804 0.5055154314784258 9
2.162694673679 0.48406795945675934 0.5005586911804772 0.5015139281289818 0.48806795945675935 0.5045586911804772 0.5055139281289818 9
2.1589288483977 0.4840539801044027 0.5005577174233492 0.5015123793530211 0.4880539801044027 0.5045577174233492 0.5055123793530211 9
2.1551740473277 0.48404011554896204 0.5005565621845823 0.5015108431117468 0.48804011554896204 0.5045565621845823 0.5055108431117468 9
2.1514302191168 0.4840263084044457 0.500555101359377 0.5015094646191928 0.4880263084044457 0.504555101359377 0.5055094646191928 9
2.1476935887478 0.48401253586142134 0.500553485002278 0.5015083373316557 0.48801253586142135 0.504553485002278 0.5055083373316557 9
2.1439677772138 0.4839986327901843 0.5005518281757475 0.5015071953084398 0.4879986327901843 0.5045518281757475 0.5055071953084398 9
2.1402528018799 0.48398471867267523 0.5005500439502985 0.5015059953770094 0.48798471867267523 0.5045500439502985 0.5055059953770094 9
2.1365486126047 0.4839707051199402 0.5005482838395074 0.5015048143367173 0.48797070511994023 0.5045482838395074 0.5055048143367173 9
2.1328551595646 0.48395676930100257 0.5005466428431192 0.5015037666927451 0.48795676930100257 0.5045466428431192 0.5055037666927451 9
2.1291723932513 0.4839430030397468 0.5005451734213866 0.501502754001165 0.4879430030397468 0.5045451734213866 0.505502754001165 9
2.1255002644696 0.48392944245053626 0.5005435988132818 0.5015017306227771 0.48792944245053627 0.5045435988132818 0.5055017306227771 9
2.1218387243342 0.4839161684416442 0.5005418953182071 0.5015008441525697 0.4879161684416442 0.5045418953182071 0.5055008441525697 9
2.118187724268 0.48390295936905725 0.5005403057944664 0.501500189389537 0.48790295936905725 0.5045403057944664 0.505500189389537 9
2.1145472159991 0.48388962899085186 0.5005389739248215 0.5014995253871105 0.48788962899085186 0.5045389739248215 0.5054995253871105 9
2.1109171515583 0.4838763595856853 0.5005375939093216 0.5014988358409063 0.4878763595856853 0.5045375939093216 0.5054988358409063 9
2.1072966550091 0.4838632435007171 0.5005362289705376 0.5014981287051549 0.4878632435007171 0.5045362289705376 0.5054981287051549 9
2.1036835284525 0.4838501188732242 0.5005350906228075 0.5014973708003596 0.4878501188732242 0.5045350906228075 0.5054973708003596 9
2.1000807188935 0.48383703399136896 0.5005341836577263 0.501496517365066 0.48783703399136896 0.5045341836577263 0.505496517365066 9
2.0964881794689 0.4838240430660805 0.5005332303757015 0.5014955564962937 0.4878240430660805 0.5045332303757015 0.5054955564962937 9
2.0929058636071 0.4838111843316033 0.5005321891264713 0.5014946019440517 0.4878111843316033 0.5045321891264714 0.5054946019440517 9
2.0893337250261 0.4837983380299351 0.5005310997671879 0.5014936591932934 0.4877983380299351 0.5045310997671879 0.5054936591932934 9
2.0857717177306 0.48378536045861054 0.5005299616456379 0.5014925563833179 0.48778536045861054 0.5045299616456379 0.5054925563833179 9
2.0822197960104 0.4837722306330465 0.5005288260537437 0.5014913602756511 0.4877722306330465 0.5045288260537437 0.5054913602756511 9
2.0786779144378 0.48375897809737683 0.5005277897659827 0.5014899754095812 0.48775897809737684 0.5045277897659827 0.5054899754095812 9
2.0751460278654 0.48374579379148885 0.5005267754575473 0.5014883867082625 0.48774579379148886 0.5045267754575473 0.5054883867082625 9
2.0716240914239 0.48373256773371504 0.5005256821259232 0.5014867269596104 0.48773256773371504 0.5045256821259232 0.5054867269596104 9
2.0681120605201 0.48371914789384146 0.5005245901826141 0.5014851397607235 0.48771914789384146 0.5045245901826141 0.5054851397607235 9
2.0646090298741 0.4837056208649405 0.5005233857773725 0.5014837073457609 0.4877056208649405 0.5045233857773725 0.5054837073457609 9
2.0611128517163 0.48369227124301983 0.5005221218393299 0.5014825105902732 0.48769227124301984 0.5045221218393299 0.5054825105902732 9
2.0576264620118 0.48367920094283345 0.5005208455183543 0.5014815753419992 0.48767920094283346 0.5045208455183543 0.5054815753419992 9
2.0541498171705 0.483666603618225 0.5005197702177725 0.5014808417873678 0.487666603618225 0.5045197702177725 0.5054808417873679 9
2.0506828738688 0.4836543393903431 0.5005186771252571 0.5014804171646897 0.4876543393903431 0.5045186771252571 0.5054804171646897 9
2.0472255890465 0.48364224822188456 0.5005178260118667 0.5014799675097212 0.48764224822188457 0.5045178260118667 0.5054799675097212 9
2.0437779199054 0.48363035542726207 0.5005171540183517 0.5014796030211921 0.4876303554272621 0.5045171540183517 0.5054796030211921 9
2.0403398239073 0.48361866847705215 0.500516403778091 0.5014793836456634 0.48761866847705215 0.504516403778091 0.5054793836456634 9
2.0369112587715 0.48360707829911614 0.5005156328406115 0.5014792633781451 0.48760707829911615 0.5045156328406115 0.5054792633781451 9
2.0334921824735 0.48359569352955944 0.500514743822767 0.5014791907151525 0.48759569352955945 0.504514743822767 0.5054791907151525 9
2.0300825532424 0.48358461441382145 0.5005138488299622 0.5014790631961861 0.48758461441382145 0.5045138488299622 0.5054790631961861 9
2.0266823295594 0.48357363977998374 0.500512965549828 0.5014789107212014 0.48757363977998375 0.504512965549828 0.5054789107212014 9
2.0232914664964 0.48356256943908504 0.5005119686248021 0.5014788052980617 0.48756256943908505 0.5045119686248021 0.5054788052980617 9
2.0199060829107 0.4835516307489591 0.5005109624789225 0.5014788778389281 0.48755163074895913 0.5045109624789225 0.5054788778389281 9
2.0165299966681 0.4835409002359104 0.5005100263455525 0.501479126229811 0.4875409002359104 0.5045100263455525 0.505479126229811 9
2.0131631671614 0.4835302311232953 0.5005092576140191 0.5014793785685232 0.4875302311232953 0.5045092576140191 0.5054793785685232 9
2.009805554027 0.48351958138584694 0.5005084442782024 0.5014796211452878 0.48751958138584695 0.5045084442782024 0.5054796211452878 9
2.0064571171418 0.48350894362923186 0.5005075401872513 0.5014798687285569 0.48750894362923186 0.5045075401872513 0.5054798687285569 9
2.0031178166226 0.48349826590136 0.5005065399303523 0.5014802448016378 0.48749826590136003 0.5045065399303523 0.5054802448016378 9
