# snapshot   x_cen   y_cen   z_cen
DD0272   14891.090   15284.801   15306.188
DD0273   14894.167   15288.024   15309.433
DD0274   14900.272   15294.420   15315.871
DD0275   14909.313   15303.890   15325.405
DD0276   14921.153   15316.293   15337.891
DD0277   14935.623   15331.450   15353.150
DD0278   14952.524   15349.153   15370.972
DD0279   14971.636   15369.171   15391.125
DD0280   14992.729   15391.262   15413.366
DD0281   15015.567   15415.181   15437.448
DD0282   15039.920   15440.683   15463.125
DD0283   15065.565   15467.537   15490.163
DD0284   15092.296   15495.524   15518.344
DD0285   15119.922   15524.446   15547.468
DD0286   15148.277   15554.127   15577.356
DD0287   15177.212   15584.411   15607.854
DD0288   15206.602   15615.167   15638.827
DD0289   15236.341   15646.284   15670.165
DD0290   15266.344   15677.671   15701.775
DD0291   15296.540   15709.254   15733.584
DD0292   15326.874   15740.977   15765.533
DD0293   15357.305   15772.794   15797.577
DD0294   15387.798   15804.671   15829.679
DD0295   15418.330   15836.581   15861.815
DD0296   15448.884   15868.508   15893.965
DD0297   15479.445   15900.436   15926.114
DD0298   15510.006   15932.356   15958.253
DD0299   15540.560   15964.261   15990.374
DD0300   15571.102   15996.147   16022.471
DD0301   15601.629   16028.010   16054.543
DD0302   15632.141   16059.848   16086.585
DD0303   15662.634   16091.659   16118.595
DD0304   15693.109   16123.441   16150.573
DD0305   15723.564   16155.193   16182.517
DD0306   15753.998   16186.914   16214.424
DD0307   15784.410   16218.602   16246.295
DD0308   15814.800   16250.258   16278.128
DD0309   15845.166   16281.879   16309.922
DD0310   15875.509   16313.466   16341.676
DD0311   15905.825   16345.017   16373.388
DD0312   15936.115   16376.533   16405.059
DD0313   15966.377   16408.014   16436.687
DD0314   15996.609   16439.459   16468.271
DD0315   16026.810   16470.868   16499.811
DD0316   16056.979   16502.243   16531.305
DD0317   16087.114   16533.584   16562.755
DD0318   16117.215   16564.891   16594.160
DD0319   16147.281   16596.167   16625.521
DD0320   16177.310   16627.412   16656.838
DD0321   16207.302   16658.627   16688.113
DD0322   16237.256   16689.813   16719.346
DD0323   16267.172   16720.973   16750.539
DD0324   16297.050   16752.106   16781.693
DD0325   16326.889   16783.214   16812.811
DD0326   16356.688   16814.297   16843.893
DD0327   16386.449   16845.358   16874.941
DD0328   16416.169   16876.396   16905.957
DD0329   16445.850   16907.411   16936.942
DD0330   16475.491   16938.406   16967.898
DD0331   16505.092   16969.379   16998.826
DD0332   16534.653   17000.331   17029.726
DD0333   16564.174   17031.262   17060.601
DD0334   16593.656   17062.173   17091.452
DD0335   16623.099   17093.063   17122.279
DD0336   16652.505   17123.932   17153.084
DD0337   16681.873   17154.779   17183.868
DD0338   16711.206   17185.605   17214.632
DD0339   16740.504   17216.408   17245.377
DD0340   16769.770   17247.189   17276.104
DD0341   16799.004   17277.946   17306.815
DD0342   16828.209   17308.680   17337.509
DD0343   16857.386   17339.389   17368.188
DD0344   16886.536   17370.073   17398.853
DD0345   16915.662   17400.732   17429.503
DD0346   16944.764   17431.366   17460.139
DD0347   16973.844   17461.973   17490.760
DD0348   17002.903   17492.554   17521.368
DD0349   17031.942   17523.108   17551.961
DD0350   17060.963   17553.635   17582.540
DD0351   17089.965   17584.135   17613.103
DD0352   17118.950   17614.607   17643.649
DD0353   17147.918   17645.052   17674.179
DD0354   17176.869   17675.469   17704.691
DD0355   17205.803   17705.858   17735.184
DD0356   17234.721   17736.219   17765.657
DD0357   17263.622   17766.551   17796.111
DD0358   17292.506   17796.856   17826.543
DD0359   17321.373   17827.131   17856.954
DD0360   17350.222   17857.378   17887.342
DD0361   17379.054   17887.597   17917.707
DD0362   17407.867   17917.787   17948.050
DD0363   17436.661   17947.948   17978.369
DD0364   17465.437   17978.081   18008.665
DD0365   17494.194   18008.187   18038.937
DD0366   17522.932   18038.264   18069.186
DD0367   17551.650   18068.314   18099.412
DD0368   17580.348   18098.337   18129.614
DD0369   17609.027   18128.334   18159.793
DD0370   17637.687   18158.305   18189.950
DD0371   17666.327   18188.251   18220.083
DD0372   17694.948   18218.172   18250.193
DD0373   17723.549   18248.069   18280.280
DD0374   17752.131   18277.944   18310.344
DD0375   17780.693   18307.795   18340.384
DD0376   17809.235   18337.626   18370.400
DD0377   17837.757   18367.435   18400.393
DD0378   17866.259   18397.224   18430.362
DD0379   17894.739   18426.994   18460.306
DD0380   17923.199   18456.745   18490.226
DD0381   17951.637   18486.478   18520.122
DD0382   17980.052   18516.192   18549.993
DD0383   18008.446   18545.889   18579.839
DD0384   18036.816   18575.570   18609.660
DD0385   18065.163   18605.233   18639.458
DD0386   18093.486   18634.879   18669.230
DD0387   18121.785   18664.508   18698.979
DD0388   18150.060   18694.121   18728.704
DD0389   18178.311   18723.718   18758.405
DD0390   18206.538   18753.297   18788.082
DD0391   18234.740   18782.860   18817.736
DD0392   18262.918   18812.405   18847.368
DD0393   18291.072   18841.934   18876.976
DD0394   18319.201   18871.445   18906.562
DD0395   18347.307   18900.938   18936.126
DD0396   18375.389   18930.414   18965.668
DD0397   18403.447   18959.872   18995.188
DD0398   18431.482   18989.312   19024.687
DD0399   18459.494   19018.734   19054.164
DD0400   18487.482   19048.138   19083.620
DD0401   18515.446   19077.523   19113.056
DD0402   18543.388   19106.890   19142.471
DD0403   18571.307   19136.239   19171.867
DD0404   18599.203   19165.569   19201.243
DD0405   18627.076   19194.880   19230.601
DD0406   18654.926   19224.174   19259.940
DD0407   18682.754   19253.449   19289.262
DD0408   18710.559   19282.707   19318.566
DD0409   18738.343   19311.946   19347.854
DD0410   18766.104   19341.169   19377.126
DD0411   18793.844   19370.373   19406.382
DD0412   18821.562   19399.561   19435.624
DD0413   18849.259   19428.732   19464.850
DD0414   18876.936   19457.885   19494.062
DD0415   18904.592   19487.022   19523.260
DD0416   18932.228   19516.141   19552.444
DD0417   18959.845   19545.244   19581.614
DD0418   18987.443   19574.330   19610.770
DD0419   19015.021   19603.398   19639.910
DD0420   19042.581   19632.449   19669.036
DD0421   19070.123   19661.482   19698.147
DD0422   19097.646   19690.498   19727.242
DD0423   19125.151   19719.495   19756.321
DD0424   19152.639   19748.474   19785.384
DD0425   19180.108   19777.434   19814.429
DD0426   19207.560   19806.375   19843.456
DD0427   19234.993   19835.298   19872.465
DD0428   19262.407   19864.201   19901.456
DD0429   19289.803   19893.085   19930.428
DD0430   19317.179   19921.950   19959.381
DD0431   19344.535   19950.796   19988.316
DD0432   19371.870   19979.623   20017.231
DD0433   19399.185   20008.430   20046.128
DD0434   19426.477   20037.219   20075.007
DD0435   19453.748   20065.989   20103.867
DD0436   19480.995   20094.740   20132.710
DD0437   19508.218   20123.473   20161.535
DD0438   19535.417   20152.187   20190.343
DD0439   19562.592   20180.883   20219.134
DD0440   19589.742   20209.560   20247.909
DD0441   19616.866   20238.220   20276.669
DD0442   19643.966   20266.861   20305.412
DD0443   19671.040   20295.484   20334.140
DD0444   19698.089   20324.088   20362.853
DD0445   19725.114   20352.675   20391.550
DD0446   19752.115   20381.242   20420.232
DD0447   19779.093   20409.792   20448.898
DD0448   19806.048   20438.322   20477.548
DD0449   19832.982   20466.835   20506.182
DD0450   19859.895   20495.328   20534.799
DD0451   19886.788   20523.803   20563.399
DD0452   19913.661   20552.259   20591.982
DD0453   19940.517   20580.697   20620.546
DD0454   19967.354   20609.116   20649.092
DD0455   19994.174   20637.517   20677.619
DD0456   20020.978   20665.901   20706.127
DD0457   20047.765   20694.266   20734.615
DD0458   20074.535   20722.615   20763.083
DD0459   20101.289   20750.946   20791.531
DD0460   20128.027   20779.260   20819.958
DD0461   20154.747   20807.558   20848.365
DD0462   20181.451   20835.841   20876.751
DD0463   20208.138   20864.107   20905.116
DD0464   20234.807   20892.359   20933.460
DD0465   20261.459   20920.596   20961.784
DD0466   20288.093   20948.819   20990.087
DD0467   20314.708   20977.028   21018.370
DD0468   20341.305   21005.224   21046.633
DD0469   20367.883   21033.406   21074.876
DD0470   20394.443   21061.574   21103.100
DD0471   20420.984   21089.730   21131.304
DD0472   20447.507   21117.873   21159.490
DD0473   20474.012   21146.002   21187.657
DD0474   20500.499   21174.119   21215.805
DD0475   20526.969   21202.222   21243.936
DD0476   20553.421   21230.311   21272.050
DD0477   20579.858   21258.387   21300.146
DD0478   20606.278   21286.449   21328.226
DD0479   20632.682   21314.496   21356.289
DD0480   20659.072   21342.528   21384.336
DD0481   20685.447   21370.546   21412.366
DD0482   20711.808   21398.549   21440.381
DD0483   20738.155   21426.536   21468.380
DD0484   20764.489   21454.508   21496.363
DD0485   20790.809   21482.464   21524.331
DD0486   20817.117   21510.404   21552.283
DD0487   20843.412   21538.328   21580.220
DD0488   20869.695   21566.236   21608.142
DD0489   20895.965   21594.129   21636.049
DD0490   20922.223   21622.006   21663.941
DD0491   20948.469   21649.868   21691.817
DD0492   20974.702   21677.715   21719.680
DD0493   21000.923   21705.548   21747.527
DD0494   21027.133   21733.365   21775.360
DD0495   21053.330   21761.169   21803.179
DD0496   21079.516   21788.959   21830.985
DD0497   21105.689   21816.735   21858.776
DD0498   21131.852   21844.498   21886.554
DD0499   21158.003   21872.249   21914.319
DD0500   21184.143   21899.987   21942.071
DD0501   21210.273   21927.712   21969.810
DD0502   21236.392   21955.425   21997.537
DD0503   21262.501   21983.126   22025.250
DD0504   21288.599   22010.815   22052.951
DD0505   21314.688   22038.491   22080.640
DD0506   21340.766   22066.156   22108.315
DD0507   21366.835   22093.808   22135.978
DD0508   21392.893   22121.448   22163.629
DD0509   21418.941   22149.076   22191.266
DD0510   21444.979   22176.691   22218.890
DD0511   21471.006   22204.293   22246.500
DD0512   21497.023   22231.882   22274.097
DD0513   21523.028   22259.457   22301.680
DD0514   21549.022   22287.019   22329.249
DD0515   21575.005   22314.568   22356.804
DD0516   21600.976   22342.102   22384.345
DD0517   21626.935   22369.622   22411.871
DD0518   21652.882   22397.128   22439.383
DD0519   21678.817   22424.619   22466.881
DD0520   21704.739   22452.096   22494.364
DD0521   21730.650   22479.557   22521.832
DD0522   21756.548   22507.003   22549.286
DD0523   21782.434   22534.434   22576.726
DD0524   21808.307   22561.850   22604.151
DD0525   21834.168   22589.250   22631.562
DD0526   21860.017   22616.636   22658.959
DD0527   21885.853   22644.006   22686.342
DD0528   21911.678   22671.361   22713.711
DD0529   21937.490   22698.701   22741.067
DD0530   21963.289   22726.026   22768.408
DD0531   21989.076   22753.337   22795.737
DD0532   22014.851   22780.634   22823.051
DD0533   22040.613   22807.916   22850.353
DD0534   22066.362   22835.185   22877.641
DD0535   22092.099   22862.440   22904.917
DD0536   22117.824   22889.682   22932.179
DD0537   22143.536   22916.911   22959.429
DD0538   22169.235   22944.126   22986.666
DD0539   22194.922   22971.328   23013.890
DD0540   22220.596   22998.518   23041.101
DD0541   22246.258   23025.694   23068.301
DD0542   22271.908   23052.858   23095.487
DD0543   22297.546   23080.009   23122.662
DD0544   22323.172   23107.148   23149.824
DD0545   22348.785   23134.273   23176.974
DD0546   22374.387   23161.385   23204.112
DD0547   22399.976   23188.485   23231.237
DD0548   22425.553   23215.571   23258.352
DD0549   22451.118   23242.644   23285.454
DD0550   22476.670   23269.704   23312.545
DD0551   22502.210   23296.750   23339.624
DD0552   22527.737   23323.783   23366.692
DD0553   22553.251   23350.802   23393.749
DD0554   22578.753   23377.808   23420.795
DD0555   22604.241   23404.799   23447.830
DD0556   22629.716   23431.776   23474.854
DD0557   22655.179   23458.740   23501.868
DD0558   22680.628   23485.689   23528.870
DD0559   22706.064   23512.624   23555.862
DD0560   22731.487   23539.544   23582.843
DD0561   22756.897   23566.451   23609.813
DD0562   22782.294   23593.344   23636.772
DD0563   22807.678   23620.222   23663.721
DD0564   22833.049   23647.087   23690.659
DD0565   22858.408   23673.938   23717.586
DD0566   22883.754   23700.776   23744.502
DD0567   22909.089   23727.601   23771.408
DD0568   22934.410   23754.413   23798.303
DD0569   22959.720   23781.213   23825.187
DD0570   22985.018   23808.000   23852.060
DD0571   23010.304   23834.775   23878.922
DD0572   23035.579   23861.539   23905.774
DD0573   23060.841   23888.292   23932.615
DD0574   23086.092   23915.034   23959.445
DD0575   23111.332   23941.765   23986.264
DD0576   23136.559   23968.486   24013.073
DD0577   23161.776   23995.197   24039.872
DD0578   23186.980   24021.898   24066.660
DD0579   23212.172   24048.589   24093.437
DD0580   23237.353   24075.270   24120.205
DD0581   23262.521   24101.941   24146.963
DD0582   23287.677   24128.603   24173.711
DD0583   23312.820   24155.255   24200.449
DD0584   23337.950   24181.897   24227.178
DD0585   23363.067   24208.530   24253.898
DD0586   23388.170   24235.153   24280.608
DD0587   23413.261   24261.767   24307.309
DD0588   23438.337   24288.370   24334.001
DD0589   23463.399   24314.964   24360.683
DD0590   23488.448   24341.547   24387.357
DD0591   23513.482   24368.120   24414.021
DD0592   23538.502   24394.682   24440.676
DD0593   23563.508   24421.234   24467.322
DD0594   23588.500   24447.776   24493.957
DD0595   23613.477   24474.307   24520.584
DD0596   23638.441   24500.827   24547.200
DD0597   23663.391   24527.336   24573.806
DD0598   23688.328   24553.835   24600.402
DD0599   23713.252   24580.322   24626.987
DD0600   23738.162   24606.800   24653.562
DD0601   23763.060   24633.266   24680.126
DD0602   23787.945   24659.722   24706.678
DD0603   23812.818   24686.168   24733.220
DD0604   23837.678   24712.603   24759.750
DD0605   23862.527   24739.028   24786.269
DD0606   23887.364   24765.443   24812.776
DD0607   23912.190   24791.849   24839.271
DD0608   23937.004   24818.244   24865.755
DD0609   23961.807   24844.629   24892.226
DD0610   23986.599   24871.005   24918.687
DD0611   24011.379   24897.371   24945.135
DD0612   24036.148   24923.727   24971.572
DD0613   24060.905   24950.074   24997.997
DD0614   24085.651   24976.410   25024.410
DD0615   24110.386   25002.737   25050.812
DD0616   24135.108   25029.053   25077.202
DD0617   24159.818   25055.360   25103.581
DD0618   24184.517   25081.656   25129.947
DD0619   24209.204   25107.943   25156.302
DD0620   24233.878   25134.219   25182.645
DD0621   24258.540   25160.485   25208.976
DD0622   24283.191   25186.741   25235.295
DD0623   24307.829   25212.986   25261.601
DD0624   24332.455   25239.222   25287.896
DD0625   24357.070   25265.447   25314.177
DD0626   24381.673   25291.662   25340.447
DD0627   24406.264   25317.867   25366.703
DD0628   24430.844   25344.062   25392.947
DD0629   24455.414   25370.247   25419.179
DD0630   24479.972   25396.421   25445.398
DD0631   24504.520   25422.586   25471.604
DD0632   24529.057   25448.740   25497.799
DD0633   24553.584   25474.885   25523.981
DD0634   24578.100   25501.020   25550.151
DD0635   24602.607   25527.144   25576.310
DD0636   24627.103   25553.259   25602.457
DD0637   24651.589   25579.364   25628.593
DD0638   24676.065   25605.460   25654.719
DD0639   24700.532   25631.546   25680.833
DD0640   24724.988   25657.622   25706.937
DD0641   24749.434   25683.689   25733.031
DD0642   24773.870   25709.746   25759.115
DD0643   24798.296   25735.794   25785.189
DD0644   24822.712   25761.833   25811.253
DD0645   24847.118   25787.863   25837.307
DD0646   24871.514   25813.883   25863.353
DD0647   24895.900   25839.895   25889.388
DD0648   24920.277   25865.897   25915.415
DD0649   24944.644   25891.890   25941.433
DD0650   24969.002   25917.873   25967.442
DD0651   24993.350   25943.847   25993.442
DD0652   25017.689   25969.812   26019.433
DD0653   25042.018   25995.767   26045.416
DD0654   25066.337   26021.713   26071.390
DD0655   25090.648   26047.648   26097.356
DD0656   25114.949   26073.574   26123.313
DD0657   25139.240   26099.489   26149.262
DD0658   25163.521   26125.394   26175.203
DD0659   25187.792   26151.289   26201.135
DD0660   25212.054   26177.173   26227.059
DD0661   25236.305   26203.048   26252.974
DD0662   25260.546   26228.911   26278.881
DD0663   25284.776   26254.765   26304.780
DD0664   25308.996   26280.609   26330.669
DD0665   25333.205   26306.442   26356.550
DD0666   25357.404   26332.266   26382.423
DD0667   25381.592   26358.081   26408.286
DD0668   25405.769   26383.886   26434.141
DD0669   25429.935   26409.682   26459.986
DD0670   25454.090   26435.469   26485.823
DD0671   25478.235   26461.248   26511.650
DD0672   25502.370   26487.017   26537.469
DD0673   25526.493   26512.779   26563.278
DD0674   25550.607   26538.532   26589.078
DD0675   25574.709   26564.277   26614.870
DD0676   25598.802   26590.014   26640.652
DD0677   25622.884   26615.744   26666.425
DD0678   25646.957   26641.465   26692.189
DD0679   25671.019   26667.178   26717.945
DD0680   25695.071   26692.884   26743.692
DD0681   25719.114   26718.582   26769.431
DD0682   25743.146   26744.272   26795.161
DD0683   25767.169   26769.955   26820.882
DD0684   25791.183   26795.630   26846.596
DD0685   25815.186   26821.297   26872.301
DD0686   25839.180   26846.956   26897.999
DD0687   25863.165   26872.608   26923.688
DD0688   25887.140   26898.252   26949.369
DD0689   25911.106   26923.888   26975.042
DD0690   25935.063   26949.517   27000.707
DD0691   25959.011   26975.138   27026.364
DD0692   25982.950   27000.752   27052.013
DD0693   26006.880   27026.358   27077.654
DD0694   26030.802   27051.957   27103.287
DD0695   26054.716   27077.549   27128.912
DD0696   26078.621   27103.134   27154.528
DD0697   26102.517   27128.711   27180.136
DD0698   26126.406   27154.281   27205.736
DD0699   26150.287   27179.845   27231.327
DD0700   26174.159   27205.401   27256.910
DD0701   26198.024   27230.951   27282.485
DD0702   26221.881   27256.493   27308.050
DD0703   26245.731   27282.029   27333.608
DD0704   26269.572   27307.558   27359.156
DD0705   26293.406   27333.080   27384.697
DD0706   26317.233   27358.596   27410.229
DD0707   26341.051   27384.104   27435.752
DD0708   26364.862   27409.605   27461.268
DD0709   26388.665   27435.100   27486.776
DD0710   26412.460   27460.587   27512.276
DD0711   26436.248   27486.067   27537.768
DD0712   26460.027   27511.540   27563.253
DD0713   26483.799   27537.006   27588.731
DD0714   26507.562   27562.464   27614.201
DD0715   26531.317   27587.915   27639.665
DD0716   26555.064   27613.359   27665.123
DD0717   26578.802   27638.795   27690.574
DD0718   26602.532   27664.223   27716.019
DD0719   26626.254   27689.644   27741.457
DD0720   26649.968   27715.058   27766.890
DD0721   26673.673   27740.464   27792.318
DD0722   26697.371   27765.863   27817.740
DD0723   26721.061   27791.254   27843.156
DD0724   26744.743   27816.637   27868.567
DD0725   26768.419   27842.013   27893.972
DD0726   26792.086   27867.382   27919.372
DD0727   26815.747   27892.742   27944.766
DD0728   26839.402   27918.095   27970.155
DD0729   26863.049   27943.441   27995.538
DD0730   26886.691   27968.778   28020.915
DD0731   26910.325   27994.108   28046.286
DD0732   26933.954   28019.430   28071.652
DD0733   26957.577   28044.744   28097.012
DD0734   26981.193   28070.051   28122.365
DD0735   27004.803   28095.349   28147.713
DD0736   27028.407   28120.640   28173.054
DD0737   27052.005   28145.923   28198.389
DD0738   27075.597   28171.198   28223.718
DD0739   27099.182   28196.466   28249.041
DD0740   27122.761   28221.725   28274.358
DD0741   27146.333   28246.977   28299.668
DD0742   27169.899   28272.222   28324.972
DD0743   27193.459   28297.458   28350.269
DD0744   27217.011   28322.688   28375.560
DD0745   27240.557   28347.909   28400.845
DD0746   27264.095   28373.123   28426.122
DD0747   27287.627   28398.330   28451.393
DD0748   27311.151   28423.530   28476.658
DD0749   27334.668   28448.722   28501.915
DD0750   27358.178   28473.908   28527.166
DD0751   27381.681   28499.086   28552.410
DD0752   27405.176   28524.257   28577.646
DD0753   27428.664   28549.421   28602.876
DD0754   27452.145   28574.579   28628.098
DD0755   27475.618   28599.730   28653.313
DD0756   27499.084   28624.874   28678.521
DD0757   27522.542   28650.011   28703.722
DD0758   27545.992   28675.142   28728.915
DD0759   27569.434   28700.267   28754.101
DD0760   27592.869   28725.384   28779.279
DD0761   27616.296   28750.496   28804.449
DD0762   27639.715   28775.600   28829.612
DD0763   27663.126   28800.699   28854.767
DD0764   27686.529   28825.791   28879.914
DD0765   27709.924   28850.876   28905.053
DD0766   27733.312   28875.956   28930.184
DD0767   27756.691   28901.029   28955.307
DD0768   27780.062   28926.096   28980.422
DD0769   27803.426   28951.157   29005.529
DD0770   27826.782   28976.212   29030.629
DD0771   27850.130   29001.261   29055.720
DD0772   27873.471   29026.303   29080.803
DD0773   27896.805   29051.340   29105.879
DD0774   27920.132   29076.370   29130.947
DD0775   27943.452   29101.394   29156.007
DD0776   27966.765   29126.411   29181.060
DD0777   27990.072   29151.422   29206.105
DD0778   28013.372   29176.426   29231.144
DD0779   28036.665   29201.424   29256.175
DD0780   28059.952   29226.415   29281.199
DD0781   28083.233   29251.398   29306.217
DD0782   28106.508   29276.375   29331.229
DD0783   28129.777   29301.344   29356.234
DD0784   28153.039   29326.307   29381.234
DD0785   28176.296   29351.262   29406.229
DD0786   28199.546   29376.209   29431.218
DD0787   28222.790   29401.149   29456.202
DD0788   28246.028   29426.082   29481.182
DD0789   28269.259   29451.007   29506.157
DD0790   28292.484   29475.924   29531.127
DD0791   28315.703   29500.834   29556.093
DD0792   28338.915   29525.736   29581.056
DD0793   28362.121   29550.630   29606.014
DD0794   28385.319   29575.516   29630.968
DD0795   28408.511   29600.394   29655.917
DD0796   28431.696   29625.265   29680.863
DD0797   28454.875   29650.128   29705.804
DD0798   28478.046   29674.983   29730.741
DD0799   28501.210   29699.831   29755.673
DD0800   28524.367   29724.671   29780.601
DD0801   28547.518   29749.504   29805.524
DD0802   28570.661   29774.330   29830.443
DD0803   28593.797   29799.148   29855.356
DD0804   28616.927   29823.959   29880.265
DD0805   28640.050   29848.763   29905.168
DD0806   28663.166   29873.560   29930.066
DD0807   28686.275   29898.350   29954.958
DD0808   28709.377   29923.133   29979.846
DD0809   28732.473   29947.910   30004.727
DD0810   28755.561   29972.679   30029.603
DD0811   28778.643   29997.442   30054.474
DD0812   28801.719   30022.198   30079.339
DD0813   28824.787   30046.947   30104.198
DD0814   28847.849   30071.690   30129.052
DD0815   28870.905   30096.426   30153.901
DD0816   28893.954   30121.156   30178.744
DD0817   28916.996   30145.879   30203.582
DD0818   28940.031   30170.597   30228.416
DD0819   28963.061   30195.308   30253.245
DD0820   28986.083   30220.014   30278.069
DD0821   29009.099   30244.713   30302.888
DD0822   29032.108   30269.407   30327.704
DD0823   29055.111   30294.096   30352.515
DD0824   29078.107   30318.779   30377.322
DD0825   29101.096   30343.456   30402.124
DD0826   29124.079   30368.129   30426.923
DD0827   29147.055   30392.796   30451.718
DD0828   29170.025   30417.457   30476.509
DD0829   29192.988   30442.114   30501.296
DD0830   29215.944   30466.766   30526.079
DD0831   29238.895   30491.413   30550.858
DD0832   29261.839   30516.055   30575.634
DD0833   29284.777   30540.692   30600.406
DD0834   29307.709   30565.325   30625.174
DD0835   29330.636   30589.954   30649.938
DD0836   29353.557   30614.578   30674.699
DD0837   29376.473   30639.198   30699.456
DD0838   29399.384   30663.814   30724.209
DD0839   29422.290   30688.426   30748.959
DD0840   29445.192   30713.033   30773.706
DD0841   29468.088   30737.637   30798.448
DD0842   29490.980   30762.238   30823.188
DD0843   29513.867   30786.834   30847.923
DD0844   29536.750   30811.426   30872.656
DD0845   29559.628   30836.014   30897.384
DD0846   29582.502   30860.598   30922.110
DD0847   29605.372   30885.179   30946.831
DD0848   29628.238   30909.755   30971.550
DD0849   29651.100   30934.327   30996.265
DD0850   29673.958   30958.895   31020.976
DD0851   29696.812   30983.459   31045.684
DD0852   29719.662   31008.019   31070.389
DD0853   29742.508   31032.575   31095.091
DD0854   29765.351   31057.126   31119.789
DD0855   29788.189   31081.674   31144.484
DD0856   29811.024   31106.217   31169.176
DD0857   29833.855   31130.757   31193.864
DD0858   29856.682   31155.292   31218.550
DD0859   29879.505   31179.823   31243.232
DD0860   29902.324   31204.350   31267.911
DD0861   29925.139   31228.873   31292.587
DD0862   29947.950   31253.392   31317.260
DD0863   29970.756   31277.906   31341.929
DD0864   29993.558   31302.417   31366.596
DD0865   30016.357   31326.923   31391.259
DD0866   30039.151   31351.426   31415.918
DD0867   30061.941   31375.924   31440.575
DD0868   30084.728   31400.419   31465.228
DD0869   30107.512   31424.911   31489.878
DD0870   30130.292   31449.398   31514.525
DD0871   30153.068   31473.883   31539.168
DD0872   30175.842   31498.363   31563.807
DD0873   30198.613   31522.841   31588.444
DD0874   30221.381   31547.314   31613.076
DD0875   30244.147   31571.784   31637.705
DD0876   30266.910   31596.250   31662.331
DD0877   30289.671   31620.711   31686.952
DD0878   30312.429   31645.169   31711.570
DD0879   30335.184   31669.623   31736.184
DD0880   30357.938   31694.071   31760.795
DD0881   30380.688   31718.516   31785.401
DD0882   30403.437   31742.955   31810.004
DD0883   30426.183   31767.390   31834.603
DD0884   30448.927   31791.819   31859.199
DD0885   30471.668   31816.244   31883.790
DD0886   30494.408   31840.664   31908.379
DD0887   30517.146   31865.079   31932.964
DD0888   30539.882   31889.488   31957.545
DD0889   30562.616   31913.893   31982.123
DD0890   30585.349   31938.293   32006.697
DD0891   30608.081   31962.688   32031.268
DD0892   30630.811   31987.077   32055.835
DD0893   30653.541   32011.462   32080.398
DD0894   30676.269   32035.842   32104.957
DD0895   30698.997   32060.216   32129.511
DD0896   30721.725   32084.585   32154.061
DD0897   30744.452   32108.949   32178.606
DD0898   30767.179   32133.308   32203.145
DD0899   30789.906   32157.661   32227.679
DD0900   30812.633   32182.009   32252.206
DD0901   30835.360   32206.352   32276.727
DD0902   30858.087   32230.690   32301.241
DD0903   30880.816   32255.023   32325.747
DD0904   30903.544   32279.352   32350.246
DD0905   30926.274   32303.676   32374.737
DD0906   30949.004   32327.996   32399.220
DD0907   30971.735   32352.312   32423.694
DD0908   30994.467   32376.625   32448.159
DD0909   31017.199   32400.934   32472.614
DD0910   31039.932   32425.239   32497.059
DD0911   31062.664   32449.542   32521.494
DD0912   31085.396   32473.841   32545.918
DD0913   31108.127   32498.138   32570.331
DD0914   31130.857   32522.432   32594.733
DD0915   31153.584   32546.723   32619.123
DD0916   31176.309   32571.012   32643.502
DD0917   31199.031   32595.298   32667.868
DD0918   31221.749   32619.581   32692.222
DD0919   31244.462   32643.862   32716.564
DD0920   31267.170   32668.141   32740.893
DD0921   31289.873   32692.417   32765.210
DD0922   31312.569   32716.691   32789.515
DD0923   31335.259   32740.963   32813.808
DD0924   31357.942   32765.233   32838.088
DD0925   31380.618   32789.501   32862.357
DD0926   31403.286   32813.766   32886.614
DD0927   31425.945   32838.030   32910.860
DD0928   31448.597   32862.291   32935.095
DD0929   31471.240   32886.551   32959.319
DD0930   31493.874   32910.808   32983.533
DD0931   31516.498   32935.063   33007.736
DD0932   31539.113   32959.316   33031.930
DD0933   31561.719   32983.566   33056.114
DD0934   31584.314   33007.814   33080.289
DD0935   31606.900   33032.059   33104.456
DD0936   31629.475   33056.301   33128.614
DD0937   31652.040   33080.541   33152.764
DD0938   31674.594   33104.777   33176.907
DD0939   31697.139   33129.011   33201.043
DD0940   31719.672   33153.243   33225.173
DD0941   31742.196   33177.471   33249.296
DD0942   31764.709   33201.697   33273.414
DD0943   31787.212   33225.920   33297.527
DD0944   31809.705   33250.140   33321.634
DD0945   31832.188   33274.357   33345.737
DD0946   31854.662   33298.572   33369.836
DD0947   31877.125   33322.784   33393.931
DD0948   31899.579   33346.993   33418.022
DD0949   31922.024   33371.199   33442.110
DD0950   31944.459   33395.402   33466.194
DD0951   31966.884   33419.601   33490.275
DD0952   31989.301   33443.797   33514.353
DD0953   32011.707   33467.990   33538.428
DD0954   32034.105   33492.178   33562.501
DD0955   32056.493   33516.363   33586.570
DD0956   32078.873   33540.544   33610.638
DD0957   32101.243   33564.721   33634.703
DD0958   32123.605   33588.894   33658.766
DD0959   32145.959   33613.063   33682.827
DD0960   32168.304   33637.228   33706.887
DD0961   32190.642   33661.389   33730.945
DD0962   32212.972   33685.546   33755.001
DD0963   32235.294   33709.699   33779.057
DD0964   32257.610   33733.849   33803.111
DD0965   32279.919   33757.995   33827.164
DD0966   32302.221   33782.137   33851.215
DD0967   32324.517   33806.276   33875.266
DD0968   32346.807   33830.412   33899.315
DD0969   32369.092   33854.544   33923.362
DD0970   32391.371   33878.674   33947.408
DD0971   32413.644   33902.800   33971.452
DD0972   32435.912   33926.924   33995.493
DD0973   32458.175   33951.045   34019.532
DD0974   32480.433   33975.163   34043.568
DD0975   32502.687   33999.279   34067.601
DD0976   32524.936   34023.392   34091.632
DD0977   32547.181   34047.504   34115.659
DD0978   32569.421   34071.613   34139.683
DD0979   32591.658   34095.719   34163.704
DD0980   32613.891   34119.825   34187.721
DD0981   32636.121   34143.928   34211.736
DD0982   32658.347   34168.029   34235.747
DD0983   32680.570   34192.129   34259.755
DD0984   32702.790   34216.227   34283.759
DD0985   32725.007   34240.324   34307.761
DD0986   32747.220   34264.418   34331.759
DD0987   32769.430   34288.511   34355.754
DD0988   32791.637   34312.601   34379.746
DD0989   32813.840   34336.690   34403.735
DD0990   32836.039   34360.775   34427.720
DD0991   32858.235   34384.858   34451.702
DD0992   32880.426   34408.938   34475.681
DD0993   32902.613   34433.014   34499.656
DD0994   32924.796   34457.088   34523.628
DD0995   32946.974   34481.157   34547.596
DD0996   32969.148   34505.223   34571.560
DD0997   32991.318   34529.285   34595.522
DD0998   33013.483   34553.343   34619.480
DD0999   33035.645   34577.397   34643.435
DD1000   33057.802   34601.448   34667.387
DD1001   33079.956   34625.494   34691.336
DD1002   33102.106   34649.537   34715.283
DD1003   33124.252   34673.576   34739.226
DD1004   33146.396   34697.611   34763.168
DD1005   33168.537   34721.643   34787.107
DD1006   33190.675   34745.671   34811.043
DD1007   33212.810   34769.695   34834.978
DD1008   33234.943   34793.716   34858.910
DD1009   33257.073   34817.733   34882.839
DD1010   33279.201   34841.747   34906.767
DD1011   33301.327   34865.757   34930.692
DD1012   33323.450   34889.763   34954.615
DD1013   33345.570   34913.765   34978.535
DD1014   33367.689   34937.763   35002.453
DD1015   33389.804   34961.758   35026.369
DD1016   33411.917   34985.748   35050.282
DD1017   33434.028   35009.735   35074.193
DD1018   33456.137   35033.719   35098.102
DD1019   33478.243   35057.699   35122.010
DD1020   33500.346   35081.675   35145.915
DD1021   33522.447   35105.649   35169.818
DD1022   33544.546   35129.619   35193.720
DD1023   33566.643   35153.587   35217.620
DD1024   33588.737   35177.552   35241.519
DD1025   33610.828   35201.515   35265.415
DD1026   33632.917   35225.475   35289.311
DD1027   33655.003   35249.433   35313.204
DD1028   33677.085   35273.389   35337.096
DD1029   33699.165   35297.342   35360.986
DD1030   33721.240   35321.292   35384.874
DD1031   33743.312   35345.240   35408.759
DD1032   33765.380   35369.186   35432.643
DD1033   33787.443   35393.129   35456.524
DD1034   33809.502   35417.069   35480.403
DD1035   33831.556   35441.007   35504.280
DD1036   33853.606   35464.942   35528.154
DD1037   33875.651   35488.874   35552.027
DD1038   33897.691   35512.804   35575.897
DD1039   33919.727   35536.731   35599.766
DD1040   33941.759   35560.656   35623.634
DD1041   33963.786   35584.579   35647.500
DD1042   33985.810   35608.500   35671.366
DD1043   34007.830   35632.420   35695.231
DD1044   34029.846   35656.337   35719.095
DD1045   34051.859   35680.253   35742.959
DD1046   34073.868   35704.167   35766.823
DD1047   34095.875   35728.079   35790.687
DD1048   34117.878   35751.990   35814.551
DD1049   34139.877   35775.899   35838.414
DD1050   34161.874   35799.805   35862.276
DD1051   34183.867   35823.709   35886.138
DD1052   34205.857   35847.611   35909.999
DD1053   34227.843   35871.510   35933.859
DD1054   34249.826   35895.406   35957.717
DD1055   34271.805   35919.299   35981.574
DD1056   34293.781   35943.188   36005.429
DD1057   34315.754   35967.073   36029.282
DD1058   34337.722   35990.955   36053.134
DD1059   34359.688   36014.834   36076.983
DD1060   34381.650   36038.708   36100.830
DD1061   34403.608   36062.579   36124.676
DD1062   34425.564   36086.446   36148.520
DD1063   34447.516   36110.309   36172.363
DD1064   34469.465   36134.169   36196.204
DD1065   34491.412   36158.025   36220.044
DD1066   34513.355   36181.877   36243.884
DD1067   34535.296   36205.725   36267.723
DD1068   34557.235   36229.570   36291.561
DD1069   34579.171   36253.410   36315.400
DD1070   34601.104   36277.246   36339.238
DD1071   34623.036   36301.078   36363.076
DD1072   34644.966   36324.905   36386.914
DD1073   34666.894   36348.728   36410.753
DD1074   34688.821   36372.546   36434.592
DD1075   34710.747   36396.359   36458.431
DD1076   34732.672   36420.168   36482.270
DD1077   34754.596   36443.972   36506.109
DD1078   34776.520   36467.772   36529.948
DD1079   34798.445   36491.567   36553.788
DD1080   34820.369   36515.359   36577.627
DD1081   34842.295   36539.147   36601.466
DD1082   34864.221   36562.933   36625.304
DD1083   34886.148   36586.716   36649.142
DD1084   34908.077   36610.496   36672.979
DD1085   34930.007   36634.275   36696.814
DD1086   34951.938   36658.052   36720.648
DD1087   34973.871   36681.828   36744.480
DD1088   34995.804   36705.604   36768.310
DD1089   35017.738   36729.378   36792.137
DD1090   35039.672   36753.152   36815.961
DD1091   35061.606   36776.926   36839.782
DD1092   35083.539   36800.699   36863.599
DD1093   35105.470   36824.472   36887.411
DD1094   35127.400   36848.245   36911.220
DD1095   35149.328   36872.018   36935.023
DD1096   35171.254   36895.790   36958.823
DD1097   35193.176   36919.561   36982.617
DD1098   35215.096   36943.333   37006.407
DD1099   35237.012   36967.104   37030.191
DD1100   35258.924   36990.874   37053.971
DD1101   35280.833   37014.644   37077.747
DD1102   35302.739   37038.414   37101.518
DD1103   35324.641   37062.183   37125.285
DD1104   35346.540   37085.952   37149.047
DD1105   35368.435   37109.721   37172.806
DD1106   35390.328   37133.489   37196.560
DD1107   35412.217   37157.256   37220.311
DD1108   35434.103   37181.023   37244.058
DD1109   35455.986   37204.789   37267.802
DD1110   35477.867   37228.554   37291.542
DD1111   35499.744   37252.318   37315.278
DD1112   35521.618   37276.080   37339.010
DD1113   35543.489   37299.842   37362.739
DD1114   35565.356   37323.602   37386.464
DD1115   35587.219   37347.360   37410.185
DD1116   35609.078   37371.116   37433.902
DD1117   35630.933   37394.870   37457.615
DD1118   35652.784   37418.623   37481.325
DD1119   35674.630   37442.374   37505.031
DD1120   35696.471   37466.123   37528.733
DD1121   35718.308   37489.871   37552.432
DD1122   35740.140   37513.617   37576.127
DD1123   35761.967   37537.363   37599.820
DD1124   35783.790   37561.107   37623.510
DD1125   35805.608   37584.851   37647.198
DD1126   35827.422   37608.595   37670.884
DD1127   35849.232   37632.338   37694.569
DD1128   35871.037   37656.081   37718.252
DD1129   35892.839   37679.825   37741.933
DD1130   35914.637   37703.568   37765.614
DD1131   35936.431   37727.311   37789.293
DD1132   35958.222   37751.055   37812.972
DD1133   35980.008   37774.798   37836.649
DD1134   36001.791   37798.541   37860.326
DD1135   36023.569   37822.284   37884.001
DD1136   36045.343   37846.026   37907.675
DD1137   36067.112   37869.767   37931.347
DD1138   36088.877   37893.507   37955.018
DD1139   36110.637   37917.246   37978.687
DD1140   36132.392   37940.984   38002.354
DD1141   36154.142   37964.720   38026.019
DD1142   36175.887   37988.455   38049.682
DD1143   36197.627   38012.189   38073.343
DD1144   36219.361   38035.921   38097.002
DD1145   36241.091   38059.653   38120.659
DD1146   36262.816   38083.384   38144.315
DD1147   36284.536   38107.114   38167.968
DD1148   36306.252   38130.844   38191.621
DD1149   36327.964   38154.574   38215.272
DD1150   36349.672   38178.304   38238.921
DD1151   36371.376   38202.034   38262.570
DD1152   36393.076   38225.764   38286.218
DD1153   36414.773   38249.495   38309.865
DD1154   36436.467   38273.227   38333.511
DD1155   36458.158   38296.959   38357.156
DD1156   36479.846   38320.691   38380.800
DD1157   36501.530   38344.424   38404.442
DD1158   36523.211   38368.157   38428.082
DD1159   36544.889   38391.890   38451.721
DD1160   36566.563   38415.623   38475.358
DD1161   36588.234   38439.356   38498.992
DD1162   36609.902   38463.088   38522.623
DD1163   36631.566   38486.820   38546.252
DD1164   36653.226   38510.552   38569.878
DD1165   36674.882   38534.283   38593.501
DD1166   36696.535   38558.013   38617.121
DD1167   36718.184   38581.744   38640.738
DD1168   36739.830   38605.473   38664.353
DD1169   36761.472   38629.203   38687.965
DD1170   36783.111   38652.932   38711.574
DD1171   36804.747   38676.661   38735.182
DD1172   36826.379   38700.390   38758.787
DD1173   36848.009   38724.118   38782.391
DD1174   36869.635   38747.846   38805.994
DD1175   36891.258   38771.574   38829.595
DD1176   36912.878   38795.300   38853.196
DD1177   36934.495   38819.025   38876.797
DD1178   36956.109   38842.749   38900.397
DD1179   36977.720   38866.470   38923.997
DD1180   36999.329   38890.190   38947.598
DD1181   37020.935   38913.906   38971.199
DD1182   37042.539   38937.619   38994.801
DD1183   37064.141   38961.329   39018.404
DD1184   37085.741   38985.035   39042.008
DD1185   37107.340   39008.737   39065.613
DD1186   37128.938   39032.434   39089.220
DD1187   37150.537   39056.128   39112.827
DD1188   37172.136   39079.818   39136.436
DD1189   37193.737   39103.504   39160.047
DD1190   37215.339   39127.186   39183.659
DD1191   37236.944   39150.866   39207.273
DD1192   37258.552   39174.543   39230.888
DD1193   37280.163   39198.217   39254.504
DD1194   37301.778   39221.890   39278.122
DD1195   37323.398   39245.562   39301.741
DD1196   37345.021   39269.233   39325.360
DD1197   37366.649   39292.904   39348.981
DD1198   37388.281   39316.575   39372.602
DD1199   37409.917   39340.246   39396.224
DD1200   37431.557   39363.917   39419.845
DD1201   37453.201   39387.590   39443.467
DD1202   37474.847   39411.263   39467.088
DD1203   37496.497   39434.936   39490.708
DD1204   37518.148   39458.610   39514.327
DD1205   37539.802   39482.284   39537.945
DD1206   37561.457   39505.959   39561.561
DD1207   37583.114   39529.634   39585.176
DD1208   37604.772   39553.309   39608.789
DD1209   37626.430   39576.984   39632.400
DD1210   37648.089   39600.659   39656.009
DD1211   37669.749   39624.334   39679.615
DD1212   37691.409   39648.010   39703.220
DD1213   37713.069   39671.685   39726.823
DD1214   37734.729   39695.361   39750.425
DD1215   37756.390   39719.037   39774.024
DD1216   37778.052   39742.714   39797.622
DD1217   37799.714   39766.391   39821.219
DD1218   37821.376   39790.070   39844.815
DD1219   37843.039   39813.749   39868.409
DD1220   37864.703   39837.430   39892.002
DD1221   37886.368   39861.112   39915.593
DD1222   37908.033   39884.794   39939.183
DD1223   37929.699   39908.478   39962.772
DD1224   37951.365   39932.162   39986.359
DD1225   37973.031   39955.846   40009.943
DD1226   37994.697   39979.531   40033.526
DD1227   38016.363   40003.216   40057.105
DD1228   38038.027   40026.901   40080.682
DD1229   38059.690   40050.585   40104.255
DD1230   38081.351   40074.268   40127.825
DD1231   38103.010   40097.951   40151.391
DD1232   38124.667   40121.632   40174.952
DD1233   38146.321   40145.312   40198.510
DD1234   38167.972   40168.991   40222.064
DD1235   38189.620   40192.669   40245.613
DD1236   38211.265   40216.345   40269.158
DD1237   38232.907   40240.020   40292.700
DD1238   38254.545   40263.693   40316.239
DD1239   38276.180   40287.364   40339.774
DD1240   38297.811   40311.034   40363.307
DD1241   38319.439   40334.703   40386.838
DD1242   38341.063   40358.369   40410.368
DD1243   38362.684   40382.034   40433.897
DD1244   38384.301   40405.697   40457.426
DD1245   38405.914   40429.357   40480.955
DD1246   38427.524   40453.016   40504.485
DD1247   38449.130   40476.672   40528.017
DD1248   38470.732   40500.325   40551.552
DD1249   38492.331   40523.976   40575.089
DD1250   38513.926   40547.623   40598.628
DD1251   38535.517   40571.268   40622.172
DD1252   38557.106   40594.909   40645.718
DD1253   38578.691   40618.547   40669.269
DD1254   38600.274   40642.182   40692.824
DD1255   38621.855   40665.814   40716.382
DD1256   38643.434   40689.442   40739.944
DD1257   38665.011   40713.067   40763.510
DD1258   38686.588   40736.689   40787.080
DD1259   38708.164   40760.308   40810.654
DD1260   38729.741   40783.924   40834.231
DD1261   38751.318   40807.538   40857.812
DD1262   38772.896   40831.150   40881.395
DD1263   38794.476   40854.760   40904.982
DD1264   38816.057   40878.369   40928.570
DD1265   38837.641   40901.976   40952.161
DD1266   38859.227   40925.583   40975.754
DD1267   38880.816   40949.189   40999.348
DD1268   38902.407   40972.795   41022.942
DD1269   38924.000   40996.401   41046.536
DD1270   38945.595   41020.007   41070.130
DD1271   38967.191   41043.612   41093.722
DD1272   38988.789   41067.218   41117.313
DD1273   39010.386   41090.823   41140.901
DD1274   39031.984   41114.428   41164.486
DD1275   39053.580   41138.032   41188.067
DD1276   39075.175   41161.635   41211.645
DD1277   39096.767   41185.237   41235.219
DD1278   39118.357   41208.838   41258.788
DD1279   39139.943   41232.438   41282.354
DD1280   39161.525   41256.036   41305.916
DD1281   39183.103   41279.633   41329.475
DD1282   39204.677   41303.228   41353.031
DD1283   39226.248   41326.822   41376.585
DD1284   39247.814   41350.415   41400.137
DD1285   39269.378   41374.007   41423.689
DD1286   39290.939   41397.598   41447.240
DD1287   39312.498   41421.190   41470.791
DD1288   39334.057   41444.783   41494.344
DD1289   39355.614   41468.376   41517.897
DD1290   39377.172   41491.971   41541.452
DD1291   39398.730   41515.568   41565.008
DD1292   39420.290   41539.168   41588.566
DD1293   39441.851   41562.769   41612.124
DD1294   39463.413   41586.373   41635.682
DD1295   39484.978   41609.980   41659.241
DD1296   39506.543   41633.588   41682.798
DD1297   39528.110   41657.199   41706.353
DD1298   39549.677   41680.811   41729.906
DD1299   39571.244   41704.424   41753.455
DD1300   39592.811   41728.037   41777.000
DD1301   39614.376   41751.651   41800.541
DD1302   39635.939   41775.263   41824.077
DD1303   39657.500   41798.875   41847.607
DD1304   39679.057   41822.485   41871.131
DD1305   39700.611   41846.094   41894.651
DD1306   39722.161   41869.700   41918.165
DD1307   39743.707   41893.304   41941.675
DD1308   39765.249   41916.906   41965.180
DD1309   39786.787   41940.506   41988.682
DD1310   39808.323   41964.105   42012.180
DD1311   39829.855   41987.702   42035.676
DD1312   39851.386   42011.297   42059.171
DD1313   39872.914   42034.892   42082.664
DD1314   39894.441   42058.487   42106.156
DD1315   39915.968   42082.082   42129.648
DD1316   39937.494   42105.677   42153.140
DD1317   39959.020   42129.272   42176.632
DD1318   39980.546   42152.868   42200.124
DD1319   40002.073   42176.464   42223.617
DD1320   40023.600   42200.061   42247.110
DD1321   40045.127   42223.659   42270.603
DD1322   40066.654   42247.256   42294.096
DD1323   40088.182   42270.853   42317.589
DD1324   40109.709   42294.450   42341.082
DD1325   40131.236   42318.047   42364.574
DD1326   40152.762   42341.643   42388.066
DD1327   40174.288   42365.238   42411.557
DD1328   40195.812   42388.832   42435.047
DD1329   40217.336   42412.426   42458.537
DD1330   40238.859   42436.018   42482.025
DD1331   40260.381   42459.610   42505.514
DD1332   40281.903   42483.201   42529.002
DD1333   40303.425   42506.792   42552.490
DD1334   40324.946   42530.383   42575.978
DD1335   40346.467   42553.974   42599.466
DD1336   40367.990   42577.565   42622.956
DD1337   40389.512   42601.157   42646.447
DD1338   40411.036   42624.750   42669.939
DD1339   40432.562   42648.344   42693.433
DD1340   40454.089   42671.938   42716.929
DD1341   40475.617   42695.534   42740.428
DD1342   40497.148   42719.131   42763.929
DD1343   40518.680   42742.729   42787.432
DD1344   40540.214   42766.327   42810.937
DD1345   40561.749   42789.927   42834.445
DD1346   40583.285   42813.526   42857.954
DD1347   40604.822   42837.126   42881.465
DD1348   40626.359   42860.725   42904.978
DD1349   40647.897   42884.324   42928.491
DD1350   40669.433   42907.923   42952.006
DD1351   40690.969   42931.521   42975.521
DD1352   40712.504   42955.117   42999.037
DD1353   40734.038   42978.713   43022.553
DD1354   40755.570   43002.308   43046.070
DD1355   40777.101   43025.902   43069.586
DD1356   40798.630   43049.496   43093.103
DD1357   40820.157   43073.088   43116.621
DD1358   40841.684   43096.681   43140.139
DD1359   40863.209   43120.274   43163.658
DD1360   40884.733   43143.867   43187.178
DD1361   40906.257   43167.460   43210.700
DD1362   40927.781   43191.055   43234.223
DD1363   40949.305   43214.651   43257.748
DD1364   40970.829   43238.248   43281.275
DD1365   40992.354   43261.847   43304.804
DD1366   41013.879   43285.447   43328.335
DD1367   41035.405   43309.050   43351.868
DD1368   41056.931   43332.653   43375.403
DD1369   41078.458   43356.259   43398.941
DD1370   41099.986   43379.866   43422.480
DD1371   41121.513   43403.473   43446.020
DD1372   41143.041   43427.082   43469.562
DD1373   41164.569   43450.690   43493.105
DD1374   41186.096   43474.299   43516.647
DD1375   41207.622   43497.907   43540.190
DD1376   41229.148   43521.514   43563.733
DD1377   41250.672   43545.120   43587.275
DD1378   41272.196   43568.725   43610.816
DD1379   41293.718   43592.329   43634.356
DD1380   41315.238   43615.930   43657.894
DD1381   41336.758   43639.530   43681.432
DD1382   41358.276   43663.129   43704.968
DD1383   41379.794   43686.726   43728.503
DD1384   41401.311   43710.323   43752.037
DD1385   41422.827   43733.918   43775.570
DD1386   41444.344   43757.513   43799.103
DD1387   41465.861   43781.109   43822.636
DD1388   41487.379   43804.704   43846.170
DD1389   41508.897   43828.301   43869.703
DD1390   41530.417   43851.898   43893.238
DD1391   41551.938   43875.497   43916.774
DD1392   41573.461   43899.098   43940.311
DD1393   41594.986   43922.700   43963.850
DD1394   41616.513   43946.304   43987.389
DD1395   41638.041   43969.910   44010.930
DD1396   41659.571   43993.517   44034.472
DD1397   41681.102   44017.125   44058.015
DD1398   41702.635   44040.733   44081.558
DD1399   41724.169   44064.343   44105.100
DD1400   41745.703   44087.952   44128.643
DD1401   41767.238   44111.561   44152.184
DD1402   41788.773   44135.169   44175.725
DD1403   41810.308   44158.776   44199.264
DD1404   41831.843   44182.383   44222.801
DD1405   41853.377   44205.988   44246.337
DD1406   41874.911   44229.592   44269.870
DD1407   41896.444   44253.195   44293.402
DD1408   41917.976   44276.798   44316.932
DD1409   41939.508   44300.400   44340.461
DD1410   41961.039   44324.003   44363.988
DD1411   41982.570   44347.605   44387.515
DD1412   42004.100   44371.209   44411.041
DD1413   42025.631   44394.814   44434.568
DD1414   42047.162   44418.421   44458.094
DD1415   42068.694   44442.030   44481.621
DD1416   42090.226   44465.641   44505.149
DD1417   42111.760   44489.255   44528.679
DD1418   42133.294   44512.872   44552.209
DD1419   42154.829   44536.491   44575.741
DD1420   42176.366   44560.113   44599.274
DD1421   42197.903   44583.738   44622.808
DD1422   42219.441   44607.365   44646.344
DD1423   42240.979   44630.993   44669.880
DD1424   42262.517   44654.623   44693.417
DD1425   42284.056   44678.254   44716.954
DD1426   42305.593   44701.886   44740.491
DD1427   42327.130   44725.519   44764.027
DD1428   42348.666   44749.151   44787.564
DD1429   42370.200   44772.783   44811.100
DD1430   42391.732   44796.415   44834.635
DD1431   42413.263   44820.047   44858.169
DD1432   42434.792   44843.678   44881.703
DD1433   42456.320   44867.310   44905.236
DD1434   42477.846   44890.941   44928.770
DD1435   42499.371   44914.573   44952.303
DD1436   42520.894   44938.206   44975.837
DD1437   42542.418   44961.839   44999.371
DD1438   42563.941   44985.475   45022.907
DD1439   42585.465   45009.112   45046.444
DD1440   42606.990   45032.752   45069.983
DD1441   42628.516   45056.394   45093.524
DD1442   42650.044   45080.040   45117.067
DD1443   42671.573   45103.688   45140.613
DD1444   42693.106   45127.340   45164.162
DD1445   42714.640   45150.994   45187.713
DD1446   42736.177   45174.652   45211.266
DD1447   42757.716   45198.313   45234.822
DD1448   42779.257   45221.977   45258.380
DD1449   42800.801   45245.644   45281.940
DD1450   42822.345   45269.312   45305.501
DD1451   42843.891   45292.983   45329.064
DD1452   42865.438   45316.655   45352.628
DD1453   42886.985   45340.329   45376.192
DD1454   42908.532   45364.004   45399.756
DD1455   42930.078   45387.679   45423.321
DD1456   42951.623   45411.356   45446.886
DD1457   42973.167   45435.033   45470.451
DD1458   42994.710   45458.711   45494.016
DD1459   43016.251   45482.389   45517.581
DD1460   43037.791   45506.069   45541.147
DD1461   43059.330   45529.749   45564.713
DD1462   43080.867   45553.431   45588.281
DD1463   43102.404   45577.115   45611.850
DD1464   43123.940   45600.800   45635.422
DD1465   43145.475   45624.487   45658.996
DD1466   43167.010   45648.177   45682.573
DD1467   43188.546   45671.869   45706.154
DD1468   43210.083   45695.564   45729.738
DD1469   43231.620   45719.261   45753.327
DD1470   43253.158   45742.962   45776.920
DD1471   43274.697   45766.665   45800.516
DD1472   43296.238   45790.371   45824.117
DD1473   43317.779   45814.079   45847.722
DD1474   43339.322   45837.790   45871.331
DD1475   43360.865   45861.502   45894.943
DD1476   43382.409   45885.216   45918.557
DD1477   43403.954   45908.931   45942.174
DD1478   43425.498   45932.647   45965.793
DD1479   43447.043   45956.364   45989.414
DD1480   43468.587   45980.080   46013.035
DD1481   43490.131   46003.797   46036.657
DD1482   43511.674   46027.513   46060.280
DD1483   43533.216   46051.229   46083.902
DD1484   43554.758   46074.944   46107.524
DD1485   43576.299   46098.659   46131.146
DD1486   43597.840   46122.374   46154.767
DD1487   43619.380   46146.089   46178.388
DD1488   43640.920   46169.803   46202.009
DD1489   43662.460   46193.518   46225.631
DD1490   43683.999   46217.234   46249.252
DD1491   43705.539   46240.950   46272.874
DD1492   43727.080   46264.668   46296.497
DD1493   43748.621   46288.387   46320.121
DD1494   43770.163   46312.108   46343.746
DD1495   43791.706   46335.832   46367.373
DD1496   43813.250   46359.557   46391.002
DD1497   43834.795   46383.284   46414.632
DD1498   43856.342   46407.014   46438.264
DD1499   43877.889   46430.745   46461.898
DD1500   43899.438   46454.479   46485.534
DD1501   43920.987   46478.213   46509.171
DD1502   43942.538   46501.950   46532.809
DD1503   43964.088   46525.687   46556.449
DD1504   43985.639   46549.425   46580.089
DD1505   44007.190   46573.163   46603.729
DD1506   44028.740   46596.901   46627.369
DD1507   44050.290   46620.639   46651.010
DD1508   44071.839   46644.376   46674.649
DD1509   44093.387   46668.112   46698.288
DD1510   44114.935   46691.848   46721.927
DD1511   44136.481   46715.582   46745.564
DD1512   44158.027   46739.315   46769.201
DD1513   44179.571   46763.048   46792.837
DD1514   44201.116   46786.780   46816.472
DD1515   44222.660   46810.511   46840.107
DD1516   44244.204   46834.242   46863.742
DD1517   44265.748   46857.973   46887.378
DD1518   44287.294   46881.705   46911.014
DD1519   44308.841   46905.438   46934.652
DD1520   44330.390   46929.171   46958.291
DD1521   44351.941   46952.907   46981.932
DD1522   44373.495   46976.644   47005.575
DD1523   44395.051   47000.384   47029.221
DD1524   44416.610   47024.126   47052.870
DD1525   44438.173   47047.871   47076.521
DD1526   44459.738   47071.618   47100.175
DD1527   44481.306   47095.367   47123.832
DD1528   44502.878   47119.120   47147.492
DD1529   44524.451   47142.874   47171.154
DD1530   44546.027   47166.630   47194.818
DD1531   44567.604   47190.388   47218.484
DD1532   44589.183   47214.148   47242.150
DD1533   44610.762   47237.908   47265.818
DD1534   44632.342   47261.669   47289.487
DD1535   44653.922   47285.430   47313.155
DD1536   44675.502   47309.190   47336.824
DD1537   44697.081   47332.951   47360.492
DD1538   44718.660   47356.711   47384.159
DD1539   44740.238   47380.471   47407.827
DD1540   44761.815   47404.230   47431.494
DD1541   44783.391   47427.989   47455.160
DD1542   44804.967   47451.747   47478.827
DD1543   44826.542   47475.506   47502.494
DD1544   44848.118   47499.265   47526.161
DD1545   44869.693   47523.025   47549.830
DD1546   44891.270   47546.786   47573.499
DD1547   44912.848   47570.548   47597.171
DD1548   44934.427   47594.313   47620.845
DD1549   44956.009   47618.080   47644.521
DD1550   44977.593   47641.850   47668.200
DD1551   44999.179   47665.623   47691.883
DD1552   45020.768   47689.399   47715.568
DD1553   45042.360   47713.179   47739.257
DD1554   45063.955   47736.962   47762.950
DD1555   45085.552   47760.748   47786.645
DD1556   45107.152   47784.538   47810.343
DD1557   45128.754   47808.330   47834.044
DD1558   45150.357   47832.125   47857.747
DD1559   45171.962   47855.922   47881.452
DD1560   45193.568   47879.721   47905.158
DD1561   45215.175   47903.521   47928.865
DD1562   45236.782   47927.323   47952.573
DD1563   45258.388   47951.125   47976.281
DD1564   45279.994   47974.927   47999.988
DD1565   45301.600   47998.730   48023.696
DD1566   45323.205   48022.533   48047.403
DD1567   45344.809   48046.335   48071.110
DD1568   45366.412   48070.138   48094.816
DD1569   45388.014   48093.940   48118.522
DD1570   45409.617   48117.743   48142.228
DD1571   45431.219   48141.545   48165.934
DD1572   45452.822   48165.349   48189.641
DD1573   45474.426   48189.154   48213.349
DD1574   45496.031   48212.959   48237.058
DD1575   45517.638   48236.767   48260.769
DD1576   45539.247   48260.577   48284.483
DD1577   45560.858   48284.389   48308.199
DD1578   45582.472   48308.204   48331.918
DD1579   45604.089   48332.022   48355.641
DD1580   45625.710   48355.842   48379.366
DD1581   45647.333   48379.666   48403.095
DD1582   45668.960   48403.493   48426.827
DD1583   45690.589   48427.324   48450.562
DD1584   45712.221   48451.157   48474.300
DD1585   45733.856   48474.993   48498.040
DD1586   45755.492   48498.831   48521.782
DD1587   45777.129   48522.672   48545.526
DD1588   45798.768   48546.515   48569.270
DD1589   45820.407   48570.360   48593.015
DD1590   45842.047   48594.207   48616.761
DD1591   45863.686   48618.055   48640.506
DD1592   45885.325   48641.904   48664.251
DD1593   45906.964   48665.755   48687.996
DD1594   45928.603   48689.608   48711.740
DD1595   45950.241   48713.462   48735.484
DD1596   45971.879   48737.317   48759.227
DD1597   45993.517   48761.174   48782.970
DD1598   46015.155   48785.033   48806.714
DD1599   46036.793   48808.895   48830.458
DD1600   46058.433   48832.758   48854.203
DD1601   46080.074   48856.625   48877.949
DD1602   46101.717   48880.495   48901.697
DD1603   46123.361   48904.368   48925.448
DD1604   46145.008   48928.244   48949.201
DD1605   46166.657   48952.125   48972.957
DD1606   46188.309   48976.009   48996.717
DD1607   46209.964   48999.897   49020.480
DD1608   46231.621   49023.789   49044.247
DD1609   46253.281   49047.684   49068.018
DD1610   46274.944   49071.583   49091.792
DD1611   46296.609   49095.486   49115.571
DD1612   46318.276   49119.391   49139.352
DD1613   46339.945   49143.299   49163.137
DD1614   46361.615   49167.209   49186.924
DD1615   46383.286   49191.120   49210.713
DD1616   46404.958   49215.032   49234.505
DD1617   46426.630   49238.946   49258.298
DD1618   46448.301   49262.859   49282.092
DD1619   46469.972   49286.773   49305.887
DD1620   46491.643   49310.686   49329.682
DD1621   46513.312   49334.599   49353.478
DD1622   46534.980   49358.512   49377.274
DD1623   46556.646   49382.424   49401.070
DD1624   46578.312   49406.336   49424.867
DD1625   46599.976   49430.247   49448.664
DD1626   46621.640   49454.159   49472.461
DD1627   46643.303   49478.072   49496.260
DD1628   46664.965   49501.985   49520.060
DD1629   46686.628   49525.900   49543.861
DD1630   46708.292   49549.816   49567.665
DD1631   46729.957   49573.735   49591.470
DD1632   46751.624   49597.656   49615.278
DD1633   46773.293   49621.581   49639.090
DD1634   46794.964   49645.508   49662.904
DD1635   46816.639   49669.439   49686.723
DD1636   46838.317   49693.374   49710.544
DD1637   46859.999   49717.313   49734.370
DD1638   46881.684   49741.255   49758.199
DD1639   46903.373   49765.201   49782.032
DD1640   46925.066   49789.150   49805.868
DD1641   46946.763   49813.102   49829.707
DD1642   46968.462   49837.056   49853.549
DD1643   46990.165   49861.012   49877.393
DD1644   47011.870   49884.970   49901.239
DD1645   47033.577   49908.928   49925.086
DD1646   47055.286   49932.887   49948.934
DD1647   47076.995   49956.845   49972.782
DD1648   47098.706   49980.803   49996.630
DD1649   47120.416   50004.760   50020.478
DD1650   47142.127   50028.715   50044.325
DD1651   47163.837   50052.669   50068.172
DD1652   47185.547   50076.622   50092.017
DD1653   47207.256   50100.573   50115.862
DD1654   47228.964   50124.523   50139.706
DD1655   47250.672   50148.473   50163.549
DD1656   47272.380   50172.422   50187.393
DD1657   47294.088   50196.371   50211.236
DD1658   47315.797   50220.321   50235.081
DD1659   47337.506   50244.272   50258.927
DD1660   47359.217   50268.225   50282.775
DD1661   47380.930   50292.180   50306.625
DD1662   47402.645   50316.138   50330.478
DD1663   47424.362   50340.099   50354.335
DD1664   47446.083   50364.064   50378.195
DD1665   47467.806   50388.032   50402.059
DD1666   47489.533   50412.005   50425.927
DD1667   47511.263   50435.981   50449.800
DD1668   47532.997   50459.961   50473.677
DD1669   47554.733   50483.945   50497.557
DD1670   47576.472   50507.932   50521.441
DD1671   47598.214   50531.921   50545.329
DD1672   47619.957   50555.914   50569.219
DD1673   47641.701   50579.909   50593.112
DD1674   47663.447   50603.905   50617.006
DD1675   47685.192   50627.903   50640.902
DD1676   47706.938   50651.901   50664.799
DD1677   47728.683   50675.900   50688.697
DD1678   47750.428   50699.900   50712.595
DD1679   47772.172   50723.900   50736.493
DD1680   47793.915   50747.900   50760.391
DD1681   47815.656   50771.901   50784.288
DD1682   47837.397   50795.901   50808.186
DD1683   47859.137   50819.902   50832.085
DD1684   47880.877   50843.904   50855.983
DD1685   47902.616   50867.907   50879.882
DD1686   47924.355   50891.912   50903.783
DD1687   47946.095   50915.918   50927.684
DD1688   47967.836   50939.927   50951.588
DD1689   47989.578   50963.938   50975.494
DD1690   48011.322   50987.953   50999.403
DD1691   48033.069   51011.971   51023.315
DD1692   48054.818   51035.993   51047.230
DD1693   48076.571   51060.020   51071.149
DD1694   48098.326   51084.051   51095.071
DD1695   48120.085   51108.086   51118.998
DD1696   48141.848   51132.127   51142.928
DD1697   48163.614   51156.172   51166.862
DD1698   48185.383   51180.222   51190.799
DD1699   48207.156   51204.276   51214.739
DD1700   48228.931   51228.335   51238.682
DD1701   48250.710   51252.397   51262.627
DD1702   48272.491   51276.462   51286.574
DD1703   48294.273   51300.531   51310.522
DD1704   48316.057   51324.602   51334.470
DD1705   48337.843   51348.676   51358.419
DD1706   48359.629   51372.752   51382.368
DD1707   48381.416   51396.829   51406.317
DD1708   48403.204   51420.908   51430.265
DD1709   48424.991   51444.989   51454.213
DD1710   48446.779   51469.071   51478.160
DD1711   48468.566   51493.155   51502.106
DD1712   48490.354   51517.240   51526.052
DD1713   48512.142   51541.327   51549.998
DD1714   48533.930   51565.417   51573.945
DD1715   48555.719   51589.509   51597.893
DD1716   48577.509   51613.604   51621.842
DD1717   48599.301   51637.703   51645.793
DD1718   48621.094   51661.805   51669.747
DD1719   48642.890   51685.911   51693.704
DD1720   48664.688   51710.022   51717.665
DD1721   48686.490   51734.138   51741.629
DD1722   48708.296   51758.259   51765.599
DD1723   48730.105   51782.386   51789.574
DD1724   48751.917   51806.518   51813.553
DD1725   48773.734   51830.655   51837.538
DD1726   48795.555   51854.797   51861.528
DD1727   48817.380   51878.945   51885.523
DD1728   48839.208   51903.097   51909.523
DD1729   48861.040   51927.254   51933.528
DD1730   48882.874   51951.415   51957.536
DD1731   48904.711   51975.579   51981.548
DD1732   48926.551   51999.746   52005.563
DD1733   48948.392   52023.915   52029.581
DD1734   48970.234   52048.086   52053.601
DD1735   48992.077   52072.259   52077.622
DD1736   49013.920   52096.432   52101.645
DD1737   49035.764   52120.607   52125.669
DD1738   49057.609   52144.782   52149.693
DD1739   49079.453   52168.958   52173.718
DD1740   49101.298   52193.134   52197.744
DD1741   49123.143   52217.311   52221.770
DD1742   49144.989   52241.488   52245.797
DD1743   49166.835   52265.666   52269.826
DD1744   49188.683   52289.846   52293.855
DD1745   49210.533   52314.027   52317.887
DD1746   49232.384   52338.210   52341.920
DD1747   49254.239   52362.396   52365.956
DD1748   49276.096   52386.585   52389.995
DD1749   49297.957   52410.778   52414.038
DD1750   49319.821   52434.974   52438.084
DD1751   49341.689   52459.175   52462.135
DD1752   49363.562   52483.382   52486.190
DD1753   49385.439   52507.593   52510.251
DD1754   49407.321   52531.810   52534.316
DD1755   49429.207   52556.033   52558.386
DD1756   49451.097   52580.261   52582.461
DD1757   49472.992   52604.494   52606.541
DD1758   49494.890   52628.733   52630.625
DD1759   49516.792   52652.977   52654.714
DD1760   49538.696   52677.224   52678.807
DD1761   49560.604   52701.476   52702.903
DD1762   49582.514   52725.730   52727.002
DD1763   49604.426   52749.987   52751.104
DD1764   49626.339   52774.246   52775.207
DD1765   49648.254   52798.505   52799.312
DD1766   49670.169   52822.766   52823.418
DD1767   49692.085   52847.026   52847.525
DD1768   49714.002   52871.286   52871.633
DD1769   49735.919   52895.545   52895.741
DD1770   49757.836   52919.804   52919.849
DD1771   49779.753   52944.062   52943.957
DD1772   49801.670   52968.319   52968.065
DD1773   49823.588   52992.576   52992.173
DD1774   49845.506   53016.833   53016.282
DD1775   49867.425   53041.090   53040.391
DD1776   49889.344   53065.347   53064.501
DD1777   49911.264   53089.607   53088.613
DD1778   49933.186   53113.868   53112.727
DD1779   49955.110   53138.132   53136.843
DD1780   49977.036   53162.400   53160.962
DD1781   49998.965   53186.672   53185.085
DD1782   50020.897   53210.948   53209.212
DD1783   50042.832   53235.229   53233.342
DD1784   50064.770   53259.515   53257.478
DD1785   50086.713   53283.807   53281.618
DD1786   50108.659   53308.104   53305.763
DD1787   50130.610   53332.407   53329.913
DD1788   50152.564   53356.715   53354.067
DD1789   50174.523   53381.028   53378.227
DD1790   50196.484   53405.345   53402.390
DD1791   50218.449   53429.667   53426.557
DD1792   50240.417   53453.992   53450.727
DD1793   50262.387   53478.320   53474.900
DD1794   50284.360   53502.651   53499.075
DD1795   50306.334   53526.984   53523.252
DD1796   50328.309   53551.319   53547.430
DD1797   50350.285   53575.655   53571.610
DD1798   50372.262   53599.993   53595.790
DD1799   50394.240   53624.331   53619.970
DD1800   50416.219   53648.670   53644.151
DD1801   50438.198   53673.010   53668.333
DD1802   50460.178   53697.351   53692.514
DD1803   50482.159   53721.693   53716.697
DD1804   50504.142   53746.036   53740.880
DD1805   50526.126   53770.381   53765.065
DD1806   50548.112   53794.729   53789.252
DD1807   50570.101   53819.079   53813.442
DD1808   50592.092   53843.432   53837.634
DD1809   50614.088   53867.788   53861.829
DD1810   50636.088   53892.149   53886.029
DD1811   50658.092   53916.514   53910.233
DD1812   50680.101   53940.884   53934.441
DD1813   50702.115   53965.259   53958.655
DD1814   50724.134   53989.639   53982.875
DD1815   50746.159   54014.025   54007.100
DD1816   50768.189   54038.416   54031.330
DD1817   50790.224   54062.813   54055.566
DD1818   50812.264   54087.215   54079.808
DD1819   50834.308   54111.621   54104.055
DD1820   50856.356   54136.033   54128.306
DD1821   50878.408   54160.448   54152.561
DD1822   50900.463   54184.867   54176.821
DD1823   50922.520   54209.289   54201.083
DD1824   50944.579   54233.715   54225.349
DD1825   50966.639   54258.142   54249.616
DD1826   50988.700   54282.571   54273.886
DD1827   51010.762   54307.001   54298.157
DD1828   51032.824   54331.433   54322.429
DD1829   51054.886   54355.865   54346.702
DD1830   51076.948   54380.298   54370.976
DD1831   51099.010   54404.732   54395.251
DD1832   51121.071   54429.166   54419.526
DD1833   51143.132   54453.601   54443.802
DD1834   51165.194   54478.037   54468.080
DD1835   51187.256   54502.475   54492.359
DD1836   51209.318   54526.915   54516.639
DD1837   51231.382   54551.357   54540.922
DD1838   51253.447   54575.802   54565.209
DD1839   51275.514   54600.251   54589.498
DD1840   51297.585   54624.704   54613.792
DD1841   51319.658   54649.162   54638.090
DD1842   51341.734   54673.626   54662.394
DD1843   51363.815   54698.094   54686.703
DD1844   51385.899   54722.569   54711.017
DD1845   51407.988   54747.050   54735.338
DD1846   51430.082   54771.537   54759.665
DD1847   51452.180   54796.031   54783.998
DD1848   51474.283   54820.531   54808.337
DD1849   51496.389   54845.036   54832.682
DD1850   51518.500   54869.547   54857.033
DD1851   51540.614   54894.063   54881.388
DD1852   51562.731   54918.584   54905.748
DD1853   51584.851   54943.108   54930.113
DD1854   51606.973   54967.636   54954.481
DD1855   51629.097   54992.167   54978.852
DD1856   51651.222   55016.699   55003.226
DD1857   51673.349   55041.234   55027.602
DD1858   51695.476   55065.769   55051.981
DD1859   51717.604   55090.305   55076.361
DD1860   51739.733   55114.841   55100.742
DD1861   51761.863   55139.377   55125.125
DD1862   51783.994   55163.913   55149.510
DD1863   51806.126   55188.449   55173.895
DD1864   51828.258   55212.984   55198.282
DD1865   51850.393   55237.519   55222.671
DD1866   51872.529   55262.055   55247.061
DD1867   51894.668   55286.590   55271.454
DD1868   51916.809   55311.127   55295.849
DD1869   51938.953   55335.666   55320.247
DD1870   51961.101   55360.207   55344.648
DD1871   51983.252   55384.751   55369.052
DD1872   52005.408   55409.298   55393.461
DD1873   52027.568   55433.850   55417.874
DD1874   52049.733   55458.407   55442.292
DD1875   52071.904   55482.969   55466.715
DD1876   52094.079   55507.536   55491.144
DD1877   52116.260   55532.110   55515.579
DD1878   52138.446   55556.691   55540.019
DD1879   52160.637   55581.277   55564.464
DD1880   52182.834   55605.870   55588.915
DD1881   52205.035   55630.468   55613.372
DD1882   52227.241   55655.072   55637.833
DD1883   52249.450   55679.681   55662.298
DD1884   52271.663   55704.294   55686.768
DD1885   52293.879   55728.911   55711.240
DD1886   52316.098   55753.531   55735.716
DD1887   52338.319   55778.154   55760.194
DD1888   52360.542   55802.778   55784.673
DD1889   52382.766   55827.403   55809.154
DD1890   52404.992   55852.030   55833.636
DD1891   52427.218   55876.657   55858.118
DD1892   52449.445   55901.284   55882.601
DD1893   52471.672   55925.911   55907.085
DD1894   52493.900   55950.539   55931.569
DD1895   52516.129   55975.167   55956.053
DD1896   52538.359   55999.795   55980.538
DD1897   52560.589   56024.424   56005.025
DD1898   52582.821   56049.055   56029.513
DD1899   52605.055   56073.688   56054.003
DD1900   52627.291   56098.323   56078.496
DD1901   52649.530   56122.961   56102.992
DD1902   52671.773   56147.603   56127.492
DD1903   52694.019   56172.249   56151.997
DD1904   52716.270   56196.900   56176.507
DD1905   52738.526   56221.557   56201.023
DD1906   52760.787   56246.219   56225.545
DD1907   52783.054   56270.888   56250.073
DD1908   52805.327   56295.562   56274.608
DD1909   52827.605   56320.243   56299.150
DD1910   52849.890   56344.930   56323.698
DD1911   52872.180   56369.624   56348.253
DD1912   52894.476   56394.323   56372.814
DD1913   52916.776   56419.028   56397.380
DD1914   52939.081   56443.737   56421.951
DD1915   52961.390   56468.451   56446.526
DD1916   52983.702   56493.170   56471.105
DD1917   53006.016   56517.891   56495.688
DD1918   53028.332   56542.616   56520.272
DD1919   53050.650   56567.344   56544.859
DD1920   53072.968   56592.074   56569.447
DD1921   53095.286   56616.805   56594.037
DD1922   53117.605   56641.539   56618.627
DD1923   53139.923   56666.274   56643.218
DD1924   53162.241   56691.011   56667.810
DD1925   53184.558   56715.750   56692.403
DD1926   53206.876   56740.490   56716.998
DD1927   53229.193   56765.233   56741.594
DD1928   53251.511   56789.977   56766.191
DD1929   53273.829   56814.724   56790.792
DD1930   53296.149   56839.474   56815.395
DD1931   53318.471   56864.228   56840.002
DD1932   53340.795   56888.985   56864.613
DD1933   53363.123   56913.746   56889.230
DD1934   53385.454   56938.513   56913.851
DD1935   53407.790   56963.284   56938.479
DD1936   53430.131   56988.060   56963.113
DD1937   53452.478   57012.843   56987.754
DD1938   53474.830   57037.631   57012.402
DD1939   53497.188   57062.426   57037.058
DD1940   53519.552   57087.227   57061.721
DD1941   53541.923   57112.035   57086.392
DD1942   53564.299   57136.848   57111.069
DD1943   53586.682   57161.668   57135.754
DD1944   53609.069   57186.494   57160.446
DD1945   53631.462   57211.325   57185.144
DD1946   53653.859   57236.161   57209.848
DD1947   53676.260   57261.001   57234.557
DD1948   53698.664   57285.844   57259.271
DD1949   53721.071   57310.691   57283.989
DD1950   53743.481   57335.541   57308.710
DD1951   53765.892   57360.392   57333.434
DD1952   53788.305   57385.245   57358.161
DD1953   53810.719   57410.098   57382.889
DD1954   53833.133   57434.953   57407.619
DD1955   53855.548   57459.807   57432.350
DD1956   53877.963   57484.661   57457.082
DD1957   53900.379   57509.516   57481.815
DD1958   53922.795   57534.370   57506.549
DD1959   53945.211   57559.225   57531.284
DD1960   53967.629   57584.080   57556.020
DD1961   53990.047   57608.937   57580.758
DD1962   54012.467   57633.796   57605.498
DD1963   54034.890   57658.657   57630.240
DD1964   54057.314   57683.522   57654.986
DD1965   54079.742   57708.390   57679.735
DD1966   54102.174   57733.263   57704.489
DD1967   54124.610   57758.142   57729.247
DD1968   54147.051   57783.027   57754.011
DD1969   54169.497   57807.919   57778.781
DD1970   54191.949   57832.818   57803.558
DD1971   54214.407   57857.724   57828.340
DD1972   54236.871   57882.638   57853.130
DD1973   54259.342   57907.559   57877.926
DD1974   54281.819   57932.487   57902.729
DD1975   54304.303   57957.423   57927.538
DD1976   54326.792   57982.365   57952.353
DD1977   54349.288   58007.312   57977.173
DD1978   54371.788   58032.265   58001.997
DD1979   54394.293   58057.222   58026.825
DD1980   54416.802   58082.183   58051.656
DD1981   54439.315   58107.147   58076.488
DD1982   54461.831   58132.113   58101.323
DD1983   54484.349   58157.080   58126.158
DD1984   54506.868   58182.049   58150.993
DD1985   54529.389   58207.019   58175.827
DD1986   54551.910   58231.990   58200.660
DD1987   54574.431   58256.961   58225.493
DD1988   54596.953   58281.932   58250.324
DD1989   54619.475   58306.904   58275.154
DD1990   54641.996   58331.877   58299.983
DD1991   54664.518   58356.851   58324.811
DD1992   54687.039   58381.827   58349.640
DD1993   54709.561   58406.805   58374.468
DD1994   54732.084   58431.785   58399.298
DD1995   54754.608   58456.769   58424.130
DD1996   54777.134   58481.757   58448.964
DD1997   54799.663   58506.749   58473.803
DD1998   54822.194   58531.747   58498.645
DD1999   54844.729   58556.750   58523.493
DD2000   54867.268   58581.760   58548.347
DD2001   54889.812   58606.776   58573.207
DD2002   54912.361   58631.800   58598.074
DD2003   54934.915   58656.832   58622.949
DD2004   54957.474   58681.871   58647.832
DD2005   54980.039   58706.917   58672.722
DD2006   55002.609   58731.971   58697.620
DD2007   55025.183   58757.032   58722.525
DD2008   55047.763   58782.100   58747.437
DD2009   55070.347   58807.174   58772.355
DD2010   55092.934   58832.255   58797.280
DD2011   55115.524   58857.340   58822.209
DD2012   55138.117   58882.430   58847.143
DD2013   55160.713   58907.523   58872.081
DD2014   55183.309   58932.620   58897.023
DD2015   55205.907   58957.720   58921.967
DD2016   55228.505   58982.821   58946.913
DD2017   55251.103   59007.924   58971.860
DD2018   55273.702   59033.028   58996.809
DD2019   55296.300   59058.133   59021.759
DD2020   55318.899   59083.238   59046.710
DD2021   55341.498   59108.343   59071.662
DD2022   55364.097   59133.449   59096.615
DD2023   55386.697   59158.556   59121.569
DD2024   55409.297   59183.663   59146.524
DD2025   55431.900   59208.771   59171.481
DD2026   55454.503   59233.880   59196.440
DD2027   55477.110   59258.991   59221.402
DD2028   55499.719   59284.105   59246.367
DD2029   55522.331   59309.222   59271.336
DD2030   55544.948   59334.342   59296.309
DD2031   55567.569   59359.467   59321.288
DD2032   55590.196   59384.597   59346.272
DD2033   55612.828   59409.732   59371.262
DD2034   55635.465   59434.874   59396.259
DD2035   55658.109   59460.023   59421.263
DD2036   55680.760   59485.178   59446.274
DD2037   55703.416   59510.341   59471.292
DD2038   55726.080   59535.512   59496.318
DD2039   55748.749   59560.689   59521.352
DD2040   55771.424   59585.875   59546.392
DD2041   55794.105   59611.067   59571.439
DD2042   55816.790   59636.265   59596.492
DD2043   55839.481   59661.470   59621.551
DD2044   55862.175   59686.680   59646.615
DD2045   55884.873   59711.895   59671.683
DD2046   55907.573   59737.115   59696.754
DD2047   55930.276   59762.338   59721.828
DD2048   55952.980   59787.564   59746.905
DD2049   55975.686   59812.793   59771.983
DD2050   55998.392   59838.024   59797.063
DD2051   56021.099   59863.256   59822.143
DD2052   56043.806   59888.490   59847.223
DD2053   56066.514   59913.725   59872.304
DD2054   56089.221   59938.961   59897.385
DD2055   56111.929   59964.199   59922.465
DD2056   56134.637   59989.438   59947.547
DD2057   56157.345   60014.678   59972.629
DD2058   56180.055   60039.921   59997.711
DD2059   56202.765   60065.166   60022.796
DD2060   56225.478   60090.414   60047.882
DD2061   56248.193   60115.665   60072.971
DD2062   56270.911   60140.921   60098.063
DD2063   56293.633   60166.182   60123.160
DD2064   56316.358   60191.449   60148.261
DD2065   56339.089   60216.722   60173.368
DD2066   56361.825   60242.002   60198.481
DD2067   56384.568   60267.289   60223.600
DD2068   56407.316   60292.584   60248.727
DD2069   56430.071   60317.887   60273.861
DD2070   56452.833   60343.198   60299.003
DD2071   56475.601   60368.517   60324.152
DD2072   56498.375   60393.845   60349.308
DD2073   56521.156   60419.180   60374.472
DD2074   56543.943   60444.523   60399.643
DD2075   56566.735   60469.872   60424.820
DD2076   56589.532   60495.229   60450.003
DD2077   56612.333   60520.591   60475.192
DD2078   56635.138   60545.959   60500.385
DD2079   56657.946   60571.331   60525.582
DD2080   56680.757   60596.707   60550.782
DD2081   56703.569   60622.087   60575.985
DD2082   56726.383   60647.470   60601.191
DD2083   56749.198   60672.855   60626.398
DD2084   56772.014   60698.242   60651.607
DD2085   56794.831   60723.631   60676.818
DD2086   56817.648   60749.022   60702.029
DD2087   56840.465   60774.414   60727.241
DD2088   56863.283   60799.807   60752.454
DD2089   56886.102   60825.202   60777.669
DD2090   56908.921   60850.599   60802.885
DD2091   56931.741   60875.998   60828.103
DD2092   56954.562   60901.400   60853.323
DD2093   56977.385   60926.806   60878.547
DD2094   57000.211   60952.215   60903.774
DD2095   57023.039   60977.629   60929.005
DD2096   57045.870   61003.049   60954.241
DD2097   57068.705   61028.474   60979.484
DD2098   57091.545   61053.906   61004.732
DD2099   57114.389   61079.346   61029.988
DD2100   57137.239   61104.792   61055.252
DD2101   57160.095   61130.247   61080.523
DD2102   57182.956   61155.711   61105.803
DD2103   57205.824   61181.182   61131.091
DD2104   57228.698   61206.662   61156.388
DD2105   57251.578   61232.150   61181.693
DD2106   57274.464   61257.646   61207.006
DD2107   57297.355   61283.148   61232.326
DD2108   57320.251   61308.658   61257.653
DD2109   57343.152   61334.174   61282.986
DD2110   57366.057   61359.695   61308.324
DD2111   57388.966   61385.221   61333.667
DD2112   57411.877   61410.750   61359.014
DD2113   57434.792   61436.284   61384.364
DD2114   57457.708   61461.820   61409.716
DD2115   57480.626   61487.358   61435.071
DD2116   57503.545   61512.898   61460.427
DD2117   57526.465   61538.440   61485.783
DD2118   57549.387   61563.983   61511.141
DD2119   57572.309   61589.526   61536.500
DD2120   57595.232   61615.071   61561.859
DD2121   57618.156   61640.617   61587.218
DD2122   57641.081   61666.164   61612.579
DD2123   57664.008   61691.712   61637.941
DD2124   57686.936   61717.262   61663.305
DD2125   57709.867   61742.815   61688.671
DD2126   57732.800   61768.371   61714.040
DD2127   57755.736   61793.930   61739.413
DD2128   57778.677   61819.493   61764.789
DD2129   57801.621   61845.061   61790.171
DD2130   57824.570   61870.635   61815.557
DD2131   57847.525   61896.215   61840.950
DD2132   57870.486   61921.802   61866.350
DD2133   57893.453   61947.397   61891.757
DD2134   57916.426   61972.999   61917.171
DD2135   57939.407   61998.610   61942.593
DD2136   57962.394   62024.229   61968.024
DD2137   57985.388   62049.857   61993.462
DD2138   58008.390   62075.494   62018.908
DD2139   58031.397   62101.138   62044.362
DD2140   58054.412   62126.790   62069.823
DD2141   58077.431   62152.450   62095.291
DD2142   58100.457   62178.117   62120.765
DD2143   58123.486   62203.790   62146.245
DD2144   58146.520   62229.468   62171.729
DD2145   58169.557   62255.152   62197.218
DD2146   58192.597   62280.840   62222.710
DD2147   58215.638   62306.532   62248.205
DD2148   58238.681   62332.227   62273.702
DD2149   58261.725   62357.925   62299.201
DD2150   58284.769   62383.626   62324.701
DD2151   58307.814   62409.329   62350.203
DD2152   58330.858   62435.034   62375.705
DD2153   58353.903   62460.740   62401.208
DD2154   58376.947   62486.449   62426.712
DD2155   58399.992   62512.160   62452.217
DD2156   58423.037   62537.873   62477.723
DD2157   58446.084   62563.589   62503.231
DD2158   58469.131   62589.308   62528.741
DD2159   58492.180   62615.030   62554.253
DD2160   58515.232   62640.756   62579.769
DD2161   58538.287   62666.486   62605.289
DD2162   58561.345   62692.222   62630.813
DD2163   58584.408   62717.964   62656.343
DD2164   58607.476   62743.712   62681.878
DD2165   58630.549   62769.467   62707.420
DD2166   58653.628   62795.230   62732.970
DD2167   58676.714   62821.001   62758.526
DD2168   58699.807   62846.780   62784.091
DD2169   58722.908   62872.568   62809.664
DD2170   58746.016   62898.364   62835.246
DD2171   58769.131   62924.169   62860.835
DD2172   58792.254   62949.982   62886.433
DD2173   58815.384   62975.804   62912.038
DD2174   58838.521   63001.633   62937.651
DD2175   58861.665   63027.469   62963.270
DD2176   58884.815   63053.313   62988.896
DD2177   58907.970   63079.162   63014.526
DD2178   58931.130   63105.016   63040.162
DD2179   58954.294   63130.876   63065.801
DD2180   58977.462   63156.739   63091.443
DD2181   59000.632   63182.607   63117.088
DD2182   59023.805   63208.477   63142.734
DD2183   59046.979   63234.351   63168.382
DD2184   59070.154   63260.227   63194.031
DD2185   59093.331   63286.105   63219.681
DD2186   59116.508   63311.985   63245.331
DD2187   59139.686   63337.867   63270.981
DD2188   59162.865   63363.752   63296.632
DD2189   59186.044   63389.639   63322.283
DD2190   59209.224   63415.528   63347.935
DD2191   59232.406   63441.420   63373.588
DD2192   59255.589   63467.315   63399.243
DD2193   59278.774   63493.214   63424.900
DD2194   59301.962   63519.117   63450.560
DD2195   59325.153   63545.025   63476.223
DD2196   59348.349   63570.938   63501.891
DD2197   59371.549   63596.857   63527.565
DD2198   59394.754   63622.782   63553.244
DD2199   59417.964   63648.715   63578.929
DD2200   59441.181   63674.656   63604.622
DD2201   59464.405   63700.604   63630.323
DD2202   59487.636   63726.562   63656.032
DD2203   59510.874   63752.528   63681.749
DD2204   59534.119   63778.503   63707.475
DD2205   59557.372   63804.487   63733.210
DD2206   59580.632   63830.480   63758.953
DD2207   59603.899   63856.481   63784.704
DD2208   59627.172   63882.491   63810.463
DD2209   59650.451   63908.509   63836.228
DD2210   59673.735   63934.534   63862.001
DD2211   59697.024   63960.565   63887.778
DD2212   59720.318   63986.603   63913.562
DD2213   59743.614   64012.646   63939.349
DD2214   59766.914   64038.693   63965.140
DD2215   59790.216   64064.745   63990.935
DD2216   59813.519   64090.800   64016.732
DD2217   59836.824   64116.858   64042.532
DD2218   59860.129   64142.919   64068.333
DD2219   59883.434   64168.982   64094.136
DD2220   59906.740   64195.048   64119.941
DD2221   59930.045   64221.115   64145.747
DD2222   59953.350   64247.184   64171.555
DD2223   59976.656   64273.255   64197.365
DD2224   59999.961   64299.328   64223.177
DD2225   60023.267   64325.404   64248.992
DD2226   60046.574   64351.483   64274.810
DD2227   60069.882   64377.566   64300.631
DD2228   60093.192   64403.652   64326.456
DD2229   60116.504   64429.744   64352.286
DD2230   60139.820   64455.840   64378.121
DD2231   60163.139   64481.943   64403.963
DD2232   60186.463   64508.052   64429.811
DD2233   60209.792   64534.169   64455.667
DD2234   60233.127   64560.294   64481.531
DD2235   60256.468   64586.428   64507.404
DD2236   60279.815   64612.570   64533.285
DD2237   60303.169   64638.722   64559.176
DD2238   60326.530   64664.884   64585.076
DD2239   60349.897   64691.055   64610.986
DD2240   60373.271   64717.235   64636.904
DD2241   60396.652   64743.425   64662.831
DD2242   60420.038   64769.623   64688.767
DD2243   60443.429   64795.829   64714.710
DD2244   60466.825   64822.042   64740.660
DD2245   60490.224   64848.262   64766.617
DD2246   60513.626   64874.487   64792.579
DD2247   60537.031   64900.718   64818.546
DD2248   60560.438   64926.952   64844.518
DD2249   60583.846   64953.190   64870.492
DD2250   60607.254   64979.429   64896.470
DD2251   60630.662   65005.671   64922.450
DD2252   60654.070   65031.914   64948.432
DD2253   60677.477   65058.157   64974.415
DD2254   60700.883   65084.400   65000.400
DD2255   60724.288   65110.643   65026.387
DD2256   60747.692   65136.885   65052.374
DD2257   60771.095   65163.127   65078.363
DD2258   60794.497   65189.369   65104.353
DD2259   60817.898   65215.610   65130.345
DD2260   60841.299   65241.852   65156.339
DD2261   60864.699   65268.095   65182.337
DD2262   60888.099   65294.338   65208.337
DD2263   60911.500   65320.584   65234.341
DD2264   60934.903   65346.832   65260.350
DD2265   60958.307   65373.084   65286.364
DD2266   60981.713   65399.340   65312.385
DD2267   61005.122   65425.602   65338.412
DD2268   61028.534   65451.868   65364.447
DD2269   61051.951   65478.142   65390.490
DD2270   61075.371   65504.422   65416.542
DD2271   61098.796   65530.709   65442.602
DD2272   61122.227   65557.004   65468.672
DD2273   61145.662   65583.305   65494.751
DD2274   61169.102   65609.614   65520.840
DD2275   61192.547   65635.930   65546.938
DD2276   61215.997   65662.252   65573.044
DD2277   61239.451   65688.579   65599.159
DD2278   61262.909   65714.911   65625.281
DD2279   61286.371   65741.247   65651.411
DD2280   61309.836   65767.586   65677.546
DD2281   61333.304   65793.927   65703.688
DD2282   61356.774   65820.270   65729.834
DD2283   61380.245   65846.614   65755.985
DD2284   61403.718   65872.957   65782.139
DD2285   61427.192   65899.300   65808.297
DD2286   61450.666   65925.643   65834.457
DD2287   61474.141   65951.983   65860.619
DD2288   61497.617   65978.323   65886.783
DD2289   61521.093   66004.661   65912.948
DD2290   61544.569   66030.998   65939.115
DD2291   61568.046   66057.333   65965.284
DD2292   61591.524   66083.667   65991.455
DD2293   61615.003   66110.001   66017.627
DD2294   61638.484   66136.334   66043.802
DD2295   61661.967   66162.668   66069.980
DD2296   61685.453   66189.003   66096.161
DD2297   61708.942   66215.340   66122.347
DD2298   61732.435   66241.678   66148.536
DD2299   61755.934   66268.020   66174.732
DD2300   61779.438   66294.366   66200.933
DD2301   61802.948   66320.716   66227.141
DD2302   61826.466   66347.072   66253.356
DD2303   61849.992   66373.433   66279.579
DD2304   61873.526   66399.801   66305.811
DD2305   61897.069   66426.175   66332.052
DD2306   61920.621   66452.557   66358.302
DD2307   61944.183   66478.946   66384.560
DD2308   61967.754   66505.342   66410.828
DD2309   61991.335   66531.746   66437.105
DD2310   62014.925   66558.157   66463.391
DD2311   62038.524   66584.574   66489.684
DD2312   62062.131   66610.998   66515.985
DD2313   62085.746   66637.428   66542.293
DD2314   62109.368   66663.862   66568.607
DD2315   62132.996   66690.302   66594.925
DD2316   62156.629   66716.745   66621.249
DD2317   62180.268   66743.192   66647.575
DD2318   62203.910   66769.641   66673.905
DD2319   62227.556   66796.093   66700.237
DD2320   62251.205   66822.547   66726.571
DD2321   62274.857   66849.002   66752.906
DD2322   62298.511   66875.458   66779.242
DD2323   62322.167   66901.915   66805.579
DD2324   62345.825   66928.373   66831.916
DD2325   62369.485   66954.832   66858.254
DD2326   62393.147   66981.292   66884.593
DD2327   62416.811   67007.753   66910.933
DD2328   62440.477   67034.216   66937.274
DD2329   62464.146   67060.680   66963.617
DD2330   62487.819   67087.147   66989.964
DD2331   62511.495   67113.618   67016.313
DD2332   62535.175   67140.092   67042.667
DD2333   62558.860   67166.570   67069.026
DD2334   62582.551   67193.054   67095.390
DD2335   62606.248   67219.544   67121.761
DD2336   62629.952   67246.041   67148.140
DD2337   62653.664   67272.545   67174.527
DD2338   62677.385   67299.057   67200.924
DD2339   62701.114   67325.578   67227.329
DD2340   62724.853   67352.107   67253.745
DD2341   62748.601   67378.646   67280.171
DD2342   62772.359   67405.194   67306.607
DD2343   62796.127   67431.751   67333.053
DD2344   62819.905   67458.317   67359.510
DD2345   62843.692   67484.892   67385.976
DD2346   62867.488   67511.474   67412.450
DD2347   62891.293   67538.065   67438.933
DD2348   62915.105   67564.661   67465.424
DD2349   62938.924   67591.264   67491.921
DD2350   62962.748   67617.872   67518.423
DD2351   62986.578   67644.485   67544.931
DD2352   63010.413   67671.101   67571.442
DD2353   63034.250   67697.721   67597.957
DD2354   63058.091   67724.343   67624.475
DD2355   63081.933   67750.968   67650.994
DD2356   63105.778   67777.594   67677.515
DD2357   63129.623   67804.222   67704.037
DD2358   63153.469   67830.851   67730.561
DD2359   63177.316   67857.481   67757.085
DD2360   63201.164   67884.112   67783.611
DD2361   63225.012   67910.745   67810.137
DD2362   63248.861   67937.379   67836.665
DD2363   63272.712   67964.014   67863.195
DD2364   63296.564   67990.651   67889.727
DD2365   63320.418   68017.291   67916.262
DD2366   63344.275   68043.934   67942.800
DD2367   63368.136   68070.580   67969.342
DD2368   63392.001   68097.230   67995.888
DD2369   63415.871   68123.885   68022.440
DD2370   63439.747   68150.546   68048.998
DD2371   63463.630   68177.212   68075.563
DD2372   63487.520   68203.886   68102.135
DD2373   63511.418   68230.568   68128.715
DD2374   63535.324   68257.258   68155.304
DD2375   63559.239   68283.957   68181.902
DD2376   63583.164   68310.665   68208.510
DD2377   63607.098   68337.382   68235.127
DD2378   63631.041   68364.110   68261.754
DD2379   63654.994   68390.847   68288.391
DD2380   63678.955   68417.593   68315.037
DD2381   63702.926   68444.349   68341.693
DD2382   63726.904   68471.113   68368.357
DD2383   63750.890   68497.886   68395.029
DD2384   63774.883   68524.666   68421.709
DD2385   63798.882   68551.452   68448.396
DD2386   63822.887   68578.245   68475.090
DD2387   63846.897   68605.043   68501.789
DD2388   63870.910   68631.846   68528.493
DD2389   63894.928   68658.653   68555.202
DD2390   63918.949   68685.463   68581.914
DD2391   63942.972   68712.276   68608.630
DD2392   63966.998   68739.091   68635.348
DD2393   63991.026   68765.908   68662.070
DD2394   64015.056   68792.726   68688.793
DD2395   64039.087   68819.547   68715.518
DD2396   64063.120   68846.369   68742.246
DD2397   64087.155   68873.192   68768.975
DD2398   64111.192   68900.018   68795.706
DD2399   64135.231   68926.845   68822.440
DD2400   64159.273   68953.676   68849.177
DD2401   64183.318   68980.509   68875.916
DD2402   64207.367   69007.347   68902.660
DD2403   64231.420   69034.189   68929.408
DD2404   64255.479   69061.036   68956.161
DD2405   64279.544   69087.890   68982.920
DD2406   64303.615   69114.751   69009.686
DD2407   64327.694   69141.620   69036.459
DD2408   64351.781   69168.497   69063.241
DD2409   64375.877   69195.384   69090.031
DD2410   64399.982   69222.280   69116.830
DD2411   64424.097   69249.186   69143.639
DD2412   64448.222   69276.103   69170.458
DD2413   64472.356   69303.030   69197.288
DD2414   64496.501   69329.967   69224.127
DD2415   64520.656   69356.914   69250.975
DD2416   64544.819   69383.871   69277.833
DD2417   64568.992   69410.836   69304.700
DD2418   64593.172   69437.810   69331.575
DD2419   64617.360   69464.791   69358.458
DD2420   64641.555   69491.779   69385.347
DD2421   64665.755   69518.772   69412.241
DD2422   64689.960   69545.771   69439.141
DD2423   64714.170   69572.773   69466.045
DD2424   64738.384   69599.779   69492.952
DD2425   64762.600   69626.787   69519.862
DD2426   64786.819   69653.798   69546.773
DD2427   64811.040   69680.810   69573.687
DD2428   64835.262   69707.823   69600.601
DD2429   64859.486   69734.838   69627.516
DD2430   64883.711   69761.853   69654.432
DD2431   64907.937   69788.870   69681.348
DD2432   64932.164   69815.888   69708.265
DD2433   64956.393   69842.907   69735.183
DD2434   64980.622   69869.928   69762.101
DD2435   65004.853   69896.952   69789.021
DD2436   65029.087   69923.978   69815.943
DD2437   65053.323   69951.009   69842.867
DD2438   65077.562   69978.044   69869.795
DD2439   65101.805   70005.084   69896.726
DD2440   65126.052   70032.131   69923.663
DD2441   65150.305   70059.184   69950.606
DD2442   65174.563   70086.246   69977.555
DD2443   65198.829   70113.316   70004.512
DD2444   65223.102   70140.396   70031.477
DD2445   65247.383   70167.485   70058.451
DD2446   65271.673   70194.585   70085.435
DD2447   65295.972   70221.696   70112.429
DD2448   65320.280   70248.818   70139.434
DD2449   65344.597   70275.951   70166.449
DD2450   65368.924   70303.095   70193.474
DD2451   65393.259   70330.250   70220.509
DD2452   65417.603   70357.414   70247.554
DD2453   65441.956   70384.589   70274.609
DD2454   65466.315   70411.772   70301.671
DD2455   65490.682   70438.964   70328.742
DD2456   65515.054   70466.163   70355.820
DD2457   65539.432   70493.369   70382.903
DD2458   65563.814   70520.581   70409.992
DD2459   65588.201   70547.799   70437.086
DD2460   65612.590   70575.020   70464.183
DD2461   65636.983   70602.246   70491.284
DD2462   65661.377   70629.475   70518.387
DD2463   65685.774   70656.706   70545.493
DD2464   65710.172   70683.940   70572.600
DD2465   65734.571   70711.176   70599.709
DD2466   65758.972   70738.413   70626.819
DD2467   65783.374   70765.652   70653.931
DD2468   65807.777   70792.894   70681.044
DD2469   65832.182   70820.137   70708.160
DD2470   65856.589   70847.382   70735.277
DD2471   65880.998   70874.630   70762.397
DD2472   65905.410   70901.881   70789.520
DD2473   65929.825   70929.137   70816.646
DD2474   65954.244   70956.396   70843.777
DD2475   65978.668   70983.661   70870.914
DD2476   66003.097   71010.932   70898.056
DD2477   66027.532   71038.210   70925.206
DD2478   66051.974   71065.496   70952.362
DD2479   66076.424   71092.790   70979.528
DD2480   66100.882   71120.094   71006.702
DD2481   66125.348   71147.407   71033.886
DD2482   66149.824   71174.731   71061.080
DD2483   66174.310   71202.065   71088.285
DD2484   66198.806   71229.410   71115.500
DD2485   66223.311   71256.766   71142.725
DD2486   66247.825   71284.132   71169.961
DD2487   66272.349   71311.509   71197.206
DD2488   66296.881   71338.895   71224.460
DD2489   66321.420   71366.290   71251.722
DD2490   66345.965   71393.692   71278.990
DD2491   66370.515   71421.099   71306.264
DD2492   66395.068   71448.510   71333.539
DD2493   66419.620   71475.922   71360.815
DD2494   66444.169   71503.331   71388.087
DD2495   66468.710   71530.732   71415.350
DD2496   66493.238   71558.118   71442.598
DD2497   66517.743   71585.481   71469.821
DD2498   66542.214   71612.807   71497.007
DD2499   66566.637   71640.079   71524.138
DD2500   66590.990   71667.275   71551.193
DD2501   66615.247   71694.365   71578.140
DD2502   66639.373   71721.309   71604.942
DD2503   66663.323   71748.057   71631.549
DD2504   66687.041   71774.547   71657.898
DD2505   66710.459   71800.702   71683.912
DD2506   66733.491   71826.427   71709.499
DD2507   66756.040   71851.612   71734.547
DD2508   66777.988   71876.127   71758.928
DD2509   66799.203   71899.823   71782.494
DD2510   66819.537   71922.536   71805.082
DD2511   66838.828   71944.083   71826.510
DD2512   66856.903   71964.273   71846.587
DD2513   66873.582   71982.904   71865.114
DD2514   66888.683   71999.772   71881.887
DD2515   66902.028   72014.677   71896.709
DD2516   66913.446   72027.431   71909.391
DD2517   66922.785   72037.862   71919.763
DD2518   66929.912   72045.823   71927.679
DD2519   66934.724   72051.198   71933.024
DD2520   66937.149   72053.906   71935.716
