# snapshot   Lx   Ly   Lz
DD0251.0   0.780577   -0.384634   -0.450952
DD0252.0   0.780805   -0.383094   -0.451899
DD0253.0   0.781261   -0.380081   -0.453746
DD0254.0   0.781942   -0.375730   -0.456403
DD0255.0   0.782844   -0.370230   -0.459739
DD0256.0   0.783959   -0.363820   -0.463596
DD0257.0   0.785275   -0.356771   -0.467792
DD0258.0   0.786778   -0.349378   -0.472131
DD0259.0   0.788444   -0.341940   -0.476419
DD0260.0   0.790250   -0.334748   -0.480466
DD0261.0   0.792164   -0.328071   -0.484099
DD0262.0   0.794157   -0.322145   -0.487169
DD0263.0   0.796193   -0.317164   -0.489552
DD0264.0   0.798244   -0.313273   -0.491153
DD0265.0   0.800279   -0.310566   -0.491909
DD0266.0   0.802276   -0.309085   -0.491786
DD0267.0   0.804216   -0.308824   -0.490776
DD0268.0   0.806090   -0.309732   -0.488897
DD0269.0   0.807891   -0.311724   -0.486185
DD0270.0   0.809622   -0.314685   -0.482694
DD0271.0   0.811287   -0.318484   -0.478486
DD0272.0   0.812897   -0.322976   -0.473633
DD0273.0   0.814463   -0.328016   -0.468210
DD0274.0   0.815997   -0.333462   -0.462294
DD0275.0   0.817509   -0.339186   -0.455957
DD0276.0   0.819009   -0.345071   -0.449272
DD0277.0   0.820501   -0.351013   -0.442306
DD0278.0   0.821991   -0.356940   -0.435110
DD0279.0   0.823480   -0.362786   -0.427742
DD0280.0   0.824965   -0.368507   -0.420242
DD0281.0   0.826445   -0.374069   -0.412652
DD0282.0   0.827915   -0.379453   -0.405001
DD0283.0   0.829372   -0.384642   -0.397321
DD0284.0   0.830813   -0.389633   -0.389628
DD0285.0   0.832237   -0.394421   -0.381938
DD0286.0   0.833645   -0.398997   -0.374268
DD0287.0   0.835042   -0.403357   -0.366625
DD0288.0   0.836433   -0.407487   -0.359016
DD0289.0   0.837830   -0.411375   -0.351441
DD0290.0   0.839247   -0.414998   -0.343904
DD0291.0   0.840697   -0.418343   -0.336395
DD0292.0   0.842200   -0.421376   -0.328916
DD0293.0   0.843774   -0.424068   -0.321461
DD0294.0   0.845437   -0.426399   -0.314022
DD0295.0   0.847206   -0.428343   -0.306593
DD0296.0   0.849097   -0.429881   -0.299169
DD0297.0   0.851121   -0.430997   -0.291747
DD0298.0   0.853284   -0.431687   -0.284329
DD0299.0   0.855586   -0.431951   -0.276919
DD0300.0   0.858022   -0.431801   -0.269527
DD0301.0   0.860582   -0.431257   -0.262168
DD0302.0   0.863247   -0.430348   -0.254861
DD0303.0   0.865996   -0.429113   -0.247628
DD0304.0   0.868802   -0.427596   -0.240497
DD0305.0   0.871634   -0.425850   -0.233494
DD0306.0   0.874461   -0.423927   -0.226650
DD0307.0   0.877250   -0.421886   -0.219994
DD0308.0   0.879969   -0.419783   -0.213553
DD0309.0   0.882588   -0.417676   -0.207351
DD0310.0   0.885077   -0.415618   -0.201409
DD0311.0   0.887413   -0.413660   -0.195743
DD0312.0   0.889572   -0.411849   -0.190361
DD0313.0   0.891538   -0.410227   -0.185266
DD0314.0   0.893296   -0.408832   -0.180452
DD0315.0   0.894836   -0.407694   -0.175903
DD0316.0   0.896151   -0.406843   -0.171595
DD0317.0   0.897239   -0.406299   -0.167493
DD0318.0   0.898100   -0.406077   -0.163549
DD0319.0   0.898741   -0.406188   -0.159709
DD0320.0   0.899169   -0.406630   -0.155906
DD0321.0   0.899397   -0.407400   -0.152062
DD0322.0   0.899442   -0.408481   -0.148097
DD0323.0   0.899324   -0.409848   -0.143919
DD0324.0   0.899066   -0.411469   -0.139435
DD0325.0   0.898692   -0.413300   -0.134551
DD0326.0   0.898232   -0.415292   -0.129174
DD0327.0   0.897713   -0.417387   -0.123218
DD0328.0   0.897164   -0.419523   -0.116603
DD0329.0   0.896611   -0.421632   -0.109262
DD0330.0   0.896080   -0.423650   -0.101143
DD0331.0   0.895593   -0.425508   -0.092211
DD0332.0   0.895170   -0.427144   -0.082450
DD0333.0   0.894825   -0.428500   -0.071862
DD0334.0   0.894569   -0.429522   -0.060472
DD0335.0   0.894410   -0.430166   -0.048327
DD0336.0   0.894349   -0.430395   -0.035489
DD0337.0   0.894386   -0.430181   -0.022039
DD0338.0   0.894518   -0.429506   -0.008075
DD0339.0   0.894736   -0.428362   0.006300
DD0340.0   0.895032   -0.426750   0.020971
DD0341.0   0.895393   -0.424682   0.035824
DD0342.0   0.895805   -0.422179   0.050746
DD0343.0   0.896250   -0.419272   0.065630
DD0344.0   0.896711   -0.416000   0.080377
DD0345.0   0.897166   -0.412412   0.094904
DD0346.0   0.897594   -0.408562   0.109139
DD0347.0   0.897973   -0.404508   0.123028
DD0348.0   0.898278   -0.400314   0.136531
DD0349.0   0.898489   -0.396042   0.149624
DD0350.0   0.898583   -0.391755   0.162294
DD0351.0   0.898545   -0.387508   0.174541
DD0352.0   0.898358   -0.383355   0.186371
DD0353.0   0.898015   -0.379337   0.197796
DD0354.0   0.897511   -0.375488   0.208829
DD0355.0   0.896846   -0.371830   0.219485
DD0356.0   0.896029   -0.368376   0.229775
DD0357.0   0.895072   -0.365125   0.239708
DD0358.0   0.893994   -0.362069   0.249287
DD0359.0   0.892816   -0.359191   0.258511
DD0360.0   0.891564   -0.356468   0.267374
DD0361.0   0.890266   -0.353874   0.275867
DD0362.0   0.888949   -0.351384   0.283976
DD0363.0   0.887642   -0.348970   0.291687
DD0364.0   0.886367   -0.346615   0.298985
DD0365.0   0.885148   -0.344303   0.305853
DD0366.0   0.883999   -0.342031   0.312281
DD0367.0   0.882932   -0.339803   0.318259
DD0368.0   0.881951   -0.337635   0.323782
DD0369.0   0.881054   -0.335551   0.328851
DD0370.0   0.880232   -0.333586   0.333473
DD0371.0   0.879471   -0.331780   0.337664
DD0372.0   0.878749   -0.330179   0.341445
DD0373.0   0.878042   -0.328830   0.344847
DD0374.0   0.877321   -0.327779   0.347907
DD0375.0   0.876556   -0.327070   0.350670
DD0376.0   0.875716   -0.326736   0.353188
DD0377.0   0.874768   -0.326803   0.355518
DD0378.0   0.873686   -0.327285   0.357721
DD0379.0   0.872443   -0.328183   0.359860
DD0380.0   0.871020   -0.329482   0.361997
DD0381.0   0.869402   -0.331154   0.364193
DD0382.0   0.867582   -0.333159   0.366506
DD0383.0   0.865557   -0.335442   0.368986
DD0384.0   0.863335   -0.337941   0.371676
DD0385.0   0.860928   -0.340584   0.374609
DD0386.0   0.858356   -0.343294   0.377809
DD0387.0   0.855645   -0.345990   0.381287
DD0388.0   0.852827   -0.348595   0.385047
DD0389.0   0.849934   -0.351032   0.389075
DD0390.0   0.847006   -0.353231   0.393353
DD0391.0   0.844079   -0.355133   0.397852
DD0392.0   0.841192   -0.356687   0.402532
DD0393.0   0.838379   -0.357857   0.407353
DD0394.0   0.835673   -0.358619   0.412265
DD0395.0   0.833101   -0.358965   0.417221
DD0396.0   0.830686   -0.358900   0.422172
DD0397.0   0.828443   -0.358440   0.427070
DD0398.0   0.826381   -0.357616   0.431874
DD0399.0   0.824504   -0.356467   0.436546
DD0400.0   0.822808   -0.355035   0.441056
DD0401.0   0.821285   -0.353371   0.445380
DD0402.0   0.819923   -0.351522   0.449505
DD0403.0   0.818705   -0.349536   0.453422
DD0404.0   0.817616   -0.347452   0.457133
DD0405.0   0.816637   -0.345304   0.460643
DD0406.0   0.815752   -0.343120   0.463964
DD0407.0   0.814947   -0.340914   0.467110
DD0408.0   0.814211   -0.338694   0.470098
DD0409.0   0.813535   -0.336459   0.472943
DD0410.0   0.812917   -0.334204   0.475661
DD0411.0   0.812356   -0.331916   0.478263
DD0412.0   0.811854   -0.329582   0.480756
DD0413.0   0.811416   -0.327191   0.483147
DD0414.0   0.811028   -0.324733   0.485411
DD0415.0   0.810724   -0.322203   0.487577
DD0416.0   0.810494   -0.319603   0.489622
DD0417.0   0.810337   -0.316942   0.491536
DD0418.0   0.810249   -0.314237   0.493305
DD0419.0   0.810218   -0.311513   0.494915
DD0420.0   0.810206   -0.308799   0.496329
DD0421.0   0.810215   -0.306131   0.497562
DD0422.0   0.810200   -0.303546   0.498583
DD0423.0   0.810117   -0.301083   0.499371
DD0424.0   0.809914   -0.298779   0.499901
DD0425.0   0.809530   -0.296668   0.500146
DD0426.0   0.808899   -0.294780   0.500072
DD0427.0   0.807947   -0.293138   0.499638
DD0428.0   0.806593   -0.291760   0.498799
DD0429.0   0.804756   -0.290655   0.497503
DD0430.0   0.802354   -0.289826   0.495697
DD0431.0   0.799306   -0.289269   0.493325
DD0432.0   0.795523   -0.288971   0.490314
DD0433.0   0.790974   -0.288918   0.486658
DD0434.0   0.785605   -0.289088   0.482318
DD0435.0   0.779398   -0.289455   0.477290
DD0436.0   0.772362   -0.289992   0.471600
DD0437.0   0.764539   -0.290668   0.465305
DD0438.0   0.756006   -0.291451   0.458500
DD0439.0   0.746876   -0.292308   0.451314
DD0440.0   0.737293   -0.293207   0.443913
DD0441.0   0.727435   -0.294115   0.436492
DD0442.0   0.717497   -0.295001   0.429267
DD0443.0   0.707692   -0.295835   0.422464
DD0444.0   0.698231   -0.296588   0.416309
DD0445.0   0.689288   -0.297231   0.411001
DD0446.0   0.681083   -0.297747   0.406738
DD0447.0   0.673746   -0.298112   0.403653
DD0448.0   0.667379   -0.298309   0.401840
DD0449.0   0.662038   -0.298324   0.401336
DD0450.0   0.657729   -0.298145   0.402123
DD0451.0   0.654413   -0.297767   0.404132
DD0452.0   0.652003   -0.297186   0.407249
DD0453.0   0.650384   -0.296401   0.411324
DD0454.0   0.649412   -0.295419   0.416190
DD0455.0   0.648934   -0.294244   0.421671
DD0456.0   0.648794   -0.292887   0.427599
DD0457.0   0.648844   -0.291361   0.433823
DD0458.0   0.648956   -0.289680   0.440222
DD0459.0   0.649018   -0.287860   0.446704
DD0460.0   0.648945   -0.285916   0.453209
DD0461.0   0.648675   -0.283868   0.459707
DD0462.0   0.648168   -0.281732   0.466190
DD0463.0   0.647402   -0.279529   0.472666
DD0464.0   0.646353   -0.277280   0.479127
DD0465.0   0.645039   -0.275010   0.485595
DD0466.0   0.643476   -0.272745   0.492072
DD0467.0   0.641713   -0.270515   0.498569
DD0468.0   0.639778   -0.268356   0.505052
DD0469.0   0.637726   -0.266310   0.511484
DD0470.0   0.635620   -0.264424   0.517822
DD0471.0   0.633529   -0.262746   0.524011
DD0472.0   0.631526   -0.261329   0.529991
DD0473.0   0.629675   -0.260224   0.535693
DD0474.0   0.628028   -0.259482   0.541045
DD0475.0   0.626607   -0.259145   0.545964
DD0476.0   0.625400   -0.259247   0.550357
DD0477.0   0.624346   -0.259813   0.554120
DD0478.0   0.623337   -0.260852   0.557134
DD0479.0   0.622226   -0.262358   0.559280
DD0480.0   0.620778   -0.264311   0.560386
DD0481.0   0.618779   -0.266677   0.560335
DD0482.0   0.615967   -0.269384   0.558987
DD0483.0   0.612103   -0.272378   0.556246
DD0484.0   0.606968   -0.275602   0.552036
DD0485.0   0.600429   -0.278935   0.546391
DD0486.0   0.592382   -0.282310   0.539352
DD0487.0   0.582861   -0.285614   0.531095
DD0488.0   0.571987   -0.288738   0.521871
DD0489.0   0.559987   -0.291568   0.512016
DD0490.0   0.547185   -0.293986   0.501946
DD0491.0   0.533980   -0.295867   0.492130
DD0492.0   0.520816   -0.297083   0.483064
DD0493.0   0.508156   -0.297504   0.475234
DD0494.0   0.496438   -0.296995   0.469084
DD0495.0   0.486022   -0.295423   0.464948
DD0496.0   0.477224   -0.292650   0.463105
DD0497.0   0.470218   -0.288554   0.463658
DD0498.0   0.465017   -0.283016   0.466525
DD0499.0   0.461545   -0.275923   0.471514
DD0500.0   0.459600   -0.267237   0.478302
DD0501.0   0.458850   -0.256905   0.486403
DD0502.0   0.458936   -0.244956   0.495325
DD0503.0   0.459431   -0.231457   0.504491
DD0504.0   0.459906   -0.216537   0.513327
DD0505.0   0.460013   -0.200414   0.521381
DD0506.0   0.459436   -0.183341   0.528231
DD0507.0   0.457970   -0.165667   0.533606
DD0508.0   0.455514   -0.147784   0.537366
DD0509.0   0.452079   -0.130141   0.539512
DD0510.0   0.447761   -0.113165   0.540131
DD0511.0   0.442701   -0.097279   0.539442
DD0512.0   0.437146   -0.082899   0.537722
DD0513.0   0.431320   -0.070333   0.535250
DD0514.0   0.425440   -0.059800   0.532297
DD0515.0   0.419670   -0.051381   0.529073
DD0516.0   0.414138   -0.045067   0.525737
DD0517.0   0.408855   -0.040672   0.522318
DD0518.0   0.403823   -0.037884   0.518797
DD0519.0   0.398913   -0.036256   0.515036
DD0520.0   0.393990   -0.035298   0.510833
DD0521.0   0.388862   -0.034435   0.505964
DD0522.0   0.383337   -0.033070   0.500183
DD0523.0   0.377235   -0.030621   0.493248
DD0524.0   0.370439   -0.026608   0.484994
DD0525.0   0.362849   -0.020618   0.475288
DD0526.0   0.354494   -0.012359   0.464137
DD0527.0   0.345435   -0.001695   0.451601
DD0528.0   0.335818   0.011360   0.437842
DD0529.0   0.325871   0.026635   0.423115
DD0530.0   0.315846   0.043816   0.407706
DD0531.0   0.306050   0.062458   0.391967
DD0532.0   0.296801   0.082014   0.376252
DD0533.0   0.288418   0.101859   0.360922
DD0534.0   0.281241   0.121347   0.346341
DD0535.0   0.275504   0.139804   0.332766
DD0536.0   0.271463   0.156609   0.320458
DD0537.0   0.269242   0.171186   0.309555
DD0538.0   0.268946   0.183061   0.300168
DD0539.0   0.270609   0.191896   0.292347
DD0540.0   0.274158   0.197416   0.286067
DD0541.0   0.279481   0.199530   0.281281
DD0542.0   0.286391   0.198258   0.277911
DD0543.0   0.294644   0.193740   0.275860
DD0544.0   0.303969   0.186221   0.275045
DD0545.0   0.313998   0.175999   0.275338
DD0546.0   0.324376   0.163444   0.276646
DD0547.0   0.334717   0.148927   0.278867
DD0548.0   0.344618   0.132876   0.281879
DD0549.0   0.353657   0.115654   0.285534
DD0550.0   0.361379   0.097532   0.289608
DD0551.0   0.367389   0.078864   0.293882
DD0552.0   0.371270   0.059848   0.298054
DD0553.0   0.372604   0.040648   0.301739
DD0554.0   0.371042   0.021441   0.304532
DD0555.0   0.366221   0.002296   0.305946
DD0556.0   0.357865   -0.016689   0.305501
DD0557.0   0.345758   -0.035445   0.302719
DD0558.0   0.329788   -0.053878   0.297185
DD0559.0   0.309902   -0.071942   0.288526
DD0560.0   0.286222   -0.089527   0.276529
DD0561.0   0.258968   -0.106499   0.261078
DD0562.0   0.228497   -0.122742   0.242239
DD0563.0   0.195348   -0.138061   0.220269
DD0564.0   0.160151   -0.152290   0.195565
DD0565.0   0.123641   -0.165194   0.168652
DD0566.0   0.086665   -0.176583   0.140219
DD0567.0   0.050070   -0.186232   0.110968
DD0568.0   0.014756   -0.193951   0.081700
DD0569.0   -0.018422   -0.199575   0.053195
DD0570.0   -0.048723   -0.202962   0.026125
DD0571.0   -0.075466   -0.204059   0.001144
DD0572.0   -0.098140   -0.202847   -0.021276
DD0573.0   -0.116385   -0.199393   -0.040771
DD0574.0   -0.130006   -0.193833   -0.057141
DD0575.0   -0.138939   -0.186406   -0.070294
DD0576.0   -0.143294   -0.177390   -0.080326
DD0577.0   -0.143264   -0.167089   -0.087391
DD0578.0   -0.139113   -0.155864   -0.091719
DD0579.0   -0.131145   -0.144053   -0.093579
DD0580.0   -0.119659   -0.131972   -0.093247
DD0581.0   -0.104940   -0.119836   -0.091002
DD0582.0   -0.087178   -0.107830   -0.087042
DD0583.0   -0.066571   -0.096046   -0.081597
DD0584.0   -0.043160   -0.084479   -0.074783
DD0585.0   -0.016972   -0.072992   -0.066690
DD0586.0   0.012016   -0.061450   -0.057437
DD0587.0   0.043836   -0.049673   -0.047129
DD0588.0   0.078486   -0.037485   -0.035913
DD0589.0   0.115932   -0.024698   -0.023991
DD0590.0   0.156067   -0.011238   -0.011628
DD0591.0   0.198636   0.002884   0.000775
DD0592.0   0.243328   0.017572   0.012792
DD0593.0   0.289692   0.032614   0.023904
DD0594.0   0.337175   0.047701   0.033554
DD0595.0   0.385136   0.062448   0.041178
DD0596.0   0.432873   0.076418   0.046243
DD0597.0   0.479658   0.089162   0.048293
DD0598.0   0.524784   0.100256   0.046996
DD0599.0   0.567534   0.109314   0.042124
DD0600.0   0.607339   0.116055   0.033673
DD0601.0   0.643657   0.120280   0.021756
DD0602.0   0.676139   0.121925   0.006711
DD0603.0   0.704515   0.121025   -0.011019
DD0604.0   0.728675   0.117714   -0.030862
DD0605.0   0.748678   0.112276   -0.052142
DD0606.0   0.764691   0.105004   -0.074170
DD0607.0   0.777017   0.096266   -0.096252
DD0608.0   0.786070   0.086457   -0.117740
DD0609.0   0.792335   0.075966   -0.138078
DD0610.0   0.796407   0.065178   -0.156774
DD0611.0   0.798863   0.054422   -0.173498
DD0612.0   0.800306   0.043981   -0.188024
DD0613.0   0.801312   0.034067   -0.200249
DD0614.0   0.802428   0.024862   -0.210153
DD0615.0   0.804132   0.016476   -0.217802
DD0616.0   0.806776   0.008911   -0.223350
DD0617.0   0.810648   0.002179   -0.226959
DD0618.0   0.815927   -0.003761   -0.228811
DD0619.0   0.822644   -0.009031   -0.229122
DD0620.0   0.830783   -0.013698   -0.228055
DD0621.0   0.840195   -0.017900   -0.225789
DD0622.0   0.850675   -0.021749   -0.222471
DD0623.0   0.861956   -0.025364   -0.218238
DD0624.0   0.873778   -0.028802   -0.213182
DD0625.0   0.885823   -0.032155   -0.207416
DD0626.0   0.897792   -0.035485   -0.201045
DD0627.0   0.909452   -0.038790   -0.194138
DD0628.0   0.920548   -0.042109   -0.186813
DD0629.0   0.930918   -0.045417   -0.179151
DD0630.0   0.940434   -0.048696   -0.171250
DD0631.0   0.949013   -0.051917   -0.163208
DD0632.0   0.956622   -0.055047   -0.155124
DD0633.0   0.963266   -0.058052   -0.147090
DD0634.0   0.968982   -0.060902   -0.139196
DD0635.0   0.973833   -0.063570   -0.131521
DD0636.0   0.977898   -0.066037   -0.124134
DD0637.0   0.981264   -0.068289   -0.117086
DD0638.0   0.984023   -0.070322   -0.110435
DD0639.0   0.986263   -0.072137   -0.104215
DD0640.0   0.988066   -0.073741   -0.098449
DD0641.0   0.989509   -0.075143   -0.093150
DD0642.0   0.990657   -0.076359   -0.088321
DD0643.0   0.991568   -0.077403   -0.083957
DD0644.0   0.992287   -0.078293   -0.080053
DD0645.0   0.992853   -0.079047   -0.076590
DD0646.0   0.993299   -0.079683   -0.073548
DD0647.0   0.993649   -0.080221   -0.070912
DD0648.0   0.993930   -0.080666   -0.068637
DD0649.0   0.994146   -0.081050   -0.066718
DD0650.0   0.994299   -0.081396   -0.065141
DD0651.0   0.994411   -0.081711   -0.063868
DD0652.0   0.994486   -0.082013   -0.062883
DD0653.0   0.994537   -0.082319   -0.062158
DD0654.0   0.994545   -0.082658   -0.061705
DD0655.0   0.994524   -0.083048   -0.061501
DD0656.0   0.994474   -0.083509   -0.061540
DD0657.0   0.994393   -0.084065   -0.061812
DD0658.0   0.994282   -0.084736   -0.062310
DD0659.0   0.994137   -0.085545   -0.063025
DD0660.0   0.993960   -0.086509   -0.063944
DD0661.0   0.993750   -0.087647   -0.065052
DD0662.0   0.993506   -0.088972   -0.066329
DD0663.0   0.993230   -0.090494   -0.067750
DD0664.0   0.992924   -0.092217   -0.069284
DD0665.0   0.992590   -0.094140   -0.070895
DD0666.0   0.992231   -0.096257   -0.072545
DD0667.0   0.991853   -0.098555   -0.074188
DD0668.0   0.991460   -0.101014   -0.075780
DD0669.0   0.991058   -0.103611   -0.077280
DD0670.0   0.990653   -0.106317   -0.078641
DD0671.0   0.990252   -0.109099   -0.079824
DD0672.0   0.989861   -0.111921   -0.080794
DD0673.0   0.989486   -0.114746   -0.081523
DD0674.0   0.989131   -0.117535   -0.081993
DD0675.0   0.988802   -0.120253   -0.082190
DD0676.0   0.988500   -0.122864   -0.082116
DD0677.0   0.988229   -0.125332   -0.081780
DD0678.0   0.987987   -0.127629   -0.081204
DD0679.0   0.987774   -0.129725   -0.080420
DD0680.0   0.987587   -0.131594   -0.079469
DD0681.0   0.987423   -0.133216   -0.078402
DD0682.0   0.987275   -0.134568   -0.077280
DD0683.0   0.987136   -0.135634   -0.076171
DD0684.0   0.987000   -0.136397   -0.075147
DD0685.0   0.986856   -0.136844   -0.074288
DD0686.0   0.986695   -0.136961   -0.073669
DD0687.0   0.986510   -0.136738   -0.073366
DD0688.0   0.986292   -0.136168   -0.073446
DD0689.0   0.986034   -0.135244   -0.073962
DD0690.0   0.985732   -0.133966   -0.074950
DD0691.0   0.985385   -0.132334   -0.076423
DD0692.0   0.984995   -0.130354   -0.078363
DD0693.0   0.984569   -0.128038   -0.080720
DD0694.0   0.984119   -0.125401   -0.083412
DD0695.0   0.983660   -0.122464   -0.086321
DD0696.0   0.983211   -0.119251   -0.089298
DD0697.0   0.982797   -0.115792   -0.092168
DD0698.0   0.982443   -0.112120   -0.094740
DD0699.0   0.982173   -0.108270   -0.096818
DD0700.0   0.982012   -0.104280   -0.098208
DD0701.0   0.981982   -0.100186   -0.098736
DD0702.0   0.982101   -0.096027   -0.098259
DD0703.0   0.982378   -0.091836   -0.096676
DD0704.0   0.982817   -0.087649   -0.093934
DD0705.0   0.983416   -0.083495   -0.090036
DD0706.0   0.984162   -0.079400   -0.085042
DD0707.0   0.985037   -0.075389   -0.079060
DD0708.0   0.986018   -0.071482   -0.072249
DD0709.0   0.987074   -0.067693   -0.064805
DD0710.0   0.988176   -0.064036   -0.056952
DD0711.0   0.989289   -0.060519   -0.048927
DD0712.0   0.990384   -0.057149   -0.040972
DD0713.0   0.991430   -0.053927   -0.033326
DD0714.0   0.992402   -0.050854   -0.026207
DD0715.0   0.993278   -0.047927   -0.019811
DD0716.0   0.994042   -0.045140   -0.014309
DD0717.0   0.994683   -0.042485   -0.009837
DD0718.0   0.995195   -0.039954   -0.006499
DD0719.0   0.995575   -0.037534   -0.004367
DD0720.0   0.995828   -0.035213   -0.003476
DD0721.0   0.995957   -0.032977   -0.003829
DD0722.0   0.995974   -0.030815   -0.005397
DD0723.0   0.995890   -0.028713   -0.008117
DD0724.0   0.995718   -0.026659   -0.011900
DD0725.0   0.995473   -0.024645   -0.016625
DD0726.0   0.995172   -0.022663   -0.022152
DD0727.0   0.994830   -0.020709   -0.028319
DD0728.0   0.994463   -0.018780   -0.034955
DD0729.0   0.994086   -0.016879   -0.041881
DD0730.0   0.993713   -0.015012   -0.048924
DD0731.0   0.993354   -0.013187   -0.055919
DD0732.0   0.993019   -0.011417   -0.062726
DD0733.0   0.992713   -0.009718   -0.069226
DD0734.0   0.992440   -0.008107   -0.075332
DD0735.0   0.992198   -0.006603   -0.080998
DD0736.0   0.991986   -0.005228   -0.086204
DD0737.0   0.991799   -0.004002   -0.090963
DD0738.0   0.991631   -0.002943   -0.095312
DD0739.0   0.991475   -0.002067   -0.099305
DD0740.0   0.991325   -0.001386   -0.103007
DD0741.0   0.991175   -0.000909   -0.106479
DD0742.0   0.991021   -0.000637   -0.109776
DD0743.0   0.990862   -0.000567   -0.112941
DD0744.0   0.990698   -0.000690   -0.115999
DD0745.0   0.990532   -0.000990   -0.118953
DD0746.0   0.990367   -0.001447   -0.121789
DD0747.0   0.990210   -0.002038   -0.124478
DD0748.0   0.990067   -0.002737   -0.126980
DD0749.0   0.989945   -0.003516   -0.129248
DD0750.0   0.989850   -0.004348   -0.131235
DD0751.0   0.989788   -0.005208   -0.132902
DD0752.0   0.989761   -0.006074   -0.134218
DD0753.0   0.989771   -0.006926   -0.135166
DD0754.0   0.989817   -0.007750   -0.135748
DD0755.0   0.989897   -0.008537   -0.135981
DD0756.0   0.990004   -0.009281   -0.135896
DD0757.0   0.990132   -0.009985   -0.135541
DD0758.0   0.990272   -0.010650   -0.134970
DD0759.0   0.990415   -0.011287   -0.134250
DD0760.0   0.990550   -0.011905   -0.133449
DD0761.0   0.990666   -0.012519   -0.132638
DD0762.0   0.990751   -0.013142   -0.131887
DD0763.0   0.990796   -0.013790   -0.131262
DD0764.0   0.990790   -0.014478   -0.130819
DD0765.0   0.990723   -0.015219   -0.130613
DD0766.0   0.990590   -0.016024   -0.130683
DD0767.0   0.990384   -0.016902   -0.131054
DD0768.0   0.990104   -0.017859   -0.131738
DD0769.0   0.989750   -0.018895   -0.132725
DD0770.0   0.989326   -0.020008   -0.133990
DD0771.0   0.988842   -0.021190   -0.135482
DD0772.0   0.988309   -0.022428   -0.137133
DD0773.0   0.987746   -0.023706   -0.138851
DD0774.0   0.987173   -0.025004   -0.140525
DD0775.0   0.986615   -0.026296   -0.142033
DD0776.0   0.986096   -0.027560   -0.143240
DD0777.0   0.985644   -0.028767   -0.144012
DD0778.0   0.985286   -0.029893   -0.144219
DD0779.0   0.985043   -0.030916   -0.143746
DD0780.0   0.984937   -0.031815   -0.142499
DD0781.0   0.984980   -0.032578   -0.140413
DD0782.0   0.985180   -0.033195   -0.137456
DD0783.0   0.985538   -0.033664   -0.133631
DD0784.0   0.986047   -0.033990   -0.128980
DD0785.0   0.986693   -0.034180   -0.123579
DD0786.0   0.987458   -0.034252   -0.117533
DD0787.0   0.988316   -0.034222   -0.110970
DD0788.0   0.989242   -0.034111   -0.104033
DD0789.0   0.990207   -0.033942   -0.096871
DD0790.0   0.991184   -0.033736   -0.089631
DD0791.0   0.992148   -0.033513   -0.082455
DD0792.0   0.993075   -0.033290   -0.075460
DD0793.0   0.993948   -0.033081   -0.068751
DD0794.0   0.994752   -0.032896   -0.062405
DD0795.0   0.995478   -0.032741   -0.056479
DD0796.0   0.996121   -0.032620   -0.051007
DD0797.0   0.996681   -0.032533   -0.046004
DD0798.0   0.997159   -0.032477   -0.041469
DD0799.0   0.997559   -0.032450   -0.037391
DD0800.0   0.997887   -0.032449   -0.033752
DD0801.0   0.998151   -0.032468   -0.030530
DD0802.0   0.998356   -0.032507   -0.027705
DD0803.0   0.998510   -0.032562   -0.025261
DD0804.0   0.998616   -0.032636   -0.023188
DD0805.0   0.998680   -0.032731   -0.021482
DD0806.0   0.998704   -0.032851   -0.020149
DD0807.0   0.998690   -0.033004   -0.019201
DD0808.0   0.998638   -0.033197   -0.018654
DD0809.0   0.998548   -0.033441   -0.018530
DD0810.0   0.998418   -0.033743   -0.018847
DD0811.0   0.998250   -0.034113   -0.019620
DD0812.0   0.998042   -0.034557   -0.020855
DD0813.0   0.997795   -0.035078   -0.022543
DD0814.0   0.997512   -0.035676   -0.024661
DD0815.0   0.997197   -0.036345   -0.027164
DD0816.0   0.996856   -0.037075   -0.029985
DD0817.0   0.996497   -0.037848   -0.033035
DD0818.0   0.996131   -0.038643   -0.036203
DD0819.0   0.995770   -0.039433   -0.039359
DD0820.0   0.995426   -0.040187   -0.042365
DD0821.0   0.995114   -0.040874   -0.045075
DD0822.0   0.994845   -0.041460   -0.047348
DD0823.0   0.994632   -0.041915   -0.049054
DD0824.0   0.994485   -0.042213   -0.050084
DD0825.0   0.994410   -0.042334   -0.050355
DD0826.0   0.994411   -0.042264   -0.049816
DD0827.0   0.994488   -0.041998   -0.048454
DD0828.0   0.994638   -0.041538   -0.046289
DD0829.0   0.994855   -0.040895   -0.043376
DD0830.0   0.995128   -0.040090   -0.039803
DD0831.0   0.995447   -0.039144   -0.035676
DD0832.0   0.995798   -0.038085   -0.031119
DD0833.0   0.996168   -0.036943   -0.026262
DD0834.0   0.996543   -0.035748   -0.021235
DD0835.0   0.996912   -0.034527   -0.016162
DD0836.0   0.997264   -0.033304   -0.011153
DD0837.0   0.997589   -0.032099   -0.006298
DD0838.0   0.997882   -0.030928   -0.001673
DD0839.0   0.998138   -0.029800   0.002665
DD0840.0   0.998355   -0.028722   0.006678
DD0841.0   0.998532   -0.027695   0.010339
DD0842.0   0.998671   -0.026718   0.013633
DD0843.0   0.998774   -0.025789   0.016553
DD0844.0   0.998844   -0.024905   0.019092
DD0845.0   0.998883   -0.024062   0.021246
DD0846.0   0.998896   -0.023259   0.023008
DD0847.0   0.998885   -0.022493   0.024368
DD0848.0   0.998854   -0.021767   0.025314
DD0849.0   0.998804   -0.021082   0.025835
DD0850.0   0.998739   -0.020439   0.025922
DD0851.0   0.998660   -0.019843   0.025569
DD0852.0   0.998568   -0.019294   0.024783
DD0853.0   0.998467   -0.018793   0.023583
DD0854.0   0.998356   -0.018336   0.022005
DD0855.0   0.998240   -0.017919   0.020102
DD0856.0   0.998118   -0.017532   0.017953
DD0857.0   0.997995   -0.017163   0.015647
DD0858.0   0.997872   -0.016797   0.013297
DD0859.0   0.997752   -0.016415   0.011027
DD0860.0   0.997638   -0.015999   0.008967
DD0861.0   0.997532   -0.015531   0.007246
DD0862.0   0.997437   -0.014993   0.005987
DD0863.0   0.997355   -0.014372   0.005295
DD0864.0   0.997286   -0.013659   0.005257
DD0865.0   0.997231   -0.012849   0.005925
DD0866.0   0.997191   -0.011946   0.007325
DD0867.0   0.997164   -0.010958   0.009444
DD0868.0   0.997149   -0.009898   0.012241
DD0869.0   0.997144   -0.008786   0.015646
DD0870.0   0.997146   -0.007642   0.019563
DD0871.0   0.997154   -0.006492   0.023880
DD0872.0   0.997164   -0.005357   0.028474
DD0873.0   0.997173   -0.004261   0.033220
DD0874.0   0.997180   -0.003223   0.037999
DD0875.0   0.997183   -0.002256   0.042696
DD0876.0   0.997180   -0.001373   0.047212
DD0877.0   0.997170   -0.000577   0.051464
DD0878.0   0.997153   0.000130   0.055385
DD0879.0   0.997130   0.000752   0.058923
DD0880.0   0.997100   0.001296   0.062039
DD0881.0   0.997065   0.001772   0.064706
DD0882.0   0.997027   0.002191   0.066907
DD0883.0   0.996985   0.002564   0.068627
DD0884.0   0.996943   0.002903   0.069859
DD0885.0   0.996902   0.003219   0.070597
DD0886.0   0.996863   0.003522   0.070838
DD0887.0   0.996827   0.003822   0.070585
DD0888.0   0.996796   0.004130   0.069846
DD0889.0   0.996770   0.004456   0.068638
DD0890.0   0.996748   0.004813   0.066989
DD0891.0   0.996732   0.005217   0.064941
DD0892.0   0.996719   0.005683   0.062554
DD0893.0   0.996708   0.006234   0.059904
DD0894.0   0.996698   0.006890   0.057082
DD0895.0   0.996686   0.007678   0.054197
DD0896.0   0.996669   0.008624   0.051363
DD0897.0   0.996645   0.009752   0.048702
DD0898.0   0.996611   0.011086   0.046332
DD0899.0   0.996565   0.012646   0.044365
DD0900.0   0.996506   0.014448   0.042896
DD0901.0   0.996430   0.016497   0.041996
DD0902.0   0.996339   0.018795   0.041708
DD0903.0   0.996233   0.021331   0.042045
DD0904.0   0.996112   0.024087   0.042985
DD0905.0   0.995978   0.027039   0.044477
DD0906.0   0.995835   0.030151   0.046435
DD0907.0   0.995684   0.033383   0.048753
DD0908.0   0.995531   0.036692   0.051305
DD0909.0   0.995377   0.040030   0.053952
DD0910.0   0.995227   0.043350   0.056555
DD0911.0   0.995084   0.046606   0.058973
DD0912.0   0.994952   0.049753   0.061075
DD0913.0   0.994833   0.052750   0.062744
DD0914.0   0.994729   0.055562   0.063878
DD0915.0   0.994642   0.058157   0.064393
DD0916.0   0.994572   0.060510   0.064228
DD0917.0   0.994522   0.062602   0.063340
DD0918.0   0.994489   0.064417   0.061707
DD0919.0   0.994475   0.065948   0.059329
DD0920.0   0.994478   0.067191   0.056224
DD0921.0   0.994498   0.068150   0.052431
DD0922.0   0.994533   0.068834   0.048009
DD0923.0   0.994584   0.069258   0.043033
DD0924.0   0.994648   0.069441   0.037599
DD0925.0   0.994725   0.069408   0.031816
DD0926.0   0.994813   0.069188   0.025804
DD0927.0   0.994913   0.068812   0.019694
DD0928.0   0.995023   0.068313   0.013621
DD0929.0   0.995143   0.067723   0.007718
DD0930.0   0.995271   0.067074   0.002109
DD0931.0   0.995408   0.066393   -0.003092
DD0932.0   0.995552   0.065704   -0.007794
DD0933.0   0.995703   0.065022   -0.011928
DD0934.0   0.995859   0.064358   -0.015453
DD0935.0   0.996019   0.063716   -0.018357
DD0936.0   0.996182   0.063093   -0.020655
DD0937.0   0.996345   0.062478   -0.022393
DD0938.0   0.996506   0.061858   -0.023638
DD0939.0   0.996663   0.061214   -0.024478
DD0940.0   0.996812   0.060526   -0.025013
DD0941.0   0.996951   0.059774   -0.025352
DD0942.0   0.997076   0.058935   -0.025606
DD0943.0   0.997184   0.057991   -0.025884
DD0944.0   0.997273   0.056923   -0.026283
DD0945.0   0.997341   0.055718   -0.026890
DD0946.0   0.997385   0.054366   -0.027774
DD0947.0   0.997404   0.052859   -0.028988
DD0948.0   0.997398   0.051198   -0.030561
DD0949.0   0.997368   0.049385   -0.032504
DD0950.0   0.997313   0.047429   -0.034807
DD0951.0   0.997237   0.045347   -0.037438
DD0952.0   0.997144   0.043158   -0.040348
DD0953.0   0.997036   0.040889   -0.043472
DD0954.0   0.996920   0.038572   -0.046733
DD0955.0   0.996800   0.036241   -0.050044
DD0956.0   0.996681   0.033934   -0.053314
DD0957.0   0.996571   0.031689   -0.056453
DD0958.0   0.996473   0.029542   -0.059376
DD0959.0   0.996391   0.027525   -0.062008
DD0960.0   0.996331   0.025663   -0.064293
DD0961.0   0.996292   0.023972   -0.066192
DD0962.0   0.996276   0.022457   -0.067687
DD0963.0   0.996281   0.021112   -0.068785
DD0964.0   0.996304   0.019920   -0.069519
DD0965.0   0.996341   0.018849   -0.069941
DD0966.0   0.996385   0.017860   -0.070122
DD0967.0   0.996430   0.016905   -0.070147
DD0968.0   0.996467   0.015933   -0.070112
DD0969.0   0.996490   0.014889   -0.070111
DD0970.0   0.996489   0.013721   -0.070239
DD0971.0   0.996460   0.012383   -0.070576
DD0972.0   0.996398   0.010839   -0.071188
DD0973.0   0.996298   0.009063   -0.072122
DD0974.0   0.996160   0.007043   -0.073401
DD0975.0   0.995986   0.004781   -0.075022
DD0976.0   0.995780   0.002295   -0.076961
DD0977.0   0.995546   -0.000387   -0.079167
DD0978.0   0.995293   -0.003221   -0.081574
DD0979.0   0.995030   -0.006159   -0.084097
DD0980.0   0.994767   -0.009146   -0.086644
DD0981.0   0.994513   -0.012127   -0.089122
DD0982.0   0.994279   -0.015052   -0.091439
DD0983.0   0.994071   -0.017876   -0.093511
DD0984.0   0.993896   -0.020566   -0.095272
DD0985.0   0.993759   -0.023102   -0.096671
DD0986.0   0.993661   -0.025478   -0.097680
DD0987.0   0.993600   -0.027704   -0.098293
DD0988.0   0.993574   -0.029803   -0.098523
DD0989.0   0.993576   -0.031806   -0.098403
DD0990.0   0.993599   -0.033756   -0.097981
DD0991.0   0.993635   -0.035698   -0.097314
DD0992.0   0.993675   -0.037674   -0.096465
DD0993.0   0.993711   -0.039722   -0.095495
DD0994.0   0.993737   -0.041871   -0.094461
DD0995.0   0.993746   -0.044135   -0.093407
DD0996.0   0.993736   -0.046513   -0.092366
DD0997.0   0.993707   -0.048988   -0.091355
DD0998.0   0.993661   -0.051529   -0.090374
DD0999.0   0.993602   -0.054088   -0.089412
DD1000.0   0.993536   -0.056610   -0.088443
DD1001.0   0.993471   -0.059031   -0.087433
DD1002.0   0.993414   -0.061288   -0.086346
DD1003.0   0.993375   -0.063321   -0.085144
DD1004.0   0.993358   -0.065081   -0.083795
DD1005.0   0.993371   -0.066531   -0.082277
DD1006.0   0.993417   -0.067651   -0.080576
DD1007.0   0.993496   -0.068440   -0.078694
DD1008.0   0.993608   -0.068916   -0.076648
DD1009.0   0.993747   -0.069117   -0.074468
DD1010.0   0.993910   -0.069093   -0.072194
DD1011.0   0.994087   -0.068909   -0.069877
DD1012.0   0.994271   -0.068634   -0.067573
DD1013.0   0.994452   -0.068340   -0.065337
DD1014.0   0.994623   -0.068091   -0.063222
DD1015.0   0.994776   -0.067946   -0.061276
DD1016.0   0.994904   -0.067945   -0.059535
DD1017.0   0.995006   -0.068114   -0.058023
DD1018.0   0.995078   -0.068459   -0.056748
DD1019.0   0.995122   -0.068967   -0.055706
DD1020.0   0.995141   -0.069607   -0.054878
DD1021.0   0.995140   -0.070336   -0.054233
DD1022.0   0.995125   -0.071101   -0.053734
DD1023.0   0.995104   -0.071844   -0.053334
DD1024.0   0.995082   -0.072509   -0.052984
DD1025.0   0.995067   -0.073046   -0.052639
DD1026.0   0.995063   -0.073417   -0.052255
DD1027.0   0.995076   -0.073602   -0.051795
DD1028.0   0.995107   -0.073593   -0.051233
DD1029.0   0.995156   -0.073407   -0.050551
DD1030.0   0.995221   -0.073072   -0.049742
DD1031.0   0.995300   -0.072634   -0.048809
DD1032.0   0.995386   -0.072149   -0.047764
DD1033.0   0.995475   -0.071676   -0.046629
DD1034.0   0.995561   -0.071277   -0.045430
DD1035.0   0.995638   -0.071006   -0.044198
DD1036.0   0.995701   -0.070910   -0.042965
DD1037.0   0.995746   -0.071019   -0.041767
DD1038.0   0.995770   -0.071348   -0.040634
DD1039.0   0.995773   -0.071892   -0.039596
DD1040.0   0.995755   -0.072633   -0.038678
DD1041.0   0.995718   -0.073535   -0.037898
DD1042.0   0.995666   -0.074554   -0.037269
DD1043.0   0.995603   -0.075636   -0.036798
DD1044.0   0.995532   -0.076729   -0.036486
DD1045.0   0.995460   -0.077784   -0.036323
DD1046.0   0.995389   -0.078759   -0.036297
DD1047.0   0.995324   -0.079627   -0.036388
DD1048.0   0.995265   -0.080375   -0.036572
DD1049.0   0.995214   -0.081006   -0.036820
DD1050.0   0.995170   -0.081538   -0.037104
DD1051.0   0.995133   -0.082005   -0.037390
DD1052.0   0.995098   -0.082449   -0.037651
DD1053.0   0.995063   -0.082920   -0.037857
DD1054.0   0.995017   -0.083454   -0.037987
DD1055.0   0.994966   -0.084121   -0.038020
DD1056.0   0.994901   -0.084951   -0.037945
DD1057.0   0.994819   -0.085971   -0.037754
DD1058.0   0.994715   -0.087194   -0.037449
DD1059.0   0.994585   -0.088618   -0.037033
DD1060.0   0.994426   -0.090223   -0.036519
DD1061.0   0.994233   -0.091972   -0.035920
DD1062.0   0.994002   -0.093815   -0.035253
DD1063.0   0.993726   -0.095691   -0.034536
DD1064.0   0.993398   -0.097529   -0.033787
DD1065.0   0.992997   -0.099236   -0.033025
DD1066.0   0.992526   -0.100756   -0.032262
DD1067.0   0.991964   -0.102000   -0.031511
DD1068.0   0.991293   -0.102891   -0.030781
DD1069.0   0.990495   -0.103359   -0.030080
DD1070.0   0.989551   -0.103342   -0.029410
DD1071.0   0.988442   -0.102788   -0.028773
DD1072.0   0.987152   -0.101659   -0.028169
DD1073.0   0.985670   -0.099934   -0.027597
DD1074.0   0.983987   -0.097608   -0.027055
DD1075.0   0.982105   -0.094695   -0.026541
DD1076.0   0.980031   -0.091230   -0.026054
DD1077.0   0.977784   -0.087270   -0.025593
DD1078.0   0.975391   -0.082890   -0.025158
DD1079.0   0.972884   -0.078184   -0.024750
DD1080.0   0.970307   -0.073261   -0.024367
DD1081.0   0.967697   -0.068220   -0.024014
DD1082.0   0.965115   -0.063210   -0.023689
DD1083.0   0.962606   -0.058341   -0.023395
DD1084.0   0.960216   -0.053728   -0.023135
DD1085.0   0.957979   -0.049458   -0.022913
DD1086.0   0.955943   -0.045642   -0.022726
DD1087.0   0.954124   -0.042320   -0.022580
DD1088.0   0.952545   -0.039548   -0.022475
DD1089.0   0.951226   -0.037364   -0.022412
DD1090.0   0.950166   -0.035762   -0.022393
DD1091.0   0.949349   -0.034704   -0.022422
DD1092.0   0.948774   -0.034174   -0.022499
DD1093.0   0.948411   -0.034099   -0.022628
DD1094.0   0.948224   -0.034390   -0.022814
DD1095.0   0.948164   -0.034937   -0.023064
DD1096.0   0.948161   -0.035589   -0.023389
DD1097.0   0.948150   -0.036210   -0.023799
DD1098.0   0.948034   -0.036605   -0.024308
DD1099.0   0.947701   -0.036553   -0.024937
DD1100.0   0.947040   -0.035844   -0.025703
DD1101.0   0.945938   -0.034269   -0.026624
DD1102.0   0.944271   -0.031599   -0.027721
DD1103.0   0.941928   -0.027636   -0.029011
DD1104.0   0.938802   -0.022197   -0.030511
DD1105.0   0.934827   -0.015172   -0.032228
DD1106.0   0.929960   -0.006498   -0.034164
DD1107.0   0.924204   0.003801   -0.036311
DD1108.0   0.917588   0.015656   -0.038657
DD1109.0   0.910184   0.028908   -0.041177
DD1110.0   0.902094   0.043352   -0.043845
DD1111.0   0.893478   0.058678   -0.046618
DD1112.0   0.884484   0.074590   -0.049461
DD1113.0   0.875307   0.090714   -0.052323
DD1114.0   0.866113   0.106730   -0.055169
DD1115.0   0.857077   0.122301   -0.057956
DD1116.0   0.848346   0.137146   -0.060652
DD1117.0   0.840035   0.151044   -0.063232
DD1118.0   0.832220   0.163845   -0.065684
DD1119.0   0.824941   0.175473   -0.068004
DD1120.0   0.818187   0.185948   -0.070199
DD1121.0   0.811912   0.195353   -0.072289
DD1122.0   0.806038   0.203836   -0.074301
DD1123.0   0.800461   0.211593   -0.076270
DD1124.0   0.795054   0.218867   -0.078238
DD1125.0   0.789708   0.225865   -0.080240
DD1126.0   0.784302   0.232821   -0.082317
DD1127.0   0.778734   0.239935   -0.084505
DD1128.0   0.772921   0.247368   -0.086834
DD1129.0   0.766807   0.255239   -0.089328
DD1130.0   0.760366   0.263606   -0.092004
DD1131.0   0.753578   0.272515   -0.094871
DD1132.0   0.746466   0.281942   -0.097934
DD1133.0   0.739078   0.291812   -0.101179
DD1134.0   0.731479   0.302020   -0.104590
DD1135.0   0.723755   0.312428   -0.108137
DD1136.0   0.716023   0.322840   -0.111778
DD1137.0   0.708410   0.333054   -0.115462
DD1138.0   0.701065   0.342819   -0.119127
DD1139.0   0.694164   0.351854   -0.122696
DD1140.0   0.687895   0.359845   -0.126082
DD1141.0   0.682453   0.366479   -0.129197
DD1142.0   0.678059   0.371391   -0.131935
DD1143.0   0.674899   0.374283   -0.134207
DD1144.0   0.673166   0.374837   -0.135920
DD1145.0   0.672995   0.372849   -0.137005
DD1146.0   0.674492   0.368152   -0.137408
DD1147.0   0.677687   0.360714   -0.137105
DD1148.0   0.682547   0.350614   -0.136106
DD1149.0   0.688949   0.338082   -0.134458
DD1150.0   0.696723   0.323425   -0.132233
DD1151.0   0.705591   0.307139   -0.129545
DD1152.0   0.715247   0.289767   -0.126528
DD1153.0   0.725335   0.271925   -0.123334
DD1154.0   0.735491   0.254240   -0.120117
DD1155.0   0.745358   0.237321   -0.117030
DD1156.0   0.754615   0.221710   -0.114208
DD1157.0   0.762959   0.207908   -0.111774
DD1158.0   0.770198   0.196214   -0.109802
DD1159.0   0.776185   0.186847   -0.108341
DD1160.0   0.780854   0.179874   -0.107406
DD1161.0   0.784221   0.175224   -0.106975
DD1162.0   0.786341   0.172754   -0.107000
DD1163.0   0.787347   0.172189   -0.107406
DD1164.0   0.787402   0.173204   -0.108102
DD1165.0   0.786676   0.175467   -0.108994
DD1166.0   0.785351   0.178634   -0.109983
DD1167.0   0.783617   0.182348   -0.110972
DD1168.0   0.781646   0.186298   -0.111874
DD1169.0   0.779598   0.190191   -0.112606
DD1170.0   0.777604   0.193793   -0.113101
DD1171.0   0.775789   0.196882   -0.113295
DD1172.0   0.774260   0.199266   -0.113131
DD1173.0   0.773131   0.200743   -0.112555
DD1174.0   0.772500   0.201134   -0.111515
DD1175.0   0.772469   0.200254   -0.109958
DD1176.0   0.773115   0.197956   -0.107842
DD1177.0   0.774540   0.194048   -0.105116
DD1178.0   0.776808   0.188405   -0.101748
DD1179.0   0.779998   0.180871   -0.097702
DD1180.0   0.784148   0.171366   -0.092966
DD1181.0   0.789283   0.159834   -0.087538
DD1182.0   0.795399   0.146269   -0.081436
DD1183.0   0.802464   0.130724   -0.074699
DD1184.0   0.810416   0.113309   -0.067387
DD1185.0   0.819155   0.094205   -0.059582
DD1186.0   0.828569   0.073624   -0.051378
DD1187.0   0.838515   0.051844   -0.042887
DD1188.0   0.848823   0.029199   -0.034233
DD1189.0   0.859339   0.006000   -0.025533
DD1190.0   0.869870   -0.017354   -0.016918
DD1191.0   0.880253   -0.040514   -0.008498
DD1192.0   0.890326   -0.063125   -0.000375
DD1193.0   0.899944   -0.084857   0.007364
DD1194.0   0.908984   -0.105413   0.014652
DD1195.0   0.917338   -0.124523   0.021437
DD1196.0   0.924942   -0.142005   0.027701
DD1197.0   0.931748   -0.157703   0.033433
DD1198.0   0.937724   -0.171498   0.038636
DD1199.0   0.942865   -0.183333   0.043331
DD1200.0   0.947186   -0.193192   0.047547
DD1201.0   0.950709   -0.201084   0.051315
DD1202.0   0.953479   -0.207069   0.054677
DD1203.0   0.955535   -0.211211   0.057668
DD1204.0   0.956924   -0.213588   0.060324
DD1205.0   0.957689   -0.214284   0.062674
DD1206.0   0.957879   -0.213403   0.064752
DD1207.0   0.957527   -0.211012   0.066576
DD1208.0   0.956687   -0.207239   0.068178
DD1209.0   0.955391   -0.202164   0.069575
DD1210.0   0.953700   -0.195932   0.070799
DD1211.0   0.951657   -0.188660   0.071872
DD1212.0   0.949316   -0.180489   0.072822
DD1213.0   0.946750   -0.171610   0.073684
DD1214.0   0.944038   -0.162231   0.074493
DD1215.0   0.941248   -0.152546   0.075279
DD1216.0   0.938475   -0.142811   0.076082
DD1217.0   0.935815   -0.133289   0.076938
DD1218.0   0.933351   -0.124225   0.077874
DD1219.0   0.931168   -0.115863   0.078916
DD1220.0   0.929353   -0.108460   0.080087
DD1221.0   0.927978   -0.102228   0.081402
DD1222.0   0.927102   -0.097353   0.082869
DD1223.0   0.926752   -0.093936   0.084480
DD1224.0   0.926958   -0.092068   0.086230
DD1225.0   0.927718   -0.091762   0.088105
DD1226.0   0.929014   -0.092972   0.090084
DD1227.0   0.930807   -0.095595   0.092140
DD1228.0   0.933043   -0.099475   0.094246
DD1229.0   0.935655   -0.104412   0.096371
DD1230.0   0.938566   -0.110173   0.098486
DD1231.0   0.941695   -0.116507   0.100563
DD1232.0   0.944957   -0.123154   0.102577
DD1233.0   0.948272   -0.129864   0.104506
DD1234.0   0.951564   -0.136405   0.106332
DD1235.0   0.954767   -0.142579   0.108042
DD1236.0   0.957823   -0.148222   0.109630
DD1237.0   0.960687   -0.153215   0.111094
DD1238.0   0.963328   -0.157487   0.112434
DD1239.0   0.965722   -0.161008   0.113659
DD1240.0   0.967859   -0.163789   0.114780
DD1241.0   0.969736   -0.165877   0.115808
DD1242.0   0.971360   -0.167344   0.116758
DD1243.0   0.972742   -0.168281   0.117647
DD1244.0   0.973897   -0.168788   0.118488
DD1245.0   0.974844   -0.168967   0.119296
DD1246.0   0.975605   -0.168914   0.120083
DD1247.0   0.976200   -0.168713   0.120857
DD1248.0   0.976652   -0.168433   0.121624
DD1249.0   0.976984   -0.168123   0.122386
DD1250.0   0.977215   -0.167818   0.123143
DD1251.0   0.977368   -0.167532   0.123893
DD1252.0   0.977459   -0.167266   0.124631
DD1253.0   0.977512   -0.167022   0.125356
DD1254.0   0.977530   -0.166755   0.126056
DD1255.0   0.977532   -0.166464   0.126735
DD1256.0   0.977528   -0.166129   0.127393
DD1257.0   0.977524   -0.165735   0.128036
DD1258.0   0.977524   -0.165275   0.128673
DD1259.0   0.977528   -0.164749   0.129318
DD1260.0   0.977539   -0.164179   0.129993
DD1261.0   0.977537   -0.163559   0.130711
DD1262.0   0.977526   -0.162932   0.131500
DD1263.0   0.977495   -0.162331   0.132380
DD1264.0   0.977436   -0.161795   0.133372
DD1265.0   0.977341   -0.161360   0.134488
DD1266.0   0.977201   -0.161065   0.135734
DD1267.0   0.977011   -0.160947   0.137109
DD1268.0   0.976765   -0.161039   0.138600
DD1269.0   0.976463   -0.161367   0.140181
DD1270.0   0.976104   -0.161953   0.141820
DD1271.0   0.975691   -0.162813   0.143473
DD1272.0   0.975230   -0.163957   0.145087
DD1273.0   0.974726   -0.165385   0.146608
DD1274.0   0.974189   -0.167092   0.147976
DD1275.0   0.973627   -0.169067   0.149135
DD1276.0   0.973053   -0.171287   0.150033
DD1277.0   0.972477   -0.173721   0.150627
DD1278.0   0.971912   -0.176328   0.150886
DD1279.0   0.971369   -0.179056   0.150790
DD1280.0   0.970862   -0.181845   0.150337
DD1281.0   0.970403   -0.184622   0.149540
DD1282.0   0.970002   -0.187309   0.148430
DD1283.0   0.969671   -0.189821   0.147051
DD1284.0   0.969420   -0.192070   0.145462
DD1285.0   0.969254   -0.193973   0.143733
DD1286.0   0.969180   -0.195449   0.141941
DD1287.0   0.969200   -0.196434   0.140168
DD1288.0   0.969312   -0.196876   0.138497
DD1289.0   0.969512   -0.196745   0.137005
DD1290.0   0.969790   -0.196034   0.135765
DD1291.0   0.970136   -0.194762   0.134838
DD1292.0   0.970533   -0.192972   0.134273
DD1293.0   0.970964   -0.190732   0.134104
DD1294.0   0.971409   -0.188130   0.134349
DD1295.0   0.971846   -0.185270   0.135012
DD1296.0   0.972256   -0.182264   0.136079
DD1297.0   0.972619   -0.179228   0.137526
DD1298.0   0.972919   -0.176273   0.139313
DD1299.0   0.973143   -0.173499   0.141395
DD1300.0   0.973283   -0.170987   0.143715
DD1301.0   0.973334   -0.168799   0.146217
DD1302.0   0.973299   -0.166969   0.148839
DD1303.0   0.973183   -0.165506   0.151525
DD1304.0   0.972996   -0.164394   0.154217
DD1305.0   0.972754   -0.163595   0.156868
DD1306.0   0.972471   -0.163053   0.159433
DD1307.0   0.972166   -0.162702   0.161877
DD1308.0   0.971856   -0.162470   0.164175
DD1309.0   0.971555   -0.162286   0.166311
DD1310.0   0.971278   -0.162088   0.168275
DD1311.0   0.971034   -0.161828   0.170068
DD1312.0   0.970828   -0.161474   0.171694
DD1313.0   0.970660   -0.161012   0.173166
DD1314.0   0.970530   -0.160446   0.174508
DD1315.0   0.970431   -0.159797   0.175735
DD1316.0   0.970352   -0.159089   0.176871
DD1317.0   0.970287   -0.158376   0.177927
DD1318.0   0.970220   -0.157693   0.178928
DD1319.0   0.970145   -0.157082   0.179873
DD1320.0   0.970054   -0.156572   0.180770
DD1321.0   0.969939   -0.156182   0.181613
DD1322.0   0.969795   -0.155914   0.182397
DD1323.0   0.969618   -0.155759   0.183108
DD1324.0   0.969405   -0.155690   0.183733
DD1325.0   0.969150   -0.155670   0.184259
DD1326.0   0.968846   -0.155651   0.184679
DD1327.0   0.968482   -0.155581   0.184993
DD1328.0   0.968041   -0.155405   0.185215
DD1329.0   0.967496   -0.155075   0.185378
DD1330.0   0.966814   -0.154550   0.185535
DD1331.0   0.965952   -0.153798   0.185763
DD1332.0   0.964857   -0.152801   0.186171
DD1333.0   0.963469   -0.151556   0.186890
DD1334.0   0.961719   -0.150074   0.188084
DD1335.0   0.959536   -0.148383   0.189938
DD1336.0   0.956848   -0.146526   0.192657
DD1337.0   0.953586   -0.144556   0.196454
DD1338.0   0.949691   -0.142541   0.201542
DD1339.0   0.945117   -0.140551   0.208121
DD1340.0   0.939837   -0.138664   0.216362
DD1341.0   0.933850   -0.136957   0.226393
DD1342.0   0.927178   -0.135501   0.238286
DD1343.0   0.919878   -0.134357   0.252043
DD1344.0   0.912034   -0.133569   0.267592
DD1345.0   0.903762   -0.133164   0.284778
DD1346.0   0.895202   -0.133143   0.303371
DD1347.0   0.886520   -0.133483   0.323066
DD1348.0   0.877891   -0.134134   0.343502
DD1349.0   0.869501   -0.135020   0.364272
DD1350.0   0.861532   -0.136045   0.384949
DD1351.0   0.854156   -0.137098   0.405106
DD1352.0   0.847524   -0.138055   0.424335
DD1353.0   0.841761   -0.138795   0.442269
DD1354.0   0.836964   -0.139201   0.458601
DD1355.0   0.833189   -0.139172   0.473091
DD1356.0   0.830462   -0.138625   0.485575
DD1357.0   0.828770   -0.137506   0.495969
DD1358.0   0.828070   -0.135788   0.504265
DD1359.0   0.828290   -0.133474   0.510523
DD1360.0   0.829337   -0.130597   0.514860
DD1361.0   0.831102   -0.127214   0.517440
DD1362.0   0.833467   -0.123406   0.518459
DD1363.0   0.836308   -0.119269   0.518135
DD1364.0   0.839504   -0.114912   0.516690
DD1365.0   0.842941   -0.110448   0.514349
DD1366.0   0.846510   -0.105990   0.511322
DD1367.0   0.850119   -0.101648   0.507804
DD1368.0   0.853685   -0.097521   0.503971
DD1369.0   0.857139   -0.093697   0.499971
DD1370.0   0.860429   -0.090250   0.495933
DD1371.0   0.863512   -0.087240   0.491957
DD1372.0   0.866360   -0.084707   0.488123
DD1373.0   0.868957   -0.082678   0.484488
DD1374.0   0.871296   -0.081165   0.481090
DD1375.0   0.873377   -0.080164   0.477949
DD1376.0   0.875211   -0.079662   0.475071
DD1377.0   0.876813   -0.079633   0.472451
DD1378.0   0.878202   -0.080046   0.470070
DD1379.0   0.879400   -0.080864   0.467898
DD1380.0   0.880434   -0.082044   0.465911
DD1381.0   0.881331   -0.083551   0.464072
DD1382.0   0.882111   -0.085330   0.462353
DD1383.0   0.882806   -0.087350   0.460709
DD1384.0   0.883432   -0.089574   0.459116
DD1385.0   0.884013   -0.091971   0.457539
DD1386.0   0.884565   -0.094511   0.455952
DD1387.0   0.885104   -0.097171   0.454331
DD1388.0   0.885644   -0.099930   0.452654
DD1389.0   0.886193   -0.102773   0.450907
DD1390.0   0.886759   -0.105687   0.449077
DD1391.0   0.887346   -0.108663   0.447158
DD1392.0   0.887957   -0.111693   0.445145
DD1393.0   0.888593   -0.114773   0.443036
DD1394.0   0.889253   -0.117897   0.440833
DD1395.0   0.889935   -0.121064   0.438540
DD1396.0   0.890637   -0.124271   0.436162
DD1397.0   0.891353   -0.127516   0.433707
DD1398.0   0.892080   -0.130798   0.431184
DD1399.0   0.892813   -0.134114   0.428601
DD1400.0   0.893546   -0.137464   0.425969
DD1401.0   0.894275   -0.140844   0.423300
DD1402.0   0.894994   -0.144252   0.420604
DD1403.0   0.895697   -0.147685   0.417893
DD1404.0   0.896381   -0.151139   0.415180
DD1405.0   0.897039   -0.154609   0.412475
DD1406.0   0.897668   -0.158091   0.409790
DD1407.0   0.898264   -0.161577   0.407137
DD1408.0   0.898822   -0.165063   0.404526
DD1409.0   0.899340   -0.168540   0.401968
DD1410.0   0.899815   -0.172001   0.399473
DD1411.0   0.900246   -0.175439   0.397048
DD1412.0   0.900630   -0.178845   0.394703
DD1413.0   0.900967   -0.182211   0.392442
DD1414.0   0.901258   -0.185530   0.390272
DD1415.0   0.901503   -0.188794   0.388195
DD1416.0   0.901703   -0.191998   0.386216
DD1417.0   0.901858   -0.195135   0.384334
DD1418.0   0.901972   -0.198203   0.382551
DD1419.0   0.902045   -0.201198   0.380866
DD1420.0   0.902080   -0.204120   0.379279
DD1421.0   0.902077   -0.206970   0.377786
DD1422.0   0.902038   -0.209750   0.376388
DD1423.0   0.901963   -0.212465   0.375083
DD1424.0   0.901853   -0.215118   0.373868
DD1425.0   0.901707   -0.217718   0.372744
DD1426.0   0.901526   -0.220272   0.371709
DD1427.0   0.901306   -0.222787   0.370762
DD1428.0   0.901049   -0.225271   0.369904
DD1429.0   0.900751   -0.227733   0.369135
DD1430.0   0.900412   -0.230180   0.368453
DD1431.0   0.900031   -0.232620   0.367859
DD1432.0   0.899606   -0.235058   0.367352
DD1433.0   0.899138   -0.237499   0.366930
DD1434.0   0.898625   -0.239947   0.366593
DD1435.0   0.898068   -0.242406   0.366338
DD1436.0   0.897468   -0.244877   0.366164
DD1437.0   0.896824   -0.247362   0.366069
DD1438.0   0.896137   -0.249860   0.366050
DD1439.0   0.895409   -0.252371   0.366105
DD1440.0   0.894639   -0.254895   0.366233
DD1441.0   0.893829   -0.257430   0.366432
DD1442.0   0.892978   -0.259975   0.366700
DD1443.0   0.892088   -0.262530   0.367038
DD1444.0   0.891159   -0.265092   0.367444
DD1445.0   0.890190   -0.267658   0.367919
DD1446.0   0.889181   -0.270228   0.368461
DD1447.0   0.888133   -0.272799   0.369071
DD1448.0   0.887047   -0.275371   0.369748
DD1449.0   0.885922   -0.277939   0.370493
DD1450.0   0.884759   -0.280499   0.371305
DD1451.0   0.883560   -0.283044   0.372185
DD1452.0   0.882326   -0.285566   0.373134
DD1453.0   0.881060   -0.288053   0.374155
DD1454.0   0.879763   -0.290490   0.375252
DD1455.0   0.878438   -0.292857   0.376431
DD1456.0   0.877090   -0.295127   0.377700
DD1457.0   0.875722   -0.297268   0.379069
DD1458.0   0.874339   -0.299242   0.380554
DD1459.0   0.872945   -0.301003   0.382169
DD1460.0   0.871548   -0.302498   0.383935
DD1461.0   0.870154   -0.303667   0.385873
DD1462.0   0.868770   -0.304447   0.388006
DD1463.0   0.867405   -0.304769   0.390356
DD1464.0   0.866069   -0.304565   0.392945
DD1465.0   0.864771   -0.303771   0.395791
DD1466.0   0.863522   -0.302327   0.398908
DD1467.0   0.862335   -0.300185   0.402302
DD1468.0   0.861222   -0.297312   0.405969
DD1469.0   0.860195   -0.293693   0.409895
DD1470.0   0.859267   -0.289338   0.414053
DD1471.0   0.858451   -0.284278   0.418400
DD1472.0   0.857761   -0.278574   0.422883
DD1473.0   0.857208   -0.272310   0.427434
DD1474.0   0.856804   -0.265594   0.431974
DD1475.0   0.856559   -0.258556   0.436415
DD1476.0   0.856481   -0.251338   0.440664
DD1477.0   0.856575   -0.244093   0.444628
DD1478.0   0.856846   -0.236977   0.448216
DD1479.0   0.857292   -0.230139   0.451347
DD1480.0   0.857910   -0.223720   0.453949
DD1481.0   0.858693   -0.217842   0.455968
DD1482.0   0.859630   -0.212605   0.457367
DD1483.0   0.860706   -0.208089   0.458129
DD1484.0   0.861901   -0.204345   0.458257
DD1485.0   0.863194   -0.201400   0.457773
DD1486.0   0.864561   -0.199257   0.456717
DD1487.0   0.865975   -0.197900   0.455142
DD1488.0   0.867408   -0.197296   0.453114
DD1489.0   0.868833   -0.197396   0.450707
DD1490.0   0.870223   -0.198147   0.447996
DD1491.0   0.871552   -0.199487   0.445061
DD1492.0   0.872795   -0.201355   0.441977
DD1493.0   0.873932   -0.203691   0.438813
DD1494.0   0.874944   -0.206436   0.435635
DD1495.0   0.875815   -0.209540   0.432497
DD1496.0   0.876534   -0.212953   0.429447
DD1497.0   0.877093   -0.216633   0.426524
DD1498.0   0.877485   -0.220544   0.423759
DD1499.0   0.877708   -0.224653   0.421174
DD1500.0   0.877763   -0.228928   0.418784
DD1501.0   0.877652   -0.233345   0.416601
DD1502.0   0.877381   -0.237876   0.414629
DD1503.0   0.876956   -0.242500   0.412867
DD1504.0   0.876385   -0.247194   0.411314
DD1505.0   0.875679   -0.251935   0.409964
DD1506.0   0.874847   -0.256703   0.408808
DD1507.0   0.873902   -0.261478   0.407838
DD1508.0   0.872853   -0.266240   0.407042
DD1509.0   0.871713   -0.270971   0.406411
DD1510.0   0.870493   -0.275656   0.405930
DD1511.0   0.869205   -0.280276   0.405591
DD1512.0   0.867858   -0.284817   0.405381
DD1513.0   0.866463   -0.289267   0.405289
DD1514.0   0.865030   -0.293614   0.405304
DD1515.0   0.863567   -0.297848   0.405417
DD1516.0   0.862084   -0.301961   0.405616
DD1517.0   0.860588   -0.305945   0.405895
DD1518.0   0.859088   -0.309793   0.406242
DD1519.0   0.857589   -0.313500   0.406652
DD1520.0   0.856100   -0.317062   0.407114
DD1521.0   0.854625   -0.320477   0.407622
DD1522.0   0.853171   -0.323743   0.408167
DD1523.0   0.851742   -0.326859   0.408743
DD1524.0   0.850344   -0.329830   0.409341
DD1525.0   0.848979   -0.332657   0.409954
DD1526.0   0.847651   -0.335347   0.410575
DD1527.0   0.846361   -0.337906   0.411195
DD1528.0   0.845110   -0.340344   0.411809
DD1529.0   0.843900   -0.342670   0.412409
DD1530.0   0.842730   -0.344896   0.412990
DD1531.0   0.841598   -0.347032   0.413546
DD1532.0   0.840503   -0.349090   0.414073
DD1533.0   0.839444   -0.351082   0.414568
DD1534.0   0.838416   -0.353018   0.415028
DD1535.0   0.837418   -0.354908   0.415451
DD1536.0   0.836447   -0.356761   0.415838
DD1537.0   0.835499   -0.358584   0.416188
DD1538.0   0.834572   -0.360384   0.416504
DD1539.0   0.833663   -0.362165   0.416786
DD1540.0   0.832769   -0.363931   0.417037
DD1541.0   0.831889   -0.365685   0.417260
DD1542.0   0.831019   -0.367428   0.417460
DD1543.0   0.830158   -0.369162   0.417638
DD1544.0   0.829304   -0.370886   0.417799
DD1545.0   0.828454   -0.372601   0.417948
DD1546.0   0.827607   -0.374308   0.418088
DD1547.0   0.826760   -0.376006   0.418225
DD1548.0   0.825910   -0.377695   0.418363
DD1549.0   0.825056   -0.379377   0.418507
DD1550.0   0.824194   -0.381050   0.418663
DD1551.0   0.823323   -0.382715   0.418837
DD1552.0   0.822438   -0.384373   0.419035
DD1553.0   0.821538   -0.386022   0.419262
DD1554.0   0.820620   -0.387662   0.419523
DD1555.0   0.819682   -0.389293   0.419825
DD1556.0   0.818722   -0.390913   0.420172
DD1557.0   0.817739   -0.392520   0.420567
DD1558.0   0.816732   -0.394115   0.421014
DD1559.0   0.815700   -0.395695   0.421514
DD1560.0   0.814644   -0.397258   0.422069
DD1561.0   0.813563   -0.398805   0.422679
DD1562.0   0.812458   -0.400334   0.423343
DD1563.0   0.811330   -0.401845   0.424058
DD1564.0   0.810180   -0.403339   0.424823
DD1565.0   0.809009   -0.404817   0.425635
DD1566.0   0.807816   -0.406280   0.426491
DD1567.0   0.806604   -0.407729   0.427388
DD1568.0   0.805372   -0.409166   0.428322
DD1569.0   0.804121   -0.410593   0.429293
DD1570.0   0.802850   -0.412012   0.430298
DD1571.0   0.801561   -0.413422   0.431337
DD1572.0   0.800251   -0.414826   0.432408
DD1573.0   0.798922   -0.416223   0.433512
DD1574.0   0.797573   -0.417613   0.434650
DD1575.0   0.796203   -0.418995   0.435822
DD1576.0   0.794813   -0.420367   0.437031
DD1577.0   0.793402   -0.421729   0.438277
DD1578.0   0.791970   -0.423078   0.439563
DD1579.0   0.790517   -0.424412   0.440888
DD1580.0   0.789045   -0.425729   0.442254
DD1581.0   0.787553   -0.427028   0.443661
DD1582.0   0.786042   -0.428306   0.445108
DD1583.0   0.784515   -0.429562   0.446595
DD1584.0   0.782973   -0.430793   0.448121
DD1585.0   0.781417   -0.431998   0.449682
DD1586.0   0.779851   -0.433175   0.451277
DD1587.0   0.778277   -0.434321   0.452902
DD1588.0   0.776698   -0.435434   0.454555
DD1589.0   0.775118   -0.436512   0.456233
DD1590.0   0.773539   -0.437552   0.457932
DD1591.0   0.771965   -0.438551   0.459649
DD1592.0   0.770399   -0.439507   0.461383
DD1593.0   0.768844   -0.440416   0.463130
DD1594.0   0.767302   -0.441276   0.464888
DD1595.0   0.765774   -0.442086   0.466658
DD1596.0   0.764263   -0.442843   0.468437
DD1597.0   0.762768   -0.443547   0.470226
DD1598.0   0.761289   -0.444197   0.472025
DD1599.0   0.759826   -0.444795   0.473834
DD1600.0   0.758378   -0.445340   0.475655
DD1601.0   0.756943   -0.445834   0.477488
DD1602.0   0.755519   -0.446280   0.479335
DD1603.0   0.754104   -0.446681   0.481196
DD1604.0   0.752696   -0.447038   0.483071
DD1605.0   0.751293   -0.447354   0.484963
DD1606.0   0.749894   -0.447633   0.486871
DD1607.0   0.748497   -0.447875   0.488795
DD1608.0   0.747102   -0.448083   0.490735
DD1609.0   0.745708   -0.448258   0.492691
DD1610.0   0.744317   -0.448399   0.494660
DD1611.0   0.742930   -0.448505   0.496642
DD1612.0   0.741550   -0.448575   0.498635
DD1613.0   0.740179   -0.448606   0.500637
DD1614.0   0.738821   -0.448595   0.502646
DD1615.0   0.737481   -0.448539   0.504659
DD1616.0   0.736162   -0.448433   0.506673
DD1617.0   0.734868   -0.448273   0.508686
DD1618.0   0.733606   -0.448056   0.510694
DD1619.0   0.732379   -0.447777   0.512695
DD1620.0   0.731191   -0.447434   0.514686
DD1621.0   0.730046   -0.447025   0.516663
DD1622.0   0.728948   -0.446547   0.518624
DD1623.0   0.727899   -0.446001   0.520565
DD1624.0   0.726901   -0.445388   0.522483
DD1625.0   0.725958   -0.444707   0.524374
DD1626.0   0.725069   -0.443963   0.526235
DD1627.0   0.724236   -0.443158   0.528063
DD1628.0   0.723459   -0.442295   0.529855
DD1629.0   0.722739   -0.441380   0.531605
DD1630.0   0.722075   -0.440417   0.533312
DD1631.0   0.721469   -0.439410   0.534971
DD1632.0   0.720918   -0.438366   0.536579
DD1633.0   0.720422   -0.437290   0.538133
DD1634.0   0.719982   -0.436187   0.539629
DD1635.0   0.719595   -0.435062   0.541065
DD1636.0   0.719261   -0.433921   0.542439
DD1637.0   0.718978   -0.432769   0.543747
DD1638.0   0.718744   -0.431611   0.544989
DD1639.0   0.718558   -0.430453   0.546164
DD1640.0   0.718417   -0.429299   0.547269
DD1641.0   0.718319   -0.428154   0.548306
DD1642.0   0.718261   -0.427024   0.549274
DD1643.0   0.718241   -0.425913   0.550174
DD1644.0   0.718254   -0.424825   0.551007
DD1645.0   0.718297   -0.423765   0.551775
DD1646.0   0.718367   -0.422736   0.552479
DD1647.0   0.718460   -0.421743   0.553123
DD1648.0   0.718572   -0.420788   0.553708
DD1649.0   0.718699   -0.419875   0.554239
DD1650.0   0.718838   -0.419005   0.554719
DD1651.0   0.718984   -0.418179   0.555152
DD1652.0   0.719135   -0.417399   0.555542
DD1653.0   0.719287   -0.416665   0.555892
DD1654.0   0.719439   -0.415975   0.556208
DD1655.0   0.719587   -0.415328   0.556494
DD1656.0   0.719731   -0.414721   0.556752
DD1657.0   0.719870   -0.414152   0.556988
DD1658.0   0.720003   -0.413617   0.557204
DD1659.0   0.720132   -0.413110   0.557404
DD1660.0   0.720257   -0.412628   0.557589
DD1661.0   0.720380   -0.412165   0.557761
DD1662.0   0.720504   -0.411715   0.557922
DD1663.0   0.720630   -0.411275   0.558072
DD1664.0   0.720763   -0.410840   0.558211
DD1665.0   0.720905   -0.410405   0.558339
DD1666.0   0.721058   -0.409967   0.558452
DD1667.0   0.721227   -0.409523   0.558551
DD1668.0   0.721414   -0.409072   0.558633
DD1669.0   0.721620   -0.408612   0.558694
DD1670.0   0.721850   -0.408145   0.558732
DD1671.0   0.722103   -0.407671   0.558743
DD1672.0   0.722382   -0.407191   0.558725
DD1673.0   0.722687   -0.406708   0.558675
DD1674.0   0.723019   -0.406226   0.558589
DD1675.0   0.723378   -0.405746   0.558466
DD1676.0   0.723763   -0.405274   0.558304
DD1677.0   0.724173   -0.404812   0.558101
DD1678.0   0.724607   -0.404365   0.557857
DD1679.0   0.725063   -0.403936   0.557572
DD1680.0   0.725537   -0.403528   0.557247
DD1681.0   0.726028   -0.403145   0.556884
DD1682.0   0.726530   -0.402789   0.556485
DD1683.0   0.727041   -0.402464   0.556055
DD1684.0   0.727555   -0.402172   0.555598
DD1685.0   0.728068   -0.401914   0.555119
DD1686.0   0.728574   -0.401691   0.554623
DD1687.0   0.729068   -0.401505   0.554118
DD1688.0   0.729545   -0.401356   0.553610
DD1689.0   0.729999   -0.401243   0.553105
DD1690.0   0.730427   -0.401165   0.552610
DD1691.0   0.730824   -0.401122   0.552131
DD1692.0   0.731186   -0.401109   0.551675
DD1693.0   0.731512   -0.401126   0.551246
DD1694.0   0.731799   -0.401169   0.550848
DD1695.0   0.732046   -0.401235   0.550486
DD1696.0   0.732255   -0.401319   0.550161
DD1697.0   0.732424   -0.401419   0.549875
DD1698.0   0.732558   -0.401530   0.549626
DD1699.0   0.732658   -0.401649   0.549416
DD1700.0   0.732728   -0.401772   0.549241
DD1701.0   0.732772   -0.401896   0.549098
DD1702.0   0.732795   -0.402017   0.548984
DD1703.0   0.732802   -0.402134   0.548895
DD1704.0   0.732798   -0.402242   0.548824
DD1705.0   0.732788   -0.402341   0.548766
DD1706.0   0.732779   -0.402428   0.548716
DD1707.0   0.732776   -0.402503   0.548667
DD1708.0   0.732784   -0.402565   0.548612
DD1709.0   0.732808   -0.402612   0.548546
DD1710.0   0.732852   -0.402646   0.548462
DD1711.0   0.732922   -0.402666   0.548355
DD1712.0   0.733019   -0.402674   0.548219
DD1713.0   0.733148   -0.402671   0.548049
DD1714.0   0.733310   -0.402659   0.547840
DD1715.0   0.733506   -0.402640   0.547589
DD1716.0   0.733738   -0.402617   0.547292
DD1717.0   0.734004   -0.402595   0.546947
DD1718.0   0.734305   -0.402577   0.546551
DD1719.0   0.734638   -0.402567   0.546102
DD1720.0   0.735003   -0.402571   0.545601
DD1721.0   0.735395   -0.402593   0.545045
DD1722.0   0.735814   -0.402639   0.544435
DD1723.0   0.736254   -0.402715   0.543772
DD1724.0   0.736712   -0.402825   0.543057
DD1725.0   0.737185   -0.402975   0.542291
DD1726.0   0.737668   -0.403169   0.541477
DD1727.0   0.738157   -0.403412   0.540618
DD1728.0   0.738647   -0.403707   0.539717
DD1729.0   0.739133   -0.404057   0.538780
DD1730.0   0.739610   -0.404463   0.537810
DD1731.0   0.740075   -0.404927   0.536816
DD1732.0   0.740521   -0.405448   0.535801
DD1733.0   0.740945   -0.406025   0.534774
DD1734.0   0.741343   -0.406657   0.533741
DD1735.0   0.741710   -0.407340   0.532709
DD1736.0   0.742045   -0.408071   0.531686
DD1737.0   0.742343   -0.408846   0.530678
DD1738.0   0.742603   -0.409659   0.529691
DD1739.0   0.742824   -0.410506   0.528732
DD1740.0   0.743005   -0.411380   0.527805
DD1741.0   0.743146   -0.412275   0.526916
DD1742.0   0.743247   -0.413185   0.526068
DD1743.0   0.743310   -0.414105   0.525264
DD1744.0   0.743337   -0.415027   0.524507
DD1745.0   0.743329   -0.415946   0.523797
DD1746.0   0.743290   -0.416856   0.523136
DD1747.0   0.743223   -0.417751   0.522524
DD1748.0   0.743131   -0.418627   0.521959
DD1749.0   0.743018   -0.419478   0.521441
DD1750.0   0.742888   -0.420300   0.520966
DD1751.0   0.742746   -0.421090   0.520532
DD1752.0   0.742596   -0.421846   0.520136
DD1753.0   0.742442   -0.422565   0.519773
DD1754.0   0.742288   -0.423245   0.519439
DD1755.0   0.742137   -0.423887   0.519129
DD1756.0   0.741994   -0.424491   0.518839
DD1757.0   0.741862   -0.425059   0.518563
DD1758.0   0.741742   -0.425591   0.518297
DD1759.0   0.741637   -0.426091   0.518037
DD1760.0   0.741549   -0.426562   0.517777
DD1761.0   0.741478   -0.427005   0.517515
DD1762.0   0.741425   -0.427425   0.517246
DD1763.0   0.741391   -0.427824   0.516969
DD1764.0   0.741375   -0.428205   0.516682
DD1765.0   0.741378   -0.428572   0.516381
DD1766.0   0.741397   -0.428926   0.516067
DD1767.0   0.741434   -0.429270   0.515738
DD1768.0   0.741487   -0.429606   0.515393
DD1769.0   0.741555   -0.429935   0.515032
DD1770.0   0.741637   -0.430259   0.514655
DD1771.0   0.741733   -0.430579   0.514262
DD1772.0   0.741841   -0.430897   0.513852
DD1773.0   0.741961   -0.431214   0.513427
DD1774.0   0.742091   -0.431530   0.512986
DD1775.0   0.742229   -0.431847   0.512530
DD1776.0   0.742375   -0.432166   0.512059
DD1777.0   0.742527   -0.432488   0.511576
DD1778.0   0.742684   -0.432813   0.511080
DD1779.0   0.742843   -0.433142   0.510573
DD1780.0   0.743005   -0.433475   0.510056
DD1781.0   0.743168   -0.433812   0.509530
DD1782.0   0.743331   -0.434153   0.508998
DD1783.0   0.743494   -0.434497   0.508461
DD1784.0   0.743656   -0.434843   0.507919
DD1785.0   0.743818   -0.435189   0.507375
DD1786.0   0.743980   -0.435534   0.506830
DD1787.0   0.744144   -0.435875   0.506284
DD1788.0   0.744312   -0.436209   0.505738
DD1789.0   0.744485   -0.436535   0.505192
DD1790.0   0.744665   -0.436848   0.504645
DD1791.0   0.744855   -0.437146   0.504097
DD1792.0   0.745058   -0.437427   0.503546
DD1793.0   0.745276   -0.437689   0.502990
DD1794.0   0.745511   -0.437929   0.502427
DD1795.0   0.745767   -0.438147   0.501855
DD1796.0   0.746044   -0.438343   0.501270
DD1797.0   0.746344   -0.438518   0.500669
DD1798.0   0.746667   -0.438674   0.500048
DD1799.0   0.747014   -0.438814   0.499405
DD1800.0   0.747383   -0.438942   0.498736
DD1801.0   0.747775   -0.439063   0.498038
DD1802.0   0.748186   -0.439182   0.497309
DD1803.0   0.748613   -0.439306   0.496547
DD1804.0   0.749055   -0.439442   0.495751
DD1805.0   0.749506   -0.439595   0.494921
DD1806.0   0.749962   -0.439773   0.494056
DD1807.0   0.750420   -0.439981   0.493160
DD1808.0   0.750873   -0.440224   0.492235
DD1809.0   0.751318   -0.440509   0.491284
DD1810.0   0.751749   -0.440836   0.490311
DD1811.0   0.752162   -0.441211   0.489323
DD1812.0   0.752554   -0.441632   0.488324
DD1813.0   0.752919   -0.442101   0.487320
DD1814.0   0.753256   -0.442615   0.486317
DD1815.0   0.753562   -0.443174   0.485321
DD1816.0   0.753836   -0.443774   0.484337
DD1817.0   0.754078   -0.444411   0.483370
DD1818.0   0.754288   -0.445080   0.482422
DD1819.0   0.754467   -0.445778   0.481495
DD1820.0   0.754618   -0.446498   0.480592
DD1821.0   0.754743   -0.447237   0.479711
DD1822.0   0.754847   -0.447990   0.478851
DD1823.0   0.754932   -0.448752   0.478010
DD1824.0   0.755003   -0.449520   0.477184
DD1825.0   0.755065   -0.450291   0.476370
DD1826.0   0.755121   -0.451061   0.475561
DD1827.0   0.755177   -0.451828   0.474755
DD1828.0   0.755237   -0.452591   0.473944
DD1829.0   0.755303   -0.453347   0.473125
DD1830.0   0.755381   -0.454095   0.472293
DD1831.0   0.755472   -0.454834   0.471443
DD1832.0   0.755580   -0.455565   0.470573
DD1833.0   0.755706   -0.456285   0.469678
DD1834.0   0.755852   -0.456995   0.468758
DD1835.0   0.756018   -0.457696   0.467811
DD1836.0   0.756204   -0.458387   0.466837
DD1837.0   0.756410   -0.459071   0.465835
DD1838.0   0.756634   -0.459748   0.464806
DD1839.0   0.756875   -0.460420   0.463753
DD1840.0   0.757129   -0.461090   0.462676
DD1841.0   0.757394   -0.461760   0.461578
DD1842.0   0.757667   -0.462434   0.460462
DD1843.0   0.757942   -0.463115   0.459331
DD1844.0   0.758218   -0.463805   0.458187
DD1845.0   0.758490   -0.464509   0.457033
DD1846.0   0.758754   -0.465227   0.455873
DD1847.0   0.759008   -0.465964   0.454709
DD1848.0   0.759248   -0.466720   0.453544
DD1849.0   0.759472   -0.467496   0.452381
DD1850.0   0.759678   -0.468292   0.451222
DD1851.0   0.759866   -0.469107   0.450070
DD1852.0   0.760035   -0.469939   0.448927
DD1853.0   0.760184   -0.470785   0.447796
DD1854.0   0.760316   -0.471642   0.446677
DD1855.0   0.760430   -0.472506   0.445573
DD1856.0   0.760529   -0.473373   0.444484
DD1857.0   0.760615   -0.474240   0.443413
DD1858.0   0.760690   -0.475101   0.442360
DD1859.0   0.760756   -0.475953   0.441325
DD1860.0   0.760815   -0.476792   0.440308
DD1861.0   0.760870   -0.477616   0.439310
DD1862.0   0.760923   -0.478423   0.438328
DD1863.0   0.760975   -0.479211   0.437364
DD1864.0   0.761027   -0.479979   0.436415
DD1865.0   0.761082   -0.480727   0.435479
DD1866.0   0.761140   -0.481457   0.434556
DD1867.0   0.761201   -0.482168   0.433643
DD1868.0   0.761267   -0.482864   0.432738
DD1869.0   0.761338   -0.483545   0.431839
DD1870.0   0.761414   -0.484214   0.430943
DD1871.0   0.761496   -0.484873   0.430047
DD1872.0   0.761582   -0.485524   0.429151
DD1873.0   0.761674   -0.486170   0.428251
DD1874.0   0.761770   -0.486813   0.427346
DD1875.0   0.761871   -0.487456   0.426433
DD1876.0   0.761976   -0.488099   0.425511
DD1877.0   0.762084   -0.488746   0.424580
DD1878.0   0.762194   -0.489398   0.423637
DD1879.0   0.762306   -0.490057   0.422682
DD1880.0   0.762417   -0.490724   0.421716
DD1881.0   0.762526   -0.491400   0.420739
DD1882.0   0.762632   -0.492086   0.419752
DD1883.0   0.762733   -0.492785   0.418757
DD1884.0   0.762827   -0.493495   0.417755
DD1885.0   0.762912   -0.494217   0.416749
DD1886.0   0.762985   -0.494952   0.415743
DD1887.0   0.763046   -0.495698   0.414740
DD1888.0   0.763093   -0.496456   0.413744
DD1889.0   0.763123   -0.497225   0.412759
DD1890.0   0.763137   -0.498003   0.411788
DD1891.0   0.763132   -0.498788   0.410838
DD1892.0   0.763108   -0.499580   0.409910
DD1893.0   0.763064   -0.500377   0.409008
DD1894.0   0.763001   -0.501176   0.408136
DD1895.0   0.762920   -0.501976   0.407295
DD1896.0   0.762819   -0.502775   0.406488
DD1897.0   0.762701   -0.503571   0.405716
DD1898.0   0.762567   -0.504362   0.404979
DD1899.0   0.762418   -0.505147   0.404277
DD1900.0   0.762256   -0.505923   0.403610
DD1901.0   0.762082   -0.506689   0.402976
DD1902.0   0.761900   -0.507442   0.402375
DD1903.0   0.761710   -0.508182   0.401804
DD1904.0   0.761516   -0.508906   0.401262
DD1905.0   0.761320   -0.509612   0.400747
DD1906.0   0.761123   -0.510299   0.400256
DD1907.0   0.760929   -0.510965   0.399787
DD1908.0   0.760738   -0.511609   0.399338
DD1909.0   0.760554   -0.512230   0.398906
DD1910.0   0.760378   -0.512827   0.398490
DD1911.0   0.760211   -0.513399   0.398086
DD1912.0   0.760053   -0.513948   0.397693
DD1913.0   0.759907   -0.514473   0.397308
DD1914.0   0.759771   -0.514977   0.396928
DD1915.0   0.759647   -0.515460   0.396551
DD1916.0   0.759533   -0.515925   0.396176
DD1917.0   0.759430   -0.516374   0.395800
DD1918.0   0.759335   -0.516810   0.395421
DD1919.0   0.759249   -0.517236   0.395038
DD1920.0   0.759168   -0.517655   0.394650
DD1921.0   0.759093   -0.518070   0.394256
DD1922.0   0.759020   -0.518485   0.393857
DD1923.0   0.758949   -0.518901   0.393452
DD1924.0   0.758876   -0.519321   0.393043
DD1925.0   0.758799   -0.519748   0.392630
DD1926.0   0.758718   -0.520182   0.392214
DD1927.0   0.758630   -0.520626   0.391798
DD1928.0   0.758533   -0.521081   0.391382
DD1929.0   0.758427   -0.521546   0.390968
DD1930.0   0.758310   -0.522022   0.390557
DD1931.0   0.758181   -0.522510   0.390151
DD1932.0   0.758041   -0.523008   0.389750
DD1933.0   0.757888   -0.523517   0.389354
DD1934.0   0.757722   -0.524036   0.388965
DD1935.0   0.757545   -0.524565   0.388583
DD1936.0   0.757355   -0.525103   0.388207
DD1937.0   0.757154   -0.525651   0.387838
DD1938.0   0.756941   -0.526209   0.387475
DD1939.0   0.756716   -0.526776   0.387120
DD1940.0   0.756479   -0.527354   0.386771
DD1941.0   0.756231   -0.527941   0.386429
DD1942.0   0.755971   -0.528539   0.386095
DD1943.0   0.755700   -0.529148   0.385769
DD1944.0   0.755417   -0.529767   0.385451
DD1945.0   0.755124   -0.530395   0.385142
DD1946.0   0.754820   -0.531032   0.384842
DD1947.0   0.754506   -0.531676   0.384551
DD1948.0   0.754185   -0.532325   0.384271
DD1949.0   0.753858   -0.532976   0.384000
DD1950.0   0.753526   -0.533627   0.383738
DD1951.0   0.753192   -0.534275   0.383486
DD1952.0   0.752858   -0.534916   0.383242
DD1953.0   0.752527   -0.535548   0.383007
DD1954.0   0.752200   -0.536168   0.382778
DD1955.0   0.751880   -0.536773   0.382555
DD1956.0   0.751568   -0.537362   0.382338
DD1957.0   0.751264   -0.537933   0.382125
DD1958.0   0.750971   -0.538486   0.381916
DD1959.0   0.750687   -0.539021   0.381711
DD1960.0   0.750411   -0.539539   0.381509
DD1961.0   0.750144   -0.540042   0.381312
DD1962.0   0.749882   -0.540531   0.381120
DD1963.0   0.749624   -0.541008   0.380934
DD1964.0   0.749368   -0.541477   0.380757
DD1965.0   0.749111   -0.541941   0.380589
DD1966.0   0.748849   -0.542401   0.380434
DD1967.0   0.748581   -0.542861   0.380295
DD1968.0   0.748302   -0.543323   0.380173
DD1969.0   0.748011   -0.543790   0.380071
DD1970.0   0.747704   -0.544264   0.379993
DD1971.0   0.747378   -0.544748   0.379941
DD1972.0   0.747032   -0.545242   0.379916
DD1973.0   0.746663   -0.545750   0.379921
DD1974.0   0.746268   -0.546273   0.379958
DD1975.0   0.745846   -0.546813   0.380028
DD1976.0   0.745394   -0.547370   0.380131
DD1977.0   0.744913   -0.547946   0.380267
DD1978.0   0.744400   -0.548542   0.380438
DD1979.0   0.743856   -0.549157   0.380642
DD1980.0   0.743280   -0.549790   0.380880
DD1981.0   0.742673   -0.550441   0.381150
DD1982.0   0.742037   -0.551108   0.381452
DD1983.0   0.741374   -0.551787   0.381785
DD1984.0   0.740688   -0.552474   0.382147
DD1985.0   0.739982   -0.553165   0.382537
DD1986.0   0.739261   -0.553854   0.382953
DD1987.0   0.738532   -0.554536   0.383391
DD1988.0   0.737799   -0.555204   0.383850
DD1989.0   0.737070   -0.555852   0.384325
DD1990.0   0.736352   -0.556473   0.384813
DD1991.0   0.735652   -0.557062   0.385310
DD1992.0   0.734976   -0.557614   0.385810
DD1993.0   0.734331   -0.558124   0.386308
DD1994.0   0.733722   -0.558589   0.386799
DD1995.0   0.733154   -0.559008   0.387278
DD1996.0   0.732630   -0.559379   0.387740
DD1997.0   0.732153   -0.559703   0.388179
DD1998.0   0.731725   -0.559982   0.388592
DD1999.0   0.731345   -0.560219   0.388974
DD2000.0   0.731013   -0.560416   0.389324
DD2001.0   0.730726   -0.560580   0.389638
DD2002.0   0.730481   -0.560715   0.389915
DD2003.0   0.730276   -0.560825   0.390155
DD2004.0   0.730104   -0.560917   0.390357
DD2005.0   0.729963   -0.560996   0.390523
DD2006.0   0.729847   -0.561067   0.390653
DD2007.0   0.729751   -0.561135   0.390748
DD2008.0   0.729672   -0.561205   0.390810
DD2009.0   0.729605   -0.561281   0.390839
DD2010.0   0.729545   -0.561367   0.390838
DD2011.0   0.729490   -0.561468   0.390806
DD2012.0   0.729435   -0.561587   0.390744
DD2013.0   0.729378   -0.561729   0.390654
DD2014.0   0.729314   -0.561896   0.390535
DD2015.0   0.729242   -0.562092   0.390388
DD2016.0   0.729157   -0.562321   0.390214
DD2017.0   0.729057   -0.562586   0.390013
DD2018.0   0.728938   -0.562889   0.389789
DD2019.0   0.728799   -0.563234   0.389542
DD2020.0   0.728635   -0.563622   0.389276
DD2021.0   0.728445   -0.564054   0.388994
DD2022.0   0.728227   -0.564530   0.388699
DD2023.0   0.727978   -0.565051   0.388396
DD2024.0   0.727697   -0.565614   0.388090
DD2025.0   0.727384   -0.566217   0.387784
DD2026.0   0.727040   -0.566857   0.387483
DD2027.0   0.726664   -0.567530   0.387192
DD2028.0   0.726258   -0.568232   0.386914
DD2029.0   0.725824   -0.568958   0.386652
DD2030.0   0.725365   -0.569702   0.386407
DD2031.0   0.724884   -0.570461   0.386183
DD2032.0   0.724383   -0.571230   0.385979
DD2033.0   0.723866   -0.572004   0.385795
DD2034.0   0.723335   -0.572780   0.385631
DD2035.0   0.722794   -0.573555   0.385486
DD2036.0   0.722245   -0.574327   0.385357
DD2037.0   0.721689   -0.575095   0.385243
DD2038.0   0.721129   -0.575859   0.385141
DD2039.0   0.720566   -0.576618   0.385051
DD2040.0   0.719999   -0.577374   0.384969
DD2041.0   0.719428   -0.578128   0.384896
DD2042.0   0.718852   -0.578883   0.384829
DD2043.0   0.718268   -0.579641   0.384769
DD2044.0   0.717675   -0.580406   0.384715
DD2045.0   0.717068   -0.581181   0.384669
DD2046.0   0.716444   -0.581969   0.384633
DD2047.0   0.715798   -0.582775   0.384609
DD2048.0   0.715126   -0.583601   0.384599
DD2049.0   0.714423   -0.584451   0.384607
DD2050.0   0.713684   -0.585328   0.384637
DD2051.0   0.712904   -0.586234   0.384693
DD2052.0   0.712079   -0.587169   0.384780
DD2053.0   0.711206   -0.588135   0.384902
DD2054.0   0.710283   -0.589130   0.385064
DD2055.0   0.709308   -0.590152   0.385271
DD2056.0   0.708281   -0.591198   0.385528
DD2057.0   0.707203   -0.592263   0.385838
DD2058.0   0.706078   -0.593342   0.386206
DD2059.0   0.704910   -0.594428   0.386635
DD2060.0   0.703703   -0.595513   0.387127
DD2061.0   0.702464   -0.596589   0.387684
DD2062.0   0.701201   -0.597647   0.388306
DD2063.0   0.699923   -0.598679   0.388994
DD2064.0   0.698636   -0.599677   0.389744
DD2065.0   0.697351   -0.600633   0.390556
DD2066.0   0.696074   -0.601540   0.391424
DD2067.0   0.694813   -0.602395   0.392344
DD2068.0   0.693575   -0.603194   0.393311
DD2069.0   0.692364   -0.603934   0.394319
DD2070.0   0.691184   -0.604615   0.395361
DD2071.0   0.690037   -0.605238   0.396430
DD2072.0   0.688924   -0.605808   0.397522
DD2073.0   0.687843   -0.606326   0.398631
DD2074.0   0.686792   -0.606798   0.399751
DD2075.0   0.685770   -0.607229   0.400878
DD2076.0   0.684772   -0.607624   0.402009
DD2077.0   0.683795   -0.607988   0.403142
DD2078.0   0.682836   -0.608326   0.404275
DD2079.0   0.681891   -0.608643   0.405405
DD2080.0   0.680959   -0.608940   0.406533
DD2081.0   0.680036   -0.609221   0.407658
DD2082.0   0.679124   -0.609488   0.408778
DD2083.0   0.678220   -0.609741   0.409894
DD2084.0   0.677327   -0.609981   0.411004
DD2085.0   0.676444   -0.610208   0.412107
DD2086.0   0.675574   -0.610422   0.413202
DD2087.0   0.674716   -0.610625   0.414287
DD2088.0   0.673872   -0.610815   0.415361
DD2089.0   0.673043   -0.610995   0.416424
DD2090.0   0.672229   -0.611165   0.417473
DD2091.0   0.671429   -0.611326   0.418509
DD2092.0   0.670641   -0.611482   0.419531
DD2093.0   0.669864   -0.611633   0.420541
DD2094.0   0.669095   -0.611782   0.421539
DD2095.0   0.668331   -0.611931   0.422528
DD2096.0   0.667569   -0.612083   0.423510
DD2097.0   0.666806   -0.612237   0.424487
DD2098.0   0.666039   -0.612396   0.425463
DD2099.0   0.665267   -0.612560   0.426441
DD2100.0   0.664488   -0.612727   0.427424
DD2101.0   0.663702   -0.612896   0.428414
DD2102.0   0.662910   -0.613064   0.429414
DD2103.0   0.662113   -0.613229   0.430425
DD2104.0   0.661315   -0.613386   0.431449
DD2105.0   0.660520   -0.613530   0.432484
DD2106.0   0.659733   -0.613656   0.433532
DD2107.0   0.658960   -0.613760   0.434589
DD2108.0   0.658206   -0.613835   0.435656
DD2109.0   0.657477   -0.613877   0.436727
DD2110.0   0.656779   -0.613882   0.437802
DD2111.0   0.656118   -0.613846   0.438876
DD2112.0   0.655497   -0.613766   0.439947
DD2113.0   0.654921   -0.613642   0.441010
DD2114.0   0.654391   -0.613471   0.442063
DD2115.0   0.653909   -0.613255   0.443102
DD2116.0   0.653477   -0.612996   0.444124
DD2117.0   0.653092   -0.612695   0.445127
DD2118.0   0.652754   -0.612356   0.446108
DD2119.0   0.652461   -0.611982   0.447064
DD2120.0   0.652211   -0.611578   0.447994
DD2121.0   0.652001   -0.611148   0.448894
DD2122.0   0.651829   -0.610697   0.449763
DD2123.0   0.651692   -0.610228   0.450600
DD2124.0   0.651587   -0.609747   0.451401
DD2125.0   0.651513   -0.609258   0.452166
DD2126.0   0.651468   -0.608765   0.452891
DD2127.0   0.651449   -0.608272   0.453576
DD2128.0   0.651455   -0.607781   0.454220
DD2129.0   0.651484   -0.607297   0.454821
DD2130.0   0.651534   -0.606823   0.455378
DD2131.0   0.651604   -0.606360   0.455892
DD2132.0   0.651692   -0.605912   0.456364
DD2133.0   0.651796   -0.605479   0.456792
DD2134.0   0.651913   -0.605065   0.457179
DD2135.0   0.652042   -0.604669   0.457526
DD2136.0   0.652180   -0.604293   0.457835
DD2137.0   0.652327   -0.603937   0.458107
DD2138.0   0.652479   -0.603602   0.458344
DD2139.0   0.652635   -0.603288   0.458548
DD2140.0   0.652794   -0.602994   0.458721
DD2141.0   0.652953   -0.602721   0.458866
DD2142.0   0.653111   -0.602468   0.458982
DD2143.0   0.653267   -0.602235   0.459074
DD2144.0   0.653419   -0.602023   0.459142
DD2145.0   0.653564   -0.601832   0.459189
DD2146.0   0.653703   -0.601660   0.459216
DD2147.0   0.653832   -0.601509   0.459225
DD2148.0   0.653950   -0.601379   0.459220
DD2149.0   0.654055   -0.601270   0.459201
DD2150.0   0.654146   -0.601182   0.459172
DD2151.0   0.654221   -0.601115   0.459135
DD2152.0   0.654279   -0.601069   0.459091
DD2153.0   0.654319   -0.601043   0.459043
DD2154.0   0.654341   -0.601039   0.458993
DD2155.0   0.654343   -0.601054   0.458941
DD2156.0   0.654326   -0.601089   0.458890
DD2157.0   0.654290   -0.601144   0.458840
DD2158.0   0.654234   -0.601217   0.458792
DD2159.0   0.654160   -0.601310   0.458747
DD2160.0   0.654067   -0.601421   0.458704
DD2161.0   0.653955   -0.601550   0.458665
DD2162.0   0.653826   -0.601697   0.458630
DD2163.0   0.653678   -0.601862   0.458599
DD2164.0   0.653511   -0.602045   0.458574
DD2165.0   0.653326   -0.602246   0.458555
DD2166.0   0.653122   -0.602464   0.458544
DD2167.0   0.652899   -0.602698   0.458541
DD2168.0   0.652657   -0.602947   0.458549
DD2169.0   0.652397   -0.603210   0.458569
DD2170.0   0.652118   -0.603485   0.458602
DD2171.0   0.651823   -0.603769   0.458649
DD2172.0   0.651512   -0.604061   0.458710
DD2173.0   0.651190   -0.604356   0.458785
DD2174.0   0.650857   -0.604652   0.458875
DD2175.0   0.650519   -0.604945   0.458977
DD2176.0   0.650178   -0.605233   0.459091
DD2177.0   0.649840   -0.605512   0.459213
DD2178.0   0.649508   -0.605780   0.459341
DD2179.0   0.649187   -0.606035   0.459471
DD2180.0   0.648880   -0.606275   0.459600
DD2181.0   0.648590   -0.606499   0.459725
DD2182.0   0.648320   -0.606709   0.459841
DD2183.0   0.648071   -0.606905   0.459945
DD2184.0   0.647843   -0.607089   0.460034
DD2185.0   0.647636   -0.607265   0.460106
DD2186.0   0.647446   -0.607437   0.460158
DD2187.0   0.647271   -0.607610   0.460189
DD2188.0   0.647105   -0.607790   0.460198
DD2189.0   0.646942   -0.607982   0.460186
DD2190.0   0.646775   -0.608194   0.460153
DD2191.0   0.646598   -0.608432   0.460101
DD2192.0   0.646402   -0.608702   0.460032
DD2193.0   0.646179   -0.609009   0.459950
DD2194.0   0.645922   -0.609358   0.459860
DD2195.0   0.645624   -0.609752   0.459764
DD2196.0   0.645279   -0.610194   0.459669
DD2197.0   0.644883   -0.610684   0.459580
DD2198.0   0.644431   -0.611223   0.459501
DD2199.0   0.643921   -0.611807   0.459438
DD2200.0   0.643353   -0.612435   0.459396
DD2201.0   0.642727   -0.613101   0.459379
DD2202.0   0.642045   -0.613803   0.459390
DD2203.0   0.641309   -0.614534   0.459433
DD2204.0   0.640523   -0.615289   0.459510
DD2205.0   0.639691   -0.616062   0.459621
DD2206.0   0.638818   -0.616848   0.459769
DD2207.0   0.637908   -0.617643   0.459952
DD2208.0   0.636966   -0.618440   0.460170
DD2209.0   0.635998   -0.619237   0.460421
DD2210.0   0.635009   -0.620029   0.460704
DD2211.0   0.634003   -0.620812   0.461016
DD2212.0   0.632984   -0.621584   0.461357
DD2213.0   0.631958   -0.622341   0.461723
DD2214.0   0.630929   -0.623082   0.462113
DD2215.0   0.629900   -0.623803   0.462524
DD2216.0   0.628875   -0.624504   0.462955
DD2217.0   0.627858   -0.625182   0.463404
DD2218.0   0.626851   -0.625837   0.463869
DD2219.0   0.625857   -0.626468   0.464347
DD2220.0   0.624879   -0.627074   0.464838
DD2221.0   0.623919   -0.627655   0.465338
DD2222.0   0.622979   -0.628213   0.465843
DD2223.0   0.622060   -0.628748   0.466352
DD2224.0   0.621163   -0.629262   0.466859
DD2225.0   0.620289   -0.629758   0.467362
DD2226.0   0.619439   -0.630238   0.467854
DD2227.0   0.618611   -0.630707   0.468333
DD2228.0   0.617806   -0.631167   0.468792
DD2229.0   0.617023   -0.631623   0.469228
DD2230.0   0.616260   -0.632079   0.469637
DD2231.0   0.615515   -0.632538   0.470017
DD2232.0   0.614785   -0.633003   0.470366
DD2233.0   0.614067   -0.633478   0.470683
DD2234.0   0.613359   -0.633965   0.470970
DD2235.0   0.612657   -0.634465   0.471230
DD2236.0   0.611957   -0.634979   0.471466
DD2237.0   0.611255   -0.635505   0.471685
DD2238.0   0.610549   -0.636043   0.471891
DD2239.0   0.609835   -0.636589   0.472093
DD2240.0   0.609112   -0.637142   0.472298
DD2241.0   0.608378   -0.637695   0.472513
DD2242.0   0.607632   -0.638245   0.472745
DD2243.0   0.606875   -0.638787   0.473000
DD2244.0   0.606106   -0.639316   0.473283
DD2245.0   0.605329   -0.639827   0.473599
DD2246.0   0.604545   -0.640316   0.473949
DD2247.0   0.603757   -0.640779   0.474336
DD2248.0   0.602968   -0.641213   0.474758
DD2249.0   0.602181   -0.641617   0.475215
DD2250.0   0.601399   -0.641988   0.475705
DD2251.0   0.600625   -0.642328   0.476223
DD2252.0   0.599860   -0.642636   0.476768
DD2253.0   0.599105   -0.642915   0.477334
DD2254.0   0.598361   -0.643168   0.477919
DD2255.0   0.597627   -0.643397   0.478520
DD2256.0   0.596901   -0.643607   0.479133
DD2257.0   0.596180   -0.643802   0.479757
DD2258.0   0.595461   -0.643985   0.480391
DD2259.0   0.594739   -0.644162   0.481035
DD2260.0   0.594010   -0.644335   0.481690
DD2261.0   0.593269   -0.644509   0.482356
DD2262.0   0.592511   -0.644686   0.483037
DD2263.0   0.591733   -0.644867   0.483734
DD2264.0   0.590931   -0.645053   0.484450
DD2265.0   0.590102   -0.645245   0.485189
DD2266.0   0.589246   -0.645442   0.485952
DD2267.0   0.588363   -0.645641   0.486742
DD2268.0   0.587454   -0.645840   0.487559
DD2269.0   0.586523   -0.646036   0.488405
DD2270.0   0.585572   -0.646226   0.489279
DD2271.0   0.584608   -0.646406   0.490180
DD2272.0   0.583636   -0.646572   0.491107
DD2273.0   0.582661   -0.646722   0.492055
DD2274.0   0.581689   -0.646853   0.493023
DD2275.0   0.580727   -0.646963   0.494008
DD2276.0   0.579778   -0.647049   0.495004
DD2277.0   0.578848   -0.647110   0.496010
DD2278.0   0.577940   -0.647147   0.497022
DD2279.0   0.577055   -0.647159   0.498037
DD2280.0   0.576196   -0.647146   0.499053
DD2281.0   0.575362   -0.647109   0.500070
DD2282.0   0.574552   -0.647049   0.501085
DD2283.0   0.573767   -0.646966   0.502100
DD2284.0   0.573003   -0.646862   0.503114
DD2285.0   0.572260   -0.646737   0.504129
DD2286.0   0.571535   -0.646591   0.505145
DD2287.0   0.570827   -0.646425   0.506163
DD2288.0   0.570134   -0.646239   0.507184
DD2289.0   0.569457   -0.646033   0.508210
DD2290.0   0.568794   -0.645806   0.509239
DD2291.0   0.568147   -0.645559   0.510273
DD2292.0   0.567517   -0.645291   0.511309
DD2293.0   0.566905   -0.645002   0.512346
DD2294.0   0.566314   -0.644693   0.513382
DD2295.0   0.565746   -0.644364   0.514415
DD2296.0   0.565203   -0.644015   0.515440
DD2297.0   0.564689   -0.643647   0.516456
DD2298.0   0.564206   -0.643262   0.517458
DD2299.0   0.563755   -0.642860   0.518443
DD2300.0   0.563338   -0.642443   0.519409
DD2301.0   0.562956   -0.642013   0.520354
DD2302.0   0.562608   -0.641571   0.521275
DD2303.0   0.562293   -0.641120   0.522172
DD2304.0   0.562010   -0.640661   0.523045
DD2305.0   0.561755   -0.640196   0.523894
DD2306.0   0.561525   -0.639727   0.524722
DD2307.0   0.561317   -0.639255   0.525530
DD2308.0   0.561126   -0.638782   0.526320
DD2309.0   0.560949   -0.638308   0.527097
DD2310.0   0.560781   -0.637834   0.527862
DD2311.0   0.560620   -0.637361   0.528618
DD2312.0   0.560463   -0.636887   0.529368
DD2313.0   0.560308   -0.636413   0.530114
DD2314.0   0.560155   -0.635938   0.530856
DD2315.0   0.560003   -0.635462   0.531596
DD2316.0   0.559854   -0.634982   0.532334
DD2317.0   0.559709   -0.634499   0.533067
DD2318.0   0.559572   -0.634011   0.533794
DD2319.0   0.559445   -0.633519   0.534513
DD2320.0   0.559330   -0.633021   0.535220
DD2321.0   0.559232   -0.632520   0.535912
DD2322.0   0.559152   -0.632015   0.536585
DD2323.0   0.559093   -0.631507   0.537235
DD2324.0   0.559057   -0.631000   0.537860
DD2325.0   0.559045   -0.630494   0.538455
DD2326.0   0.559058   -0.629993   0.539018
DD2327.0   0.559095   -0.629499   0.539548
DD2328.0   0.559156   -0.629013   0.540042
DD2329.0   0.559239   -0.628540   0.540499
DD2330.0   0.559343   -0.628081   0.540920
DD2331.0   0.559465   -0.627638   0.541306
DD2332.0   0.559603   -0.627212   0.541656
DD2333.0   0.559754   -0.626805   0.541974
DD2334.0   0.559916   -0.626417   0.542261
DD2335.0   0.560086   -0.626049   0.542519
DD2336.0   0.560260   -0.625700   0.542752
DD2337.0   0.560438   -0.625369   0.542961
DD2338.0   0.560617   -0.625057   0.543151
DD2339.0   0.560794   -0.624762   0.543323
DD2340.0   0.560968   -0.624482   0.543480
DD2341.0   0.561138   -0.624215   0.543625
DD2342.0   0.561303   -0.623962   0.543758
DD2343.0   0.561463   -0.623720   0.543884
DD2344.0   0.561615   -0.623487   0.544002
DD2345.0   0.561761   -0.623262   0.544114
DD2346.0   0.561900   -0.623044   0.544223
DD2347.0   0.562031   -0.622831   0.544329
DD2348.0   0.562155   -0.622622   0.544434
DD2349.0   0.562273   -0.622416   0.544538
DD2350.0   0.562383   -0.622212   0.544644
DD2351.0   0.562487   -0.622009   0.544753
DD2352.0   0.562584   -0.621806   0.544866
DD2353.0   0.562674   -0.621602   0.544985
DD2354.0   0.562759   -0.621396   0.545110
DD2355.0   0.562837   -0.621188   0.545243
DD2356.0   0.562911   -0.620977   0.545384
DD2357.0   0.562979   -0.620762   0.545535
DD2358.0   0.563044   -0.620544   0.545696
DD2359.0   0.563105   -0.620322   0.545866
DD2360.0   0.563164   -0.620096   0.546046
DD2361.0   0.563221   -0.619867   0.546234
DD2362.0   0.563277   -0.619634   0.546429
DD2363.0   0.563333   -0.619398   0.546631
DD2364.0   0.563389   -0.619161   0.546838
DD2365.0   0.563447   -0.618923   0.547047
DD2366.0   0.563506   -0.618686   0.547258
DD2367.0   0.563567   -0.618449   0.547468
DD2368.0   0.563630   -0.618216   0.547674
DD2369.0   0.563694   -0.617986   0.547877
DD2370.0   0.563761   -0.617762   0.548072
DD2371.0   0.563830   -0.617545   0.548260
DD2372.0   0.563901   -0.617334   0.548437
DD2373.0   0.563973   -0.617131   0.548604
DD2374.0   0.564048   -0.616937   0.548760
DD2375.0   0.564125   -0.616752   0.548903
DD2376.0   0.564204   -0.616575   0.549033
DD2377.0   0.564286   -0.616406   0.549150
DD2378.0   0.564371   -0.616245   0.549255
DD2379.0   0.564459   -0.616091   0.549348
DD2380.0   0.564550   -0.615944   0.549430
DD2381.0   0.564644   -0.615802   0.549502
DD2382.0   0.564741   -0.615664   0.549564
DD2383.0   0.564840   -0.615531   0.549619
DD2384.0   0.564940   -0.615402   0.549667
DD2385.0   0.565041   -0.615276   0.549709
DD2386.0   0.565141   -0.615153   0.549748
DD2387.0   0.565239   -0.615033   0.549784
DD2388.0   0.565335   -0.614916   0.549819
DD2389.0   0.565427   -0.614802   0.549854
DD2390.0   0.565516   -0.614689   0.549889
DD2391.0   0.565600   -0.614578   0.549925
DD2392.0   0.565680   -0.614469   0.549963
DD2393.0   0.565757   -0.614360   0.550004
DD2394.0   0.565831   -0.614250   0.550048
DD2395.0   0.565903   -0.614139   0.550094
DD2396.0   0.565975   -0.614026   0.550143
DD2397.0   0.566048   -0.613909   0.550194
DD2398.0   0.566124   -0.613788   0.550248
DD2399.0   0.566204   -0.613663   0.550302
DD2400.0   0.566290   -0.613532   0.550358
DD2401.0   0.566382   -0.613397   0.550413
DD2402.0   0.566482   -0.613256   0.550466
DD2403.0   0.566590   -0.613111   0.550518
DD2404.0   0.566707   -0.612961   0.550566
DD2405.0   0.566832   -0.612809   0.550609
DD2406.0   0.566965   -0.612654   0.550647
DD2407.0   0.567105   -0.612499   0.550678
DD2408.0   0.567252   -0.612345   0.550701
DD2409.0   0.567404   -0.612192   0.550716
DD2410.0   0.567559   -0.612044   0.550723
DD2411.0   0.567717   -0.611902   0.550720
DD2412.0   0.567875   -0.611767   0.550708
DD2413.0   0.568031   -0.611641   0.550686
DD2414.0   0.568184   -0.611527   0.550655
DD2415.0   0.568332   -0.611425   0.550616
DD2416.0   0.568472   -0.611338   0.550568
DD2417.0   0.568602   -0.611267   0.550513
DD2418.0   0.568720   -0.611213   0.550451
DD2419.0   0.568825   -0.611177   0.550383
DD2420.0   0.568915   -0.611161   0.550311
DD2421.0   0.568988   -0.611165   0.550236
DD2422.0   0.569043   -0.611188   0.550159
DD2423.0   0.569079   -0.611231   0.550080
DD2424.0   0.569094   -0.611294   0.550002
DD2425.0   0.569088   -0.611375   0.549925
DD2426.0   0.569061   -0.611475   0.549851
DD2427.0   0.569012   -0.611591   0.549781
DD2428.0   0.568942   -0.611722   0.549715
DD2429.0   0.568850   -0.611868   0.549655
DD2430.0   0.568738   -0.612026   0.549600
DD2431.0   0.568607   -0.612196   0.549552
DD2432.0   0.568457   -0.612376   0.549511
DD2433.0   0.568290   -0.612563   0.549476
DD2434.0   0.568109   -0.612758   0.549447
DD2435.0   0.567914   -0.612958   0.549424
DD2436.0   0.567708   -0.613162   0.549406
DD2437.0   0.567494   -0.613369   0.549392
DD2438.0   0.567274   -0.613577   0.549383
DD2439.0   0.567050   -0.613786   0.549376
DD2440.0   0.566824   -0.613993   0.549372
DD2441.0   0.566600   -0.614199   0.549369
DD2442.0   0.566379   -0.614400   0.549366
DD2443.0   0.566163   -0.614597   0.549364
DD2444.0   0.565955   -0.614787   0.549362
DD2445.0   0.565756   -0.614970   0.549360
DD2446.0   0.565569   -0.615143   0.549356
DD2447.0   0.565395   -0.615307   0.549351
DD2448.0   0.565235   -0.615459   0.549345
DD2449.0   0.565092   -0.615598   0.549337
DD2450.0   0.564966   -0.615723   0.549328
DD2451.0   0.564859   -0.615833   0.549316
DD2452.0   0.564771   -0.615928   0.549301
DD2453.0   0.564704   -0.616006   0.549284
DD2454.0   0.564658   -0.616069   0.549263
DD2455.0   0.564632   -0.616115   0.549239
DD2456.0   0.564628   -0.616146   0.549209
DD2457.0   0.564644   -0.616163   0.549173
DD2458.0   0.564680   -0.616167   0.549131
DD2459.0   0.564735   -0.616159   0.549081
DD2460.0   0.564807   -0.616143   0.549022
DD2461.0   0.564896   -0.616119   0.548954
DD2462.0   0.565000   -0.616092   0.548874
DD2463.0   0.565116   -0.616063   0.548782
DD2464.0   0.565244   -0.616034   0.548677
DD2465.0   0.565382   -0.616009   0.548558
DD2466.0   0.565528   -0.615989   0.548424
DD2467.0   0.565680   -0.615976   0.548275
DD2468.0   0.565837   -0.615972   0.548110
DD2469.0   0.565998   -0.615977   0.547929
DD2470.0   0.566162   -0.615993   0.547732
DD2471.0   0.566328   -0.616020   0.547520
DD2472.0   0.566495   -0.616058   0.547292
DD2473.0   0.566664   -0.616108   0.547049
DD2474.0   0.566833   -0.616168   0.546792
DD2475.0   0.567003   -0.616238   0.546522
DD2476.0   0.567173   -0.616319   0.546239
DD2477.0   0.567345   -0.616408   0.545944
DD2478.0   0.567517   -0.616505   0.545639
DD2479.0   0.567690   -0.616610   0.545325
DD2480.0   0.567865   -0.616720   0.545003
DD2481.0   0.568042   -0.616835   0.544674
DD2482.0   0.568222   -0.616953   0.544340
DD2483.0   0.568404   -0.617073   0.544003
DD2484.0   0.568591   -0.617193   0.543664
DD2485.0   0.568781   -0.617312   0.543325
DD2486.0   0.568976   -0.617427   0.542988
DD2487.0   0.569176   -0.617538   0.542654
DD2488.0   0.569380   -0.617644   0.542324
DD2489.0   0.569589   -0.617742   0.542000
DD2490.0   0.569803   -0.617833   0.541684
DD2491.0   0.570020   -0.617915   0.541374
DD2492.0   0.570241   -0.617988   0.541073
DD2493.0   0.570465   -0.618053   0.540781
DD2494.0   0.570691   -0.618108   0.540496
DD2495.0   0.570918   -0.618156   0.540220
DD2496.0   0.571145   -0.618195   0.539951
DD2497.0   0.571373   -0.618227   0.539689
DD2498.0   0.571600   -0.618253   0.539434
DD2499.0   0.571824   -0.618274   0.539184
DD2500.0   0.572047   -0.618291   0.538938
DD2501.0   0.572266   -0.618305   0.538697
DD2502.0   0.572481   -0.618317   0.538460
DD2503.0   0.572690   -0.618328   0.538227
DD2504.0   0.572894   -0.618340   0.537997
DD2505.0   0.573091   -0.618353   0.537771
DD2506.0   0.573279   -0.618368   0.537549
DD2507.0   0.573457   -0.618387   0.537333
DD2508.0   0.573625   -0.618408   0.537123
DD2509.0   0.573782   -0.618434   0.536921
DD2510.0   0.573926   -0.618462   0.536728
DD2511.0   0.574057   -0.618494   0.536546
DD2512.0   0.574173   -0.618528   0.536376
DD2513.0   0.574276   -0.618563   0.536220
DD2514.0   0.574365   -0.618598   0.536079
DD2515.0   0.574440   -0.618632   0.535955
DD2516.0   0.574502   -0.618663   0.535850
DD2517.0   0.574550   -0.618690   0.535764
DD2518.0   0.574586   -0.618711   0.535699
DD2519.0   0.574610   -0.618726   0.535655
DD2520.0   0.574622   -0.618734   0.535633
