# snapshot   x_cen   y_cen   z_cen
DD0250   14753.624   13995.097   14272.616
DD0251   14757.022   13998.174   14275.885
DD0252   14763.763   14004.280   14282.371
DD0253   14773.746   14013.321   14291.975
DD0254   14786.821   14025.163   14304.554
DD0255   14802.800   14039.634   14319.926
DD0256   14821.464   14056.535   14337.881
DD0257   14842.571   14075.647   14358.185
DD0258   14865.866   14096.739   14380.594
DD0259   14891.090   14119.574   14404.859
DD0260   14917.987   14143.923   14430.732
DD0261   14946.313   14169.561   14457.979
DD0262   14975.839   14196.281   14486.378
DD0263   15006.355   14223.893   14515.730
DD0264   15037.675   14252.228   14545.855
DD0265   15069.637   14281.139   14576.595
DD0266   15102.100   14310.499   14607.818
DD0267   15134.949   14340.201   14639.411
DD0268   15168.086   14370.158   14671.281
DD0269   15201.434   14400.301   14703.354
DD0270   15234.932   14430.573   14735.571
DD0271   15268.532   14460.930   14767.886
DD0272   15302.196   14491.340   14800.264
DD0273   15335.897   14521.777   14832.679
DD0274   15369.616   14552.224   14865.112
DD0275   15403.336   14582.667   14897.549
DD0276   15437.048   14613.097   14929.980
DD0277   15470.745   14643.507   14962.398
DD0278   15504.421   14673.893   14994.798
DD0279   15538.072   14704.251   15027.179
DD0280   15571.697   14734.581   15059.537
DD0281   15605.294   14764.880   15091.872
DD0282   15638.862   14795.149   15124.182
DD0283   15672.401   14825.386   15156.467
DD0284   15705.909   14855.592   15188.727
DD0285   15739.388   14885.767   15220.962
DD0286   15772.837   14915.910   15253.171
DD0287   15806.256   14946.022   15285.355
DD0288   15839.646   14976.104   15317.513
DD0289   15873.007   15006.155   15349.646
DD0290   15906.339   15036.176   15381.752
DD0291   15939.642   15066.166   15413.833
DD0292   15972.917   15096.126   15445.887
DD0293   16006.164   15126.057   15477.914
DD0294   16039.383   15155.957   15509.914
DD0295   16072.575   15185.827   15541.886
DD0296   16105.739   15215.667   15573.831
DD0297   16138.876   15245.478   15605.747
DD0298   16171.986   15275.258   15637.635
DD0299   16205.069   15305.008   15669.493
DD0300   16238.126   15334.729   15701.323
DD0301   16271.156   15364.419   15733.122
DD0302   16304.159   15394.080   15764.893
DD0303   16337.137   15423.711   15796.633
DD0304   16370.088   15453.312   15828.344
DD0305   16403.013   15482.883   15860.025
DD0306   16435.911   15512.424   15891.676
DD0307   16468.784   15541.936   15923.297
DD0308   16501.631   15571.418   15954.888
DD0309   16534.453   15600.870   15986.450
DD0310   16567.248   15630.293   16017.983
DD0311   16600.018   15659.686   16049.487
DD0312   16632.763   15689.049   16080.961
DD0313   16665.482   15718.383   16112.407
DD0314   16698.175   15747.687   16143.825
DD0315   16730.844   15776.962   16175.214
DD0316   16763.488   15806.208   16206.576
DD0317   16796.106   15835.424   16237.910
DD0318   16828.700   15864.611   16269.216
DD0319   16861.270   15893.769   16300.495
DD0320   16893.815   15922.898   16331.748
DD0321   16926.336   15951.998   16362.973
DD0322   16958.833   15981.069   16394.172
DD0323   16991.305   16010.113   16425.346
DD0324   17023.754   16039.128   16456.493
DD0325   17056.179   16068.116   16487.615
DD0326   17088.580   16097.076   16518.712
DD0327   17120.958   16126.009   16549.784
DD0328   17153.312   16154.915   16580.831
DD0329   17185.642   16183.795   16611.855
DD0330   17217.948   16212.648   16642.854
DD0331   17250.230   16241.476   16673.831
DD0332   17282.489   16270.278   16704.784
DD0333   17314.723   16299.055   16735.714
DD0334   17346.934   16327.807   16766.622
DD0335   17379.120   16356.534   16797.507
DD0336   17411.282   16385.235   16828.370
DD0337   17443.419   16413.912   16859.212
DD0338   17475.532   16442.564   16890.032
DD0339   17507.621   16471.192   16920.830
DD0340   17539.685   16499.794   16951.607
DD0341   17571.724   16528.371   16982.362
DD0342   17603.738   16556.922   17013.095
DD0343   17635.729   16585.449   17043.807
DD0344   17667.694   16613.949   17074.497
DD0345   17699.636   16642.424   17105.164
DD0346   17731.554   16670.874   17135.810
DD0347   17763.448   16699.297   17166.433
DD0348   17795.318   16727.695   17197.034
DD0349   17827.166   16756.068   17227.612
DD0350   17858.991   16784.415   17258.166
DD0351   17890.793   16812.738   17288.698
DD0352   17922.574   16841.035   17319.207
DD0353   17954.333   16869.308   17349.693
DD0354   17986.070   16897.556   17380.156
DD0355   18017.787   16925.781   17410.596
DD0356   18049.483   16953.982   17441.013
DD0357   18081.158   16982.160   17471.407
DD0358   18112.813   17010.314   17501.779
DD0359   18144.447   17038.446   17532.129
DD0360   18176.062   17066.554   17562.457
DD0361   18207.655   17094.640   17592.764
DD0362   18239.229   17122.702   17623.049
DD0363   18270.782   17150.742   17653.313
DD0364   18302.314   17178.759   17683.556
DD0365   18333.826   17206.753   17713.778
DD0366   18365.316   17234.724   17743.980
DD0367   18396.787   17262.672   17774.161
DD0368   18428.236   17290.597   17804.321
DD0369   18459.664   17318.498   17834.461
DD0370   18491.072   17346.377   17864.581
DD0371   18522.459   17374.233   17894.680
DD0372   18553.825   17402.066   17924.758
DD0373   18585.170   17429.877   17954.816
DD0374   18616.496   17457.664   17984.853
DD0375   18647.801   17485.430   18014.868
DD0376   18679.085   17513.173   18044.863
DD0377   18710.351   17540.894   18074.837
DD0378   18741.596   17568.594   18104.790
DD0379   18772.822   17596.272   18134.722
DD0380   18804.029   17623.929   18164.633
DD0381   18835.217   17651.565   18194.523
DD0382   18866.386   17679.181   18224.392
DD0383   18897.536   17706.777   18254.241
DD0384   18928.668   17734.352   18284.069
DD0385   18959.780   17761.907   18313.878
DD0386   18990.874   17789.443   18343.667
DD0387   19021.949   17816.959   18373.436
DD0388   19053.004   17844.455   18403.187
DD0389   19084.040   17871.931   18432.918
DD0390   19115.057   17899.387   18462.632
DD0391   19146.054   17926.823   18492.327
DD0392   19177.031   17954.238   18522.004
DD0393   19207.988   17981.633   18551.664
DD0394   19238.925   18009.007   18581.305
DD0395   19269.841   18036.359   18610.930
DD0396   19300.736   18063.691   18640.537
DD0397   19331.611   18091.001   18670.127
DD0398   19362.464   18118.290   18699.700
DD0399   19393.297   18145.557   18729.255
DD0400   19424.109   18172.802   18758.794
DD0401   19454.899   18200.026   18788.316
DD0402   19485.669   18227.228   18817.822
DD0403   19516.417   18254.408   18847.311
DD0404   19547.144   18281.566   18876.784
DD0405   19577.850   18308.702   18906.241
DD0406   19608.535   18335.816   18935.683
DD0407   19639.199   18362.908   18965.109
DD0408   19669.842   18389.978   18994.520
DD0409   19700.464   18417.025   19023.916
DD0410   19731.066   18444.049   19053.298
DD0411   19761.647   18471.051   19082.666
DD0412   19792.208   18498.031   19112.019
DD0413   19822.749   18524.987   19141.359
DD0414   19853.270   18551.920   19170.686
DD0415   19883.771   18578.830   19200.000
DD0416   19914.252   18605.717   19229.300
DD0417   19944.714   18632.580   19258.588
DD0418   19975.156   18659.420   19287.864
DD0419   20005.580   18686.236   19317.127
DD0420   20035.984   18713.027   19346.380
DD0421   20066.369   18739.793   19375.620
DD0422   20096.735   18766.535   19404.850
DD0423   20127.083   18793.250   19434.070
DD0424   20157.411   18819.938   19463.280
DD0425   20187.720   18846.598   19492.482
DD0426   20218.009   18873.228   19521.677
DD0427   20248.278   18899.827   19550.866
DD0428   20278.527   18926.393   19580.050
DD0429   20308.754   18952.925   19609.232
DD0430   20338.960   18979.419   19638.412
DD0431   20369.143   19005.876   19667.592
DD0432   20399.304   19032.291   19696.774
DD0433   20429.441   19058.665   19725.960
DD0434   20459.554   19084.996   19755.148
DD0435   20489.644   19111.284   19784.341
DD0436   20519.710   19137.530   19813.538
DD0437   20549.753   19163.735   19842.737
DD0438   20579.774   19189.903   19871.935
DD0439   20609.774   19216.035   19901.132
DD0440   20639.756   19242.138   19930.321
DD0441   20669.721   19268.217   19959.500
DD0442   20699.672   19294.277   19988.662
DD0443   20729.611   19320.326   20017.804
DD0444   20759.540   19346.370   20046.919
DD0445   20789.463   19372.414   20076.002
DD0446   20819.380   19398.465   20105.050
DD0447   20849.295   19424.526   20134.059
DD0448   20879.207   19450.601   20163.027
DD0449   20909.117   19476.692   20191.952
DD0450   20939.026   19502.797   20220.834
DD0451   20968.933   19528.917   20249.675
DD0452   20998.835   19555.047   20278.478
DD0453   21028.733   19581.184   20307.244
DD0454   21058.624   19607.324   20335.978
DD0455   21088.507   19633.461   20364.683
DD0456   21118.379   19659.591   20393.364
DD0457   21148.240   19685.709   20422.024
DD0458   21178.086   19711.810   20450.665
DD0459   21207.919   19737.892   20479.290
DD0460   21237.736   19763.951   20507.901
DD0461   21267.537   19789.985   20536.499
DD0462   21297.322   19815.994   20565.084
DD0463   21327.092   19841.977   20593.657
DD0464   21356.845   19867.933   20622.216
DD0465   21386.583   19893.864   20650.763
DD0466   21416.305   19919.769   20679.296
DD0467   21446.011   19945.652   20707.816
DD0468   21475.703   19971.512   20736.322
DD0469   21505.379   19997.352   20764.816
DD0470   21535.041   20023.173   20793.296
DD0471   21564.689   20048.978   20821.764
DD0472   21594.322   20074.768   20850.220
DD0473   21623.942   20100.546   20878.664
DD0474   21653.547   20126.314   20907.098
DD0475   21683.139   20152.072   20935.520
DD0476   21712.715   20177.820   20963.932
DD0477   21742.275   20203.559   20992.334
DD0478   21771.818   20229.285   21020.728
DD0479   21801.341   20254.997   21049.113
DD0480   21830.843   20280.689   21077.492
DD0481   21860.319   20306.358   21105.866
DD0482   21889.769   20331.997   21134.236
DD0483   21919.189   20357.603   21162.602
DD0484   21948.576   20383.169   21190.966
DD0485   21977.932   20408.693   21219.329
DD0486   22007.255   20434.174   21247.690
DD0487   22036.546   20459.610   21276.048
DD0488   22065.810   20485.006   21304.401
DD0489   22095.050   20510.366   21332.746
DD0490   22124.273   20535.698   21361.080
DD0491   22153.486   20561.011   21389.398
DD0492   22182.697   20586.317   21417.695
DD0493   22211.916   20611.626   21445.966
DD0494   22241.151   20636.951   21474.206
DD0495   22270.410   20662.303   21502.410
DD0496   22299.701   20687.692   21530.574
DD0497   22329.030   20713.126   21558.693
DD0498   22358.400   20738.609   21586.766
DD0499   22387.814   20764.146   21614.792
DD0500   22417.270   20789.736   21642.770
DD0501   22446.767   20815.374   21670.702
DD0502   22476.299   20841.056   21698.590
DD0503   22505.859   20866.771   21726.438
DD0504   22535.438   20892.510   21754.250
DD0505   22565.025   20918.260   21782.032
DD0506   22594.609   20944.007   21809.788
DD0507   22624.176   20969.738   21837.525
DD0508   22653.714   20995.437   21865.250
DD0509   22683.210   21021.091   21892.968
DD0510   22712.651   21046.689   21920.684
DD0511   22742.027   21072.218   21948.404
DD0512   22771.328   21097.672   21976.132
DD0513   22800.549   21123.045   22003.869
DD0514   22829.686   21148.334   22031.619
DD0515   22858.740   21173.542   22059.381
DD0516   22887.713   21198.672   22087.154
DD0517   22916.611   21223.733   22114.937
DD0518   22945.444   21248.736   22142.724
DD0519   22974.226   21273.695   22170.512
DD0520   23002.969   21298.624   22198.296
DD0521   23031.690   21323.539   22226.070
DD0522   23060.403   21348.457   22253.830
DD0523   23089.125   21373.391   22281.569
DD0524   23117.868   21398.355   22309.285
DD0525   23146.643   21423.360   22336.972
DD0526   23175.460   21448.411   22364.629
DD0527   23204.324   21473.513   22392.255
DD0528   23233.236   21498.665   22419.849
DD0529   23262.194   21523.865   22447.411
DD0530   23291.193   21549.105   22474.943
DD0531   23320.225   21574.376   22502.448
DD0532   23349.278   21599.666   22529.928
DD0533   23378.342   21624.963   22557.386
DD0534   23407.403   21650.252   22584.825
DD0535   23436.446   21675.521   22612.248
DD0536   23465.458   21700.757   22639.658
DD0537   23494.427   21725.950   22667.060
DD0538   23523.344   21751.089   22694.453
DD0539   23552.198   21776.169   22721.842
DD0540   23580.985   21801.185   22749.228
DD0541   23609.702   21826.135   22776.611
DD0542   23638.347   21851.020   22803.994
DD0543   23666.923   21875.842   22831.375
DD0544   23695.433   21900.607   22858.757
DD0545   23723.882   21925.319   22886.138
DD0546   23752.278   21949.986   22913.519
DD0547   23780.628   21974.614   22940.899
DD0548   23808.940   21999.213   22968.279
DD0549   23837.225   22023.789   22995.658
DD0550   23865.490   22048.351   23023.037
DD0551   23893.746   22072.906   23050.415
DD0552   23922.001   22097.462   23077.795
DD0553   23950.266   22122.024   23105.177
DD0554   23978.549   22146.601   23132.563
DD0555   24006.859   22171.197   23159.955
DD0556   24035.207   22195.819   23187.353
DD0557   24063.598   22220.471   23214.760
DD0558   24092.041   22245.156   23242.177
DD0559   24120.540   22269.878   23269.604
DD0560   24149.100   22294.636   23297.042
DD0561   24177.720   22319.431   23324.490
DD0562   24206.399   22344.259   23351.947
DD0563   24235.134   22369.115   23379.410
DD0564   24263.917   22393.993   23406.876
DD0565   24292.741   22418.885   23434.341
DD0566   24321.593   22443.782   23461.800
DD0567   24350.462   22468.674   23489.248
DD0568   24379.336   22493.550   23516.681
DD0569   24408.200   22518.400   23544.092
DD0570   24437.045   22543.215   23571.477
DD0571   24465.857   22567.987   23598.832
DD0572   24494.630   22592.709   23626.154
DD0573   24523.357   22617.376   23653.440
DD0574   24552.034   22641.987   23680.689
DD0575   24580.659   22666.539   23707.901
DD0576   24609.233   22691.034   23735.077
DD0577   24637.757   22715.474   23762.217
DD0578   24666.236   22739.864   23789.326
DD0579   24694.674   22764.208   23816.403
DD0580   24723.075   22788.510   23843.454
DD0581   24751.444   22812.777   23870.478
DD0582   24779.785   22837.012   23897.479
DD0583   24808.101   22861.222   23924.457
DD0584   24836.393   22885.408   23951.414
DD0585   24864.663   22909.575   23978.350
DD0586   24892.912   22933.725   24005.266
DD0587   24921.139   22957.859   24032.160
DD0588   24949.342   22981.979   24059.032
DD0589   24977.523   23006.086   24085.884
DD0590   25005.681   23030.181   24112.715
DD0591   25033.816   23054.264   24139.525
DD0592   25061.930   23078.336   24166.317
DD0593   25090.024   23102.398   24193.093
DD0594   25118.102   23126.452   24219.855
DD0595   25146.166   23150.498   24246.606
DD0596   25174.220   23174.538   24273.350
DD0597   25202.269   23198.574   24300.090
DD0598   25230.315   23222.607   24326.829
DD0599   25258.362   23246.638   24353.569
DD0600   25286.414   23270.668   24380.313
DD0601   25314.471   23294.698   24407.062
DD0602   25342.536   23318.729   24433.818
DD0603   25370.609   23342.760   24460.580
DD0604   25398.690   23366.791   24487.347
DD0605   25426.777   23390.822   24514.120
DD0606   25454.870   23414.852   24540.897
DD0607   25482.967   23438.880   24567.676
DD0608   25511.065   23462.904   24594.456
DD0609   25539.164   23486.924   24621.234
DD0610   25567.260   23510.939   24648.010
DD0611   25595.353   23534.946   24674.783
DD0612   25623.440   23558.945   24701.550
DD0613   25651.520   23582.935   24728.311
DD0614   25679.593   23606.914   24755.066
DD0615   25707.656   23630.882   24781.813
DD0616   25735.710   23654.839   24808.552
DD0617   25763.753   23678.783   24835.283
DD0618   25791.786   23702.716   24862.004
DD0619   25819.808   23726.637   24888.717
DD0620   25847.817   23750.546   24915.419
DD0621   25875.815   23774.445   24942.110
DD0622   25903.800   23798.333   24968.791
DD0623   25931.772   23822.212   24995.460
DD0624   25959.732   23846.082   25022.116
DD0625   25987.677   23869.945   25048.761
DD0626   26015.609   23893.800   25075.392
DD0627   26043.527   23917.649   25102.011
DD0628   26071.431   23941.491   25128.617
DD0629   26099.322   23965.328   25155.210
DD0630   26127.198   23989.159   25181.791
DD0631   26155.061   24012.984   25208.360
DD0632   26182.910   24036.804   25234.918
DD0633   26210.746   24060.619   25261.465
DD0634   26238.569   24084.428   25288.001
DD0635   26266.379   24108.231   25314.527
DD0636   26294.178   24132.028   25341.044
DD0637   26321.964   24155.819   25367.552
DD0638   26349.739   24179.604   25394.051
DD0639   26377.503   24203.382   25420.542
DD0640   26405.256   24227.153   25447.025
DD0641   26432.999   24250.918   25473.500
DD0642   26460.732   24274.675   25499.967
DD0643   26488.456   24298.424   25526.426
DD0644   26516.171   24322.166   25552.877
DD0645   26543.878   24345.899   25579.321
DD0646   26571.577   24369.623   25605.756
DD0647   26599.268   24393.339   25632.184
DD0648   26626.952   24417.045   25658.603
DD0649   26654.630   24440.741   25685.014
DD0650   26682.302   24464.428   25711.417
DD0651   26709.968   24488.104   25737.812
DD0652   26737.628   24511.770   25764.198
DD0653   26765.283   24535.426   25790.576
DD0654   26792.934   24559.070   25816.944
DD0655   26820.579   24582.704   25843.304
DD0656   26848.221   24606.327   25869.655
DD0657   26875.858   24629.939   25895.997
DD0658   26903.491   24653.541   25922.329
DD0659   26931.120   24677.131   25948.652
DD0660   26958.744   24700.711   25974.965
DD0661   26986.365   24724.280   26001.269
DD0662   27013.982   24747.839   26027.563
DD0663   27041.595   24771.387   26053.848
DD0664   27069.204   24794.925   26080.122
DD0665   27096.809   24818.453   26106.387
DD0666   27124.410   24841.971   26132.642
DD0667   27152.007   24865.479   26158.888
DD0668   27179.600   24888.977   26185.123
DD0669   27207.189   24912.466   26211.349
DD0670   27234.773   24935.945   26237.566
DD0671   27262.353   24959.415   26263.773
DD0672   27289.928   24982.876   26289.970
DD0673   27317.498   25006.328   26316.158
DD0674   27345.063   25029.770   26342.337
DD0675   27372.623   25053.204   26368.507
DD0676   27400.178   25076.629   26394.667
DD0677   27427.727   25100.046   26420.819
DD0678   27455.271   25123.454   26446.962
DD0679   27482.809   25146.854   26473.097
DD0680   27510.340   25170.245   26499.223
DD0681   27537.866   25193.628   26525.341
DD0682   27565.385   25217.004   26551.451
DD0683   27592.898   25240.371   26577.553
DD0684   27620.404   25263.731   26603.646
DD0685   27647.903   25287.083   26629.732
DD0686   27675.395   25310.428   26655.811
DD0687   27702.881   25333.766   26681.881
DD0688   27730.359   25357.097   26707.944
DD0689   27757.831   25380.421   26733.999
DD0690   27785.296   25403.739   26760.047
DD0691   27812.754   25427.050   26786.086
DD0692   27840.205   25450.355   26812.119
DD0693   27867.650   25473.655   26838.143
DD0694   27895.089   25496.949   26864.160
DD0695   27922.523   25520.238   26890.170
DD0696   27949.950   25543.522   26916.172
DD0697   27977.373   25566.800   26942.167
DD0698   28004.790   25590.074   26968.155
DD0699   28032.204   25613.343   26994.135
DD0700   28059.612   25636.606   27020.109
DD0701   28087.017   25659.864   27046.076
DD0702   28114.418   25683.117   27072.035
DD0703   28141.815   25706.363   27097.989
DD0704   28169.209   25729.604   27123.935
DD0705   28196.598   25752.838   27149.876
DD0706   28223.984   25776.065   27175.810
DD0707   28251.365   25799.285   27201.738
DD0708   28278.742   25822.496   27227.659
DD0709   28306.114   25845.700   27253.575
DD0710   28333.480   25868.894   27279.484
DD0711   28360.841   25892.080   27305.387
DD0712   28388.195   25915.256   27331.284
DD0713   28415.542   25938.423   27357.175
DD0714   28442.882   25961.579   27383.059
DD0715   28470.213   25984.726   27408.937
DD0716   28497.536   26007.862   27434.808
DD0717   28524.851   26030.989   27460.673
DD0718   28552.156   26054.105   27486.531
DD0719   28579.451   26077.212   27512.382
DD0720   28606.737   26100.309   27538.226
DD0721   28634.013   26123.396   27564.063
DD0722   28661.279   26146.475   27589.893
DD0723   28688.535   26169.544   27615.716
DD0724   28715.780   26192.604   27641.533
DD0725   28743.016   26215.656   27667.343
DD0726   28770.242   26238.700   27693.146
DD0727   28797.457   26261.737   27718.943
DD0728   28824.664   26284.765   27744.734
DD0729   28851.861   26307.786   27770.520
DD0730   28879.049   26330.800   27796.299
DD0731   28906.229   26353.806   27822.073
DD0732   28933.400   26376.805   27847.842
DD0733   28960.564   26399.797   27873.607
DD0734   28987.722   26422.781   27899.367
DD0735   29014.872   26445.757   27925.122
DD0736   29042.017   26468.726   27950.874
DD0737   29069.157   26491.686   27976.622
DD0738   29096.291   26514.638   28002.366
DD0739   29123.421   26537.581   28028.106
DD0740   29150.547   26560.516   28053.842
DD0741   29177.668   26583.440   28079.575
DD0742   29204.786   26606.355   28105.304
DD0743   29231.901   26629.260   28131.029
DD0744   29259.011   26652.155   28156.750
DD0745   29286.118   26675.040   28182.467
DD0746   29313.221   26697.915   28208.179
DD0747   29340.321   26720.780   28233.887
DD0748   29367.416   26743.635   28259.590
DD0749   29394.507   26766.479   28285.288
DD0750   29421.594   26789.314   28310.981
DD0751   29448.677   26812.140   28336.669
DD0752   29475.755   26834.956   28362.352
DD0753   29502.829   26857.763   28388.031
DD0754   29529.899   26880.562   28413.704
DD0755   29556.964   26903.351   28439.373
DD0756   29584.024   26926.132   28465.036
DD0757   29611.080   26948.904   28490.695
DD0758   29638.132   26971.668   28516.348
DD0759   29665.179   26994.423   28541.997
DD0760   29692.222   27017.170   28567.641
DD0761   29719.260   27039.908   28593.279
DD0762   29746.294   27062.638   28618.913
DD0763   29773.323   27085.359   28644.541
DD0764   29800.348   27108.072   28670.164
DD0765   29827.368   27130.776   28695.783
DD0766   29854.384   27153.472   28721.396
DD0767   29881.395   27176.160   28747.004
DD0768   29908.403   27198.838   28772.607
DD0769   29935.406   27221.509   28798.205
DD0770   29962.405   27244.171   28823.798
DD0771   29989.401   27266.824   28849.386
DD0772   30016.392   27289.469   28874.968
DD0773   30043.380   27312.105   28900.546
DD0774   30070.364   27334.732   28926.119
DD0775   30097.344   27357.351   28951.686
DD0776   30124.320   27379.961   28977.248
DD0777   30151.292   27402.563   29002.804
DD0778   30178.260   27425.155   29028.355
DD0779   30205.224   27447.739   29053.901
DD0780   30232.184   27470.314   29079.440
DD0781   30259.139   27492.881   29104.973
DD0782   30286.089   27515.439   29130.501
DD0783   30313.034   27537.988   29156.022
DD0784   30339.973   27560.529   29181.537
DD0785   30366.908   27583.062   29207.046
DD0786   30393.836   27605.588   29232.549
DD0787   30420.759   27628.106   29258.045
DD0788   30447.675   27650.616   29283.534
DD0789   30474.586   27673.120   29309.017
DD0790   30501.491   27695.617   29334.493
DD0791   30528.389   27718.107   29359.963
DD0792   30555.281   27740.591   29385.426
DD0793   30582.167   27763.069   29410.883
DD0794   30609.048   27785.541   29436.333
DD0795   30635.922   27808.008   29461.776
DD0796   30662.791   27830.469   29487.213
DD0797   30689.654   27852.925   29512.643
DD0798   30716.512   27875.376   29538.068
DD0799   30743.365   27897.821   29563.486
DD0800   30770.213   27920.262   29588.898
DD0801   30797.056   27942.698   29614.304
DD0802   30823.895   27965.128   29639.704
DD0803   30850.730   27987.554   29665.099
DD0804   30877.561   28009.975   29690.488
DD0805   30904.388   28032.390   29715.872
DD0806   30931.212   28054.801   29741.250
DD0807   30958.032   28077.207   29766.623
DD0808   30984.849   28099.608   29791.990
DD0809   31011.662   28122.003   29817.351
DD0810   31038.473   28144.394   29842.707
DD0811   31065.280   28166.781   29868.056
DD0812   31092.085   28189.162   29893.400
DD0813   31118.886   28211.539   29918.738
DD0814   31145.684   28233.912   29944.069
DD0815   31172.480   28256.281   29969.395
DD0816   31199.273   28278.646   29994.715
DD0817   31226.062   28301.007   30020.029
DD0818   31252.850   28323.365   30045.337
DD0819   31279.634   28345.719   30070.640
DD0820   31306.415   28368.070   30095.938
DD0821   31333.193   28390.418   30121.231
DD0822   31359.969   28412.762   30146.519
DD0823   31386.741   28435.102   30171.803
DD0824   31413.510   28457.438   30197.083
DD0825   31440.276   28479.770   30222.359
DD0826   31467.039   28502.098   30247.631
DD0827   31493.798   28524.421   30272.900
DD0828   31520.554   28546.738   30298.166
DD0829   31547.306   28569.051   30323.428
DD0830   31574.054   28591.358   30348.688
DD0831   31600.798   28613.658   30373.944
DD0832   31627.538   28635.953   30399.197
DD0833   31654.274   28658.242   30424.447
DD0834   31681.005   28680.524   30449.693
DD0835   31707.733   28702.800   30474.937
DD0836   31734.456   28725.070   30500.177
DD0837   31761.174   28747.333   30525.413
DD0838   31787.888   28769.591   30550.646
DD0839   31814.598   28791.842   30575.876
DD0840   31841.303   28814.086   30601.102
DD0841   31868.003   28836.325   30626.324
DD0842   31894.698   28858.558   30651.542
DD0843   31921.389   28880.784   30676.756
DD0844   31948.074   28903.005   30701.966
DD0845   31974.755   28925.220   30727.173
DD0846   32001.431   28947.429   30752.375
DD0847   32028.102   28969.632   30777.574
DD0848   32054.767   28991.830   30802.769
DD0849   32081.428   29014.022   30827.960
DD0850   32108.084   29036.208   30853.147
DD0851   32134.736   29058.389   30878.331
DD0852   32161.382   29080.566   30903.511
DD0853   32188.024   29102.737   30928.687
DD0854   32214.661   29124.903   30953.859
DD0855   32241.294   29147.065   30979.028
DD0856   32267.922   29169.222   31004.194
DD0857   32294.546   29191.376   31029.355
DD0858   32321.166   29213.525   31054.513
DD0859   32347.781   29235.670   31079.668
DD0860   32374.393   29257.811   31104.818
DD0861   32401.000   29279.948   31129.965
DD0862   32427.604   29302.081   31155.108
DD0863   32454.204   29324.210   31180.248
DD0864   32480.800   29346.336   31205.384
DD0865   32507.392   29368.457   31230.517
DD0866   32533.982   29390.573   31255.646
DD0867   32560.568   29412.685   31280.772
DD0868   32587.151   29434.793   31305.895
DD0869   32613.730   29456.895   31331.014
DD0870   32640.308   29478.992   31356.131
DD0871   32666.882   29501.083   31381.244
DD0872   32693.454   29523.169   31406.355
DD0873   32720.024   29545.249   31431.462
DD0874   32746.591   29567.322   31456.566
DD0875   32773.156   29589.389   31481.667
DD0876   32799.719   29611.449   31506.765
DD0877   32826.279   29633.502   31531.859
DD0878   32852.838   29655.548   31556.950
DD0879   32879.394   29677.588   31582.036
DD0880   32905.947   29699.620   31607.119
DD0881   32932.499   29721.646   31632.198
DD0882   32959.048   29743.664   31657.273
DD0883   32985.594   29765.676   31682.344
DD0884   33012.138   29787.682   31707.411
DD0885   33038.679   29809.680   31732.473
DD0886   33065.217   29831.673   31757.532
DD0887   33091.752   29853.659   31782.587
DD0888   33118.285   29875.640   31807.639
DD0889   33144.814   29897.615   31832.686
DD0890   33171.340   29919.585   31857.729
DD0891   33197.863   29941.549   31882.769
DD0892   33224.383   29963.509   31907.804
DD0893   33250.899   29985.463   31932.836
DD0894   33277.412   30007.414   31957.863
DD0895   33303.921   30029.359   31982.886
DD0896   33330.426   30051.301   32007.904
DD0897   33356.928   30073.238   32032.918
DD0898   33383.426   30095.172   32057.927
DD0899   33409.920   30117.102   32082.930
DD0900   33436.411   30139.029   32107.929
DD0901   33462.899   30160.953   32132.922
DD0902   33489.383   30182.873   32157.911
DD0903   33515.863   30204.791   32182.894
DD0904   33542.341   30226.706   32207.873
DD0905   33568.816   30248.619   32232.847
DD0906   33595.289   30270.529   32257.816
DD0907   33621.759   30292.437   32282.781
DD0908   33648.227   30314.343   32307.742
DD0909   33674.693   30336.246   32332.699
DD0910   33701.157   30358.147   32357.653
DD0911   33727.620   30380.046   32382.602
DD0912   33754.080   30401.943   32407.549
DD0913   33780.539   30423.837   32432.492
DD0914   33806.997   30445.729   32457.431
DD0915   33833.452   30467.617   32482.368
DD0916   33859.906   30489.503   32507.301
DD0917   33886.358   30511.386   32532.232
DD0918   33912.808   30533.265   32557.159
DD0919   33939.256   30555.141   32582.083
DD0920   33965.702   30577.014   32607.005
DD0921   33992.146   30598.883   32631.923
DD0922   34018.588   30620.748   32656.839
DD0923   34045.028   30642.609   32681.752
DD0924   34071.466   30664.467   32706.663
DD0925   34097.901   30686.320   32731.571
DD0926   34124.334   30708.170   32756.477
DD0927   34150.765   30730.015   32781.380
DD0928   34177.194   30751.857   32806.280
DD0929   34203.620   30773.694   32831.177
DD0930   34230.044   30795.527   32856.072
DD0931   34256.465   30817.357   32880.963
DD0932   34282.883   30839.183   32905.852
DD0933   34309.298   30861.005   32930.737
DD0934   34335.710   30882.823   32955.619
DD0935   34362.119   30904.638   32980.497
DD0936   34388.525   30926.450   33005.372
DD0937   34414.929   30948.259   33030.244
DD0938   34441.329   30970.065   33055.112
DD0939   34467.726   30991.868   33079.976
DD0940   34494.121   31013.669   33104.838
DD0941   34520.513   31035.467   33129.696
DD0942   34546.903   31057.263   33154.550
DD0943   34573.292   31079.056   33179.402
DD0944   34599.678   31100.848   33204.250
DD0945   34626.063   31122.638   33229.096
DD0946   34652.447   31144.426   33253.938
DD0947   34678.830   31166.212   33278.778
DD0948   34705.213   31187.997   33303.614
DD0949   34731.595   31209.780   33328.447
DD0950   34757.976   31231.561   33353.277
DD0951   34784.357   31253.340   33378.104
DD0952   34810.738   31275.117   33402.927
DD0953   34837.118   31296.893   33427.747
DD0954   34863.498   31318.667   33452.563
DD0955   34889.878   31340.440   33477.376
DD0956   34916.258   31362.210   33502.185
DD0957   34942.637   31383.980   33526.990
DD0958   34969.016   31405.748   33551.792
DD0959   34995.394   31427.516   33576.590
DD0960   35021.771   31449.282   33601.384
DD0961   35048.147   31471.048   33626.174
DD0962   35074.521   31492.814   33650.962
DD0963   35100.895   31514.581   33675.746
DD0964   35127.266   31536.347   33700.527
DD0965   35153.635   31558.114   33725.306
DD0966   35180.001   31579.882   33750.081
DD0967   35206.364   31601.650   33774.855
DD0968   35232.724   31623.419   33799.626
DD0969   35259.081   31645.189   33824.395
DD0970   35285.433   31666.960   33849.163
DD0971   35311.782   31688.731   33873.928
DD0972   35338.126   31710.502   33898.693
DD0973   35364.465   31732.274   33923.456
DD0974   35390.799   31754.045   33948.218
DD0975   35417.129   31775.816   33972.979
DD0976   35443.454   31797.586   33997.739
DD0977   35469.774   31819.354   34022.499
DD0978   35496.089   31841.122   34047.259
DD0979   35522.400   31862.887   34072.018
DD0980   35548.706   31884.651   34096.777
DD0981   35575.008   31906.412   34121.536
DD0982   35601.306   31928.171   34146.295
DD0983   35627.600   31949.927   34171.055
DD0984   35653.890   31971.680   34195.814
DD0985   35680.176   31993.430   34220.574
DD0986   35706.459   32015.177   34245.333
DD0987   35732.738   32036.920   34270.093
DD0988   35759.013   32058.660   34294.852
DD0989   35785.285   32080.396   34319.612
DD0990   35811.552   32102.128   34344.371
DD0991   35837.815   32123.855   34369.130
DD0992   35864.074   32145.579   34393.889
DD0993   35890.329   32167.298   34418.646
DD0994   35916.579   32189.014   34443.404
DD0995   35942.825   32210.725   34468.161
DD0996   35969.066   32232.432   34492.917
DD0997   35995.303   32254.136   34517.673
DD0998   36021.536   32275.836   34542.429
DD0999   36047.764   32297.532   34567.184
DD1000   36073.988   32319.225   34591.939
DD1001   36100.209   32340.915   34616.694
DD1002   36126.426   32362.601   34641.448
DD1003   36152.639   32384.284   34666.203
DD1004   36178.850   32405.965   34690.958
DD1005   36205.057   32427.642   34715.712
DD1006   36231.262   32449.315   34740.467
DD1007   36257.464   32470.986   34765.221
DD1008   36283.664   32492.653   34789.974
DD1009   36309.861   32514.316   34814.727
DD1010   36336.055   32535.976   34839.479
DD1011   36362.246   32557.631   34864.230
DD1012   36388.435   32579.282   34888.980
DD1013   36414.621   32600.929   34913.728
DD1014   36440.803   32622.571   34938.474
DD1015   36466.983   32644.210   34963.218
DD1016   36493.160   32665.844   34987.960
DD1017   36519.334   32687.473   35012.700
DD1018   36545.505   32709.099   35037.438
DD1019   36571.672   32730.722   35062.174
DD1020   36597.837   32752.341   35086.908
DD1021   36623.999   32773.956   35111.640
DD1022   36650.158   32795.569   35136.369
DD1023   36676.315   32817.180   35161.098
DD1024   36702.469   32838.788   35185.824
DD1025   36728.620   32860.394   35210.549
DD1026   36754.769   32881.998   35235.272
DD1027   36780.916   32903.601   35259.994
DD1028   36807.060   32925.202   35284.715
DD1029   36833.202   32946.801   35309.434
DD1030   36859.341   32968.399   35334.153
DD1031   36885.477   32989.995   35358.870
DD1032   36911.611   33011.590   35383.586
DD1033   36937.742   33033.184   35408.302
DD1034   36963.869   33054.775   35433.016
DD1035   36989.994   33076.366   35457.730
DD1036   37016.116   33097.955   35482.443
DD1037   37042.234   33119.542   35507.157
DD1038   37068.349   33141.128   35531.869
DD1039   37094.460   33162.712   35556.583
DD1040   37120.568   33184.296   35581.296
DD1041   37146.672   33205.878   35606.010
DD1042   37172.773   33227.459   35630.725
DD1043   37198.871   33249.039   35655.440
DD1044   37224.965   33270.617   35680.157
DD1045   37251.055   33292.195   35704.875
DD1046   37277.142   33313.771   35729.594
DD1047   37303.226   33335.346   35754.314
DD1048   37329.306   33356.920   35779.035
DD1049   37355.382   33378.492   35803.757
DD1050   37381.455   33400.063   35828.480
DD1051   37407.524   33421.632   35853.205
DD1052   37433.590   33443.198   35877.930
DD1053   37459.652   33464.763   35902.655
DD1054   37485.711   33486.325   35927.382
DD1055   37511.765   33507.885   35952.110
DD1056   37537.816   33529.442   35976.838
DD1057   37563.864   33550.997   36001.567
DD1058   37589.907   33572.549   36026.297
DD1059   37615.947   33594.099   36051.028
DD1060   37641.982   33615.647   36075.760
DD1061   37668.014   33637.192   36100.495
DD1062   37694.040   33658.735   36125.231
DD1063   37720.062   33680.276   36149.970
DD1064   37746.079   33701.816   36174.712
DD1065   37772.089   33723.354   36199.457
DD1066   37798.092   33744.892   36224.207
DD1067   37824.086   33766.430   36248.962
DD1068   37850.071   33787.967   36273.723
DD1069   37876.046   33809.505   36298.491
DD1070   37902.008   33831.044   36323.266
DD1071   37927.958   33852.583   36348.050
DD1072   37953.892   33874.124   36372.843
DD1073   37979.812   33895.665   36397.646
DD1074   38005.715   33917.208   36422.459
DD1075   38031.602   33938.751   36447.282
DD1076   38057.474   33960.295   36472.114
DD1077   38083.332   33981.838   36496.955
DD1078   38109.177   34003.380   36521.804
DD1079   38135.011   34024.920   36546.658
DD1080   38160.836   34046.457   36571.516
DD1081   38186.656   34067.989   36596.376
DD1082   38212.474   34089.517   36621.235
DD1083   38238.293   34111.039   36646.092
DD1084   38264.115   34132.554   36670.944
DD1085   38289.943   34154.061   36695.789
DD1086   38315.778   34175.560   36720.626
DD1087   38341.623   34197.051   36745.455
DD1088   38367.477   34218.534   36770.274
DD1089   38393.342   34240.009   36795.083
DD1090   38419.216   34261.477   36819.883
DD1091   38445.100   34282.936   36844.674
DD1092   38470.991   34304.389   36869.456
DD1093   38496.888   34325.834   36894.232
DD1094   38522.789   34347.272   36919.001
DD1095   38548.692   34368.700   36943.766
DD1096   38574.593   34390.117   36968.528
DD1097   38600.490   34411.522   36993.288
DD1098   38626.379   34432.912   37018.050
DD1099   38652.256   34454.282   37042.813
DD1100   38678.117   34475.629   37067.581
DD1101   38703.958   34496.949   37092.356
DD1102   38729.775   34518.239   37117.139
DD1103   38755.566   34539.495   37141.933
DD1104   38781.327   34560.713   37166.738
DD1105   38807.057   34581.890   37191.554
DD1106   38832.755   34603.025   37216.383
DD1107   38858.422   34624.119   37241.225
DD1108   38884.060   34645.173   37266.076
DD1109   38909.673   34666.188   37290.937
DD1110   38935.265   34687.167   37315.804
DD1111   38960.843   34708.118   37340.673
DD1112   38986.413   34729.044   37365.542
DD1113   39011.982   34749.952   37390.407
DD1114   39037.558   34770.848   37415.264
DD1115   39063.148   34791.738   37440.108
DD1116   39088.758   34812.628   37464.937
DD1117   39114.393   34833.520   37489.747
DD1118   39140.057   34854.418   37514.536
DD1119   39165.755   34875.323   37539.301
DD1120   39191.486   34896.235   37564.042
DD1121   39217.251   34917.151   37588.758
DD1122   39243.051   34938.070   37613.448
DD1123   39268.882   34958.986   37638.112
DD1124   39294.744   34979.895   37662.751
DD1125   39320.633   35000.794   37687.366
DD1126   39346.546   35021.679   37711.958
DD1127   39372.481   35042.546   37736.528
DD1128   39398.435   35063.393   37761.077
DD1129   39424.407   35084.218   37785.606
DD1130   39450.394   35105.022   37810.118
DD1131   39476.396   35125.804   37834.611
DD1132   39502.412   35146.567   37859.089
DD1133   39528.440   35167.313   37883.550
DD1134   39554.481   35188.045   37907.998
DD1135   39580.532   35208.767   37932.433
DD1136   39606.592   35229.485   37956.859
DD1137   39632.658   35250.203   37981.278
DD1138   39658.728   35270.928   38005.695
DD1139   39684.797   35291.668   38030.114
DD1140   39710.860   35312.430   38054.540
DD1141   39736.913   35333.222   38078.981
DD1142   39762.949   35354.054   38103.443
DD1143   39788.963   35374.934   38127.932
DD1144   39814.950   35395.869   38152.456
DD1145   39840.905   35416.867   38177.019
DD1146   39866.827   35437.931   38201.624
DD1147   39892.713   35459.063   38226.274
DD1148   39918.563   35480.262   38250.968
DD1149   39944.383   35501.524   38275.702
DD1150   39970.176   35522.841   38300.470
DD1151   39995.948   35544.202   38325.265
DD1152   40021.708   35565.593   38350.076
DD1153   40047.466   35587.001   38374.892
DD1154   40073.230   35608.409   38399.703
DD1155   40099.008   35629.802   38424.496
DD1156   40124.809   35651.167   38449.261
DD1157   40150.640   35672.491   38473.990
DD1158   40176.503   35693.766   38498.678
DD1159   40202.402   35714.986   38523.320
DD1160   40228.336   35736.150   38547.916
DD1161   40254.304   35757.257   38572.467
DD1162   40280.301   35778.312   38596.978
DD1163   40306.325   35799.321   38621.453
DD1164   40332.368   35820.291   38645.900
DD1165   40358.425   35841.230   38670.324
DD1166   40384.490   35862.146   38694.734
DD1167   40410.558   35883.048   38719.136
DD1168   40436.624   35903.944   38743.536
DD1169   40462.682   35924.838   38767.942
DD1170   40488.729   35945.736   38792.358
DD1171   40514.759   35966.643   38816.789
DD1172   40540.768   35987.560   38841.241
DD1173   40566.751   36008.491   38865.717
DD1174   40592.703   36029.438   38890.223
DD1175   40618.617   36050.401   38914.765
DD1176   40644.489   36071.383   38939.346
DD1177   40670.313   36092.383   38963.971
DD1178   40696.083   36113.403   38988.644
DD1179   40721.794   36134.443   39013.370
DD1180   40747.443   36155.503   39038.150
DD1181   40773.027   36176.581   39062.986
DD1182   40798.545   36197.676   39087.877
DD1183   40824.000   36218.787   39112.822
DD1184   40849.393   36239.911   39137.817
DD1185   40874.730   36261.044   39162.856
DD1186   40900.019   36282.182   39187.934
DD1187   40925.267   36303.323   39213.042
DD1188   40950.486   36324.461   39238.171
DD1189   40975.686   36345.593   39263.312
DD1190   41000.878   36366.713   39288.455
DD1191   41026.075   36387.819   39313.588
DD1192   41051.287   36408.907   39338.705
DD1193   41076.526   36429.974   39363.794
DD1194   41101.799   36451.018   39388.851
DD1195   41127.117   36472.038   39413.866
DD1196   41152.483   36493.032   39438.838
DD1197   41177.902   36514.003   39463.761
DD1198   41203.379   36534.949   39488.634
DD1199   41228.913   36555.871   39513.456
DD1200   41254.505   36576.773   39538.228
DD1201   41280.155   36597.654   39562.949
DD1202   41305.859   36618.519   39587.623
DD1203   41331.617   36639.369   39612.252
DD1204   41357.424   36660.207   39636.837
DD1205   41383.278   36681.035   39661.383
DD1206   41409.176   36701.855   39685.891
DD1207   41435.115   36722.670   39710.364
DD1208   41461.092   36743.481   39734.805
DD1209   41487.104   36764.290   39759.216
DD1210   41513.148   36785.098   39783.602
DD1211   41539.220   36805.905   39807.966
DD1212   41565.316   36826.714   39832.309
DD1213   41591.431   36847.524   39856.638
DD1214   41617.561   36868.335   39880.956
DD1215   41643.701   36889.147   39905.267
DD1216   41669.844   36909.959   39929.577
DD1217   41695.983   36930.772   39953.891
DD1218   41722.114   36951.583   39978.212
DD1219   41748.230   36972.392   40002.546
DD1220   41774.327   36993.198   40026.896
DD1221   41800.398   37014.000   40051.267
DD1222   41826.440   37034.797   40075.660
DD1223   41852.452   37055.587   40100.076
DD1224   41878.431   37076.370   40124.517
DD1225   41904.377   37097.145   40148.982
DD1226   41930.293   37117.913   40173.469
DD1227   41956.180   37138.673   40197.976
DD1228   41982.044   37159.425   40222.499
DD1229   42007.887   37180.171   40247.036
DD1230   42033.717   37200.910   40271.580
DD1231   42059.538   37221.645   40296.130
DD1232   42085.357   37242.376   40320.679
DD1233   42111.179   37263.105   40345.224
DD1234   42137.011   37283.834   40369.761
DD1235   42162.856   37304.564   40394.287
DD1236   42188.719   37325.297   40418.800
DD1237   42214.603   37346.034   40443.298
DD1238   42240.510   37366.776   40467.781
DD1239   42266.442   37387.526   40492.247
DD1240   42292.399   37408.283   40516.698
DD1241   42318.381   37429.048   40541.133
DD1242   42344.387   37449.823   40565.554
DD1243   42370.417   37470.608   40589.963
DD1244   42396.468   37491.402   40614.361
DD1245   42422.539   37512.207   40638.749
DD1246   42448.629   37533.021   40663.130
DD1247   42474.734   37553.846   40687.504
DD1248   42500.853   37574.681   40711.874
DD1249   42526.985   37595.526   40736.240
DD1250   42553.128   37616.380   40760.603
DD1251   42579.280   37637.243   40784.965
DD1252   42605.441   37658.116   40809.325
DD1253   42631.608   37678.997   40833.686
DD1254   42657.782   37699.887   40858.046
DD1255   42683.962   37720.786   40882.406
DD1256   42710.147   37741.694   40906.768
DD1257   42736.336   37762.610   40931.130
DD1258   42762.530   37783.536   40955.493
DD1259   42788.727   37804.472   40979.859
DD1260   42814.928   37825.418   41004.226
DD1261   42841.132   37846.375   41028.596
DD1262   42867.339   37867.344   41052.969
DD1263   42893.549   37888.325   41077.345
DD1264   42919.761   37909.320   41101.725
DD1265   42945.974   37930.328   41126.110
DD1266   42972.189   37951.352   41150.501
DD1267   42998.404   37972.392   41174.898
DD1268   43024.619   37993.448   41199.301
DD1269   43050.832   38014.520   41223.712
DD1270   43077.042   38035.610   41248.132
DD1271   43103.247   38056.717   41272.562
DD1272   43129.447   38077.841   41297.001
DD1273   43155.640   38098.981   41321.452
DD1274   43181.824   38120.136   41345.914
DD1275   43207.997   38141.307   41370.389
DD1276   43234.158   38162.491   41394.877
DD1277   43260.305   38183.688   41419.378
DD1278   43286.438   38204.895   41443.893
DD1279   43312.553   38226.110   41468.423
DD1280   43338.652   38247.334   41492.967
DD1281   43364.731   38268.562   41517.526
DD1282   43390.792   38289.793   41542.100
DD1283   43416.833   38311.026   41566.688
DD1284   43442.855   38332.258   41591.290
DD1285   43468.856   38353.488   41615.907
DD1286   43494.839   38374.713   41640.537
DD1287   43520.803   38395.932   41665.180
DD1288   43546.749   38417.144   41689.836
DD1289   43572.678   38438.346   41714.503
DD1290   43598.590   38459.537   41739.181
DD1291   43624.488   38480.716   41763.869
DD1292   43650.372   38501.882   41788.567
DD1293   43676.244   38523.033   41813.272
DD1294   43702.103   38544.169   41837.984
DD1295   43727.953   38565.288   41862.703
DD1296   43753.793   38586.390   41887.426
DD1297   43779.624   38607.475   41912.153
DD1298   43805.448   38628.540   41936.884
DD1299   43831.266   38649.587   41961.616
DD1300   43857.078   38670.615   41986.348
DD1301   43882.885   38691.623   42011.082
DD1302   43908.688   38712.612   42035.814
DD1303   43934.488   38733.582   42060.545
DD1304   43960.285   38754.532   42085.274
DD1305   43986.081   38775.463   42110.000
DD1306   44011.876   38796.375   42134.723
DD1307   44037.671   38817.270   42159.442
DD1308   44063.467   38838.147   42184.157
DD1309   44089.266   38859.007   42208.867
DD1310   44115.067   38879.852   42233.573
DD1311   44140.873   38900.682   42258.274
DD1312   44166.685   38921.497   42282.969
DD1313   44192.503   38942.300   42307.658
DD1314   44218.329   38963.091   42332.342
DD1315   44244.164   38983.870   42357.018
DD1316   44270.010   39004.640   42381.689
DD1317   44295.867   39025.402   42406.352
DD1318   44321.737   39046.155   42431.008
DD1319   44347.620   39066.902   42455.656
DD1320   44373.519   39087.643   42480.295
DD1321   44399.433   39108.380   42504.926
DD1322   44425.363   39129.115   42529.548
DD1323   44451.312   39149.848   42554.162
DD1324   44477.279   39170.580   42578.765
DD1325   44503.266   39191.315   42603.360
DD1326   44529.272   39212.052   42627.946
DD1327   44555.298   39232.795   42652.524
DD1328   44581.346   39253.545   42677.095
DD1329   44607.414   39274.304   42701.660
DD1330   44633.503   39295.074   42726.221
DD1331   44659.612   39315.855   42750.780
DD1332   44685.742   39336.651   42775.339
DD1333   44711.890   39357.462   42799.901
DD1334   44738.055   39378.288   42824.468
DD1335   44764.237   39399.130   42849.045
DD1336   44790.433   39419.987   42873.633
DD1337   44816.642   39440.860   42898.236
DD1338   44842.861   39461.745   42922.856
DD1339   44869.089   39482.641   42947.495
DD1340   44895.323   39503.547   42972.155
DD1341   44921.561   39524.458   42996.836
DD1342   44947.802   39545.372   43021.540
DD1343   44974.044   39566.286   43046.265
DD1344   45000.286   39587.197   43071.011
DD1345   45026.526   39608.101   43095.775
DD1346   45052.764   39628.996   43120.556
DD1347   45078.998   39649.879   43145.351
DD1348   45105.230   39670.749   43170.156
DD1349   45131.457   39691.602   43194.968
DD1350   45157.680   39712.438   43219.784
DD1351   45183.899   39733.255   43244.601
DD1352   45210.114   39754.052   43269.416
DD1353   45236.325   39774.829   43294.225
DD1354   45262.531   39795.586   43319.026
DD1355   45288.734   39816.322   43343.819
DD1356   45314.931   39837.038   43368.600
DD1357   45341.125   39857.734   43393.369
DD1358   45367.314   39878.411   43418.125
DD1359   45393.499   39899.069   43442.869
DD1360   45419.680   39919.711   43467.599
DD1361   45445.858   39940.337   43492.318
DD1362   45472.031   39960.950   43517.025
DD1363   45498.200   39981.550   43541.721
DD1364   45524.366   40002.141   43566.408
DD1365   45550.529   40022.725   43591.086
DD1366   45576.689   40043.303   43615.756
DD1367   45602.845   40063.876   43640.420
DD1368   45628.999   40084.448   43665.078
DD1369   45655.150   40105.019   43689.731
DD1370   45681.297   40125.590   43714.379
DD1371   45707.442   40146.163   43739.023
DD1372   45733.584   40166.737   43763.663
DD1373   45759.722   40187.314   43788.299
DD1374   45785.858   40207.892   43812.931
DD1375   45811.990   40228.473   43837.560
DD1376   45838.118   40249.056   43862.185
DD1377   45864.244   40269.640   43886.806
DD1378   45890.365   40290.225   43911.422
DD1379   45916.483   40310.810   43936.035
DD1380   45942.598   40331.396   43960.644
DD1381   45968.710   40351.982   43985.249
DD1382   45994.819   40372.567   44009.850
DD1383   46020.926   40393.152   44034.447
DD1384   46047.030   40413.736   44059.041
DD1385   46073.133   40434.320   44083.632
DD1386   46099.234   40454.904   44108.221
DD1387   46125.334   40475.489   44132.807
DD1388   46151.434   40496.074   44157.391
DD1389   46177.534   40516.659   44181.973
DD1390   46203.634   40537.246   44206.554
DD1391   46229.735   40557.835   44231.134
DD1392   46255.836   40578.425   44255.713
DD1393   46281.938   40599.017   44280.292
DD1394   46308.041   40619.611   44304.871
DD1395   46334.145   40640.207   44329.449
DD1396   46360.250   40660.805   44354.028
DD1397   46386.354   40681.405   44378.606
DD1398   46412.459   40702.006   44403.183
DD1399   46438.563   40722.609   44427.761
DD1400   46464.666   40743.212   44452.338
DD1401   46490.768   40763.817   44476.914
DD1402   46516.868   40784.421   44501.490
DD1403   46542.967   40805.025   44526.065
DD1404   46569.063   40825.629   44550.640
DD1405   46595.157   40846.233   44575.214
DD1406   46621.248   40866.836   44599.787
DD1407   46647.337   40887.438   44624.360
DD1408   46673.424   40908.039   44648.933
DD1409   46699.508   40928.640   44673.506
DD1410   46725.591   40949.239   44698.080
DD1411   46751.672   40969.838   44722.655
DD1412   46777.753   40990.436   44747.231
DD1413   46803.832   41011.033   44771.808
DD1414   46829.912   41031.630   44796.387
DD1415   46855.991   41052.226   44820.968
DD1416   46882.071   41072.823   44845.552
DD1417   46908.152   41093.419   44870.138
DD1418   46934.234   41114.015   44894.726
DD1419   46960.317   41134.611   44919.316
DD1420   46986.402   41155.206   44943.909
DD1421   47012.488   41175.802   44968.503
DD1422   47038.575   41196.397   44993.099
DD1423   47064.663   41216.992   45017.695
DD1424   47090.752   41237.586   45042.292
DD1425   47116.843   41258.179   45066.890
DD1426   47142.933   41278.772   45091.487
DD1427   47169.024   41299.363   45116.083
DD1428   47195.115   41319.954   45140.678
DD1429   47221.206   41340.543   45165.271
DD1430   47247.297   41361.132   45189.863
DD1431   47273.387   41381.719   45214.453
DD1432   47299.476   41402.305   45239.042
DD1433   47325.565   41422.890   45263.629
DD1434   47351.654   41443.474   45288.214
DD1435   47377.742   41464.058   45312.799
DD1436   47403.830   41484.641   45337.383
DD1437   47429.917   41505.224   45361.967
DD1438   47456.005   41525.807   45386.551
DD1439   47482.094   41546.390   45411.135
DD1440   47508.183   41566.973   45435.721
DD1441   47534.273   41587.557   45460.309
DD1442   47560.365   41608.141   45484.898
DD1443   47586.458   41628.726   45509.490
DD1444   47612.552   41649.311   45534.084
DD1445   47638.648   41669.897   45558.680
DD1446   47664.746   41690.483   45583.278
DD1447   47690.845   41711.069   45607.879
DD1448   47716.944   41731.655   45632.481
DD1449   47743.045   41752.241   45657.084
DD1450   47769.147   41772.826   45681.688
DD1451   47795.248   41793.409   45706.293
DD1452   47821.349   41813.992   45730.897
DD1453   47847.450   41834.573   45755.500
DD1454   47873.549   41855.151   45780.103
DD1455   47899.646   41875.728   45804.703
DD1456   47925.742   41896.302   45829.302
DD1457   47951.835   41916.874   45853.898
DD1458   47977.926   41937.444   45878.491
DD1459   48004.014   41958.011   45903.082
DD1460   48030.099   41978.576   45927.671
DD1461   48056.182   41999.138   45952.258
DD1462   48082.261   42019.699   45976.842
DD1463   48108.339   42040.257   46001.425
DD1464   48134.415   42060.815   46026.007
DD1465   48160.489   42081.371   46050.588
DD1466   48186.562   42101.926   46075.170
DD1467   48212.635   42122.481   46099.754
DD1468   48238.709   42143.036   46124.339
DD1469   48264.784   42163.591   46148.928
DD1470   48290.860   42184.147   46173.522
DD1471   48316.940   42204.704   46198.120
DD1472   48343.023   42225.263   46222.725
DD1473   48369.111   42245.823   46247.337
DD1474   48395.204   42266.386   46271.958
DD1475   48421.303   42286.951   46296.587
DD1476   48447.408   42307.519   46321.226
DD1477   48473.520   42328.090   46345.875
DD1478   48499.639   42348.664   46370.534
DD1479   48525.766   42369.241   46395.203
DD1480   48551.900   42389.821   46419.882
DD1481   48578.042   42410.404   46444.571
DD1482   48604.191   42430.990   46469.268
DD1483   48630.347   42451.579   46493.974
DD1484   48656.510   42472.170   46518.688
DD1485   48682.680   42492.764   46543.408
DD1486   48708.855   42513.360   46568.133
DD1487   48735.037   42533.958   46592.864
DD1488   48761.224   42554.558   46617.598
DD1489   48787.416   42575.160   46642.336
DD1490   48813.613   42595.764   46667.076
DD1491   48839.816   42616.371   46691.819
DD1492   48866.024   42636.980   46716.563
DD1493   48892.236   42657.592   46741.310
DD1494   48918.454   42678.207   46766.057
DD1495   48944.677   42698.825   46790.806
DD1496   48970.905   42719.447   46815.557
DD1497   48997.138   42740.073   46840.310
DD1498   49023.376   42760.703   46865.064
DD1499   49049.619   42781.338   46889.820
DD1500   49075.866   42801.976   46914.579
DD1501   49102.118   42822.618   46939.339
DD1502   49128.374   42843.264   46964.102
DD1503   49154.634   42863.913   46988.866
DD1504   49180.896   42884.565   47013.633
DD1505   49207.161   42905.219   47038.402
DD1506   49233.428   42925.876   47063.173
DD1507   49259.696   42946.533   47087.945
DD1508   49285.965   42967.192   47112.718
DD1509   49312.234   42987.851   47137.493
DD1510   49338.504   43008.511   47162.270
DD1511   49364.773   43029.170   47187.047
DD1512   49391.043   43049.829   47211.826
DD1513   49417.311   43070.487   47236.606
DD1514   49443.580   43091.145   47261.387
DD1515   49469.848   43111.803   47286.170
DD1516   49496.117   43132.459   47310.954
DD1517   49522.385   43153.116   47335.741
DD1518   49548.655   43173.772   47360.530
DD1519   49574.925   43194.428   47385.322
DD1520   49601.197   43215.084   47410.117
DD1521   49627.471   43235.740   47434.914
DD1522   49653.747   43256.396   47459.715
DD1523   49680.026   43277.053   47484.519
DD1524   49706.307   43297.710   47509.327
DD1525   49732.592   43318.368   47534.137
DD1526   49758.880   43339.025   47558.950
DD1527   49785.171   43359.684   47583.766
DD1528   49811.465   43380.342   47608.584
DD1529   49837.762   43401.000   47633.404
DD1530   49864.063   43421.659   47658.225
DD1531   49890.365   43442.317   47683.047
DD1532   49916.671   43462.975   47707.869
DD1533   49942.978   43483.633   47732.691
DD1534   49969.287   43504.291   47757.512
DD1535   49995.598   43524.949   47782.333
DD1536   50021.910   43545.606   47807.153
DD1537   50048.223   43566.263   47831.972
DD1538   50074.537   43586.919   47856.791
DD1539   50100.852   43607.576   47881.608
DD1540   50127.168   43628.233   47906.425
DD1541   50153.485   43648.891   47931.241
DD1542   50179.803   43669.549   47956.058
DD1543   50206.122   43690.207   47980.875
DD1544   50232.444   43710.867   48005.694
DD1545   50258.767   43731.529   48030.514
DD1546   50285.093   43752.192   48055.336
DD1547   50311.421   43772.856   48080.162
DD1548   50337.753   43793.523   48104.990
DD1549   50364.088   43814.192   48129.823
DD1550   50390.427   43834.863   48154.660
DD1551   50416.770   43855.536   48179.501
DD1552   50443.117   43876.212   48204.346
DD1553   50469.468   43896.890   48229.197
DD1554   50495.823   43917.571   48254.052
DD1555   50522.182   43938.253   48278.912
DD1556   50548.545   43958.937   48303.776
DD1557   50574.911   43979.622   48328.644
DD1558   50601.281   44000.308   48353.515
DD1559   50627.653   44020.994   48378.390
DD1560   50654.028   44041.680   48403.268
DD1561   50680.405   44062.366   48428.148
DD1562   50706.783   44083.051   48453.030
DD1563   50733.163   44103.735   48477.913
DD1564   50759.544   44124.418   48502.797
DD1565   50785.925   44145.098   48527.683
DD1566   50812.307   44165.777   48552.568
DD1567   50838.690   44186.455   48577.454
DD1568   50865.073   44207.130   48602.341
DD1569   50891.457   44227.804   48627.228
DD1570   50917.842   44248.477   48652.115
DD1571   50944.229   44269.149   48677.004
DD1572   50970.616   44289.821   48701.893
DD1573   50997.006   44310.493   48726.784
DD1574   51023.399   44331.165   48751.677
DD1575   51049.794   44351.838   48776.572
DD1576   51076.193   44372.512   48801.470
DD1577   51102.596   44393.189   48826.371
DD1578   51129.002   44413.868   48851.276
DD1579   51155.413   44434.549   48876.184
DD1580   51181.828   44455.233   48901.096
DD1581   51208.247   44475.919   48926.012
DD1582   51234.671   44496.609   48950.932
DD1583   51261.098   44517.300   48975.856
DD1584   51287.529   44537.994   49000.783
DD1585   51313.964   44558.691   49025.714
DD1586   51340.401   44579.388   49050.648
DD1587   51366.841   44600.088   49075.585
DD1588   51393.283   44620.787   49100.524
DD1589   51419.726   44641.488   49125.464
DD1590   51446.170   44662.188   49150.406
DD1591   51472.615   44682.888   49175.349
DD1592   51499.061   44703.587   49200.292
DD1593   51525.506   44724.285   49225.235
DD1594   51551.952   44744.982   49250.178
DD1595   51578.397   44765.679   49275.122
DD1596   51604.843   44786.373   49300.065
DD1597   51631.289   44807.067   49325.008
DD1598   51657.736   44827.760   49349.952
DD1599   51684.183   44848.453   49374.896
DD1600   51710.632   44869.145   49399.841
DD1601   51737.083   44889.838   49424.787
DD1602   51763.536   44910.531   49449.735
DD1603   51789.992   44931.225   49474.685
DD1604   51816.451   44951.920   49499.638
DD1605   51842.914   44972.617   49524.594
DD1606   51869.380   44993.317   49549.553
DD1607   51895.852   45014.019   49574.515
DD1608   51922.328   45034.723   49599.481
DD1609   51948.809   45055.431   49624.451
DD1610   51975.295   45076.142   49649.424
DD1611   52001.785   45096.855   49674.401
DD1612   52028.280   45117.571   49699.382
DD1613   52054.780   45138.290   49724.366
DD1614   52081.283   45159.011   49749.353
DD1615   52107.790   45179.734   49774.343
DD1616   52134.300   45200.458   49799.334
DD1617   52160.813   45221.183   49824.328
DD1618   52187.327   45241.909   49849.323
DD1619   52213.844   45262.635   49874.320
DD1620   52240.362   45283.361   49899.317
DD1621   52266.881   45304.086   49924.316
DD1622   52293.402   45324.810   49949.314
DD1623   52319.923   45345.533   49974.313
DD1624   52346.444   45366.255   49999.312
DD1625   52372.967   45386.976   50024.312
DD1626   52399.491   45407.695   50049.312
DD1627   52426.016   45428.414   50074.313
DD1628   52452.543   45449.132   50099.315
DD1629   52479.073   45469.851   50124.318
DD1630   52505.605   45490.570   50149.322
DD1631   52532.140   45511.289   50174.329
DD1632   52558.679   45532.011   50199.338
DD1633   52585.222   45552.734   50224.349
DD1634   52611.769   45573.460   50249.364
DD1635   52638.322   45594.190   50274.382
DD1636   52664.879   45614.923   50299.404
DD1637   52691.442   45635.660   50324.430
DD1638   52718.010   45656.401   50349.460
DD1639   52744.583   45677.146   50374.494
DD1640   52771.161   45697.895   50399.531
DD1641   52797.743   45718.648   50424.573
DD1642   52824.329   45739.404   50449.618
DD1643   52850.919   45760.164   50474.666
DD1644   52877.512   45780.927   50499.717
DD1645   52904.107   45801.691   50524.771
DD1646   52930.703   45822.458   50549.827
DD1647   52957.301   45843.226   50574.884
DD1648   52983.900   45863.995   50599.942
DD1649   53010.499   45884.765   50625.002
DD1650   53037.099   45905.534   50650.062
DD1651   53063.698   45926.303   50675.122
DD1652   53090.298   45947.073   50700.183
DD1653   53116.898   45967.841   50725.243
DD1654   53143.498   45988.610   50750.304
DD1655   53170.099   46009.378   50775.365
DD1656   53196.701   46030.146   50800.426
DD1657   53223.304   46050.915   50825.488
DD1658   53249.908   46071.684   50850.551
DD1659   53276.516   46092.454   50875.615
DD1660   53303.126   46113.226   50900.682
DD1661   53329.739   46133.999   50925.750
DD1662   53356.356   46154.775   50950.821
DD1663   53382.977   46175.553   50975.894
DD1664   53409.603   46196.335   51000.971
DD1665   53436.233   46217.120   51026.052
DD1666   53462.868   46237.908   51051.136
DD1667   53489.508   46258.699   51076.224
DD1668   53516.152   46279.495   51101.315
DD1669   53542.801   46300.294   51126.410
DD1670   53569.454   46321.096   51151.508
DD1671   53596.112   46341.902   51176.610
DD1672   53622.772   46362.710   51201.714
DD1673   53649.436   46383.521   51226.821
DD1674   53676.102   46404.335   51251.930
DD1675   53702.770   46425.150   51277.041
DD1676   53729.439   46445.967   51302.153
DD1677   53756.110   46466.786   51327.266
DD1678   53782.782   46487.605   51352.380
DD1679   53809.454   46508.425   51377.494
DD1680   53836.127   46529.246   51402.609
DD1681   53862.800   46550.068   51427.725
DD1682   53889.473   46570.890   51452.841
DD1683   53916.147   46591.714   51477.957
DD1684   53942.822   46612.538   51503.074
DD1685   53969.499   46633.363   51528.192
DD1686   53996.177   46654.190   51553.312
DD1687   54022.857   46675.020   51578.434
DD1688   54049.540   46695.851   51603.557
DD1689   54076.227   46716.686   51628.684
DD1690   54102.917   46737.524   51653.813
DD1691   54129.611   46758.365   51678.947
DD1692   54156.311   46779.211   51704.084
DD1693   54183.015   46800.061   51729.226
DD1694   54209.725   46820.915   51754.372
DD1695   54236.440   46841.774   51779.524
DD1696   54263.161   46862.637   51804.680
DD1697   54289.887   46883.505   51829.841
DD1698   54316.619   46904.377   51855.007
DD1699   54343.356   46925.253   51880.177
DD1700   54370.097   46946.132   51905.352
DD1701   54396.843   46967.014   51930.530
DD1702   54423.592   46987.899   51955.713
DD1703   54450.344   47008.786   51980.898
DD1704   54477.100   47029.674   52006.087
DD1705   54503.857   47050.563   52031.277
DD1706   54530.617   47071.453   52056.470
DD1707   54557.379   47092.344   52081.664
DD1708   54584.142   47113.234   52106.860
DD1709   54610.906   47134.125   52132.057
DD1710   54637.671   47155.015   52157.256
DD1711   54664.438   47175.905   52182.455
DD1712   54691.207   47196.795   52207.655
DD1713   54717.977   47217.685   52232.857
DD1714   54744.749   47238.575   52258.061
DD1715   54771.523   47259.466   52283.266
DD1716   54798.301   47280.357   52308.474
DD1717   54825.081   47301.249   52333.684
DD1718   54851.865   47322.143   52358.898
DD1719   54878.653   47343.039   52384.115
DD1720   54905.446   47363.938   52409.336
DD1721   54932.243   47384.839   52434.562
DD1722   54959.046   47405.744   52459.793
DD1723   54985.854   47426.652   52485.029
DD1724   55012.668   47447.563   52510.270
DD1725   55039.488   47468.479   52535.517
DD1726   55066.313   47489.398   52560.769
DD1727   55093.144   47510.321   52586.027
DD1728   55119.980   47531.248   52611.289
DD1729   55146.821   47552.178   52636.557
DD1730   55173.666   47573.112   52661.829
DD1731   55200.516   47594.048   52687.104
DD1732   55227.369   47614.987   52712.384
DD1733   55254.225   47635.927   52737.666
DD1734   55281.083   47656.870   52762.952
DD1735   55307.944   47677.813   52788.239
DD1736   55334.806   47698.758   52813.528
DD1737   55361.669   47719.702   52838.820
DD1738   55388.533   47740.648   52864.112
DD1739   55415.398   47761.593   52889.406
DD1740   55442.264   47782.538   52914.701
DD1741   55469.130   47803.483   52939.997
DD1742   55495.997   47824.427   52965.294
DD1743   55522.865   47845.372   52990.594
DD1744   55549.734   47866.317   53015.895
DD1745   55576.605   47887.262   53041.198
DD1746   55603.477   47908.208   53066.503
DD1747   55630.353   47929.155   53091.812
DD1748   55657.231   47950.103   53117.124
DD1749   55684.113   47971.053   53142.440
DD1750   55711.000   47992.005   53167.760
DD1751   55737.891   48012.960   53193.085
DD1752   55764.787   48033.917   53218.415
DD1753   55791.689   48054.878   53243.750
DD1754   55818.596   48075.842   53269.090
DD1755   55845.509   48096.809   53294.436
DD1756   55872.428   48117.780   53319.787
DD1757   55899.352   48138.754   53345.142
DD1758   55926.283   48159.732   53370.503
DD1759   55953.218   48180.712   53395.867
DD1760   55980.158   48201.696   53421.236
DD1761   56007.103   48222.682   53446.607
DD1762   56034.052   48243.670   53471.982
DD1763   56061.004   48264.659   53497.358
DD1764   56087.958   48285.650   53522.736
DD1765   56114.916   48306.642   53548.115
DD1766   56141.875   48327.635   53573.495
DD1767   56168.836   48348.628   53598.876
DD1768   56195.798   48369.621   53624.257
DD1769   56222.761   48390.614   53649.638
DD1770   56249.725   48411.607   53675.020
DD1771   56276.691   48432.599   53700.401
DD1772   56303.658   48453.592   53725.784
DD1773   56330.626   48474.584   53751.166
DD1774   56357.597   48495.577   53776.550
DD1775   56384.570   48516.570   53801.936
DD1776   56411.546   48537.564   53827.323
DD1777   56438.526   48558.559   53852.713
DD1778   56465.510   48579.556   53878.106
DD1779   56492.499   48600.554   53903.502
DD1780   56519.493   48621.555   53928.902
DD1781   56546.493   48642.559   53954.306
DD1782   56573.500   48663.565   53979.714
DD1783   56600.513   48684.575   54005.128
DD1784   56627.533   48705.588   54030.546
DD1785   56654.561   48726.604   54055.970
DD1786   56681.595   48747.625   54081.398
DD1787   56708.636   48768.648   54106.832
DD1788   56735.683   48789.675   54132.270
DD1789   56762.737   48810.706   54157.713
DD1790   56789.796   48831.739   54183.159
DD1791   56816.860   48852.774   54208.609
DD1792   56843.929   48873.811   54234.062
DD1793   56871.001   48894.850   54259.517
DD1794   56898.077   48915.890   54284.974
DD1795   56925.156   48936.931   54310.432
DD1796   56952.237   48957.972   54335.891
DD1797   56979.320   48979.013   54361.351
DD1798   57006.405   49000.054   54386.811
DD1799   57033.491   49021.095   54412.271
DD1800   57060.579   49042.135   54437.731
DD1801   57087.667   49063.175   54463.191
DD1802   57114.757   49084.215   54488.651
DD1803   57141.849   49105.254   54514.111
DD1804   57168.943   49126.293   54539.572
DD1805   57196.039   49147.333   54565.033
DD1806   57223.138   49168.374   54590.496
DD1807   57250.241   49189.416   54615.961
DD1808   57277.347   49210.461   54641.428
DD1809   57304.458   49231.507   54666.898
DD1810   57331.575   49252.557   54692.371
DD1811   57358.697   49273.610   54717.849
DD1812   57385.825   49294.667   54743.331
DD1813   57412.961   49315.728   54768.817
DD1814   57440.103   49336.794   54794.309
DD1815   57467.252   49357.864   54819.806
DD1816   57494.408   49378.939   54845.308
DD1817   57521.572   49400.018   54870.815
DD1818   57548.742   49421.101   54896.327
DD1819   57575.919   49442.189   54921.844
DD1820   57603.102   49463.280   54947.365
DD1821   57630.290   49484.374   54972.890
DD1822   57657.483   49505.470   54998.418
DD1823   57684.680   49526.569   55023.950
DD1824   57711.881   49547.669   55049.484
DD1825   57739.085   49568.770   55075.020
DD1826   57766.290   49589.872   55100.557
DD1827   57793.498   49610.974   55126.096
DD1828   57820.707   49632.075   55151.635
DD1829   57847.917   49653.176   55177.176
DD1830   57875.128   49674.276   55202.716
DD1831   57902.340   49695.375   55228.257
DD1832   57929.553   49716.473   55253.799
DD1833   57956.766   49737.570   55279.341
DD1834   57983.981   49758.666   55304.884
DD1835   58011.197   49779.762   55330.428
DD1836   58038.416   49800.857   55355.974
DD1837   58065.637   49821.953   55381.521
DD1838   58092.862   49843.049   55407.071
DD1839   58120.090   49864.146   55432.624
DD1840   58147.323   49885.245   55458.181
DD1841   58174.560   49906.346   55483.741
DD1842   58201.804   49927.450   55509.306
DD1843   58229.054   49948.557   55534.877
DD1844   58256.310   49969.667   55560.452
DD1845   58283.573   49990.782   55586.033
DD1846   58310.844   50011.901   55611.621
DD1847   58338.121   50033.024   55637.214
DD1848   58365.406   50054.152   55662.813
DD1849   58392.698   50075.283   55688.418
DD1850   58419.996   50096.419   55714.028
DD1851   58447.300   50117.559   55739.643
DD1852   58474.610   50138.701   55765.263
DD1853   58501.924   50159.847   55790.888
DD1854   58529.244   50180.995   55816.515
DD1855   58556.567   50202.145   55842.146
DD1856   58583.893   50223.296   55867.779
DD1857   58611.222   50244.448   55893.415
DD1858   58638.554   50265.600   55919.052
DD1859   58665.888   50286.753   55944.690
DD1860   58693.223   50307.905   55970.329
DD1861   58720.560   50329.056   55995.969
DD1862   58747.898   50350.207   56021.609
DD1863   58775.238   50371.356   56047.251
DD1864   58802.580   50392.505   56072.893
DD1865   58829.924   50413.654   56098.537
DD1866   58857.270   50434.803   56124.183
DD1867   58884.619   50455.951   56149.831
DD1868   58911.971   50477.101   56175.482
DD1869   58939.327   50498.252   56201.136
DD1870   58966.688   50519.404   56226.795
DD1871   58994.054   50540.559   56252.458
DD1872   59021.425   50561.718   56278.127
DD1873   59048.803   50582.879   56303.802
DD1874   59076.187   50604.045   56329.484
DD1875   59103.578   50625.216   56355.172
DD1876   59130.977   50646.391   56380.867
DD1877   59158.383   50667.570   56406.570
DD1878   59185.797   50688.755   56432.279
DD1879   59213.218   50709.945   56457.995
DD1880   59240.646   50731.139   56483.718
DD1881   59268.081   50752.337   56509.447
DD1882   59295.522   50773.539   56535.181
DD1883   59322.968   50794.745   56560.921
DD1884   59350.420   50815.953   56586.665
DD1885   59377.876   50837.163   56612.413
DD1886   59405.336   50858.376   56638.164
DD1887   59432.800   50879.590   56663.918
DD1888   59460.266   50900.804   56689.675
DD1889   59487.734   50922.020   56715.433
DD1890   59515.204   50943.235   56741.193
DD1891   59542.676   50964.451   56766.955
DD1892   59570.150   50985.666   56792.717
DD1893   59597.624   51006.882   56818.481
DD1894   59625.101   51028.097   56844.245
DD1895   59652.579   51049.312   56870.011
DD1896   59680.058   51070.528   56895.778
DD1897   59707.540   51091.744   56921.547
DD1898   59735.025   51112.961   56947.318
DD1899   59762.512   51134.179   56973.091
DD1900   59790.004   51155.398   56998.868
DD1901   59817.499   51176.620   57024.648
DD1902   59845.000   51197.844   57050.433
DD1903   59872.506   51219.072   57076.222
DD1904   59900.017   51240.303   57102.018
DD1905   59927.535   51261.537   57127.819
DD1906   59955.059   51282.776   57153.627
DD1907   59982.590   51304.020   57179.443
DD1908   60010.129   51325.268   57205.266
DD1909   60037.674   51346.521   57231.096
DD1910   60065.226   51367.779   57256.934
DD1911   60092.785   51389.041   57282.779
DD1912   60120.351   51410.308   57308.631
DD1913   60147.923   51431.578   57334.489
DD1914   60175.500   51452.852   57360.353
DD1915   60203.083   51474.129   57386.223
DD1916   60230.671   51495.409   57412.097
DD1917   60258.262   51516.691   57437.975
DD1918   60285.858   51537.975   57463.855
DD1919   60313.457   51559.260   57489.739
DD1920   60341.059   51580.546   57515.624
DD1921   60368.663   51601.832   57541.510
DD1922   60396.270   51623.118   57567.397
DD1923   60423.879   51644.405   57593.285
DD1924   60451.490   51665.692   57619.173
DD1925   60479.103   51686.978   57645.061
DD1926   60506.717   51708.264   57670.950
DD1927   60534.335   51729.550   57696.840
DD1928   60561.954   51750.837   57722.731
DD1929   60589.577   51772.124   57748.623
DD1930   60617.202   51793.412   57774.517
DD1931   60644.832   51814.702   57800.414
DD1932   60672.465   51835.993   57826.314
DD1933   60700.104   51857.287   57852.219
DD1934   60727.748   51878.583   57878.128
DD1935   60755.398   51899.883   57904.042
DD1936   60783.055   51921.187   57929.962
DD1937   60810.718   51942.496   57955.888
DD1938   60838.389   51963.809   57981.822
DD1939   60866.068   51985.127   58007.762
DD1940   60893.754   52006.450   58033.710
DD1941   60921.448   52027.778   58059.665
DD1942   60949.150   52049.112   58085.628
DD1943   60976.860   52070.450   58111.598
DD1944   61004.576   52091.793   58137.575
DD1945   61032.299   52113.139   58163.558
DD1946   61060.028   52134.490   58189.547
DD1947   61087.763   52155.844   58215.542
DD1948   61115.502   52177.200   58241.541
DD1949   61143.245   52198.558   58267.545
DD1950   61170.992   52219.918   58293.553
DD1951   61198.742   52241.278   58319.563
DD1952   61226.495   52262.639   58345.576
DD1953   61254.249   52284.001   58371.591
DD1954   61282.005   52305.361   58397.607
DD1955   61309.763   52326.722   58423.625
DD1956   61337.522   52348.082   58449.644
DD1957   61365.283   52369.441   58475.664
DD1958   61393.045   52390.800   58501.685
DD1959   61420.809   52412.158   58527.708
DD1960   61448.575   52433.516   58553.733
DD1961   61476.343   52454.875   58579.759
DD1962   61504.116   52476.234   58605.789
DD1963   61531.891   52497.595   58631.822
DD1964   61559.672   52518.958   58657.859
DD1965   61587.458   52540.323   58683.901
DD1966   61615.249   52561.691   58709.949
DD1967   61643.048   52583.063   58736.003
DD1968   61670.853   52604.440   58762.063
DD1969   61698.666   52625.821   58788.131
DD1970   61726.487   52647.208   58814.206
DD1971   61754.317   52668.600   58840.290
DD1972   61782.155   52689.998   58866.381
DD1973   61810.001   52711.402   58892.479
DD1974   61837.856   52732.812   58918.586
DD1975   61865.719   52754.228   58944.699
DD1976   61893.589   52775.649   58970.820
DD1977   61921.467   52797.075   58996.947
DD1978   61949.351   52818.506   59023.079
DD1979   61977.240   52839.941   59049.217
DD1980   62005.135   52861.378   59075.359
DD1981   62033.034   52882.819   59101.505
DD1982   62060.937   52904.261   59127.654
DD1983   62088.843   52925.704   59153.806
DD1984   62116.751   52947.149   59179.960
DD1985   62144.662   52968.593   59206.115
DD1986   62172.575   52990.037   59232.272
DD1987   62200.488   53011.481   59258.431
DD1988   62228.404   53032.924   59284.590
DD1989   62256.320   53054.367   59310.751
DD1990   62284.239   53075.809   59336.913
DD1991   62312.158   53097.251   59363.077
DD1992   62340.080   53118.692   59389.242
DD1993   62368.004   53140.133   59415.409
DD1994   62395.931   53161.575   59441.579
DD1995   62423.861   53183.019   59467.752
DD1996   62451.795   53204.464   59493.929
DD1997   62479.734   53225.911   59520.110
DD1998   62507.678   53247.361   59546.296
DD1999   62535.628   53268.814   59572.487
DD2000   62563.585   53290.271   59598.684
DD2001   62591.549   53311.733   59624.887
DD2002   62619.521   53333.200   59651.097
DD2003   62647.502   53354.672   59677.313
DD2004   62675.490   53376.150   59703.536
DD2005   62703.488   53397.633   59729.766
DD2006   62731.494   53419.122   59756.003
DD2007   62759.508   53440.616   59782.246
DD2008   62787.530   53462.115   59808.496
DD2009   62815.560   53483.620   59834.751
DD2010   62843.596   53505.129   59861.012
DD2011   62871.639   53526.641   59887.278
DD2012   62899.688   53548.158   59913.548
DD2013   62927.741   53569.677   59939.822
DD2014   62955.799   53591.198   59966.100
DD2015   62983.861   53612.722   59992.380
DD2016   63011.925   53634.247   60018.663
DD2017   63039.993   53655.772   60044.948
DD2018   63068.062   53677.299   60071.234
DD2019   63096.133   53698.826   60097.522
DD2020   63124.207   53720.353   60123.811
DD2021   63152.282   53741.881   60150.101
DD2022   63180.358   53763.409   60176.392
DD2023   63208.437   53784.938   60202.685
DD2024   63236.517   53806.467   60228.980
DD2025   63264.601   53827.998   60255.276
DD2026   63292.687   53849.530   60281.575
DD2027   63320.777   53871.063   60307.877
DD2028   63348.871   53892.600   60334.182
DD2029   63376.970   53914.138   60360.490
DD2030   63405.074   53935.681   60386.804
DD2031   63433.184   53957.227   60413.122
DD2032   63461.301   53978.777   60439.446
DD2033   63489.426   54000.332   60465.777
DD2034   63517.557   54021.893   60492.114
DD2035   63545.697   54043.459   60518.459
DD2036   63573.846   54065.031   60544.811
DD2037   63602.002   54086.609   60571.171
DD2038   63630.167   54108.193   60597.539
DD2039   63658.340   54129.783   60623.916
DD2040   63686.521   54151.378   60650.300
DD2041   63714.710   54172.980   60676.691
DD2042   63742.906   54194.586   60703.090
DD2043   63771.108   54216.196   60729.495
DD2044   63799.316   54237.811   60755.906
DD2045   63827.529   54259.429   60782.322
DD2046   63855.747   54281.050   60808.743
DD2047   63883.969   54302.674   60835.168
DD2048   63912.194   54324.299   60861.595
DD2049   63940.423   54345.925   60888.025
DD2050   63968.654   54367.552   60914.457
DD2051   63996.888   54389.179   60940.890
DD2052   64025.124   54410.806   60967.324
DD2053   64053.362   54432.434   60993.759
DD2054   64081.603   54454.061   61020.194
DD2055   64109.845   54475.688   61046.630
DD2056   64138.090   54497.315   61073.066
DD2057   64166.337   54518.942   61099.503
DD2058   64194.587   54540.570   61125.942
DD2059   64222.841   54562.199   61152.383
DD2060   64251.098   54583.830   61178.826
DD2061   64279.360   54605.463   61205.273
DD2062   64307.627   54627.098   61231.723
DD2063   64335.899   54648.737   61258.179
DD2064   64364.177   54670.380   61284.640
DD2065   64392.462   54692.028   61311.108
DD2066   64420.754   54713.680   61337.582
DD2067   64449.053   54735.338   61364.065
DD2068   64477.360   54757.002   61390.556
DD2069   64505.676   54778.673   61417.056
DD2070   64533.999   54800.349   61443.564
DD2071   64562.331   54822.032   61470.082
DD2072   64590.671   54843.721   61496.608
DD2073   64619.018   54865.417   61523.143
DD2074   64647.372   54887.117   61549.687
DD2075   64675.733   54908.824   61576.238
DD2076   64704.101   54930.534   61602.796
DD2077   64732.474   54952.249   61629.360
DD2078   64760.852   54973.967   61655.930
DD2079   64789.234   54995.689   61682.505
DD2080   64817.620   55017.412   61709.083
DD2081   64846.009   55039.137   61735.665
DD2082   64874.401   55060.864   61762.250
DD2083   64902.794   55082.591   61788.837
DD2084   64931.190   55104.318   61815.426
DD2085   64959.588   55126.046   61842.015
DD2086   64987.987   55147.773   61868.606
DD2087   65016.388   55169.501   61895.198
DD2088   65044.790   55191.228   61921.791
DD2089   65073.195   55212.955   61948.385
DD2090   65101.601   55234.682   61974.981
DD2091   65130.010   55256.410   62001.579
DD2092   65158.422   55278.139   62028.178
DD2093   65186.838   55299.869   62054.781
DD2094   65215.257   55321.601   62081.388
DD2095   65243.682   55343.336   62107.999
DD2096   65272.112   55365.073   62134.615
DD2097   65300.549   55386.814   62161.237
DD2098   65328.992   55408.560   62187.865
DD2099   65357.443   55430.310   62214.500
DD2100   65385.902   55452.065   62241.143
DD2101   65414.370   55473.826   62267.794
DD2102   65442.847   55495.593   62294.453
DD2103   65471.333   55517.366   62321.121
DD2104   65499.827   55539.145   62347.796
DD2105   65528.331   55560.930   62374.480
DD2106   65556.843   55582.721   62401.172
DD2107   65585.363   55604.518   62427.872
DD2108   65613.891   55626.321   62454.578
DD2109   65642.426   55648.128   62481.291
DD2110   65670.967   55669.939   62508.009
DD2111   65699.514   55691.754   62534.732
DD2112   65728.065   55713.572   62561.460
DD2113   65756.620   55735.393   62588.191
DD2114   65785.179   55757.216   62614.925
DD2115   65813.741   55779.040   62641.662
DD2116   65842.305   55800.866   62668.400
DD2117   65870.871   55822.692   62695.140
DD2118   65899.440   55844.519   62721.882
DD2119   65928.010   55866.347   62748.624
DD2120   65956.583   55888.174   62775.368
DD2121   65985.157   55910.002   62802.112
DD2122   66013.734   55931.831   62828.857
DD2123   66042.314   55953.660   62855.604
DD2124   66070.898   55975.490   62882.353
DD2125   66099.484   55997.322   62909.103
DD2126   66128.076   56019.155   62935.857
DD2127   66156.672   56040.991   62962.614
DD2128   66185.274   56062.829   62989.375
DD2129   66213.882   56084.671   63016.141
DD2130   66242.497   56106.517   63042.913
DD2131   66271.119   56128.368   63069.691
DD2132   66299.749   56150.224   63096.476
DD2133   66328.388   56172.085   63123.269
DD2134   66357.035   56193.952   63150.070
DD2135   66385.692   56215.825   63176.880
DD2136   66414.358   56237.704   63203.698
DD2137   66443.032   56259.590   63230.525
DD2138   66471.716   56281.482   63257.360
DD2139   66500.409   56303.380   63284.204
DD2140   66529.110   56325.284   63311.057
DD2141   66557.819   56347.193   63337.916
DD2142   66586.535   56369.108   63364.783
DD2143   66615.258   56391.027   63391.657
DD2144   66643.988   56412.949   63418.536
DD2145   66672.723   56434.876   63445.421
DD2146   66701.463   56456.805   63472.309
DD2147   66730.207   56478.736   63499.202
DD2148   66758.955   56500.670   63526.097
DD2149   66787.707   56522.604   63552.996
DD2150   66816.462   56544.540   63579.896
DD2151   66845.221   56566.477   63606.798
DD2152   66873.981   56588.414   63633.701
DD2153   66902.745   56610.351   63660.606
DD2154   66931.512   56632.290   63687.512
DD2155   66960.281   56654.228   63714.419
DD2156   66989.054   56676.168   63741.328
DD2157   67017.830   56698.108   63768.239
DD2158   67046.610   56720.050   63795.152
DD2159   67075.394   56741.994   63822.068
DD2160   67104.184   56763.940   63848.987
DD2161   67132.978   56785.888   63875.911
DD2162   67161.779   56807.840   63902.840
DD2163   67190.587   56829.796   63929.774
DD2164   67219.403   56851.756   63956.715
DD2165   67248.227   56873.721   63983.663
DD2166   67277.060   56895.691   64010.619
DD2167   67305.902   56917.667   64037.583
DD2168   67334.755   56939.649   64064.555
DD2169   67363.617   56961.637   64091.536
DD2170   67392.491   56983.631   64118.527
DD2171   67421.375   57005.632   64145.526
DD2172   67450.270   57027.638   64172.535
DD2173   67479.175   57049.650   64199.552
DD2174   67508.090   57071.667   64226.577
DD2175   67537.014   57093.690   64253.610
DD2176   67565.948   57115.717   64280.650
DD2177   67594.889   57137.748   64307.697
DD2178   67623.838   57159.782   64334.750
DD2179   67652.794   57181.818   64361.809
DD2180   67681.756   57203.857   64388.872
DD2181   67710.723   57225.897   64415.939
DD2182   67739.695   57247.938   64443.010
DD2183   67768.672   57269.979   64470.084
DD2184   67797.652   57292.020   64497.161
DD2185   67826.635   57314.061   64524.240
DD2186   67855.622   57336.100   64551.321
DD2187   67884.611   57358.138   64578.405
DD2188   67913.604   57380.175   64605.490
DD2189   67942.600   57402.211   64632.578
DD2190   67971.599   57424.246   64659.668
DD2191   68000.602   57446.279   64686.762
DD2192   68029.609   57468.312   64713.858
DD2193   68058.620   57490.345   64740.959
DD2194   68087.637   57512.378   64768.065
DD2195   68116.659   57534.412   64795.175
DD2196   68145.688   57556.447   64822.292
DD2197   68174.724   57578.485   64849.416
DD2198   68203.767   57600.525   64876.548
DD2199   68232.819   57622.568   64903.688
DD2200   68261.879   57644.615   64930.836
DD2201   68290.949   57666.667   64957.995
DD2202   68320.028   57688.722   64985.163
DD2203   68349.117   57710.783   65012.341
DD2204   68378.216   57732.848   65039.529
DD2205   68407.323   57754.919   65066.727
DD2206   68436.439   57776.993   65093.934
DD2207   68465.564   57799.072   65121.151
DD2208   68494.697   57821.155   65148.376
DD2209   68523.836   57843.241   65175.609
DD2210   68552.981   57865.329   65202.848
DD2211   68582.131   57887.420   65230.094
DD2212   68611.286   57909.512   65257.345
DD2213   68640.444   57931.605   65284.601
DD2214   68669.605   57953.698   65311.859
DD2215   68698.768   57975.791   65339.121
DD2216   68727.933   57997.884   65366.385
DD2217   68757.098   58019.975   65393.650
DD2218   68786.264   58042.066   65420.916
DD2219   68815.430   58064.157   65448.182
DD2220   68844.596   58086.246   65475.450
DD2221   68873.763   58108.335   65502.718
DD2222   68902.929   58130.423   65529.987
DD2223   68932.095   58152.511   65557.256
DD2224   68961.262   58174.600   65584.527
DD2225   68990.430   58196.690   65611.799
DD2226   69019.600   58218.782   65639.074
DD2227   69048.771   58240.876   65666.351
DD2228   69077.946   58262.973   65693.631
DD2229   69107.124   58285.073   65720.916
DD2230   69136.307   58307.179   65748.205
DD2231   69165.495   58329.289   65775.500
DD2232   69194.690   58351.406   65802.801
DD2233   69223.892   58373.529   65830.109
DD2234   69253.102   58395.660   65857.425
DD2235   69282.320   58417.798   65884.749
DD2236   69311.548   58439.945   65912.083
DD2237   69340.785   58462.100   65939.425
DD2238   69370.032   58484.263   65966.777
DD2239   69399.289   58506.435   65994.138
DD2240   69428.555   58528.615   66021.509
DD2241   69457.831   58550.802   66048.889
DD2242   69487.115   58572.997   66076.277
DD2243   69516.408   58595.198   66103.672
DD2244   69545.708   58617.405   66131.075
DD2245   69575.015   58639.617   66158.484
DD2246   69604.329   58661.834   66185.898
DD2247   69633.647   58684.054   66213.317
DD2248   69662.970   58706.277   66240.739
DD2249   69692.297   58728.502   66268.165
DD2250   69721.627   58750.730   66295.593
DD2251   69750.959   58772.958   66323.023
DD2252   69780.292   58795.188   66350.455
DD2253   69809.627   58817.418   66377.889
DD2254   69838.963   58839.648   66405.323
DD2255   69868.299   58861.879   66432.759
DD2256   69897.636   58884.110   66460.196
DD2257   69926.974   58906.341   66487.635
DD2258   69956.313   58928.573   66515.075
DD2259   69985.653   58950.806   66542.516
DD2260   70014.995   58973.040   66569.959
DD2261   70044.340   58995.276   66597.405
DD2262   70073.688   59017.515   66624.854
DD2263   70103.041   59039.756   66652.306
DD2264   70132.400   59062.002   66679.762
DD2265   70161.765   59084.252   66707.223
DD2266   70191.137   59106.508   66734.690
DD2267   70220.519   59128.771   66762.164
DD2268   70249.909   59151.041   66789.644
DD2269   70279.309   59173.318   66817.133
DD2270   70308.720   59195.604   66844.631
DD2271   70338.142   59217.899   66872.137
DD2272   70367.575   59240.203   66899.654
DD2273   70397.018   59262.515   66927.181
DD2274   70426.472   59284.837   66954.717
DD2275   70455.936   59307.167   66982.263
DD2276   70485.410   59329.504   67009.819
DD2277   70514.892   59351.849   67037.384
DD2278   70544.381   59374.200   67064.957
DD2279   70573.878   59396.557   67092.537
DD2280   70603.380   59418.918   67120.124
DD2281   70632.887   59441.283   67147.717
DD2282   70662.399   59463.650   67175.314
DD2283   70691.914   59486.020   67202.914
DD2284   70721.433   59508.391   67230.518
DD2285   70750.954   59530.763   67258.123
DD2286   70780.478   59553.135   67285.729
DD2287   70810.004   59575.508   67313.336
DD2288   70839.532   59597.880   67340.943
DD2289   70869.062   59620.253   67368.550
DD2290   70898.595   59642.626   67396.157
DD2291   70928.131   59665.000   67423.763
DD2292   70957.670   59687.374   67451.371
DD2293   70987.212   59709.750   67478.979
DD2294   71016.758   59732.128   67506.588
DD2295   71046.308   59754.508   67534.200
DD2296   71075.862   59776.891   67561.814
DD2297   71105.422   59799.278   67589.432
DD2298   71134.987   59821.670   67617.055
DD2299   71164.558   59844.066   67644.683
DD2300   71194.136   59866.469   67672.318
DD2301   71223.722   59888.878   67699.961
DD2302   71253.316   59911.293   67727.612
DD2303   71282.918   59933.717   67755.272
DD2304   71312.529   59956.148   67782.942
DD2305   71342.149   59978.588   67810.622
DD2306   71371.779   60001.036   67838.313
DD2307   71401.419   60023.492   67866.015
DD2308   71431.069   60045.957   67893.728
DD2309   71460.728   60068.429   67921.451
DD2310   71490.396   60090.909   67949.184
DD2311   71520.074   60113.396   67976.926
DD2312   71549.759   60135.890   68004.677
DD2313   71579.453   60158.389   68032.436
DD2314   71609.153   60180.893   68060.201
DD2315   71638.861   60203.401   68087.971
DD2316   71668.574   60225.912   68115.746
DD2317   71698.292   60248.425   68143.525
DD2318   71728.014   60270.940   68171.306
DD2319   71757.740   60293.457   68199.088
DD2320   71787.470   60315.973   68226.871
DD2321   71817.202   60338.490   68254.654
DD2322   71846.937   60361.006   68282.437
DD2323   71876.675   60383.522   68310.219
DD2324   71906.414   60406.038   68338.001
DD2325   71936.155   60428.553   68365.782
DD2326   71965.899   60451.068   68393.562
DD2327   71995.644   60473.583   68421.342
DD2328   72025.392   60496.098   68449.123
DD2329   72055.143   60518.615   68476.904
DD2330   72084.897   60541.133   68504.687
DD2331   72114.655   60563.653   68532.472
DD2332   72144.418   60586.177   68560.261
DD2333   72174.186   60608.704   68588.053
DD2334   72203.959   60631.237   68615.850
DD2335   72233.739   60653.775   68643.653
DD2336   72263.527   60676.319   68671.463
DD2337   72293.323   60698.870   68699.280
DD2338   72323.128   60721.430   68727.105
DD2339   72352.943   60743.997   68754.940
DD2340   72382.767   60766.574   68782.783
DD2341   72412.601   60789.159   68810.636
DD2342   72442.446   60811.754   68838.499
DD2343   72472.301   60834.359   68866.373
DD2344   72502.166   60856.972   68894.256
DD2345   72532.040   60879.595   68922.149
DD2346   72561.924   60902.226   68950.052
DD2347   72591.816   60924.865   68977.963
DD2348   72621.716   60947.511   69005.883
DD2349   72651.623   60970.164   69033.810
DD2350   72681.536   60992.822   69061.744
DD2351   72711.455   61015.486   69089.684
DD2352   72741.378   61038.154   69117.630
DD2353   72771.305   61060.825   69145.579
DD2354   72801.234   61083.500   69173.533
DD2355   72831.166   61106.177   69201.489
DD2356   72861.100   61128.855   69229.448
DD2357   72891.036   61151.535   69257.408
DD2358   72920.972   61174.217   69285.370
DD2359   72950.909   61196.899   69313.334
DD2360   72980.847   61219.583   69341.298
DD2361   73010.786   61242.268   69369.264
DD2362   73040.726   61264.954   69397.232
DD2363   73070.667   61287.643   69425.201
DD2364   73100.609   61310.333   69453.172
DD2365   73130.554   61333.026   69481.147
DD2366   73160.502   61355.723   69509.124
DD2367   73190.453   61378.423   69537.106
DD2368   73220.410   61401.128   69565.092
DD2369   73250.371   61423.838   69593.084
DD2370   73280.339   61446.555   69621.082
DD2371   73310.314   61469.278   69649.088
DD2372   73340.298   61492.009   69677.102
DD2373   73370.291   61514.748   69705.124
DD2374   73400.294   61537.496   69733.156
DD2375   73430.308   61560.253   69761.198
DD2376   73460.332   61583.019   69789.250
DD2377   73490.368   61605.794   69817.313
DD2378   73520.415   61628.579   69845.386
DD2379   73550.473   61651.373   69873.469
DD2380   73580.543   61674.176   69901.563
DD2381   73610.622   61696.986   69929.666
DD2382   73640.712   61719.804   69957.778
DD2383   73670.810   61742.629   69985.899
DD2384   73700.917   61765.459   70014.028
DD2385   73731.030   61788.294   70042.163
DD2386   73761.150   61811.134   70070.305
DD2387   73791.275   61833.976   70098.452
DD2388   73821.404   61856.821   70126.603
DD2389   73851.537   61879.667   70154.759
DD2390   73881.672   61902.514   70182.918
DD2391   73911.808   61925.362   70211.080
DD2392   73941.946   61948.209   70239.245
DD2393   73972.085   61971.057   70267.412
DD2394   74002.224   61993.905   70295.581
DD2395   74032.364   62016.752   70323.752
DD2396   74062.504   62039.599   70351.926
DD2397   74092.644   62062.447   70380.102
DD2398   74122.785   62085.296   70408.281
DD2399   74152.928   62108.146   70436.464
DD2400   74183.072   62130.998   70464.650
DD2401   74213.219   62153.854   70492.841
DD2402   74243.370   62176.712   70521.038
DD2403   74273.525   62199.576   70549.240
DD2404   74303.685   62222.445   70577.450
DD2405   74333.852   62245.320   70605.667
DD2406   74364.027   62268.203   70633.893
DD2407   74394.211   62291.093   70662.129
DD2408   74424.404   62313.991   70690.374
DD2409   74454.608   62336.899   70718.629
DD2410   74484.823   62359.816   70746.896
DD2411   74515.049   62382.743   70775.173
DD2412   74545.288   62405.679   70803.462
DD2413   74575.538   62428.624   70831.762
DD2414   74605.800   62451.579   70860.072
DD2415   74636.073   62474.542   70888.394
DD2416   74666.358   62497.513   70916.725
DD2417   74696.652   62520.492   70945.067
DD2418   74726.955   62543.477   70973.417
DD2419   74757.266   62566.468   71001.775
DD2420   74787.585   62589.465   71030.142
DD2421   74817.909   62612.466   71058.515
DD2422   74848.239   62635.472   71086.895
DD2423   74878.573   62658.480   71115.281
DD2424   74908.910   62681.491   71143.672
DD2425   74939.251   62704.505   71172.067
DD2426   74969.593   62727.521   71200.467
DD2427   74999.938   62750.539   71228.871
DD2428   75030.284   62773.558   71257.278
DD2429   75060.632   62796.579   71285.688
DD2430   75090.982   62819.601   71314.101
DD2431   75121.333   62842.624   71342.516
DD2432   75151.687   62865.650   71370.934
DD2433   75182.043   62888.677   71399.355
DD2434   75212.402   62911.706   71427.779
DD2435   75242.764   62934.737   71456.206
DD2436   75273.129   62957.770   71484.637
DD2437   75303.500   62980.807   71513.071
DD2438   75333.875   63003.847   71541.511
DD2439   75364.256   63026.891   71569.955
DD2440   75394.643   63049.939   71598.407
DD2441   75425.038   63072.993   71626.865
DD2442   75455.440   63096.053   71655.332
DD2443   75485.852   63119.119   71683.808
DD2444   75516.273   63142.193   71712.294
DD2445   75546.703   63165.274   71740.790
DD2446   75577.145   63188.364   71769.298
DD2447   75607.597   63211.462   71797.818
DD2448   75638.061   63234.570   71826.350
DD2449   75668.536   63257.686   71854.893
DD2450   75699.022   63280.811   71883.449
DD2451   75729.520   63303.946   71912.016
DD2452   75760.028   63327.088   71940.593
DD2453   75790.546   63350.238   71969.181
DD2454   75821.074   63373.395   71997.778
DD2455   75851.611   63396.558   72026.383
DD2456   75882.155   63419.727   72054.995
DD2457   75912.707   63442.901   72083.614
DD2458   75943.264   63466.078   72112.239
DD2459   75973.826   63489.258   72140.868
DD2460   76004.393   63512.441   72169.501
DD2461   76034.963   63535.626   72198.137
DD2462   76065.537   63558.812   72226.776
DD2463   76096.113   63581.999   72255.417
DD2464   76126.690   63605.187   72284.061
DD2465   76157.270   63628.376   72312.706
DD2466   76187.851   63651.566   72341.352
DD2467   76218.434   63674.756   72370.001
DD2468   76249.019   63697.948   72398.651
DD2469   76279.606   63721.142   72427.304
DD2470   76310.196   63744.338   72455.959
DD2471   76340.789   63767.536   72484.617
DD2472   76371.385   63790.737   72513.279
DD2473   76401.985   63813.942   72541.946
DD2474   76432.591   63837.152   72570.618
DD2475   76463.202   63860.366   72599.296
DD2476   76493.819   63883.587   72627.981
DD2477   76524.445   63906.814   72656.674
DD2478   76555.078   63930.049   72685.376
DD2479   76585.720   63953.291   72714.088
DD2480   76616.372   63976.542   72742.810
DD2481   76647.034   63999.802   72771.544
DD2482   76677.707   64023.071   72800.288
DD2483   76708.391   64046.349   72829.045
DD2484   76739.086   64069.637   72857.813
DD2485   76769.793   64092.933   72886.593
DD2486   76800.511   64116.239   72915.385
DD2487   76831.239   64139.553   72944.188
DD2488   76861.978   64162.875   72973.002
DD2489   76892.726   64186.204   73001.826
DD2490   76923.481   64209.539   73030.657
DD2491   76954.243   64232.878   73059.495
DD2492   76985.008   64256.219   73088.337
DD2493   77015.773   64279.561   73117.181
DD2494   77046.535   64302.899   73146.022
DD2495   77077.288   64326.230   73174.855
DD2496   77108.025   64349.547   73203.674
DD2497   77138.735   64372.843   73232.467
DD2498   77169.403   64396.108   73261.222
DD2499   77200.011   64419.325   73289.921
DD2500   77230.533   64442.477   73318.540
DD2501   77260.936   64465.537   73347.046
DD2502   77291.174   64488.471   73375.399
DD2503   77321.193   64511.239   73403.546
DD2504   77350.921   64533.785   73431.420
DD2505   77380.273   64556.045   73458.941
DD2506   77409.142   64577.939   73486.010
DD2507   77437.403   64599.372   73512.509
DD2508   77464.912   64620.233   73538.303
DD2509   77491.502   64640.398   73563.235
DD2510   77516.988   64659.724   73587.131
DD2511   77541.165   64678.059   73609.801
DD2512   77563.819   64695.238   73631.043
DD2513   77584.723   64711.090   73650.643
DD2514   77603.648   64725.442   73668.390
DD2515   77620.372   64738.125   73684.071
DD2516   77634.681   64748.976   73697.489
DD2517   77646.384   64757.851   73708.463
DD2518   77655.316   64764.624   73716.838
DD2519   77661.346   64769.197   73722.493
DD2520   77664.384   64771.501   73725.342
