#          k/h    CDM            baryon         photon         nu             mass_nu        total          no_nu          total_de       Weyl           v_CDM          v_b            v_b-v_c     
   0.101148E-04   0.243844E+06   0.243844E+06   0.325124E+06   0.325124E+06   0.000000E+00   0.243844E+06   0.243844E+06   0.249483E+06  -0.602675E+00   0.243282E+06   0.243282E+06   0.471038E+00
   0.161830E-04   0.243844E+06   0.243844E+06   0.325122E+06   0.325121E+06   0.000000E+00   0.243844E+06   0.243844E+06   0.249483E+06  -0.602674E+00   0.243281E+06   0.243281E+06   0.753632E+00
   0.258918E-04   0.243844E+06   0.243844E+06   0.325115E+06   0.325114E+06   0.000000E+00   0.243844E+06   0.243844E+06   0.249482E+06  -0.602674E+00   0.243281E+06   0.243281E+06   0.120576E+01
   0.414254E-04   0.243843E+06   0.243843E+06   0.325100E+06   0.325096E+06   0.000000E+00   0.243843E+06   0.243843E+06   0.249482E+06  -0.602672E+00   0.243281E+06   0.243281E+06   0.192914E+01
   0.662782E-04   0.243842E+06   0.243842E+06   0.325060E+06   0.325050E+06   0.000000E+00   0.243842E+06   0.243842E+06   0.249480E+06  -0.602667E+00   0.243280E+06   0.243280E+06   0.308649E+01
   0.106041E-03   0.243839E+06   0.243838E+06   0.324957E+06   0.324933E+06   0.000000E+00   0.243839E+06   0.243839E+06   0.249475E+06  -0.602655E+00   0.243277E+06   0.243277E+06   0.493808E+01
   0.169659E-03   0.243832E+06   0.243829E+06   0.324693E+06   0.324633E+06   0.000000E+00   0.243832E+06   0.243832E+06   0.249463E+06  -0.602624E+00   0.243269E+06   0.243269E+06   0.790015E+01
   0.271445E-03   0.243813E+06   0.243805E+06   0.324020E+06   0.323867E+06   0.000000E+00   0.243812E+06   0.243812E+06   0.249432E+06  -0.602545E+00   0.243251E+06   0.243249E+06   0.126378E+02
   0.434296E-03   0.243766E+06   0.243745E+06   0.322304E+06   0.321912E+06   0.000000E+00   0.243762E+06   0.243762E+06   0.249352E+06  -0.602343E+00   0.243202E+06   0.243197E+06   0.202117E+02
   0.694848E-03   0.243644E+06   0.243590E+06   0.317945E+06   0.316957E+06   0.000000E+00   0.243635E+06   0.243635E+06   0.249149E+06  -0.601828E+00   0.243079E+06   0.243066E+06   0.323046E+02
   0.111171E-02   0.243333E+06   0.243196E+06   0.307027E+06   0.304590E+06   0.000000E+00   0.243311E+06   0.243311E+06   0.248636E+06  -0.600523E+00   0.242763E+06   0.242732E+06   0.515517E+02
   0.177868E-02   0.242546E+06   0.242197E+06   0.280577E+06   0.274917E+06   0.000000E+00   0.242492E+06   0.242492E+06   0.247358E+06  -0.597262E+00   0.241964E+06   0.241883E+06   0.819419E+02
   0.284578E-02   0.240597E+06   0.239709E+06   0.221864E+06   0.210664E+06   0.000000E+00   0.240457E+06   0.240457E+06   0.244305E+06  -0.589408E+00   0.239963E+06   0.239760E+06   0.128997E+03
   0.455307E-02   0.235975E+06   0.233738E+06   0.118346E+06   0.104678E+06   0.000000E+00   0.235623E+06   0.235623E+06   0.237676E+06  -0.572063E+00   0.235128E+06   0.234630E+06   0.198672E+03
   0.728465E-02   0.226026E+06   0.220521E+06   0.218913E+05   0.231091E+05   0.000000E+00   0.225161E+06   0.225161E+06   0.225540E+06  -0.539883E+00   0.224408E+06   0.223230E+06   0.293275E+03
   0.109270E-01   0.210683E+06   0.199188E+06   0.139435E+05   0.134565E+05   0.000000E+00   0.208875E+06   0.208875E+06   0.209117E+06  -0.498453E+00   0.207749E+06   0.205404E+06   0.389532E+03
   0.145693E-01   0.194961E+06   0.176438E+06   0.540073E+04   0.493789E+04   0.000000E+00   0.192048E+06   0.192048E+06   0.192142E+06  -0.457916E+00   0.190937E+06   0.187289E+06   0.454558E+03
   0.182116E-01   0.179399E+06   0.153756E+06   0.387836E+04   0.333002E+04   0.000000E+00   0.175367E+06   0.175367E+06   0.175434E+06  -0.417813E+00   0.174441E+06   0.169537E+06   0.488666E+03
   0.218539E-01   0.164385E+06   0.132417E+06   0.307713E+04   0.209910E+04   0.000000E+00   0.159358E+06   0.159358E+06   0.159412E+06  -0.379627E+00   0.158654E+06   0.152712E+06   0.493442E+03
   0.254963E-01   0.150273E+06   0.113488E+06   0.288114E+04   0.139604E+04   0.000000E+00   0.144488E+06   0.144488E+06   0.144538E+06  -0.344136E+00   0.143990E+06   0.137353E+06   0.472470E+03
   0.291386E-01   0.137352E+06   0.977175E+05   0.102250E+04   0.969323E+03   0.000000E+00   0.131119E+06   0.131119E+06   0.131137E+06  -0.312207E+00   0.130763E+06   0.123842E+06   0.431069E+03
   0.327809E-01   0.125815E+06   0.854554E+05   0.631231E+03   0.697614E+03   0.000000E+00   0.119469E+06   0.119469E+06   0.119480E+06  -0.284418E+00   0.119186E+06   0.112401E+06   0.375651E+03
   0.364232E-01   0.115746E+06   0.766466E+05   0.675347E+03   0.518534E+03   0.000000E+00   0.109597E+06   0.109597E+06   0.109609E+06  -0.260911E+00   0.109326E+06   0.103045E+06   0.313011E+03
   0.400656E-01   0.107110E+06   0.708760E+05   0.333664E+03   0.397120E+03   0.000000E+00   0.101412E+06   0.101412E+06   0.101418E+06  -0.241402E+00   0.101105E+06   0.955954E+05   0.249572E+03
   0.437079E-01   0.997619E+05   0.674493E+05   0.312695E+03   0.312192E+03   0.000000E+00   0.946807E+05   0.946807E+05   0.946861E+05  -0.225369E+00   0.943046E+05   0.897109E+05   0.190754E+03
   0.473502E-01   0.935634E+05   0.656132E+05   0.251529E+03   0.251122E+03   0.000000E+00   0.891682E+05   0.891682E+05   0.891726E+05  -0.212240E+00   0.887168E+05   0.850516E+05   0.140489E+03
   0.509925E-01   0.882079E+05   0.644725E+05   0.205964E+03   0.205629E+03   0.000000E+00   0.844755E+05   0.844755E+05   0.844791E+05  -0.201064E+00   0.839536E+05   0.811118E+05   0.101143E+03
   0.546349E-01   0.834652E+05   0.633212E+05   0.170892E+03   0.170614E+03   0.000000E+00   0.802975E+05   0.802975E+05   0.803005E+05  -0.191116E+00   0.797255E+05   0.775159E+05   0.734008E+02
   0.582772E-01   0.791632E+05   0.616804E+05   0.143117E+03   0.142883E+03   0.000000E+00   0.764140E+05   0.764140E+05   0.764165E+05  -0.181869E+00   0.758245E+05   0.740103E+05   0.565003E+02
   0.619195E-01   0.751428E+05   0.592734E+05   0.120571E+03   0.120374E+03   0.000000E+00   0.726473E+05   0.726473E+05   0.726494E+05  -0.172902E+00   0.720753E+05   0.704161E+05   0.486325E+02
   0.655618E-01   0.712975E+05   0.560577E+05   0.101947E+03   0.101781E+03   0.000000E+00   0.689011E+05   0.689011E+05   0.689028E+05  -0.163984E+00   0.683768E+05   0.666664E+05   0.473479E+02
   0.692042E-01   0.675716E+05   0.521862E+05   0.864126E+02   0.862719E+02   0.000000E+00   0.651522E+05   0.651522E+05   0.651537E+05  -0.155061E+00   0.646960E+05   0.627896E+05   0.499960E+02
   0.728465E-01   0.639710E+05   0.479643E+05   0.734336E+02   0.733145E+02   0.000000E+00   0.614539E+05   0.614539E+05   0.614552E+05  -0.146258E+00   0.610750E+05   0.589035E+05   0.541012E+02
   0.764888E-01   0.605380E+05   0.437620E+05   0.626345E+02   0.625334E+02   0.000000E+00   0.579000E+05   0.579000E+05   0.579011E+05  -0.137799E+00   0.575964E+05   0.551664E+05   0.576599E+02
   0.810154E-01   0.565886E+05   0.390921E+05   0.518023E+02   0.517190E+02   0.000000E+00   0.538372E+05   0.538372E+05   0.538381E+05  -0.128129E+00   0.536105E+05   0.509615E+05   0.593417E+02
   0.855421E-01   0.530601E+05   0.354704E+05   0.433515E+02   0.432820E+02   0.000000E+00   0.502941E+05   0.502941E+05   0.502948E+05  -0.119696E+00   0.501133E+05   0.474257E+05   0.570223E+02
   0.900687E-01   0.499887E+05   0.330867E+05   0.367990E+02   0.367400E+02   0.000000E+00   0.473309E+05   0.473309E+05   0.473315E+05  -0.112643E+00   0.471615E+05   0.446291E+05   0.510294E+02
   0.945953E-01   0.473687E+05   0.318445E+05   0.317052E+02   0.316542E+02   0.000000E+00   0.449275E+05   0.449275E+05   0.449281E+05  -0.106923E+00   0.447416E+05   0.425179E+05   0.426646E+02
   0.991220E-01   0.451401E+05   0.314118E+05   0.276793E+02   0.276346E+02   0.000000E+00   0.429813E+05   0.429813E+05   0.429818E+05  -0.102291E+00   0.427632E+05   0.409259E+05   0.336418E+02
   0.103649E+00   0.431945E+05   0.313257E+05   0.243936E+02   0.243541E+02   0.000000E+00   0.413281E+05   0.413281E+05   0.413286E+05  -0.983559E-01   0.410758E+05   0.396158E+05   0.255658E+02
   0.108175E+00   0.414107E+05   0.311339E+05   0.216031E+02   0.215679E+02   0.000000E+00   0.397946E+05   0.397946E+05   0.397950E+05  -0.947060E-01   0.395172E+05   0.383518E+05   0.195535E+02
   0.112702E+00   0.396933E+05   0.305158E+05   0.191501E+02   0.191189E+02   0.000000E+00   0.382502E+05   0.382502E+05   0.382505E+05  -0.910301E-01   0.379645E+05   0.369675E+05   0.160564E+02
   0.117228E+00   0.379898E+05   0.293420E+05   0.169510E+02   0.169234E+02   0.000000E+00   0.366299E+05   0.366299E+05   0.366302E+05  -0.871740E-01   0.363554E+05   0.353940E+05   0.148855E+02
   0.121755E+00   0.362881E+05   0.276709E+05   0.149728E+02   0.149485E+02   0.000000E+00   0.349330E+05   0.349330E+05   0.349333E+05  -0.831355E-01   0.346862E+05   0.336541E+05   0.153848E+02
   0.126282E+00   0.346086E+05   0.257011E+05   0.132106E+02   0.131892E+02   0.000000E+00   0.332079E+05   0.332079E+05   0.332081E+05  -0.790297E-01   0.329981E+05   0.318375E+05   0.166801E+02
   0.130808E+00   0.329901E+05   0.236975E+05   0.116685E+02   0.116497E+02   0.000000E+00   0.315288E+05   0.315288E+05   0.315290E+05  -0.750337E-01   0.313569E+05   0.300648E+05   0.179286E+02
   0.135335E+00   0.314743E+05   0.219119E+05   0.103464E+02   0.103297E+02   0.000000E+00   0.299706E+05   0.299706E+05   0.299708E+05  -0.713253E-01   0.298293E+05   0.284491E+05   0.185094E+02
   0.139862E+00   0.300949E+05   0.205225E+05   0.923330E+01   0.921845E+01   0.000000E+00   0.285896E+05   0.285896E+05   0.285898E+05  -0.680388E-01   0.284664E+05   0.270699E+05   0.181223E+02
   0.144388E+00   0.288722E+05   0.196017E+05   0.830760E+01   0.829424E+01   0.000000E+00   0.274144E+05   0.274144E+05   0.274146E+05  -0.652419E-01   0.272959E+05   0.259602E+05   0.167901E+02
   0.148915E+00   0.278059E+05   0.191105E+05   0.753837E+01   0.752623E+01   0.000000E+00   0.264385E+05   0.264385E+05   0.264387E+05  -0.629193E-01   0.263139E+05   0.251008E+05   0.147850E+02
   0.153442E+00   0.268703E+05   0.189169E+05   0.688934E+01   0.687821E+01   0.000000E+00   0.256196E+05   0.256196E+05   0.256197E+05  -0.609703E-01   0.254827E+05   0.244249E+05   0.125118E+02
   0.157968E+00   0.260222E+05   0.188402E+05   0.632501E+01   0.631476E+01   0.000000E+00   0.248928E+05   0.248928E+05   0.248929E+05  -0.592407E-01   0.247425E+05   0.238389E+05   0.103814E+02
   0.162495E+00   0.252186E+05   0.187081E+05   0.581711E+01   0.580767E+01   0.000000E+00   0.241948E+05   0.241948E+05   0.241949E+05  -0.575795E-01   0.240343E+05   0.232547E+05   0.870790E+01
   0.167021E+00   0.244292E+05   0.184010E+05   0.534751E+01   0.533882E+01   0.000000E+00   0.234813E+05   0.234813E+05   0.234814E+05  -0.558813E-01   0.233175E+05   0.226136E+05   0.764877E+01
   0.171548E+00   0.236375E+05   0.178691E+05   0.490718E+01   0.489920E+01   0.000000E+00   0.227305E+05   0.227305E+05   0.227305E+05  -0.540944E-01   0.225714E+05   0.218912E+05   0.719685E+01
   0.176075E+00   0.228382E+05   0.171304E+05   0.449374E+01   0.448644E+01   0.000000E+00   0.219407E+05   0.219407E+05   0.219408E+05  -0.522149E-01   0.217931E+05   0.210934E+05   0.721266E+01
   0.180601E+00   0.220381E+05   0.162573E+05   0.410933E+01   0.410267E+01   0.000000E+00   0.211290E+05   0.211290E+05   0.211291E+05  -0.502833E-01   0.209967E+05   0.202522E+05   0.748161E+01
   0.185128E+00   0.212554E+05   0.153549E+05   0.375834E+01   0.375226E+01   0.000000E+00   0.203275E+05   0.203275E+05   0.203276E+05  -0.483759E-01   0.202109E+05   0.194176E+05   0.777794E+01
   0.189655E+00   0.205127E+05   0.145287E+05   0.344458E+01   0.343902E+01   0.000000E+00   0.195717E+05   0.195717E+05   0.195718E+05  -0.465771E-01   0.194685E+05   0.186409E+05   0.792011E+01
   0.194181E+00   0.198265E+05   0.138550E+05   0.316907E+01   0.316396E+01   0.000000E+00   0.188874E+05   0.188874E+05   0.188875E+05  -0.449487E-01   0.187933E+05   0.179582E+05   0.780559E+01
   0.198708E+00   0.192030E+05   0.133654E+05   0.292953E+01   0.292481E+01   0.000000E+00   0.182850E+05   0.182850E+05   0.182851E+05  -0.435150E-01   0.181947E+05   0.173824E+05   0.741980E+01
   0.203234E+00   0.186403E+05   0.130481E+05   0.272133E+01   0.271694E+01   0.000000E+00   0.177610E+05   0.177610E+05   0.177610E+05  -0.422678E-01   0.176698E+05   0.169058E+05   0.682224E+01
   0.207761E+00   0.181304E+05   0.128574E+05   0.253855E+01   0.253445E+01   0.000000E+00   0.173012E+05   0.173012E+05   0.173012E+05  -0.411736E-01   0.172061E+05   0.165058E+05   0.611775E+01
   0.212288E+00   0.176598E+05   0.127283E+05   0.237491E+01   0.237106E+01   0.000000E+00   0.168843E+05   0.168843E+05   0.168843E+05  -0.401814E-01   0.167845E+05   0.161502E+05   0.542284E+01
   0.216814E+00   0.172125E+05   0.125934E+05   0.222477E+01   0.222116E+01   0.000000E+00   0.164862E+05   0.164862E+05   0.164862E+05  -0.392339E-01   0.163828E+05   0.158052E+05   0.483543E+01
   0.221341E+00   0.167746E+05   0.124002E+05   0.208398E+01   0.208060E+01   0.000000E+00   0.160868E+05   0.160868E+05   0.160868E+05  -0.382835E-01   0.159823E+05   0.154439E+05   0.441447E+01
   0.225868E+00   0.163375E+05   0.121224E+05   0.195024E+01   0.194707E+01   0.000000E+00   0.156747E+05   0.156747E+05   0.156747E+05  -0.373027E-01   0.155720E+05   0.150527E+05   0.417257E+01
   0.230394E+00   0.158983E+05   0.117612E+05   0.182287E+01   0.181992E+01   0.000000E+00   0.152478E+05   0.152478E+05   0.152478E+05  -0.362868E-01   0.151497E+05   0.146316E+05   0.408118E+01
   0.234921E+00   0.154595E+05   0.113406E+05   0.170233E+01   0.169958E+01   0.000000E+00   0.148118E+05   0.148118E+05   0.148119E+05  -0.352494E-01   0.147201E+05   0.141914E+05   0.408461E+01
   0.239447E+00   0.150276E+05   0.108990E+05   0.158967E+01   0.158710E+01   0.000000E+00   0.143784E+05   0.143784E+05   0.143784E+05  -0.342178E-01   0.142934E+05   0.137502E+05   0.411778E+01
   0.243974E+00   0.146113E+05   0.104777E+05   0.148598E+01   0.148358E+01   0.000000E+00   0.139613E+05   0.139613E+05   0.139613E+05  -0.332251E-01   0.138825E+05   0.133283E+05   0.412304E+01
   0.248501E+00   0.142181E+05   0.101099E+05   0.139186E+01   0.138962E+01   0.000000E+00   0.135721E+05   0.135721E+05   0.135721E+05  -0.322989E-01   0.134981E+05   0.129418E+05   0.406238E+01
   0.253027E+00   0.138519E+05   0.981314E+04   0.130719E+01   0.130508E+01   0.000000E+00   0.132168E+05   0.132168E+05   0.132168E+05  -0.314534E-01   0.131456E+05   0.125987E+05   0.392272E+01
   0.257554E+00   0.135126E+05   0.958732E+04   0.123112E+01   0.122913E+01   0.000000E+00   0.128953E+05   0.128953E+05   0.128953E+05  -0.306883E-01   0.128250E+05   0.122979E+05   0.371432E+01
   0.262081E+00   0.131972E+05   0.941823E+04   0.116242E+01   0.116054E+01   0.000000E+00   0.126030E+05   0.126030E+05   0.126030E+05  -0.299927E-01   0.125321E+05   0.120319E+05   0.346396E+01
   0.266607E+00   0.129014E+05   0.928302E+04   0.109966E+01   0.109788E+01   0.000000E+00   0.123324E+05   0.123324E+05   0.123325E+05  -0.293488E-01   0.122605E+05   0.117896E+05   0.320544E+01
   0.271134E+00   0.126194E+05   0.915605E+04   0.104148E+01   0.103979E+01   0.000000E+00   0.120748E+05   0.120748E+05   0.120748E+05  -0.287356E-01   0.120019E+05   0.115581E+05   0.297034E+01
   0.275661E+00   0.123452E+05   0.901497E+04   0.986715E+00   0.985116E+00   0.000000E+00   0.118215E+05   0.118215E+05   0.118215E+05  -0.281328E-01   0.117484E+05   0.113260E+05   0.278088E+01
   0.280187E+00   0.120743E+05   0.884581E+04   0.934616E+00   0.933102E+00   0.000000E+00   0.115666E+05   0.115666E+05   0.115666E+05  -0.275262E-01   0.114944E+05   0.110858E+05   0.264620E+01
   0.284714E+00   0.118049E+05   0.864544E+04   0.884852E+00   0.883419E+00   0.000000E+00   0.113080E+05   0.113080E+05   0.113081E+05  -0.269109E-01   0.112377E+05   0.108358E+05   0.256236E+01
   0.289240E+00   0.115376E+05   0.842049E+04   0.837438E+00   0.836082E+00   0.000000E+00   0.110474E+05   0.110474E+05   0.110474E+05  -0.262907E-01   0.109798E+05   0.105789E+05   0.251549E+01
   0.293767E+00   0.112746E+05   0.818395E+04   0.792571E+00   0.791288E+00   0.000000E+00   0.107886E+05   0.107886E+05   0.107886E+05  -0.256746E-01   0.107241E+05   0.103216E+05   0.248678E+01
   0.298294E+00   0.110185E+05   0.795091E+04   0.750486E+00   0.749272E+00   0.000000E+00   0.105361E+05   0.105361E+05   0.105361E+05  -0.250739E-01   0.104747E+05   0.100708E+05   0.245763E+01
   0.302820E+00   0.107722E+05   0.773489E+04   0.711354E+00   0.710204E+00   0.000000E+00   0.102945E+05   0.102945E+05   0.102946E+05  -0.244990E-01   0.102357E+05   0.983291E+04   0.241394E+01
   0.307347E+00   0.105376E+05   0.754496E+04   0.675215E+00   0.674123E+00   0.000000E+00   0.100670E+05   0.100670E+05   0.100670E+05  -0.239575E-01   0.100100E+05   0.961228E+04   0.234847E+01
   0.311874E+00   0.103158E+05   0.738406E+04   0.641942E+00   0.640904E+00   0.000000E+00   0.985476E+04   0.985476E+04   0.985477E+04  -0.234524E-01   0.979885E+04   0.941027E+04   0.226132E+01
   0.316400E+00   0.101061E+05   0.724901E+04   0.611256E+00   0.610268E+00   0.000000E+00   0.965681E+04   0.965681E+04   0.965683E+04  -0.229813E-01   0.960144E+04   0.922513E+04   0.215858E+01
   0.320927E+00   0.990674E+04   0.713205E+04   0.582783E+00   0.581840E+00   0.000000E+00   0.947041E+04   0.947041E+04   0.947042E+04  -0.225377E-01   0.941521E+04   0.905275E+04   0.204979E+01
   0.325453E+00   0.971529E+04   0.702347E+04   0.556130E+00   0.555229E+00   0.000000E+00   0.929200E+04   0.929200E+04   0.929201E+04  -0.221131E-01   0.923686E+04   0.888808E+04   0.194502E+01
   0.329980E+00   0.952950E+04   0.691428E+04   0.530958E+00   0.530098E+00   0.000000E+00   0.911825E+04   0.911825E+04   0.911826E+04  -0.216996E-01   0.906335E+04   0.872655E+04   0.185244E+01
   0.334507E+00   0.934764E+04   0.679809E+04   0.507019E+00   0.506198E+00   0.000000E+00   0.894673E+04   0.894673E+04   0.894673E+04  -0.212914E-01   0.889240E+04   0.856495E+04   0.177664E+01
   0.339033E+00   0.916871E+04   0.667211E+04   0.484165E+00   0.483380E+00   0.000000E+00   0.877611E+04   0.877611E+04   0.877612E+04  -0.208854E-01   0.872277E+04   0.840181E+04   0.171819E+01
   0.343560E+00   0.899234E+04   0.653707E+04   0.462331E+00   0.461583E+00   0.000000E+00   0.860625E+04   0.860625E+04   0.860626E+04  -0.204811E-01   0.855424E+04   0.823733E+04   0.167416E+01
   0.348087E+00   0.881889E+04   0.639661E+04   0.441523E+00   0.440808E+00   0.000000E+00   0.843798E+04   0.843798E+04   0.843799E+04  -0.200807E-01   0.838751E+04   0.807309E+04   0.163939E+01
   0.352613E+00   0.864920E+04   0.625600E+04   0.421778E+00   0.421096E+00   0.000000E+00   0.827287E+04   0.827287E+04   0.827287E+04  -0.196878E-01   0.822396E+04   0.791155E+04   0.160800E+01
   0.357140E+00   0.848435E+04   0.612065E+04   0.403140E+00   0.402488E+00   0.000000E+00   0.811265E+04   0.811265E+04   0.811266E+04  -0.193065E-01   0.806519E+04   0.775529E+04   0.157488E+01
   0.361667E+00   0.832523E+04   0.599473E+04   0.385623E+00   0.384999E+00   0.000000E+00   0.795876E+04   0.795876E+04   0.795877E+04  -0.189402E-01   0.791251E+04   0.760629E+04   0.153670E+01
   0.366193E+00   0.817234E+04   0.588036E+04   0.369200E+00   0.368603E+00   0.000000E+00   0.781192E+04   0.781192E+04   0.781193E+04  -0.185908E-01   0.776661E+04   0.746550E+04   0.149236E+01
   0.370720E+00   0.802563E+04   0.577735E+04   0.353804E+00   0.353231E+00   0.000000E+00   0.767208E+04   0.767208E+04   0.767209E+04  -0.182580E-01   0.762745E+04   0.733274E+04   0.144282E+01
   0.375246E+00   0.788462E+04   0.568363E+04   0.339334E+00   0.338785E+00   0.000000E+00   0.753852E+04   0.753852E+04   0.753852E+04  -0.179401E-01   0.749437E+04   0.720688E+04   0.139050E+01
   0.379773E+00   0.774852E+04   0.559592E+04   0.325679E+00   0.325152E+00   0.000000E+00   0.741002E+04   0.741002E+04   0.741003E+04  -0.176344E-01   0.736628E+04   0.708621E+04   0.133845E+01
   0.384300E+00   0.761641E+04   0.551074E+04   0.312728E+00   0.312222E+00   0.000000E+00   0.728530E+04   0.728530E+04   0.728530E+04  -0.173375E-01   0.724195E+04   0.696891E+04   0.128951E+01
   0.388826E+00   0.748752E+04   0.542521E+04   0.300391E+00   0.299905E+00   0.000000E+00   0.716322E+04   0.716322E+04   0.716323E+04  -0.170470E-01   0.712037E+04   0.685350E+04   0.124568E+01
   0.393353E+00   0.736129E+04   0.533757E+04   0.288602E+00   0.288135E+00   0.000000E+00   0.704306E+04   0.704306E+04   0.704307E+04  -0.167611E-01   0.700083E+04   0.673907E+04   0.120778E+01
   0.397880E+00   0.723741E+04   0.524739E+04   0.277320E+00   0.276871E+00   0.000000E+00   0.692448E+04   0.692448E+04   0.692448E+04  -0.164789E-01   0.688300E+04   0.662531E+04   0.117545E+01
   0.402406E+00   0.711580E+04   0.515541E+04   0.266525E+00   0.266094E+00   0.000000E+00   0.680753E+04   0.680753E+04   0.680754E+04  -0.162005E-01   0.676690E+04   0.651250E+04   0.114742E+01
   0.406933E+00   0.699667E+04   0.506323E+04   0.256214E+00   0.255799E+00   0.000000E+00   0.669264E+04   0.669264E+04   0.669264E+04  -0.159271E-01   0.665289E+04   0.640134E+04   0.112194E+01
   0.411459E+00   0.688036E+04   0.497282E+04   0.246389E+00   0.245990E+00   0.000000E+00   0.658040E+04   0.658040E+04   0.658040E+04  -0.156600E-01   0.654152E+04   0.629276E+04   0.109728E+01
   0.415986E+00   0.676719E+04   0.488592E+04   0.237049E+00   0.236666E+00   0.000000E+00   0.647135E+04   0.647135E+04   0.647136E+04  -0.154005E-01   0.643328E+04   0.618756E+04   0.107205E+01
   0.420513E+00   0.665733E+04   0.480363E+04   0.228185E+00   0.227816E+00   0.000000E+00   0.636583E+04   0.636583E+04   0.636584E+04  -0.151494E-01   0.632845E+04   0.608621E+04   0.104551E+01
   0.425039E+00   0.655083E+04   0.472630E+04   0.219776E+00   0.219420E+00   0.000000E+00   0.626392E+04   0.626392E+04   0.626392E+04  -0.149069E-01   0.622713E+04   0.598882E+04   0.101759E+01
   0.429566E+00   0.644760E+04   0.465357E+04   0.211793E+00   0.211450E+00   0.000000E+00   0.616549E+04   0.616549E+04   0.616549E+04  -0.146726E-01   0.612920E+04   0.589518E+04   0.988754E+00
   0.434093E+00   0.634745E+04   0.458454E+04   0.204203E+00   0.203872E+00   0.000000E+00   0.607023E+04   0.607023E+04   0.607024E+04  -0.144459E-01   0.603439E+04   0.580481E+04   0.959837E+00
   0.438619E+00   0.625004E+04   0.451797E+04   0.196968E+00   0.196649E+00   0.000000E+00   0.597767E+04   0.597767E+04   0.597767E+04  -0.142256E-01   0.594225E+04   0.571707E+04   0.931749E+00
   0.443146E+00   0.615498E+04   0.445262E+04   0.190054E+00   0.189746E+00   0.000000E+00   0.588728E+04   0.588728E+04   0.588729E+04  -0.140105E-01   0.585229E+04   0.563126E+04   0.905260E+00
   0.447672E+00   0.606197E+04   0.438758E+04   0.183431E+00   0.183135E+00   0.000000E+00   0.579867E+04   0.579867E+04   0.579867E+04  -0.137997E-01   0.576414E+04   0.554687E+04   0.880831E+00
   0.452199E+00   0.597084E+04   0.432241E+04   0.177080E+00   0.176793E+00   0.000000E+00   0.571162E+04   0.571162E+04   0.571162E+04  -0.135925E-01   0.567759E+04   0.546368E+04   0.858555E+00
   0.456726E+00   0.588151E+04   0.425713E+04   0.170985E+00   0.170709E+00   0.000000E+00   0.562607E+04   0.562607E+04   0.562608E+04  -0.133889E-01   0.559258E+04   0.538165E+04   0.838195E+00
   0.461252E+00   0.579398E+04   0.419213E+04   0.165139E+00   0.164872E+00   0.000000E+00   0.554208E+04   0.554208E+04   0.554209E+04  -0.131890E-01   0.550915E+04   0.530094E+04   0.819286E+00
   0.465779E+00   0.570829E+04   0.412798E+04   0.159536E+00   0.159278E+00   0.000000E+00   0.545978E+04   0.545978E+04   0.545978E+04  -0.129932E-01   0.542741E+04   0.522177E+04   0.801272E+00
   0.470306E+00   0.562452E+04   0.406533E+04   0.154170E+00   0.153921E+00   0.000000E+00   0.537933E+04   0.537933E+04   0.537934E+04  -0.128017E-01   0.534750E+04   0.514444E+04   0.783646E+00
   0.474832E+00   0.554275E+04   0.400469E+04   0.149036E+00   0.148795E+00   0.000000E+00   0.530089E+04   0.530089E+04   0.530089E+04  -0.126150E-01   0.526957E+04   0.506915E+04   0.766042E+00
   0.479359E+00   0.546301E+04   0.394635E+04   0.144127E+00   0.143894E+00   0.000000E+00   0.522452E+04   0.522452E+04   0.522452E+04  -0.124333E-01   0.519366E+04   0.499602E+04   0.748294E+00
   0.483885E+00   0.538529E+04   0.389032E+04   0.139432E+00   0.139207E+00   0.000000E+00   0.515021E+04   0.515021E+04   0.515021E+04  -0.122564E-01   0.511978E+04   0.492504E+04   0.730431E+00
   0.488412E+00   0.530951E+04   0.383640E+04   0.134939E+00   0.134721E+00   0.000000E+00   0.507786E+04   0.507786E+04   0.507786E+04  -0.120843E-01   0.504783E+04   0.485605E+04   0.712633E+00
   0.492939E+00   0.523555E+04   0.378418E+04   0.130634E+00   0.130423E+00   0.000000E+00   0.500732E+04   0.500732E+04   0.500732E+04  -0.119164E-01   0.497766E+04   0.478885E+04   0.695155E+00
   0.497465E+00   0.516327E+04   0.373322E+04   0.126504E+00   0.126300E+00   0.000000E+00   0.493839E+04   0.493839E+04   0.493839E+04  -0.117524E-01   0.490910E+04   0.472319E+04   0.678256E+00
   0.501992E+00   0.509252E+04   0.368313E+04   0.122537E+00   0.122339E+00   0.000000E+00   0.487090E+04   0.487090E+04   0.487090E+04  -0.115917E-01   0.484197E+04   0.465883E+04   0.662131E+00
   0.506519E+00   0.502322E+04   0.363363E+04   0.118722E+00   0.118530E+00   0.000000E+00   0.480470E+04   0.480470E+04   0.480471E+04  -0.114342E-01   0.477615E+04   0.459562E+04   0.646877E+00
   0.511045E+00   0.495528E+04   0.358460E+04   0.115051E+00   0.114865E+00   0.000000E+00   0.473974E+04   0.473974E+04   0.473974E+04  -0.112796E-01   0.471157E+04   0.453348E+04   0.632482E+00
   0.515572E+00   0.488865E+04   0.353608E+04   0.111518E+00   0.111338E+00   0.000000E+00   0.467596E+04   0.467596E+04   0.467596E+04  -0.111278E-01   0.464819E+04   0.447239E+04   0.618842E+00
   0.520099E+00   0.482334E+04   0.348822E+04   0.108118E+00   0.107943E+00   0.000000E+00   0.461339E+04   0.461339E+04   0.461339E+04  -0.109789E-01   0.458601E+04   0.441241E+04   0.605798E+00
   0.524625E+00   0.475935E+04   0.344120E+04   0.104847E+00   0.104677E+00   0.000000E+00   0.455207E+04   0.455207E+04   0.455207E+04  -0.108330E-01   0.452507E+04   0.435361E+04   0.593177E+00
   0.529152E+00   0.469668E+04   0.339523E+04   0.101700E+00   0.101536E+00   0.000000E+00   0.449203E+04   0.449203E+04   0.449203E+04  -0.106901E-01   0.446541E+04   0.429606E+04   0.580832E+00
   0.533678E+00   0.463535E+04   0.335046E+04   0.986747E-01   0.985150E-01   0.000000E+00   0.443330E+04   0.443330E+04   0.443330E+04  -0.105503E-01   0.440704E+04   0.423983E+04   0.568662E+00
   0.538205E+00   0.457534E+04   0.330692E+04   0.957652E-01   0.956102E-01   0.000000E+00   0.437588E+04   0.437588E+04   0.437588E+04  -0.104137E-01   0.434997E+04   0.418490E+04   0.556629E+00
   0.542732E+00   0.451662E+04   0.326460E+04   0.929664E-01   0.928160E-01   0.000000E+00   0.431974E+04   0.431974E+04   0.431974E+04  -0.102801E-01   0.429415E+04   0.413125E+04   0.544750E+00
   0.547258E+00   0.445914E+04   0.322337E+04   0.902729E-01   0.901268E-01   0.000000E+00   0.426482E+04   0.426482E+04   0.426482E+04  -0.101494E-01   0.423954E+04   0.407880E+04   0.533080E+00
   0.551785E+00   0.440286E+04   0.318311E+04   0.876791E-01   0.875372E-01   0.000000E+00   0.421105E+04   0.421105E+04   0.421105E+04  -0.100214E-01   0.418608E+04   0.402747E+04   0.521693E+00
   0.556312E+00   0.434770E+04   0.314366E+04   0.851794E-01   0.850416E-01   0.000000E+00   0.415837E+04   0.415837E+04   0.415837E+04  -0.989606E-02   0.413369E+04   0.397716E+04   0.510656E+00
   0.605612E+00   0.381047E+04   0.275499E+04   0.629935E-01   0.628915E-01   0.000000E+00   0.364450E+04   0.364450E+04   0.364450E+04  -0.867315E-02   0.362287E+04   0.348564E+04   0.411262E+00
   0.739697E+00   0.278126E+04   0.201115E+04   0.308215E-01   0.307716E-01   0.000000E+00   0.266016E+04   0.266016E+04   0.266016E+04  -0.633062E-02   0.264435E+04   0.254427E+04   0.245570E+00
   0.903467E+00   0.201900E+04   0.146000E+04   0.149981E-01   0.149739E-01   0.000000E+00   0.193110E+04   0.193110E+04   0.193110E+04  -0.459562E-02   0.191962E+04   0.184699E+04   0.145906E+00
   0.110350E+01   0.145850E+04   0.105472E+04   0.726262E-02   0.725087E-02   0.000000E+00   0.139501E+04   0.139501E+04   0.139501E+04  -0.331982E-02   0.138671E+04   0.133426E+04   0.862723E-01
   0.134782E+01   0.104896E+04   0.758576E+03   0.350132E-02   0.349565E-02   0.000000E+00   0.100330E+04   0.100330E+04   0.100330E+04  -0.238764E-02   0.997329E+03   0.959610E+03   0.507906E-01
   0.164622E+01   0.751404E+03   0.543402E+03   0.168124E-02   0.167852E-02   0.000000E+00   0.718695E+03   0.718695E+03   0.718695E+03  -0.171035E-02   0.714419E+03   0.687403E+03   0.297841E-01
   0.201070E+01   0.536307E+03   0.387853E+03   0.804368E-03   0.803067E-03   0.000000E+00   0.512962E+03   0.512962E+03   0.512962E+03  -0.122074E-02   0.509909E+03   0.490628E+03   0.174036E-01
