6.36402960687 0.494368 0.494002 0.499007 0.498368 0.498002 0.503007 5
6.24590439422 0.494391 0.49401 0.498954 0.498391 0.49801 0.502954 5
6.13238754544 0.494391 0.493964 0.498969 0.498391 0.497964 0.502969 5
6.02319745036 0.494391 0.493903 0.498969 0.498391 0.497903 0.502969 5
5.99654864503 0.494391 0.493888 0.498969 0.498391 0.497888 0.502969 5
5.97014439277 0.494376 0.493857 0.498969 0.498376 0.497857 0.502969 5
5.9439890382 0.494376 0.493842 0.498969 0.498376 0.497842 0.502969 5
5.91807660047 0.494372 0.493815 0.498965 0.498372 0.497815 0.502965 5
5.89240348214 0.494365 0.493792 0.498973 0.498365 0.497792 0.502973 5
5.86696615838 0.494363 0.493771 0.498971 0.498363 0.497771 0.502971 5
5.84176117534 0.494364 0.493746 0.498968 0.498364 0.497746 0.502968 5
5.81678514836 0.494354 0.493727 0.498972 0.498354 0.497727 0.502972 5
5.79203476016 0.49435 0.493708 0.498974 0.49835 0.497708 0.502974 5
5.76750675919 0.494347 0.493684 0.498978 0.498347 0.497684 0.502978 5
5.74319795799 0.494347 0.493657 0.49899 0.498347 0.497657 0.50299 5
5.71910523154 0.494336 0.493642 0.498982 0.498336 0.497642 0.502982 5
5.69522551575 0.494332 0.493619 0.498986 0.498332 0.497619 0.502986 5
5.67155580594 0.494328 0.493596 0.498986 0.498328 0.497596 0.502986 5
5.64809315541 0.494325 0.493573 0.498986 0.498325 0.497573 0.502986 5
5.62483467398 0.494321 0.49355 0.498986 0.498321 0.49755 0.502986 5
5.60177752664 0.494317 0.493527 0.498994 0.498317 0.497527 0.502994 5
5.57891893223 0.494313 0.493508 0.498994 0.498313 0.497508 0.502994 5
5.55625616212 0.494313 0.493485 0.498998 0.498313 0.497485 0.502998 5
5.53378653897 0.494305 0.493466 0.498998 0.498305 0.497466 0.502998 5
5.5115074355 0.494298 0.493443 0.498994 0.498298 0.497443 0.502994 5
5.48941627331 0.494294 0.493424 0.498998 0.498294 0.497424 0.502998 5
5.46751052172 0.49429 0.493401 0.498994 0.49829 0.497401 0.502994 5
5.44578769668 0.494286 0.493378 0.498998 0.498286 0.497378 0.502998 5
5.42424535963 0.494283 0.493356 0.499001 0.498283 0.497356 0.503001 5
5.40288111651 0.494279 0.493333 0.498998 0.498279 0.497333 0.502998 5
5.38169261666 0.494271 0.493314 0.499001 0.498271 0.497314 0.503001 5
5.36067755189 0.494267 0.493291 0.498998 0.498267 0.497291 0.502998 5
5.33983365548 0.494264 0.493268 0.498998 0.498264 0.497268 0.502998 5
5.3191587012 0.49426 0.493249 0.499001 0.49826 0.497249 0.503001 5
5.29865050248 0.494252 0.493226 0.499005 0.498252 0.497226 0.503005 5
5.27830691142 0.494248 0.493203 0.499009 0.498248 0.497203 0.503009 5
5.25812581801 0.494244 0.49318 0.499009 0.498244 0.49718 0.503009 5
5.2381051492 0.494237 0.493161 0.499013 0.498237 0.497161 0.503013 5
5.21824286815 0.494233 0.493138 0.499009 0.498233 0.497138 0.503009 5
5.19853697339 0.494229 0.493115 0.499009 0.498229 0.497115 0.503009 5
5.17898549807 0.494222 0.493096 0.499009 0.498222 0.497096 0.503009 5
5.15958650916 0.494218 0.493077 0.499017 0.498218 0.497077 0.503017 5
5.14033810674 0.494214 0.493058 0.49902 0.498214 0.497058 0.50302 5
5.1212384233 0.494207 0.493038 0.499019 0.498207 0.497038 0.503019 5
5.102285623 0.494203 0.493017 0.499021 0.498203 0.497017 0.503021 5
5.08347790102 0.494196 0.492994 0.499021 0.498196 0.496994 0.503021 5
5.06481348287 0.49419 0.492973 0.499023 0.49819 0.496973 0.503023 5
5.04629062378 0.494184 0.492952 0.499023 0.498184 0.496952 0.503023 5
5.02790760803 0.494179 0.492931 0.499023 0.498179 0.496931 0.503023 5
5.00966274837 0.494173 0.492908 0.499023 0.498173 0.496908 0.503023 5
4.99155534646 0.494167 0.492887 0.499025 0.498167 0.496887 0.503025 5
4.97358088686 0.494165 0.49287 0.499021 0.498165 0.49687 0.503021 5
4.95574064767 0.494158 0.492847 0.499025 0.498158 0.496847 0.503025 5
4.93803208824 0.494154 0.492826 0.499025 0.498154 0.496826 0.503025 5
4.92045365504 0.494148 0.492807 0.499025 0.498148 0.496807 0.503025 5
4.90300381948 0.494142 0.492786 0.499027 0.498142 0.496786 0.503027 5
4.88568107758 0.494137 0.492767 0.499029 0.498137 0.496767 0.503029 5
4.86848394941 0.494129 0.492748 0.499029 0.498129 0.496748 0.503029 5
4.85141097864 0.494125 0.492727 0.499031 0.498125 0.496727 0.503031 5
4.83446073204 0.494121 0.492708 0.499033 0.498121 0.496708 0.503033 5
4.81763179903 0.494116 0.492687 0.499033 0.498116 0.496687 0.503033 5
4.80092279121 0.494108 0.492666 0.499033 0.498108 0.496666 0.503033 5
4.78433234194 0.494102 0.492645 0.499033 0.498102 0.496645 0.503033 5
4.76785910589 0.494097 0.492624 0.499033 0.498097 0.496624 0.503033 5
4.75150175863 0.494091 0.492601 0.499033 0.498091 0.496601 0.503033 5
4.7352589962 0.494083 0.492584 0.499035 0.498083 0.496584 0.503035 5
4.71912953474 0.494076 0.492565 0.499033 0.498076 0.496565 0.503033 5
4.70311211006 0.494072 0.492546 0.499035 0.498072 0.496546 0.503035 5
4.68720547731 0.494062 0.492525 0.499035 0.498062 0.496525 0.503035 5
4.67140841054 0.494057 0.492506 0.499037 0.498057 0.496506 0.503037 5
4.65571970238 0.494051 0.492487 0.499039 0.498051 0.496487 0.503039 5
4.64013816369 0.494045 0.492466 0.499037 0.498045 0.496466 0.503037 5
4.62466262316 0.494041 0.492445 0.49904 0.498041 0.496445 0.50304 5
4.60929192703 0.494036 0.492426 0.49904 0.498036 0.496426 0.50304 5
4.59402493874 0.494028 0.492407 0.49904 0.498028 0.496407 0.50304 5
4.57886053856 0.494022 0.492386 0.49904 0.498022 0.496386 0.50304 5
4.56379762334 0.494017 0.492367 0.499042 0.498017 0.496367 0.503042 5
4.54883510616 0.494011 0.492348 0.499042 0.498011 0.496348 0.503042 5
4.53397191604 0.494005 0.492327 0.499046 0.498005 0.496327 0.503046 5
4.51920699764 0.493999 0.492308 0.499046 0.497999 0.496308 0.503046 5
4.50453931097 0.493994 0.492288 0.499046 0.497994 0.496288 0.503046 5
4.4899678311 0.49399 0.492269 0.499046 0.49799 0.496269 0.503046 5
4.47549154791 0.493982 0.49225 0.499048 0.497982 0.49625 0.503048 5
4.46110946578 0.493976 0.492231 0.499048 0.497976 0.496231 0.503048 5
4.44682060335 0.493969 0.49221 0.499046 0.497969 0.49621 0.503046 5
4.43262399328 0.493965 0.492189 0.499046 0.497965 0.496189 0.503046 5
4.41851868194 0.493961 0.492168 0.499048 0.497961 0.496168 0.503048 5
4.40450372922 0.493955 0.492147 0.499046 0.497955 0.496147 0.503046 5
4.39057820826 0.493954 0.492128 0.499048 0.497954 0.496128 0.503048 5
4.37674120521 0.493948 0.492109 0.49905 0.497948 0.496109 0.50305 5
4.36299181901 0.493942 0.49209 0.499048 0.497942 0.49609 0.503048 5
4.34932916116 0.493938 0.492069 0.499048 0.497938 0.496069 0.503048 5
4.3357523555 0.493934 0.49205 0.499048 0.497934 0.49605 0.503048 5
4.32226053798 0.493931 0.492031 0.499048 0.497931 0.496031 0.503048 5
4.30885285647 0.493927 0.492012 0.499048 0.497927 0.496012 0.503048 5
4.29552847053 0.493921 0.491991 0.499048 0.497921 0.495991 0.503048 5
4.28228655122 0.493915 0.491974 0.499048 0.497915 0.495974 0.503048 5
4.26912628089 0.493912 0.491955 0.499046 0.497912 0.495955 0.503046 5
4.256046853 0.493908 0.491937 0.499048 0.497908 0.495937 0.503048 5
4.24304747191 0.493904 0.491918 0.499046 0.497904 0.495918 0.503046 5
4.23012735271 0.4939 0.491899 0.499046 0.4979 0.495899 0.503046 5
4.21728572103 0.493894 0.49188 0.499046 0.497894 0.49588 0.503046 5
4.20452181286 0.493891 0.491861 0.499046 0.497891 0.495861 0.503046 5
4.19183487436 0.493887 0.491842 0.499044 0.497887 0.495842 0.503044 5
4.17922416173 0.493881 0.491821 0.499042 0.497881 0.495821 0.503042 5
4.16668894099 0.493875 0.491802 0.499042 0.497875 0.495802 0.503042 5
4.15422848784 0.493872 0.491785 0.499042 0.497872 0.495785 0.503042 5
4.14184208752 0.493868 0.491768 0.49904 0.497868 0.495768 0.50304 5
4.12952903459 0.493862 0.491749 0.499039 0.497862 0.495749 0.503039 5
4.11728863285 0.493856 0.491731 0.499039 0.497856 0.495731 0.503039 5
4.10512019513 0.493851 0.491711 0.499039 0.497851 0.495711 0.503039 5
4.09302304316 0.493845 0.491691 0.49904 0.497845 0.495691 0.50304 5
4.08099650744 0.493839 0.49167 0.499039 0.497839 0.49567 0.503039 5
4.06903992706 0.493835 0.491655 0.499037 0.497835 0.495655 0.503037 5
4.05715264959 0.49383 0.491638 0.499037 0.49783 0.495638 0.503037 5
4.04533403096 0.493822 0.491621 0.499037 0.497822 0.495621 0.503037 5
4.03358343525 0.493816 0.491602 0.499035 0.497816 0.495602 0.503035 5
4.02190023464 0.493812 0.491585 0.499037 0.497812 0.495585 0.503037 5
4.01028380925 0.493807 0.491567 0.499035 0.497807 0.495567 0.503035 5
3.99873457221 0.493801 0.49155 0.499033 0.497801 0.49555 0.503033 5
3.98724884333 0.493797 0.491535 0.499033 0.497797 0.495535 0.503033 5
3.97582910177 0.49379 0.491518 0.499033 0.49779 0.495518 0.503033 5
3.96447373261 0.493784 0.491501 0.499029 0.497784 0.495501 0.503029 5
3.95318215387 0.493784 0.491485 0.499029 0.497784 0.495485 0.503029 5
3.9419537907 0.493778 0.491468 0.499029 0.497778 0.495468 0.503029 5
3.93078807532 0.493774 0.491451 0.499029 0.497774 0.495451 0.503029 5
3.91968444696 0.493769 0.491434 0.499027 0.497769 0.495434 0.503027 5
3.90864235171 0.493765 0.491417 0.499025 0.497765 0.495417 0.503025 5
3.89766124244 0.493761 0.4914 0.499023 0.497761 0.4954 0.503023 5
3.88674057866 0.493757 0.491384 0.499021 0.497757 0.495384 0.503021 5
3.87587982647 0.493751 0.491367 0.499019 0.497751 0.495367 0.503019 5
3.86507845842 0.493746 0.491352 0.499018 0.497746 0.495352 0.503018 5
3.85433595341 0.49374 0.491337 0.499016 0.49774 0.495337 0.503016 5
3.84365179662 0.493734 0.491321 0.499016 0.497734 0.495321 0.503016 5
3.83302547938 0.493728 0.491308 0.499014 0.497728 0.495308 0.503014 5
3.82245649911 0.493721 0.491293 0.499012 0.497721 0.495293 0.503012 5
3.81194435921 0.493715 0.491279 0.49901 0.497715 0.495279 0.50301 5
3.80148856895 0.493709 0.491268 0.49901 0.497709 0.495268 0.50301 5
3.79108864344 0.493702 0.491255 0.499008 0.497702 0.495255 0.503008 5
3.78074410348 0.493694 0.491241 0.499006 0.497694 0.495241 0.503006 5
3.7704544755 0.493687 0.49123 0.499006 0.497687 0.49523 0.503006 5
3.7602192915 0.493679 0.491217 0.499008 0.497679 0.495217 0.503008 5
3.75003808891 0.493669 0.491203 0.49901 0.497669 0.495203 0.50301 5
3.73991041058 0.493664 0.491188 0.49901 0.497664 0.495188 0.50301 5
3.72983580463 0.493656 0.491173 0.499012 0.497656 0.495173 0.503012 5
3.71981382444 0.493648 0.491157 0.499014 0.497648 0.495157 0.503014 5
3.7098440285 0.493641 0.491142 0.499014 0.497641 0.495142 0.503014 5
3.6999259804 0.493633 0.491127 0.499014 0.497633 0.495127 0.503014 5
3.69005924874 0.493625 0.49111 0.499014 0.497625 0.49511 0.503014 5
3.68024340701 0.49362 0.491094 0.499014 0.49762 0.495094 0.503014 5
3.67047803359 0.493612 0.491079 0.499014 0.497612 0.495079 0.503014 5
3.66076271163 0.493603 0.491064 0.499014 0.497603 0.495064 0.503014 5
3.651097029 0.493597 0.491051 0.499014 0.497597 0.495051 0.503014 5
3.64148057822 0.493587 0.491035 0.499014 0.497587 0.495035 0.503014 5
3.63191295639 0.49358 0.49102 0.499014 0.49758 0.49502 0.503014 5
3.62239376513 0.493574 0.491005 0.499012 0.497574 0.495005 0.503012 5
3.61292261051 0.493566 0.490988 0.49901 0.497566 0.494988 0.50301 5
3.60349910299 0.493559 0.490972 0.49901 0.497559 0.494972 0.50301 5
3.59412285736 0.493551 0.490959 0.499008 0.497551 0.494959 0.503008 5
3.58479349268 0.493545 0.490944 0.499008 0.497545 0.494944 0.503008 5
3.57551063221 0.493538 0.490929 0.499008 0.497538 0.494929 0.503008 5
3.56627390335 0.493532 0.490913 0.499008 0.497532 0.494913 0.503008 5
3.55708293761 0.493526 0.490898 0.499008 0.497526 0.494898 0.503008 5
3.54793737052 0.493522 0.490885 0.499008 0.497522 0.494885 0.503008 5
3.53883684159 0.493517 0.490869 0.499008 0.497517 0.494869 0.503008 5
3.52978099426 0.493515 0.490856 0.49901 0.497515 0.494856 0.50301 5
3.52076947581 0.493517 0.490841 0.499012 0.497517 0.494841 0.503012 5
3.51180193737 0.493517 0.490822 0.499016 0.497517 0.494822 0.503016 5
3.50287803381 0.493513 0.490801 0.499019 0.497513 0.494801 0.503019 5
3.49399771037 0.493509 0.490782 0.499023 0.497509 0.494782 0.503023 5
3.4851597693 0.493503 0.490763 0.499027 0.497503 0.494763 0.503027 5
3.47636473651 0.4935 0.490745 0.499031 0.4975 0.494745 0.503031 5
3.46761199469 0.493494 0.490724 0.499035 0.497494 0.494724 0.503035 5
3.45890121678 0.493488 0.490705 0.49904 0.497488 0.494705 0.50304 5
3.45023207918 0.493482 0.490686 0.499044 0.497482 0.494686 0.503044 5
3.44160426172 0.493473 0.490667 0.49905 0.497473 0.494667 0.50305 5
3.43301744757 0.493465 0.490648 0.499052 0.497465 0.494648 0.503052 5
3.42447132326 0.493458 0.490629 0.499056 0.497458 0.494629 0.503056 5
3.41596557859 0.493448 0.49061 0.49906 0.497448 0.49461 0.50306 5
3.4074999066 0.493439 0.490591 0.499061 0.497439 0.494591 0.503061 5
3.39907400353 0.493431 0.49057 0.499063 0.497431 0.49457 0.503063 5
3.39068756876 0.493421 0.490551 0.499067 0.497421 0.494551 0.503067 5
3.38234030482 0.493412 0.490534 0.499071 0.497412 0.494534 0.503071 5
3.37403191728 0.493402 0.490515 0.499075 0.497402 0.494515 0.503075 5
3.36576211474 0.493393 0.490496 0.499079 0.497393 0.494496 0.503079 5
3.35753060882 0.493383 0.490476 0.499082 0.497383 0.494476 0.503082 5
3.34933711407 0.493374 0.490457 0.499088 0.497374 0.494457 0.503088 5
3.34118134796 0.493362 0.490438 0.499094 0.497362 0.494438 0.503094 5
3.33306303085 0.493351 0.490419 0.499103 0.497351 0.494419 0.503103 5
3.32498188593 0.493349 0.490402 0.499103 0.497349 0.494402 0.503103 5
3.31693763918 0.493343 0.490387 0.499107 0.497343 0.494387 0.503107 5
3.30893001938 0.493339 0.490372 0.499109 0.497339 0.494372 0.503109 5
3.30095875801 0.493334 0.490354 0.499111 0.497334 0.494354 0.503111 5
3.29302358927 0.493328 0.490339 0.499115 0.497328 0.494339 0.503115 5
3.28512425001 0.493324 0.490326 0.499119 0.497324 0.494326 0.503119 5
3.27726047972 0.493318 0.490311 0.499121 0.497318 0.494311 0.503121 5
3.26943202047 0.493313 0.490295 0.499124 0.497313 0.494295 0.503124 5
3.2616386169 0.493307 0.490282 0.499128 0.497307 0.494282 0.503128 5
3.25388001619 0.493301 0.490267 0.499132 0.497301 0.494267 0.503132 5
3.246155968 0.493296 0.490253 0.499136 0.497296 0.494253 0.503136 5
3.23846622448 0.493288 0.49024 0.49914 0.497288 0.49424 0.50314 5
3.2308105402 0.49328 0.490225 0.499143 0.49728 0.494225 0.503143 5
3.22318867213 0.493273 0.490211 0.499147 0.497273 0.494211 0.503147 5
3.21560037965 0.493265 0.490198 0.499151 0.497265 0.494198 0.503151 5
3.20804542444 0.493257 0.490185 0.499155 0.497257 0.494185 0.503155 5
3.20052357053 0.49325 0.490171 0.499159 0.49725 0.494171 0.503159 5
3.19303458422 0.493242 0.490158 0.499163 0.497242 0.494158 0.503163 5
3.1855782341 0.493234 0.490145 0.499166 0.497234 0.494145 0.503166 5
3.17815429096 0.493227 0.490131 0.49917 0.497227 0.494131 0.50317 5
3.17076252782 0.493219 0.490116 0.499174 0.497219 0.494116 0.503174 5
3.16340271985 0.493212 0.490103 0.499178 0.497212 0.494103 0.503178 5
3.1560746444 0.493204 0.490087 0.499182 0.497204 0.494087 0.503182 5
3.14877808094 0.493196 0.490074 0.499185 0.497196 0.494074 0.503185 5
3.14151281104 0.493189 0.490061 0.499189 0.497189 0.494061 0.503189 5
3.13427861833 0.493181 0.490045 0.499193 0.497181 0.494045 0.503193 5
3.1270752885 0.493173 0.490032 0.499197 0.497173 0.494032 0.503197 5
3.11990260928 0.493166 0.490019 0.499203 0.497166 0.494019 0.503203 5
3.11276037039 0.493158 0.490007 0.499206 0.497158 0.494007 0.503206 5
3.1056483635 0.493151 0.489994 0.499212 0.497151 0.493994 0.503212 5
3.09856638229 0.493143 0.489982 0.499216 0.497143 0.493982 0.503216 5
3.09151422231 0.493133 0.489969 0.49922 0.497133 0.493969 0.50322 5
3.08449168106 0.493126 0.489958 0.499224 0.497126 0.493958 0.503224 5
3.07749855791 0.493116 0.489948 0.499227 0.497116 0.493948 0.503227 5
3.07053465409 0.493109 0.489937 0.499229 0.497109 0.493937 0.503229 5
3.06359977268 0.493099 0.489927 0.499231 0.497099 0.493927 0.503231 5
3.05669371856 0.493091 0.489916 0.499233 0.497091 0.493916 0.503233 5
3.04981629843 0.493082 0.489904 0.499233 0.497082 0.493904 0.503233 5
3.04296732074 0.493074 0.489895 0.499235 0.497074 0.493895 0.503235 5
3.03614659574 0.493065 0.489883 0.499235 0.497065 0.493883 0.503235 5
3.02935393536 0.493057 0.489874 0.499235 0.497057 0.493874 0.503235 5
3.02258915329 0.493049 0.489864 0.499237 0.497049 0.493864 0.503237 5
3.01585206488 0.493042 0.489855 0.499237 0.497042 0.493855 0.503237 5
3.0091424872 0.493034 0.489845 0.499237 0.497034 0.493845 0.503237 5
3.00246023892 0.493027 0.489836 0.499237 0.497027 0.493836 0.503237 5
2.99580538563 0.493021 0.489828 0.499237 0.497021 0.493828 0.503237 5
2.98917701356 0.493013 0.489818 0.499235 0.497013 0.493818 0.503235 5
2.98257568203 0.493008 0.489811 0.499235 0.497008 0.493811 0.503235 5
2.97600097088 0.493002 0.489803 0.499233 0.497002 0.493803 0.503233 5
2.96945270684 0.492996 0.489796 0.499233 0.496996 0.493796 0.503233 5
2.96293071814 0.49299 0.489786 0.499231 0.49699 0.493786 0.503231 5
2.95643483458 0.492985 0.489778 0.499229 0.496985 0.493778 0.503229 5
2.94996488743 0.492979 0.489769 0.499227 0.496979 0.493769 0.503227 5
2.94352070948 0.492975 0.489761 0.499224 0.496975 0.493761 0.503224 5
2.93710213499 0.492969 0.489752 0.49922 0.496969 0.493752 0.50322 5
2.93070899968 0.492966 0.489744 0.499216 0.496966 0.493744 0.503216 5
2.92434114071 0.492962 0.489736 0.499212 0.496962 0.493736 0.503212 5
2.91799839668 0.492958 0.489729 0.499208 0.496958 0.493729 0.503208 5
2.9116806076 0.492954 0.489721 0.499203 0.496954 0.493721 0.503203 5
2.90538761486 0.492952 0.489714 0.499199 0.496952 0.493714 0.503199 5
2.89911926126 0.49295 0.489708 0.499195 0.49695 0.493708 0.503195 5
2.89287539095 0.49295 0.489702 0.499189 0.49695 0.493702 0.503189 5
2.88665584942 0.492952 0.489698 0.499184 0.496952 0.493698 0.503184 5
2.88046048351 0.492956 0.489693 0.499176 0.496956 0.493693 0.503176 5
2.87428914139 0.492962 0.489687 0.49917 0.496962 0.493687 0.50317 5
2.86814167251 0.492971 0.489681 0.499166 0.496971 0.493681 0.503166 5
2.86201792765 0.492981 0.489673 0.499164 0.496981 0.493673 0.503164 5
2.85591775883 0.492992 0.489664 0.499163 0.496992 0.493664 0.503163 5
2.84984101937 0.493002 0.489652 0.499161 0.497002 0.493652 0.503161 5
2.84378756381 0.493009 0.489639 0.499161 0.497009 0.493639 0.503161 5
2.83775724794 0.493013 0.489626 0.499161 0.497013 0.493626 0.503161 5
2.83174992879 0.493017 0.489611 0.499161 0.497017 0.493611 0.503161 5
2.82576546457 0.493019 0.489597 0.499163 0.497019 0.493597 0.503163 5
2.81980371471 0.493021 0.489584 0.499166 0.497021 0.493584 0.503166 5
2.81386453982 0.493021 0.48957 0.499168 0.497021 0.49357 0.503168 5
2.80794780169 0.493021 0.489557 0.499172 0.497021 0.493557 0.503172 5
2.80205336325 0.493019 0.489542 0.499174 0.497019 0.493542 0.503174 5
2.79618108859 0.493019 0.489529 0.499178 0.497019 0.493529 0.503178 5
2.79033084294 0.493017 0.489515 0.499182 0.497017 0.493515 0.503182 5
2.78450249264 0.493013 0.489502 0.499185 0.497013 0.493502 0.503185 5
2.77869590516 0.493011 0.489488 0.499189 0.497011 0.493488 0.503189 5
2.77291094905 0.493006 0.489473 0.499193 0.497006 0.493473 0.503193 5
2.76714749396 0.493002 0.48946 0.499197 0.497002 0.49346 0.503197 5
2.76140541061 0.492996 0.489446 0.499203 0.496996 0.493446 0.503203 5
2.75568457079 0.492988 0.489433 0.499208 0.496988 0.493433 0.503208 5
2.74998541481 0.492981 0.489422 0.499212 0.496981 0.493422 0.503212 5
2.7443061141 0.492973 0.48941 0.49922 0.496973 0.49341 0.50322 5
2.73864824615 0.492964 0.489397 0.499227 0.496964 0.493397 0.503227 5
2.73301111927 0.492954 0.489385 0.499237 0.496954 0.493385 0.503237 5
2.72739461045 0.492943 0.489372 0.499248 0.496943 0.493372 0.503248 5
2.72179859765 0.492931 0.489357 0.499258 0.496931 0.493357 0.503258 5
2.71622295981 0.49292 0.489342 0.499269 0.49692 0.493342 0.503269 5
2.71066757686 0.49291 0.489326 0.499281 0.49691 0.493326 0.503281 5
2.70513232968 0.492899 0.489309 0.499292 0.496899 0.493309 0.503292 5
2.69961710014 0.492885 0.48929 0.499302 0.496885 0.49329 0.503302 5
2.69412177102 0.492872 0.489271 0.499311 0.496872 0.493271 0.503311 5
2.68864622607 0.492857 0.489252 0.499321 0.496857 0.493252 0.503321 5
2.68319034997 0.492838 0.489231 0.499327 0.496838 0.493231 0.503327 5
2.6777540283 0.492817 0.48921 0.499325 0.496817 0.49321 0.503325 5
2.67233714759 0.492803 0.489195 0.499315 0.496803 0.493195 0.503315 5
2.66693959523 0.492796 0.489181 0.499307 0.496796 0.493181 0.503307 5
2.66156125953 0.492792 0.48917 0.499304 0.496792 0.49317 0.503304 5
2.65620202968 0.49279 0.489158 0.499304 0.49679 0.493158 0.503304 5
2.65086179573 0.49279 0.489147 0.499307 0.49679 0.493147 0.503307 5
2.64554044864 0.492788 0.489134 0.499313 0.496788 0.493134 0.503313 5
2.64023788017 0.492788 0.489124 0.499323 0.496788 0.493124 0.503323 5
2.63495398297 0.492788 0.489113 0.499336 0.496788 0.493113 0.503336 5
2.62968865053 0.492786 0.489094 0.499355 0.496786 0.493094 0.503355 5
2.62444177715 0.492775 0.489073 0.499355 0.496775 0.493073 0.503355 5
2.61921325797 0.492773 0.489067 0.499353 0.496773 0.493067 0.503353 5
2.61400298894 0.492773 0.489052 0.499369 0.496773 0.493052 0.503369 5
2.60881086684 0.492769 0.489044 0.49937 0.496769 0.493044 0.50337 5
2.60363678922 0.492767 0.489031 0.499376 0.496767 0.493031 0.503376 5
2.59848065444 0.492763 0.489015 0.499382 0.496763 0.493015 0.503382 5
2.59334236164 0.492761 0.489002 0.499388 0.496761 0.493002 0.503388 5
2.58822181074 0.49276 0.488987 0.499393 0.49676 0.492987 0.503393 5
2.58311890242 0.492756 0.488973 0.499399 0.496756 0.492973 0.503399 5
2.57803353814 0.492754 0.488958 0.499405 0.496754 0.492958 0.503405 5
2.57296562009 0.49275 0.488943 0.49941 0.49675 0.492943 0.50341 5
2.56791505123 0.492744 0.488928 0.499414 0.496744 0.492928 0.503414 5
2.56288173525 0.49274 0.488912 0.49942 0.49674 0.492912 0.50342 5
2.55786557658 0.492735 0.488897 0.499424 0.496735 0.492897 0.503424 5
2.55286648036 0.492729 0.488882 0.499426 0.496729 0.492882 0.503426 5
2.54788435246 0.492721 0.488869 0.49943 0.496721 0.492869 0.50343 5
2.54291909946 0.492716 0.488855 0.499433 0.496716 0.492855 0.503433 5
2.53797062865 0.492708 0.48884 0.499437 0.496708 0.49284 0.503437 5
2.53303884801 0.492702 0.488827 0.499441 0.496702 0.492827 0.503441 5
2.52812366621 0.492695 0.488813 0.499443 0.496695 0.492813 0.503443 5
2.52322499262 0.492687 0.488802 0.499447 0.496687 0.492802 0.503447 5
2.51834273727 0.492681 0.488788 0.499451 0.496681 0.492788 0.503451 5
2.51347681088 0.492674 0.488775 0.499454 0.496674 0.492775 0.503454 5
2.50862712481 0.492666 0.488764 0.499458 0.496666 0.492764 0.503458 5
2.5037935911 0.492658 0.48875 0.499462 0.496658 0.49275 0.503462 5
2.49897650109 0.492647 0.488735 0.499468 0.496647 0.492735 0.503468 5
2.49417463215 0.492639 0.48872 0.499475 0.496639 0.49272 0.503475 5
2.48938903429 0.49263 0.488703 0.499483 0.49663 0.492703 0.503483 5
2.48461924336 0.492622 0.488684 0.499491 0.496622 0.492684 0.503491 5
2.47986517465 0.492615 0.488666 0.499498 0.496615 0.492666 0.503498 5
2.47512674401 0.492607 0.488649 0.499506 0.496607 0.492649 0.503506 5
2.47040386793 0.492599 0.48863 0.499513 0.496599 0.49263 0.503513 5
2.4656964635 0.49259 0.488611 0.499521 0.49659 0.492611 0.503521 5
2.46100444841 0.492582 0.488592 0.499529 0.496582 0.492592 0.503529 5
2.45632774096 0.492573 0.488575 0.499536 0.496573 0.492575 0.503536 5
2.45166626005 0.492565 0.488558 0.499544 0.496565 0.492558 0.503544 5
2.44701992515 0.492555 0.488541 0.499552 0.496555 0.492541 0.503552 5
2.44238865633 0.492548 0.488523 0.499557 0.496548 0.492523 0.503557 5
2.43777237423 0.49254 0.488508 0.499565 0.49654 0.492508 0.503565 5
2.43317100006 0.492533 0.488491 0.499573 0.496533 0.492491 0.503573 5
2.42858445562 0.492527 0.488478 0.499578 0.496527 0.492478 0.503578 5
2.42401266324 0.492521 0.488462 0.499586 0.496521 0.492462 0.503586 5
2.41945554583 0.492515 0.488447 0.499594 0.496515 0.492447 0.503594 5
2.41491302684 0.49251 0.488432 0.499601 0.49651 0.492432 0.503601 5
2.41038503029 0.492504 0.488417 0.499609 0.496504 0.492417 0.503609 5
2.4058714807 0.4925 0.488401 0.499616 0.4965 0.492401 0.503616 5
2.40137230317 0.492494 0.488386 0.499624 0.496494 0.492386 0.503624 5
2.39688742332 0.492491 0.488369 0.49963 0.496491 0.492369 0.50363 5
2.39241676727 0.492485 0.488354 0.499637 0.496485 0.492354 0.503637 5
2.3879602617 0.492481 0.488338 0.499643 0.496481 0.492338 0.503643 5
2.3835178338 0.492475 0.488323 0.499649 0.496475 0.492323 0.503649 5
2.37908941125 0.49247 0.488308 0.499655 0.49647 0.492308 0.503655 5
2.37467492227 0.492466 0.488293 0.49966 0.496466 0.492293 0.50366 5
2.37027429557 0.49246 0.488279 0.499664 0.49646 0.492279 0.503664 5
2.36588746036 0.492456 0.488266 0.49967 0.496456 0.492266 0.50367 5
2.36151434634 0.492452 0.488252 0.499678 0.496452 0.492252 0.503678 5
2.35715488372 0.492449 0.488237 0.499683 0.496449 0.492237 0.503683 5
2.35280900318 0.492447 0.488224 0.499689 0.496447 0.492224 0.503689 5
2.34847663588 0.492443 0.488209 0.499695 0.496443 0.492209 0.503695 5
2.34415771346 0.492439 0.488193 0.4997 0.496439 0.492193 0.5037 5
2.33985216806 0.492435 0.48818 0.499706 0.496435 0.49218 0.503706 5
2.33555993226 0.492433 0.488167 0.499712 0.496433 0.492167 0.503712 5
2.3312809391 0.49243 0.488151 0.499718 0.49643 0.492151 0.503718 5
2.32701512212 0.492426 0.488136 0.499723 0.496426 0.492136 0.503723 5
2.32276241527 0.492422 0.488121 0.499729 0.496422 0.492121 0.503729 5
2.318522753 0.49242 0.488106 0.499737 0.49642 0.492106 0.503737 5
2.31429607016 0.492416 0.488092 0.499742 0.496416 0.492092 0.503742 5
2.3100823021 0.492412 0.488077 0.499748 0.496412 0.492077 0.503748 5
2.30588138457 0.492409 0.488062 0.499754 0.496409 0.492062 0.503754 5
2.30169325377 0.492407 0.488047 0.499761 0.496407 0.492047 0.503761 5
2.29751784634 0.492403 0.488031 0.499769 0.496403 0.492031 0.503769 5
2.29335509935 0.492399 0.488018 0.499775 0.496399 0.492018 0.503775 5
2.28920495029 0.492393 0.488003 0.499781 0.496393 0.492003 0.503781 5
2.28506733707 0.49239 0.487989 0.499786 0.49639 0.491989 0.503786 5
2.28094219804 0.492384 0.487974 0.499792 0.496384 0.491974 0.503792 5
2.27682947194 0.492378 0.487959 0.499796 0.496378 0.491959 0.503796 5
2.27272909793 0.492372 0.487945 0.499801 0.496372 0.491945 0.503801 5
2.2686410156 0.492369 0.48793 0.499807 0.496369 0.49193 0.503807 5
2.26456516492 0.492363 0.487915 0.499811 0.496363 0.491915 0.503811 5
2.26050148626 0.492359 0.4879 0.499817 0.496359 0.4919 0.503817 5
2.25644992041 0.492353 0.487882 0.499824 0.496353 0.491882 0.503824 5
2.25241040853 0.492348 0.487865 0.49983 0.496348 0.491865 0.50383 5
2.24838313276 0.492342 0.48785 0.499838 0.496342 0.49185 0.503838 5
2.24436731334 0.492338 0.487837 0.499843 0.496338 0.491837 0.503843 5
2.24036361436 0.492332 0.487821 0.499849 0.496332 0.491821 0.503849 5
2.23637173791 0.492327 0.487806 0.499855 0.496327 0.491806 0.503855 5
2.23239162711 0.492323 0.487791 0.499863 0.496323 0.491791 0.503863 5
2.22842322544 0.492319 0.487776 0.499868 0.496319 0.491776 0.503868 5
2.22446647674 0.492313 0.487762 0.499874 0.496313 0.491762 0.503874 5
2.22052132522 0.492308 0.487747 0.49988 0.496308 0.491747 0.50388 5
2.21658771548 0.492304 0.487734 0.499885 0.496304 0.491734 0.503885 5
2.21266559244 0.4923 0.487718 0.499891 0.4963 0.491718 0.503891 5
2.20875490142 0.492294 0.487703 0.499897 0.496294 0.491703 0.503897 5
2.20485558808 0.492288 0.48769 0.499901 0.496288 0.49169 0.503901 5
2.20096759842 0.492283 0.487675 0.499906 0.496283 0.491675 0.503906 5
2.19709087883 0.492279 0.487661 0.499912 0.496279 0.491661 0.503912 5
2.19322537601 0.492275 0.487648 0.499918 0.496275 0.491648 0.503918 5
2.18937103703 0.492269 0.487635 0.499922 0.496269 0.491635 0.503922 5
2.18552780928 0.492266 0.487619 0.499927 0.496266 0.491619 0.503927 5
2.18169564051 0.49226 0.487606 0.499931 0.49626 0.491606 0.503931 5
2.1778744788 0.492258 0.487593 0.499937 0.496258 0.491593 0.503937 5
2.17406427256 0.492252 0.487579 0.499941 0.496252 0.491579 0.503941 5
2.17026497053 0.492248 0.487566 0.499946 0.496248 0.491566 0.503946 5
2.1664765218 0.492243 0.487552 0.49995 0.496243 0.491552 0.50395 5
2.16269887575 0.492239 0.487539 0.499954 0.496239 0.491539 0.503954 5
2.15893198211 0.492235 0.487526 0.49996 0.496235 0.491526 0.50396 5
2.15517579093 0.492231 0.487512 0.499964 0.496231 0.491512 0.503964 5
2.15143025257 0.492227 0.487499 0.499967 0.496227 0.491499 0.503967 5
2.1476953177 0.492224 0.487486 0.499971 0.496224 0.491486 0.503971 5
2.14397093731 0.49222 0.48747 0.499977 0.49622 0.49147 0.503977 5
2.14025706271 0.492216 0.487457 0.499981 0.496216 0.491457 0.503981 5
2.13655364551 0.492214 0.487442 0.499987 0.496214 0.491442 0.503987 5
2.13286063762 0.492208 0.487429 0.49999 0.496208 0.491429 0.50399 5
2.12917799125 0.492205 0.487415 0.499994 0.496205 0.491415 0.503994 5
2.12550565893 0.492201 0.487402 0.5 0.496201 0.491402 0.504 5
2.12184359347 0.492197 0.487388 0.500004 0.496197 0.491388 0.504004 5
2.11819174799 0.492191 0.487375 0.500007 0.496191 0.491375 0.504007 5
2.11455007588 0.492187 0.48736 0.500013 0.496187 0.49136 0.504013 5
2.11091853086 0.492182 0.487347 0.500019 0.496182 0.491347 0.504019 5
2.1072970669 0.492178 0.487333 0.500023 0.496178 0.491333 0.504023 5
2.10368563827 0.492172 0.487318 0.500028 0.496172 0.491318 0.504028 5
2.10008419955 0.492166 0.487305 0.500034 0.496166 0.491305 0.504034 5
2.09649270555 0.492163 0.487291 0.500038 0.496163 0.491291 0.504038 5
2.09291111141 0.492157 0.487276 0.500044 0.496157 0.491276 0.504044 5
2.08933937252 0.492153 0.487261 0.500049 0.496153 0.491261 0.504049 5
2.08577744454 0.492147 0.487247 0.500055 0.496147 0.491247 0.504055 5
2.08222528344 0.492143 0.487234 0.500061 0.496143 0.491234 0.504061 5
2.07868284542 0.492138 0.487221 0.500065 0.496138 0.491221 0.504065 5
2.07515008697 0.492134 0.487205 0.500069 0.496134 0.491205 0.504069 5
2.07162696484 0.49213 0.487192 0.500074 0.49613 0.491192 0.504074 5
2.06811343605 0.492124 0.487177 0.50008 0.496124 0.491177 0.50408 5
2.06460945788 0.492121 0.487163 0.500086 0.496121 0.491163 0.504086 5
2.06111498788 0.492117 0.48715 0.500091 0.496117 0.49115 0.504091 5
2.05762998383 0.492111 0.487135 0.500097 0.496111 0.491135 0.504097 5
2.05415440381 0.492107 0.487121 0.500103 0.496107 0.491121 0.504103 5
2.05068820611 0.492102 0.487106 0.500109 0.496102 0.491106 0.504109 5
2.04723134931 0.492098 0.487093 0.500114 0.496098 0.491093 0.504114 5
2.04378379222 0.492094 0.487078 0.50012 0.496094 0.491078 0.50412 5
2.04034549391 0.492088 0.487062 0.500126 0.496088 0.491062 0.504126 5
2.03691641368 0.492084 0.487049 0.500131 0.496084 0.491049 0.504131 5
2.03349651109 0.492081 0.487034 0.500137 0.496081 0.491034 0.504137 5
2.03008574594 0.492077 0.48702 0.500143 0.496077 0.49102 0.504143 5
2.02668407827 0.492073 0.487005 0.500149 0.496073 0.491005 0.504149 5
2.02329146837 0.492067 0.486992 0.500154 0.496067 0.490992 0.504154 5
2.01990787675 0.492061 0.486978 0.50016 0.496061 0.490978 0.50416 5
2.01653326416 0.492056 0.486965 0.500166 0.496056 0.490965 0.504166 5
2.0131675916 0.492052 0.48695 0.500172 0.496052 0.49095 0.504172 5
2.00981082028 0.492048 0.486936 0.500177 0.496048 0.490936 0.504177 5
2.00646291165 0.492042 0.486921 0.500183 0.496042 0.490921 0.504183 5
2.0031238274 0.492039 0.486908 0.500189 0.496039 0.490908 0.504189 5
1.99979384142 0.492035 0.486894 0.500194 0.496035 0.490894 0.504194 5
1.99647197986 0.492031 0.486879 0.500198 0.496031 0.490879 0.504198 5
1.99315914111 0.492027 0.486866 0.500204 0.496027 0.490866 0.504204 5
1.98985497568 0.492021 0.486853 0.50021 0.496021 0.490853 0.50421 5
1.98655944641 0.492018 0.486837 0.500213 0.496018 0.490837 0.504213 5
