6.05010507006 0.502436 0.483347 0.487108 0.508436 0.489347 0.493108 8
6.02319862032 0.502474 0.483309 0.487139 0.508474 0.489309 0.493139 8
5.99654864503 0.502505 0.483279 0.487162 0.508505 0.489279 0.493162 8
5.97014439277 0.502543 0.483256 0.487192 0.508543 0.489256 0.493192 8
5.9439890382 0.502581 0.483217 0.487223 0.508581 0.489217 0.493223 8
5.91807660047 0.502611 0.483195 0.487246 0.508611 0.489195 0.493246 8
5.89240348214 0.50265 0.483164 0.487269 0.50865 0.489164 0.493269 8
5.86696615838 0.50268 0.483134 0.487299 0.50868 0.489134 0.493299 8
5.84176117534 0.502718 0.483103 0.487322 0.508718 0.489103 0.493322 8
5.81678514836 0.502749 0.483073 0.487353 0.508749 0.489073 0.493353 8
5.79203476016 0.502787 0.483042 0.487383 0.508787 0.489042 0.493383 8
5.76750675919 0.502825 0.483012 0.487406 0.508825 0.489012 0.493406 8
5.74319795799 0.502863 0.482981 0.487429 0.508863 0.488981 0.493429 8
5.71910523154 0.502899 0.482949 0.487454 0.508899 0.488949 0.493454 8
5.69522551575 0.50293 0.482922 0.48748 0.50893 0.488922 0.49348 8
5.67155580594 0.502968 0.482891 0.487507 0.508968 0.488891 0.493507 8
5.64809315541 0.502999 0.482861 0.487534 0.508999 0.488861 0.493534 8
5.62483467398 0.503041 0.482826 0.487561 0.509041 0.488826 0.493561 8
5.60177752664 0.503075 0.4828 0.487583 0.509075 0.4888 0.493583 8
5.57891893223 0.503117 0.482769 0.487614 0.509117 0.488769 0.493614 8
5.55625616212 0.503151 0.482739 0.487633 0.509151 0.488739 0.493633 8
5.53378653897 0.503193 0.482704 0.487667 0.509193 0.488704 0.493667 8
5.5115074355 0.50322 0.482674 0.487694 0.50922 0.488674 0.493694 8
5.48941627331 0.503262 0.482647 0.487717 0.509262 0.488647 0.493717 8
5.46751052172 0.503292 0.482617 0.487744 0.509292 0.488617 0.493744 8
5.44578769668 0.503327 0.482586 0.487767 0.509327 0.488586 0.493767 8
5.42424535963 0.503369 0.482559 0.487793 0.509369 0.488559 0.493793 8
5.40288111651 0.503407 0.482533 0.487816 0.509407 0.488533 0.493816 8
5.38169261666 0.503445 0.482502 0.487847 0.509445 0.488502 0.493847 8
5.36067755189 0.503479 0.482472 0.487873 0.509479 0.488472 0.493873 8
5.33983365548 0.503521 0.482445 0.487904 0.509521 0.488445 0.493904 8
5.3191587012 0.503559 0.482415 0.487931 0.509559 0.488415 0.493931 8
5.29865050248 0.503598 0.482384 0.487957 0.509598 0.488384 0.493957 8
5.27830691142 0.503636 0.482361 0.487984 0.509636 0.488361 0.493984 8
5.25812581801 0.503674 0.482327 0.488011 0.509674 0.488327 0.494011 8
5.2381051492 0.503715 0.482301 0.488035 0.509715 0.488301 0.494035 8
5.21824286815 0.503755 0.482274 0.488063 0.509755 0.488274 0.494063 8
5.19853697339 0.503795 0.482244 0.48809 0.509795 0.488244 0.49409 8
5.17898549807 0.503837 0.482219 0.48812 0.509837 0.488219 0.49412 8
5.15958650916 0.503871 0.482194 0.488149 0.509871 0.488194 0.494149 8
5.14033810674 0.503907 0.482169 0.48817 0.509907 0.488169 0.49417 8
5.1212384233 0.503944 0.482141 0.488195 0.509944 0.488141 0.494195 8
5.102285623 0.503982 0.482114 0.488218 0.509982 0.488114 0.494218 8
5.08347790102 0.504022 0.482089 0.488242 0.510022 0.488089 0.494242 8
5.06481348287 0.504056 0.482059 0.488269 0.510056 0.488059 0.494269 8
5.04629062378 0.504087 0.48203 0.488288 0.510087 0.48803 0.494288 8
5.02790760803 0.504125 0.482002 0.488307 0.510125 0.488002 0.494307 8
5.00966274837 0.504157 0.481973 0.488328 0.510157 0.487973 0.494328 8
4.99155534646 0.50419 0.481941 0.488353 0.51019 0.487941 0.494353 8
4.97358088686 0.50422 0.48191 0.488374 0.51022 0.48791 0.494374 8
4.95574064767 0.504253 0.481878 0.488395 0.510253 0.487878 0.494395 8
4.93803208824 0.504283 0.481843 0.488416 0.510283 0.487843 0.494416 8
4.92045365504 0.504316 0.481813 0.488435 0.510316 0.487813 0.494435 8
4.90300381948 0.504346 0.481782 0.488454 0.510346 0.487782 0.494454 8
4.88568107758 0.504377 0.481752 0.488477 0.510377 0.487752 0.494477 8
4.86848394941 0.504403 0.481717 0.488494 0.510403 0.487717 0.494494 8
4.85141097864 0.504436 0.481687 0.488513 0.510436 0.487687 0.494513 8
4.83446073204 0.504464 0.481656 0.488536 0.510464 0.487656 0.494536 8
4.81763179903 0.504489 0.481624 0.488555 0.510489 0.487624 0.494555 8
4.80092279121 0.50452 0.48159 0.488574 0.51052 0.48759 0.494574 8
4.78433234194 0.504548 0.481557 0.488601 0.510548 0.487557 0.494601 8
4.76785910589 0.504491 0.481439 0.488637 0.510491 0.487439 0.494637 8
4.75150175863 0.504602 0.48149 0.488639 0.510602 0.48749 0.494639 8
4.7352589962 0.504627 0.48146 0.488656 0.510627 0.48746 0.494656 8
4.71912953474 0.504651 0.481427 0.488675 0.510651 0.487427 0.494675 8
4.70311211006 0.504672 0.481395 0.488696 0.510672 0.487395 0.494696 8
4.68720547731 0.504655 0.481336 0.488656 0.510655 0.487336 0.494656 8
4.67140841054 0.504709 0.481328 0.488729 0.510709 0.487328 0.494729 8
4.65571970238 0.504726 0.481294 0.488744 0.510726 0.487294 0.494744 8
4.64013816369 0.504743 0.481258 0.488757 0.510743 0.487258 0.494757 8
4.62466262316 0.504762 0.481225 0.488771 0.510762 0.487225 0.494771 8
4.60929192703 0.504781 0.481193 0.488784 0.510781 0.487193 0.494784 8
4.59402493874 0.504806 0.48116 0.488797 0.510806 0.48716 0.494797 8
4.57886053856 0.504829 0.48113 0.488811 0.510829 0.48713 0.494811 8
4.56379762334 0.50493 0.481197 0.488761 0.51093 0.487197 0.494761 8
4.54883510616 0.504964 0.481176 0.488776 0.510964 0.487176 0.494776 8
4.53397191604 0.504997 0.481153 0.488794 0.510997 0.487153 0.494794 8
4.51920699764 0.505029 0.48113 0.488809 0.511029 0.48713 0.494809 8
4.50453931097 0.505061 0.481105 0.488826 0.511061 0.487105 0.494826 8
4.4899678311 0.505094 0.481078 0.488845 0.511094 0.487078 0.494845 8
4.47549154791 0.505121 0.48105 0.488862 0.511121 0.48705 0.494862 8
4.46110946578 0.505147 0.481025 0.488879 0.511147 0.487025 0.494879 8
4.44682060335 0.505174 0.481002 0.488899 0.511174 0.487002 0.494899 8
4.43262399328 0.505203 0.480977 0.488916 0.511203 0.486977 0.494916 8
4.41851868194 0.505233 0.480954 0.488933 0.511233 0.486954 0.494933 8
4.40450372922 0.505264 0.48093 0.488952 0.511264 0.48693 0.494952 8
4.39057820826 0.505294 0.480901 0.488969 0.511294 0.486901 0.494969 8
4.37674120521 0.505325 0.480874 0.488988 0.511325 0.486874 0.494988 8
4.36299181901 0.505357 0.480846 0.489005 0.511357 0.486846 0.495005 8
4.34932916116 0.505388 0.480817 0.489023 0.511388 0.486817 0.495023 8
4.3357523555 0.505416 0.48079 0.489038 0.511416 0.48679 0.495038 8
4.32226053798 0.505445 0.480768 0.489055 0.511445 0.486768 0.495055 8
4.30885285647 0.505466 0.480745 0.48908 0.511466 0.486745 0.49508 8
4.29552847053 0.505489 0.480718 0.489105 0.511489 0.486718 0.495105 8
4.28228655122 0.505439 0.4806 0.489074 0.511439 0.4866 0.495074 8
4.26912628089 0.505529 0.480649 0.489148 0.511529 0.486649 0.495148 8
4.256046853 0.505508 0.480567 0.489105 0.511508 0.486567 0.495105 8
4.24304747191 0.505542 0.480552 0.489122 0.511542 0.486552 0.495122 8
4.23012735271 0.505582 0.480537 0.489196 0.511582 0.486537 0.495196 8
4.21728572103 0.505601 0.4805 0.489213 0.511601 0.4865 0.495213 8
4.20452181286 0.505624 0.480468 0.489227 0.511624 0.486468 0.495227 8
4.19183487436 0.505647 0.480434 0.48924 0.511647 0.486434 0.49524 8
4.17922416173 0.50567 0.480405 0.489249 0.51167 0.486405 0.495249 8
4.16668894099 0.505693 0.480377 0.489261 0.511693 0.486377 0.495261 8
4.15422848784 0.505716 0.480348 0.489274 0.511716 0.486348 0.495274 8
4.14184208752 0.50574 0.480321 0.489288 0.51174 0.486321 0.495288 8
4.12952903459 0.505765 0.480293 0.489301 0.511765 0.486293 0.495301 8
4.11728863285 0.50579 0.480268 0.489314 0.51179 0.486268 0.495314 8
4.10512019513 0.505815 0.480241 0.48933 0.511815 0.486241 0.49533 8
4.09302304316 0.505842 0.480216 0.489345 0.511842 0.486216 0.495345 8
4.08099650744 0.505868 0.480193 0.489362 0.511868 0.486193 0.495362 8
4.06903992706 0.505895 0.480171 0.489379 0.511895 0.486171 0.495379 8
4.05715264959 0.505924 0.480146 0.489396 0.511924 0.486146 0.495396 8
4.04533403096 0.505952 0.480123 0.489415 0.511952 0.486123 0.495415 8
4.03358343525 0.505981 0.480102 0.489433 0.511981 0.486102 0.495433 8
4.02190023464 0.506011 0.480079 0.489454 0.512011 0.486079 0.495454 8
4.01028380925 0.50604 0.480058 0.489475 0.51204 0.486058 0.495475 8
3.99873457221 0.50607 0.480037 0.489497 0.51207 0.486037 0.495497 8
3.98724884333 0.506101 0.480006 0.489564 0.512101 0.486006 0.495564 8
3.97582910177 0.506128 0.479991 0.489547 0.512128 0.485991 0.495547 8
3.96447373261 0.506152 0.479965 0.489578 0.512152 0.485965 0.495578 8
3.95318215387 0.506173 0.479932 0.489604 0.512173 0.485932 0.495604 8
3.9419537907 0.506194 0.479907 0.489585 0.512194 0.485907 0.495585 8
3.93078807532 0.506217 0.479867 0.489642 0.512217 0.485867 0.495642 8
3.91968444696 0.506238 0.479835 0.489658 0.512238 0.485835 0.495658 8
3.90864235171 0.506274 0.479841 0.489644 0.512274 0.485841 0.495644 8
3.89766124244 0.506286 0.47978 0.489684 0.512286 0.48578 0.495684 8
3.88674057866 0.506311 0.479755 0.489696 0.512311 0.485755 0.495696 8
3.87587982647 0.506345 0.479747 0.489717 0.512345 0.485747 0.495717 8
3.86507845842 0.506368 0.479717 0.48973 0.512368 0.485717 0.49573 8
3.85433595341 0.506391 0.479684 0.489753 0.512391 0.485684 0.495753 8
3.84365179662 0.506412 0.479654 0.489766 0.512412 0.485654 0.495766 8
3.83302547938 0.506439 0.479629 0.489784 0.512439 0.485629 0.495784 8
3.82245649911 0.506463 0.479602 0.489801 0.512463 0.485602 0.495801 8
3.81194435921 0.506486 0.479577 0.489812 0.512486 0.485577 0.495812 8
3.80148856895 0.506511 0.479551 0.489829 0.512511 0.485551 0.495829 8
3.79108864344 0.506534 0.479524 0.489845 0.512534 0.485524 0.495845 8
3.78074410348 0.506559 0.479499 0.489862 0.512559 0.485499 0.495862 8
3.7704544755 0.506583 0.479472 0.489879 0.512583 0.485472 0.495879 8
3.7602192915 0.506608 0.479448 0.489896 0.512608 0.485448 0.495896 8
3.75003808891 0.506633 0.479421 0.489915 0.512633 0.485421 0.495915 8
3.73991041058 0.506658 0.479396 0.489934 0.512658 0.485396 0.495934 8
3.72983580463 0.506681 0.479369 0.489951 0.512681 0.485369 0.495951 8
3.71981382444 0.506706 0.479343 0.489969 0.512706 0.485343 0.495969 8
3.7098440285 0.50673 0.479316 0.489988 0.51273 0.485316 0.495988 8
3.6999259804 0.506753 0.479289 0.490007 0.512753 0.485289 0.496007 8
3.69005924874 0.506776 0.479263 0.490024 0.512776 0.485263 0.496024 8
3.68024340701 0.506801 0.479236 0.490041 0.512801 0.485236 0.496041 8
3.67047803359 0.506824 0.479211 0.490058 0.512824 0.485211 0.496058 8
3.66076271163 0.506847 0.479188 0.490077 0.512847 0.485188 0.496077 8
3.651097029 0.506871 0.479165 0.490096 0.512871 0.485165 0.496096 8
3.64148057822 0.506894 0.479141 0.490117 0.512894 0.485141 0.496117 8
3.63191295639 0.506919 0.479118 0.490138 0.512919 0.485118 0.496138 8
3.62239376513 0.506944 0.479095 0.490159 0.512944 0.485095 0.496159 8
3.61292261051 0.506967 0.479068 0.490182 0.512967 0.485068 0.496182 8
3.60349910299 0.506992 0.479041 0.490205 0.512992 0.485041 0.496205 8
3.59412285736 0.507015 0.479017 0.490226 0.513015 0.485017 0.496226 8
3.58479349268 0.507037 0.47899 0.490247 0.513037 0.48499 0.496247 8
3.57551063221 0.50706 0.478963 0.490266 0.51306 0.484963 0.496266 8
3.56627390335 0.507083 0.478936 0.490285 0.513083 0.484936 0.496285 8
3.55708293761 0.507106 0.478908 0.490302 0.513106 0.484908 0.496302 8
3.54793737052 0.507129 0.478883 0.490316 0.513129 0.484883 0.496316 8
3.53883684159 0.507154 0.478858 0.490333 0.513154 0.484858 0.496333 8
3.52978099426 0.50718 0.478835 0.49035 0.51318 0.484835 0.49635 8
3.52076947581 0.507203 0.478809 0.490367 0.513203 0.484809 0.496367 8
3.51180193737 0.507228 0.478784 0.490384 0.513228 0.484784 0.496384 8
3.50287803381 0.507251 0.478757 0.4904 0.513251 0.484757 0.4964 8
3.49399771037 0.507276 0.478734 0.490413 0.513276 0.484734 0.496413 8
3.4851597693 0.507301 0.478711 0.49043 0.513301 0.484711 0.49643 8
3.47636473651 0.507325 0.478687 0.490445 0.513325 0.484687 0.496445 8
3.46761199469 0.50735 0.478664 0.490461 0.51335 0.484664 0.496461 8
3.45890121678 0.507373 0.478641 0.490476 0.513373 0.484641 0.496476 8
3.45023207918 0.507398 0.478618 0.490491 0.513398 0.484618 0.496491 8
3.44160426172 0.507421 0.478595 0.490506 0.513421 0.484595 0.496506 8
3.43301744757 0.507448 0.478576 0.490526 0.513448 0.484576 0.496526 8
3.42447132326 0.507472 0.478551 0.490545 0.513472 0.484551 0.496545 8
3.41596557859 0.507497 0.478526 0.490564 0.513497 0.484526 0.496564 8
3.4074999066 0.507522 0.478503 0.490581 0.513522 0.484503 0.496581 8
3.39907400353 0.507547 0.478481 0.4906 0.513547 0.484481 0.4966 8
3.39068756876 0.50757 0.478454 0.490619 0.51357 0.484454 0.496619 8
3.38234030482 0.507594 0.478429 0.490638 0.513594 0.484429 0.496638 8
3.37403191728 0.507617 0.478402 0.490655 0.513617 0.484402 0.496655 8
3.36576211474 0.50764 0.478378 0.490672 0.51364 0.484378 0.496672 8
3.35753060882 0.507663 0.478351 0.49069 0.513663 0.484351 0.49669 8
3.34933711407 0.507684 0.478326 0.490705 0.513684 0.484326 0.496705 8
3.34118134796 0.507707 0.478301 0.490722 0.513707 0.484301 0.496722 8
3.33306303085 0.50773 0.478277 0.490737 0.51373 0.484277 0.496737 8
3.32498188593 0.507751 0.478252 0.490752 0.513751 0.484252 0.496752 8
3.31693763918 0.507774 0.478227 0.490768 0.513774 0.484227 0.496768 8
3.30893001938 0.507797 0.478204 0.490781 0.513797 0.484204 0.496781 8
3.30095875801 0.507819 0.478181 0.490796 0.513819 0.484181 0.496796 8
3.29302358927 0.507844 0.478158 0.490812 0.513844 0.484158 0.496812 8
3.28512425001 0.507869 0.478137 0.490829 0.513869 0.484137 0.496829 8
3.27726047972 0.507892 0.478112 0.490846 0.513892 0.484112 0.496846 8
3.26943202047 0.507917 0.47809 0.490865 0.513917 0.48409 0.496865 8
3.2616386169 0.50794 0.478063 0.490884 0.51394 0.484063 0.496884 8
3.25388001619 0.507961 0.478038 0.490899 0.513961 0.484038 0.496899 8
3.246155968 0.507983 0.478013 0.490915 0.513983 0.484013 0.496915 8
3.23846622448 0.508008 0.47799 0.490932 0.514008 0.48399 0.496932 8
3.2308105402 0.508031 0.477968 0.490947 0.514031 0.483968 0.496947 8
3.22318867213 0.508056 0.477943 0.490968 0.514056 0.483943 0.496968 8
3.21560037965 0.508077 0.477914 0.490985 0.514077 0.483914 0.496985 8
3.20804542444 0.5081 0.477889 0.491 0.5141 0.483889 0.497 8
3.20052357053 0.508123 0.477865 0.491018 0.514123 0.483865 0.497018 8
3.19303458422 0.508146 0.47784 0.491033 0.514146 0.48384 0.497033 8
3.1855782341 0.508167 0.477813 0.491048 0.514167 0.483813 0.497048 8
3.17815429096 0.508189 0.47779 0.491063 0.514189 0.48379 0.497063 8
3.17076252782 0.508212 0.477765 0.491079 0.514212 0.483765 0.497079 8
3.16340271985 0.508235 0.477741 0.491094 0.514235 0.483741 0.497094 8
3.1560746444 0.50826 0.477718 0.491109 0.51426 0.483718 0.497109 8
3.14877808094 0.508283 0.477695 0.491124 0.514283 0.483695 0.497124 8
3.14151281104 0.508306 0.477672 0.49114 0.514306 0.483672 0.49714 8
3.13427861833 0.508329 0.477649 0.491157 0.514329 0.483649 0.497157 8
3.1270752885 0.508353 0.477628 0.491172 0.514353 0.483628 0.497172 8
3.11990260928 0.508376 0.477603 0.491191 0.514376 0.483603 0.497191 8
3.11276037039 0.508399 0.47758 0.491206 0.514399 0.48358 0.497206 8
3.1056483635 0.508422 0.477556 0.491224 0.514422 0.483556 0.497224 8
3.09856638229 0.508445 0.477533 0.491239 0.514445 0.483533 0.497239 8
3.09151422231 0.508468 0.477508 0.491256 0.514468 0.483508 0.497256 8
3.08449168106 0.508491 0.477485 0.491271 0.514491 0.483485 0.497271 8
3.07749855791 0.508514 0.477462 0.491287 0.514514 0.483462 0.497287 8
3.07053465409 0.508537 0.477439 0.491302 0.514537 0.483439 0.497302 8
3.06359977268 0.508559 0.477416 0.491317 0.514559 0.483416 0.497317 8
3.05669371856 0.508582 0.477393 0.491332 0.514582 0.483393 0.497332 8
3.04981629843 0.508605 0.477371 0.491348 0.514605 0.483371 0.497348 8
3.04296732074 0.508628 0.477346 0.491365 0.514628 0.483346 0.497365 8
3.03614659574 0.508651 0.477323 0.49138 0.514651 0.483323 0.49738 8
3.02935393536 0.508674 0.4773 0.491395 0.514674 0.4833 0.497395 8
3.02258915329 0.508695 0.477275 0.491409 0.514695 0.483275 0.497409 8
3.01585206488 0.508716 0.47725 0.491424 0.514716 0.48325 0.497424 8
3.0091424872 0.508739 0.477227 0.491437 0.514739 0.483227 0.497437 8
3.00246023892 0.508762 0.477206 0.491451 0.514762 0.483206 0.497451 8
2.99580538563 0.508783 0.477182 0.491464 0.514783 0.483182 0.497464 8
2.98917701356 0.508806 0.477161 0.491477 0.514806 0.483161 0.497477 8
2.98257568203 0.50883 0.47714 0.491493 0.51483 0.48314 0.497493 8
2.97600097088 0.508853 0.477117 0.491508 0.514853 0.483117 0.497508 8
2.96945270684 0.508876 0.477094 0.491523 0.514876 0.483094 0.497523 8
2.96293071814 0.508897 0.477071 0.491536 0.514897 0.483071 0.497536 8
2.95643483458 0.50892 0.477048 0.491552 0.51492 0.483048 0.497552 8
2.94996488743 0.508943 0.477027 0.491565 0.514943 0.483027 0.497565 8
2.94352070948 0.508966 0.477004 0.491578 0.514966 0.483004 0.497578 8
2.93710213499 0.508989 0.476983 0.491594 0.514989 0.482983 0.497594 8
2.93070899968 0.509012 0.47696 0.491609 0.515012 0.48296 0.497609 8
2.92434114071 0.509033 0.476938 0.491624 0.515033 0.482938 0.497624 8
2.91799839668 0.509057 0.476917 0.491639 0.515057 0.482917 0.497639 8
2.9116806076 0.509078 0.476894 0.491655 0.515078 0.482894 0.497655 8
2.90538761486 0.509101 0.476871 0.49167 0.515101 0.482871 0.49767 8
2.89911926126 0.509124 0.47685 0.491683 0.515124 0.48285 0.497683 8
2.89287539095 0.509147 0.476827 0.491699 0.515147 0.482827 0.497699 8
2.88665584942 0.50917 0.476804 0.491714 0.51517 0.482804 0.497714 8
2.88046048351 0.509191 0.476781 0.491729 0.515191 0.482781 0.497729 8
2.87428914139 0.509214 0.47676 0.491742 0.515214 0.48276 0.497742 8
2.86814167251 0.509235 0.476737 0.491758 0.515235 0.482737 0.497758 8
2.86201792765 0.509258 0.476714 0.491773 0.515258 0.482714 0.497773 8
2.85591775883 0.509279 0.476692 0.491788 0.515279 0.482692 0.497788 8
2.84984101937 0.509301 0.476669 0.491803 0.515301 0.482669 0.497803 8
2.84378756381 0.509322 0.476646 0.491817 0.515322 0.482646 0.497817 8
2.83775724794 0.509343 0.476623 0.491832 0.515343 0.482623 0.497832 8
2.83174992879 0.509364 0.476602 0.491845 0.515364 0.482602 0.497845 8
2.82576546457 0.509385 0.476581 0.491861 0.515385 0.482581 0.497861 8
2.81980371471 0.509408 0.47656 0.491876 0.515408 0.48256 0.497876 8
2.81386453982 0.509429 0.476539 0.491889 0.515429 0.482539 0.497889 8
2.80794780169 0.50945 0.476518 0.491905 0.51545 0.482518 0.497905 8
2.80205336325 0.509471 0.476497 0.491918 0.515471 0.482497 0.497918 8
2.79618108859 0.509494 0.476476 0.491935 0.515494 0.482476 0.497935 8
2.79033084294 0.509515 0.476453 0.491952 0.515515 0.482453 0.497952 8
2.78450249264 0.509536 0.476432 0.491967 0.515536 0.482432 0.497967 8
2.77869590516 0.509557 0.476409 0.491985 0.515557 0.482409 0.497985 8
2.77291094905 0.509576 0.476386 0.492 0.515576 0.482386 0.498 8
2.76714749396 0.509597 0.476365 0.492017 0.515597 0.482365 0.498017 8
2.76140541061 0.509618 0.476342 0.492034 0.515618 0.482342 0.498034 8
2.75568457079 0.509637 0.47632 0.492049 0.515637 0.48232 0.498049 8
2.74998541481 0.509658 0.476297 0.492065 0.515658 0.482297 0.498065 8
2.7443061141 0.509677 0.476272 0.492082 0.515677 0.482272 0.498082 8
2.73864824615 0.509696 0.476249 0.492099 0.515696 0.482249 0.498099 8
2.73301111927 0.509715 0.476226 0.492114 0.515715 0.482226 0.498114 8
2.72739461045 0.509734 0.476203 0.49213 0.515734 0.482203 0.49813 8
2.72179859765 0.509753 0.47618 0.492145 0.515753 0.48218 0.498145 8
2.71622295981 0.509773 0.476159 0.49216 0.515773 0.482159 0.49816 8
2.71066757686 0.509792 0.476136 0.492175 0.515792 0.482136 0.498175 8
2.70513232968 0.509813 0.476114 0.492193 0.515813 0.482114 0.498193 8
2.69961710014 0.509832 0.476091 0.49221 0.515832 0.482091 0.49821 8
2.69412177102 0.509851 0.476068 0.492225 0.515851 0.482068 0.498225 8
2.68864622607 0.509872 0.476045 0.492244 0.515872 0.482045 0.498244 8
2.68319034997 0.509891 0.476022 0.492261 0.515891 0.482022 0.498261 8
2.6777540283 0.50991 0.475999 0.492278 0.51591 0.481999 0.498278 8
2.67233714759 0.509927 0.475974 0.492296 0.515927 0.481974 0.498296 8
2.66693959523 0.509948 0.475951 0.492313 0.515948 0.481951 0.498313 8
2.66156125953 0.509967 0.475929 0.49233 0.515967 0.481929 0.49833 8
2.65620202968 0.509988 0.475906 0.492349 0.515988 0.481906 0.498349 8
2.65086179574 0.510005 0.475881 0.492366 0.516005 0.481881 0.498366 8
2.64554044864 0.510024 0.475856 0.492383 0.516024 0.481856 0.498383 8
2.64023788017 0.510043 0.475833 0.4924 0.516043 0.481833 0.4984 8
2.63495398297 0.510062 0.47581 0.492418 0.516062 0.48181 0.498418 8
2.62968865053 0.510082 0.475786 0.492437 0.516082 0.481786 0.498437 8
2.62444177715 0.510101 0.475761 0.492454 0.516101 0.481761 0.498454 8
2.61921325797 0.51012 0.475738 0.492471 0.51612 0.481738 0.498471 8
2.61400298894 0.510139 0.475713 0.492488 0.516139 0.481713 0.498488 8
2.60881086684 0.510158 0.47569 0.492505 0.516158 0.48169 0.498505 8
2.60363678922 0.510177 0.475665 0.492524 0.516177 0.481665 0.498524 8
2.59848065444 0.510196 0.475641 0.492542 0.516196 0.481641 0.498542 8
2.59334236164 0.510215 0.475618 0.492559 0.516215 0.481618 0.498559 8
2.58822181074 0.510236 0.475595 0.492576 0.516236 0.481595 0.498576 8
2.58311890242 0.510257 0.47557 0.492595 0.516257 0.48157 0.498595 8
2.57803353814 0.510276 0.475545 0.492612 0.516276 0.481545 0.498612 8
2.57296562009 0.510297 0.47552 0.492631 0.516297 0.48152 0.498631 8
2.56791505123 0.510316 0.475496 0.49265 0.516316 0.481496 0.49865 8
2.56288173525 0.510335 0.475471 0.492667 0.516335 0.481471 0.498667 8
2.55786557658 0.510354 0.475448 0.492685 0.516354 0.481448 0.498685 8
2.55286648036 0.510375 0.475423 0.492704 0.516375 0.481423 0.498704 8
2.54788435246 0.510394 0.475398 0.492721 0.516394 0.481398 0.498721 8
2.54291909946 0.510413 0.475375 0.492738 0.516413 0.481375 0.498738 8
2.53797062865 0.510433 0.475351 0.492755 0.516433 0.481351 0.498755 8
2.53303884801 0.510453 0.47533 0.492772 0.516453 0.48133 0.498772 8
2.52812366621 0.510474 0.475305 0.492791 0.516474 0.481305 0.498791 8
2.52322499262 0.510494 0.47528 0.492809 0.516494 0.48128 0.498809 8
2.51834273727 0.510515 0.475257 0.492828 0.516515 0.481257 0.498828 8
2.51347681088 0.510534 0.475232 0.492843 0.516534 0.481232 0.498843 8
2.50862712481 0.510553 0.475208 0.492862 0.516553 0.481208 0.498862 8
2.5037935911 0.510574 0.475185 0.492877 0.516574 0.481185 0.498877 8
2.49897650109 0.510593 0.475162 0.492894 0.516593 0.481162 0.498894 8
2.49417463215 0.510614 0.475139 0.492912 0.516614 0.481139 0.498912 8
2.48938903429 0.510635 0.475116 0.492931 0.516635 0.481116 0.498931 8
2.48461924336 0.510654 0.475091 0.492948 0.516654 0.481091 0.498948 8
2.47986517465 0.510675 0.475068 0.492965 0.516675 0.481068 0.498965 8
2.47512674401 0.510694 0.475044 0.492984 0.516694 0.481044 0.498984 8
2.47040386793 0.510715 0.475021 0.493001 0.516715 0.481021 0.499001 8
2.4656964635 0.510734 0.474998 0.493018 0.516734 0.480998 0.499018 8
2.46100444841 0.510755 0.474975 0.493036 0.516755 0.480975 0.499036 8
2.45632774096 0.510774 0.474952 0.493053 0.516774 0.480952 0.499053 8
2.45166626005 0.510795 0.474927 0.493072 0.516795 0.480927 0.499072 8
2.44701992515 0.510814 0.474904 0.493089 0.516814 0.480904 0.499089 8
2.44238865633 0.510833 0.47488 0.493106 0.516833 0.48088 0.499106 8
2.43777237423 0.510852 0.474857 0.493123 0.516852 0.480857 0.499123 8
2.43317100006 0.510873 0.474834 0.49314 0.516873 0.480834 0.49914 8
2.42858445562 0.510892 0.474809 0.493158 0.516892 0.480809 0.499158 8
2.42401266324 0.510911 0.474786 0.493175 0.516911 0.480786 0.499175 8
2.41945554583 0.510932 0.474763 0.493192 0.516932 0.480763 0.499192 8
2.41491302685 0.510951 0.474738 0.493211 0.516951 0.480738 0.499211 8
2.41038503029 0.510972 0.474715 0.493228 0.516972 0.480715 0.499228 8
2.4058714807 0.510991 0.474691 0.493245 0.516991 0.480691 0.499245 8
2.40137230317 0.51101 0.474668 0.493261 0.51701 0.480668 0.499261 8
2.39688742332 0.51103 0.474645 0.493278 0.51703 0.480645 0.499278 8
2.39241676727 0.511049 0.474622 0.493295 0.517049 0.480622 0.499295 8
2.3879602617 0.511068 0.474597 0.493312 0.517068 0.480597 0.499312 8
2.3835178338 0.511089 0.474574 0.493329 0.517089 0.480574 0.499329 8
2.37908941125 0.511108 0.474551 0.493346 0.517108 0.480551 0.499346 8
2.37467492227 0.511127 0.474527 0.493364 0.517127 0.480527 0.499364 8
2.37027429557 0.511146 0.474504 0.493379 0.517146 0.480504 0.499379 8
2.36588746036 0.511165 0.474479 0.493398 0.517165 0.480479 0.499398 8
2.36151434634 0.511184 0.474456 0.493413 0.517184 0.480456 0.499413 8
2.35715488372 0.511203 0.474431 0.49343 0.517203 0.480431 0.49943 8
2.35280900318 0.511222 0.474408 0.493448 0.517222 0.480408 0.499448 8
2.34847663588 0.511241 0.474384 0.493465 0.517241 0.480384 0.499465 8
2.34415771346 0.51126 0.474361 0.493482 0.51726 0.480361 0.499482 8
2.33985216806 0.511281 0.474338 0.493499 0.517281 0.480338 0.499499 8
2.33555993226 0.511298 0.474313 0.493514 0.517298 0.480313 0.499514 8
2.3312809391 0.511319 0.47429 0.493531 0.517319 0.48029 0.499531 8
2.32701512212 0.511337 0.474263 0.493549 0.517337 0.480263 0.499549 8
2.32276241527 0.511358 0.474241 0.493566 0.517358 0.480241 0.499566 8
2.318522753 0.511377 0.474216 0.493583 0.517377 0.480216 0.499583 8
2.31429607016 0.511396 0.474193 0.493598 0.517396 0.480193 0.499598 8
2.3100823021 0.511415 0.474168 0.493615 0.517415 0.480168 0.499615 8
2.30588138457 0.511432 0.474145 0.493631 0.517432 0.480145 0.499631 8
2.30169325377 0.511451 0.47412 0.493648 0.517451 0.48012 0.499648 8
2.29751784634 0.511468 0.474096 0.493665 0.517468 0.480096 0.499665 8
2.29335509935 0.511487 0.474073 0.49368 0.517487 0.480073 0.49968 8
2.28920495029 0.511504 0.474048 0.493697 0.517504 0.480048 0.499697 8
2.28506733707 0.511522 0.474023 0.493713 0.517522 0.480023 0.499713 8
2.28094219804 0.511539 0.473998 0.49373 0.517539 0.479998 0.49973 8
2.27682947194 0.511556 0.473972 0.493747 0.517556 0.479972 0.499747 8
2.27272909793 0.511573 0.473949 0.493762 0.517573 0.479949 0.499762 8
2.2686410156 0.51159 0.473924 0.493778 0.51759 0.479924 0.499778 8
2.26456516492 0.511607 0.473897 0.493795 0.517607 0.479897 0.499795 8
2.26050148626 0.511625 0.473872 0.49381 0.517625 0.479872 0.49981 8
2.25644992041 0.511642 0.473848 0.493825 0.517642 0.479848 0.499825 8
2.25241040853 0.511657 0.473823 0.49384 0.517657 0.479823 0.49984 8
2.24838313276 0.511674 0.473798 0.493856 0.517674 0.479798 0.499856 8
2.24436731334 0.511689 0.473773 0.493871 0.517689 0.479773 0.499871 8
2.24036361436 0.511705 0.473747 0.493886 0.517705 0.479747 0.499886 8
2.23637173791 0.51172 0.473722 0.4939 0.51772 0.479722 0.4999 8
2.23239162711 0.511735 0.473695 0.493915 0.517735 0.479695 0.499915 8
2.22842322544 0.51175 0.47367 0.49393 0.51775 0.47967 0.49993 8
2.22446647674 0.511764 0.473644 0.493943 0.517764 0.479644 0.499943 8
2.22052132522 0.511777 0.473617 0.493957 0.517777 0.479617 0.499957 8
2.21658771548 0.511792 0.47359 0.493972 0.517792 0.47959 0.499972 8
2.21266559244 0.511806 0.473565 0.493985 0.517806 0.479565 0.499985 8
2.20875490142 0.511819 0.473539 0.493997 0.517819 0.479539 0.499997 8
2.20485558808 0.511831 0.473514 0.494008 0.517831 0.479514 0.500008 8
2.20096759843 0.511844 0.473489 0.49402 0.517844 0.479489 0.50002 8
2.19709087883 0.511855 0.473462 0.494031 0.517855 0.479462 0.500031 8
2.19322537601 0.511869 0.473438 0.494043 0.517869 0.479438 0.500043 8
2.18937103703 0.51188 0.473413 0.494052 0.51788 0.479413 0.500052 8
2.18552780928 0.51189 0.473388 0.494062 0.51789 0.479388 0.500062 8
2.18169564051 0.511901 0.473363 0.494071 0.517901 0.479363 0.500071 8
2.1778744788 0.511913 0.473338 0.494081 0.517913 0.479338 0.500081 8
2.17406427256 0.511924 0.473317 0.494088 0.517924 0.479317 0.500088 8
2.17026497053 0.511934 0.473293 0.494098 0.517934 0.479293 0.500098 8
2.1664765218 0.511945 0.473272 0.494106 0.517945 0.479272 0.500106 8
2.16269887575 0.511956 0.473251 0.494113 0.517956 0.479251 0.500113 8
2.15893198211 0.511968 0.473228 0.494123 0.517968 0.479228 0.500123 8
2.15517579093 0.511979 0.473207 0.49413 0.517979 0.479207 0.50013 8
2.15143025257 0.511989 0.473186 0.494138 0.517989 0.479186 0.500138 8
2.1476953177 0.512002 0.473167 0.494146 0.518002 0.479167 0.500146 8
2.14397093731 0.512014 0.473146 0.494153 0.518014 0.479146 0.500153 8
2.14025706271 0.512027 0.473125 0.494163 0.518027 0.479125 0.500163 8
2.13655364551 0.51204 0.473104 0.49417 0.51804 0.479104 0.50017 8
2.13286063762 0.512056 0.473085 0.494178 0.518056 0.479085 0.500178 8
2.12917799125 0.512071 0.473068 0.494186 0.518071 0.479068 0.500186 8
2.12550565893 0.512086 0.473048 0.494193 0.518086 0.479048 0.500193 8
2.12184359347 0.512101 0.473031 0.494201 0.518101 0.479031 0.500201 8
2.11819174799 0.512117 0.473012 0.494209 0.518117 0.479012 0.500209 8
2.11455007588 0.512132 0.472995 0.494216 0.518132 0.478995 0.500216 8
2.11091853086 0.512149 0.472978 0.494226 0.518149 0.478978 0.500226 8
2.1072970669 0.512166 0.472963 0.494233 0.518166 0.478963 0.500233 8
2.10368563827 0.512183 0.472945 0.494243 0.518183 0.478945 0.500243 8
2.10008419955 0.512203 0.472928 0.494252 0.518203 0.478928 0.500252 8
2.09649270555 0.51222 0.472913 0.494262 0.51822 0.478913 0.500262 8
2.09291111141 0.512239 0.472898 0.494272 0.518239 0.478898 0.500272 8
2.08933937252 0.512258 0.472883 0.494281 0.518258 0.478883 0.500281 8
2.08577744454 0.512279 0.472865 0.494291 0.518279 0.478865 0.500291 8
2.08222528344 0.512298 0.47285 0.4943 0.518298 0.47885 0.5003 8
2.07868284542 0.512319 0.472835 0.494312 0.518319 0.478835 0.500312 8
2.07515008697 0.512338 0.472821 0.494321 0.518338 0.478821 0.500321 8
2.07162696484 0.512359 0.472806 0.494333 0.518359 0.478806 0.500333 8
2.06811343605 0.51238 0.472791 0.494342 0.51838 0.478791 0.500342 8
2.06460945788 0.512399 0.472776 0.494354 0.518399 0.478776 0.500354 8
2.06111498788 0.512422 0.47276 0.494365 0.518422 0.47876 0.500365 8
2.05762998383 0.512443 0.472745 0.494376 0.518443 0.478745 0.500376 8
2.05415440381 0.512464 0.47273 0.494388 0.518464 0.47873 0.500388 8
2.05068820612 0.512485 0.472717 0.494399 0.518485 0.478717 0.500399 8
2.04723134932 0.512508 0.472701 0.494411 0.518508 0.478701 0.500411 8
2.04378379222 0.512529 0.472688 0.494424 0.518529 0.478688 0.500424 8
2.04034549391 0.512552 0.472673 0.494436 0.518552 0.478673 0.500436 8
2.03691641368 0.512574 0.472659 0.494447 0.518574 0.478659 0.500447 8
2.03349651109 0.512597 0.472644 0.49446 0.518597 0.478644 0.50046 8
2.03008574594 0.51262 0.472631 0.494474 0.51862 0.478631 0.500474 8
2.02668407827 0.512643 0.472617 0.494485 0.518643 0.478617 0.500485 8
2.02329146837 0.512668 0.472602 0.494499 0.518668 0.478602 0.500499 8
2.01990787675 0.512693 0.472589 0.49451 0.518693 0.478589 0.50051 8
2.01653326416 0.512716 0.472574 0.494523 0.518716 0.478574 0.500523 8
2.0131675916 0.51274 0.47256 0.494535 0.51874 0.47856 0.500535 8
2.00981082028 0.512767 0.472547 0.494546 0.518767 0.478547 0.500546 8
2.00646291165 0.512792 0.472533 0.49456 0.518792 0.478533 0.50056 8
2.0031238274 0.512819 0.472518 0.494571 0.518819 0.478518 0.500571 8
1.99979384142 0.512845 0.472505 0.494582 0.518845 0.478505 0.500582 8
