root_index
22365210.0
22365211.0
22365212.0
22365213.0
22365214.0
22368988.0
22368989.0
22368990.0
22368991.0
22368992.0
22368993.0
22368994.0
22368995.0
22372767.0
22372768.0
22372769.0
22372770.0
22372771.0
22372772.0
22372773.0
22372774.0
22376548.0
22376549.0
22376550.0
22376551.0
22376552.0
22376553.0
22380328.0
22380329.0
22380330.0
22380331.0
22903027.0
22903028.0
22903095.0
22903096.0
22903097.0
22903161.0
22903162.0
22903163.0
22903164.0
22903165.0
22903166.0
22903167.0
22903231.0
22903232.0
22903233.0
22903234.0
22903235.0
22903236.0
22903302.0
22903303.0
22903304.0
22906599.0
22906665.0
22906666.0
22906667.0
22906668.0
22906669.0
22906726.0
22906734.0
22906735.0
22906736.0
22906737.0
22906738.0
22906796.0
22906797.0
22906798.0
22906804.0
22906805.0
22906806.0
22906807.0
22906808.0
22906867.0
22906868.0
22906869.0
22906870.0
22906871.0
22906872.0
22906873.0
22906874.0
22906875.0
22906876.0
22906877.0
22906938.0
22906939.0
22906940.0
22906941.0
22906942.0
22906943.0
22906944.0
22906945.0
22906946.0
22910236.0
22910237.0
22910238.0
22910239.0
22910240.0
22910294.0
22910305.0
22910306.0
22910307.0
22910308.0
22910309.0
22910310.0
22910364.0
22910365.0
22910366.0
22910375.0
22910376.0
22910377.0
22910378.0
22910379.0
22910435.0
22910436.0
22910437.0
22910438.0
22910444.0
22910445.0
22910446.0
22910447.0
22910448.0
22910506.0
22910507.0
22910508.0
22910509.0
22910510.0
22910511.0
22910512.0
22910513.0
22910514.0
22910515.0
22910516.0
22910517.0
22910577.0
22910578.0
22910579.0
22910580.0
22910581.0
22910582.0
22910583.0
22910584.0
22910585.0
22910586.0
22913862.0
22913878.0
22913879.0
22913880.0
22913881.0
22913933.0
22913934.0
22913948.0
22913949.0
22913950.0
22914003.0
22914004.0
22914005.0
22914017.0
22914018.0
22914019.0
22914074.0
22914075.0
22914086.0
22914087.0
22914088.0
22914089.0
22914145.0
22914146.0
22914155.0
22914156.0
22914157.0
22914158.0
22914216.0
22914217.0
22914218.0
22914219.0
22914220.0
22914221.0
22914222.0
22914223.0
22914224.0
22914225.0
22914226.0
22917501.0
22917502.0
22917519.0
22917520.0
22917521.0
22917572.0
22917573.0
22917588.0
22917589.0
22917590.0
22917643.0
22917644.0
22917657.0
22917658.0
22917659.0
22917660.0
22917713.0
22917714.0
22917715.0
22917726.0
22917727.0
22917728.0
22917729.0
22917785.0
22917786.0
22917795.0
22917796.0
22917797.0
22917856.0
22917857.0
22917858.0
22917859.0
22917860.0
22917861.0
22917862.0
22917863.0
22917864.0
22917865.0
22917866.0
22921070.0
22921141.0
22921142.0
22921159.0
22921160.0
22921161.0
22921211.0
22921212.0
22921213.0
22921228.0
22921229.0
22921230.0
22921282.0
22921283.0
22921284.0
22921297.0
22921298.0
22921299.0
22921353.0
22921354.0
22921355.0
22921366.0
22921367.0
22921368.0
22921425.0
22921426.0
22921427.0
22921434.0
22921435.0
22921436.0
22921437.0
22921496.0
22921497.0
22921498.0
22921499.0
22921500.0
22921501.0
22921502.0
22921503.0
22921504.0
22921505.0
22924710.0
22924780.0
22924781.0
22924782.0
22924799.0
22924800.0
22924851.0
22924852.0
22924853.0
22924868.0
22924869.0
22924870.0
22924922.0
22924923.0
22924924.0
22924937.0
22924938.0
22924939.0
22924994.0
22924995.0
22925005.0
22925006.0
22925007.0
22925008.0
22925065.0
22925066.0
22925067.0
22925068.0
22925072.0
22925073.0
22925074.0
22925075.0
22925076.0
22925137.0
22925138.0
22925139.0
22925140.0
22925141.0
22925142.0
22925143.0
22928349.0
22928350.0
22928420.0
22928421.0
22928422.0
22928439.0
22928491.0
22928492.0
22928493.0
22928507.0
22928508.0
22928509.0
22928563.0
22928564.0
22928577.0
22928578.0
22928635.0
22928636.0
22928644.0
22928645.0
22928646.0
22928647.0
22928706.0
22928707.0
22928708.0
22928709.0
22928710.0
22928711.0
22928712.0
22928713.0
22928714.0
22928779.0
22931989.0
22931990.0
22931991.0
22932060.0
22932061.0
22932062.0
22932063.0
22932078.0
22932132.0
22932133.0
22932134.0
22932146.0
22932147.0
22932204.0
22932205.0
22932216.0
22932217.0
22932276.0
22932277.0
22932278.0
22932279.0
22932280.0
22932281.0
22932282.0
22932283.0
22932284.0
22932285.0
22932348.0
22932349.0
22932350.0
22932351.0
22935630.0
22935631.0
22935632.0
22935701.0
22935702.0
22935703.0
22935704.0
22935773.0
22935774.0
22935775.0
22935786.0
22935845.0
22935846.0
22935847.0
22935855.0
22935917.0
22935918.0
22935919.0
22935920.0
22935921.0
22935922.0
22935923.0
22939199.0
22939271.0
22939272.0
22939273.0
22939343.0
22939344.0
22939345.0
22939415.0
22939423.0
22939424.0
22939425.0
22939487.0
22939488.0
22939489.0
22939490.0
22939491.0
22939492.0
22939493.0
22939494.0
22942913.0
22942914.0
22942985.0
22942986.0
22942987.0
22942988.0
22942989.0
22942990.0
22943057.0
22943058.0
22943059.0
22943060.0
22943061.0
22943062.0
22943063.0
22946555.0
22946556.0
22946557.0
22946558.0
22946559.0
22946630.0
22946631.0
22946632.0
22913946.0
22913947.0
22914015.0
22914016.0
22914076.0
22914077.0
22914084.0
22914085.0
22914147.0
22914148.0
22914149.0
22914150.0
22914151.0
22914152.0
22914153.0
22914154.0
22917586.0
22917587.0
22917645.0
22917655.0
22917656.0
22917716.0
22917717.0
22917724.0
22917725.0
22917787.0
22917788.0
22917789.0
22917790.0
22917791.0
22917792.0
22917793.0
22917794.0
22921227.0
22921285.0
22921295.0
22921296.0
22921356.0
22921357.0
22921363.0
22921364.0
22921365.0
22921428.0
22921429.0
22921430.0
22921431.0
22921432.0
22921433.0
22924866.0
22924867.0
22924925.0
22924935.0
22924936.0
22924996.0
22924997.0
22924998.0
22925002.0
22925003.0
22925004.0
22925069.0
22925070.0
22925071.0
22928494.0
22928506.0
22928565.0
22928566.0
22928573.0
22928574.0
22928575.0
22928576.0
22928637.0
22928638.0
22928639.0
22928640.0
22928641.0
22928642.0
22928643.0
22932135.0
22932145.0
22932206.0
22932207.0
22932208.0
22932209.0
22932210.0
22932211.0
22932212.0
22932213.0
22932214.0
22932215.0
22935776.0
22935777.0
22935783.0
22935784.0
22935785.0
22935848.0
22935849.0
22935850.0
22935851.0
22935852.0
22935853.0
22935854.0
22939346.0
22939416.0
22939417.0
22939418.0
22939419.0
22939420.0
22939421.0
22939422.0
22917371.0
22917372.0
22917440.0
22917442.0
22917508.0
22917578.0
22917649.0
22917650.0
22917652.0
22920941.0
22920942.0
22920943.0
22921076.0
22921078.0
22921146.0
22921218.0
22921223.0
22921289.0
22921290.0
22921291.0
22924510.0
22924511.0
22924512.0
22924582.0
22924583.0
22924646.0
22924653.0
22924716.0
22924723.0
22924793.0
22924857.0
22924858.0
22924862.0
22924929.0
22928011.0
22928148.0
22928150.0
22928151.0
22928217.0
22928218.0
22928221.0
22928291.0
22928292.0
22928354.0
22928427.0
22928498.0
22931649.0
22931718.0
22931719.0
22931858.0
22931859.0
22931860.0
22931925.0
22932000.0
22932001.0
22932069.0
22932071.0
22935498.0
22935499.0
22935639.0
22917441.0
22917510.0
22917512.0
22917579.0
22920871.0
22920872.0
22920940.0
22921008.0
22921009.0
22921077.0
22921147.0
22921153.0
22921217.0
22924441.0
22924509.0
22924579.0
22924647.0
22924652.0
22924717.0
22924787.0
22924792.0
22924859.0
22924930.0
22924931.0
22928222.0
22928287.0
22928288.0
22928289.0
22928290.0
22928361.0
22928428.0
22928431.0
22928432.0
22928499.0
22928500.0
22928501.0
22931720.0
22931788.0
22931790.0
22931928.0
22931929.0
22931931.0
22931998.0
22931999.0
22935569.0
22917509.0
22917511.0
22917580.0
22917581.0
22921010.0
22921011.0
22921012.0
22921013.0
22921079.0
22921080.0
22921081.0
22921082.0
22921083.0
22921148.0
22921149.0
22921150.0
22921151.0
22921152.0
22921219.0
22921220.0
22921221.0
22921222.0
22921292.0
22924578.0
22924580.0
22924581.0
22924648.0
22924649.0
22924650.0
22924651.0
22924718.0
22924719.0
22924720.0
22924721.0
22924722.0
22924788.0
22924789.0
22924790.0
22924791.0
22924860.0
22924861.0
22928219.0
22928220.0
22928357.0
22928358.0
22928359.0
22928360.0
22928429.0
22928430.0
25812692.0
25812725.0
25812726.0
25812727.0
25812728.0
25812729.0
25812756.0
25812757.0
25812758.0
25812759.0
25812760.0
25812761.0
25812789.0
25812790.0
25812791.0
25812792.0
25812793.0
25812794.0
22906387.0
22906388.0
22906389.0
22906455.0
22906456.0
22906457.0
22906458.0
22906459.0
22906523.0
22906524.0
22906525.0
22906526.0
22906527.0
22906528.0
22906529.0
22906590.0
22906591.0
22906592.0
22906593.0
22906594.0
22906595.0
22906596.0
22906597.0
22906598.0
22906659.0
22906660.0
22906661.0
22906662.0
22906663.0
22906664.0
22906729.0
22906730.0
22906731.0
22906732.0
22906733.0
22906799.0
22906800.0
22906801.0
22906802.0
22906803.0
22909537.0
22909603.0
22909606.0
22909607.0
22909608.0
22909672.0
22909673.0
22909674.0
22909675.0
22909676.0
22909677.0
22909678.0
22909679.0
22909740.0
22909743.0
22909744.0
22909745.0
22909746.0
22909747.0
22909748.0
22909749.0
22909808.0
22909809.0
22909810.0
22909811.0
22909812.0
22909813.0
22909814.0
22909815.0
22909816.0
22909817.0
22909818.0
22909819.0
22909877.0
22909878.0
22909879.0
22909880.0
22909881.0
22909882.0
22909883.0
22909884.0
22909885.0
22909886.0
22909887.0
22909888.0
22909889.0
22909890.0
22909946.0
22909947.0
22909948.0
22909949.0
22909950.0
22909951.0
22909952.0
22909956.0
22909957.0
22909958.0
22909959.0
22909960.0
22910016.0
22910017.0
22910018.0
22910019.0
22910020.0
22910021.0
22910022.0
22910026.0
22910027.0
22910028.0
22910029.0
22910030.0
22910086.0
22910087.0
22910088.0
22910089.0
22910096.0
22910097.0
22910098.0
22910099.0
22910100.0
22910155.0
22910156.0
22910157.0
22910165.0
22910166.0
22910167.0
22910168.0
22910169.0
22910170.0
22910225.0
22910226.0
22910235.0
22910296.0
22910304.0
22910373.0
22910374.0
22910443.0
22912891.0
22912892.0
22912961.0
22912962.0
22912963.0
22912964.0
22913032.0
22913033.0
22913034.0
22913035.0
22913036.0
22913037.0
22913103.0
22913104.0
22913105.0
22913106.0
22913107.0
22913175.0
22913176.0
22913177.0
22913178.0
22913245.0
22913246.0
22913247.0
22913248.0
22913316.0
22913317.0
22913318.0
22913319.0
22913374.0
22913375.0
22913376.0
22913386.0
22913387.0
22913388.0
22913389.0
22913444.0
22913456.0
22913457.0
22913458.0
22913459.0
22913460.0
22913526.0
22913527.0
22913528.0
22913529.0
22913530.0
22913596.0
22913597.0
22913598.0
22913599.0
22913600.0
22913666.0
22913667.0
22913668.0
22913669.0
22913670.0
22913736.0
22913737.0
22913738.0
22913739.0
22913740.0
22913806.0
22913807.0
22913808.0
22913809.0
22913810.0
22913875.0
22913876.0
22913877.0
22913945.0
22914014.0
22916388.0
22916457.0
22916458.0
22916459.0
22916460.0
22916461.0
22916527.0
22916530.0
22916531.0
22916532.0
22916533.0
22916595.0
22916596.0
22916602.0
22916603.0
22916604.0
22916605.0
22916665.0
22916666.0
22916673.0
22916674.0
22916675.0
22916676.0
22916677.0
22916734.0
22916735.0
22916744.0
22916745.0
22916746.0
22916747.0
22916804.0
22916805.0
22916806.0
22916815.0
22916816.0
22916817.0
22916818.0
22916874.0
22916875.0
22916885.0
22916886.0
22916887.0
22916888.0
22916944.0
22916956.0
22916957.0
22916958.0
22916959.0
22917026.0
22917027.0
22917028.0
22917029.0
22917096.0
22917097.0
22917098.0
22917099.0
22917100.0
22917166.0
22917167.0
22917168.0
22917169.0
22917170.0
22917236.0
22917237.0
22917238.0
22917239.0
22917240.0
22917306.0
22917307.0
22917308.0
22917309.0
22917310.0
22917376.0
22917377.0
22917378.0
22917379.0
22917380.0
22917446.0
22917447.0
22917448.0
22917449.0
22917450.0
22917516.0
22917517.0
22917518.0
22917585.0
22920027.0
22920028.0
22920029.0
22920096.0
22920097.0
22920098.0
22920099.0
22920100.0
22920101.0
22920102.0
22920171.0
22920172.0
22920173.0
22920242.0
22920243.0
22920244.0
22920245.0
22920313.0
22920314.0
22920315.0
22920316.0
22920317.0
22920384.0
22920385.0
22920386.0
22920387.0
22920455.0
22920456.0
22920457.0
22920525.0
22920526.0
22920527.0
22920528.0
22920596.0
22920597.0
22920598.0
22920599.0
22920666.0
22920667.0
22920668.0
22920669.0
22920736.0
22920737.0
22920738.0
22920739.0
22920806.0
22920807.0
22920808.0
22920809.0
22920877.0
22920878.0
22920879.0
22920880.0
22920947.0
22920948.0
22920949.0
22920950.0
22921017.0
22921018.0
22921019.0
22921020.0
22921087.0
22921088.0
22921089.0
22921090.0
22921157.0
22921158.0
22921226.0
22923666.0
22923667.0
22923668.0
22923669.0
22923735.0
22923736.0
22923738.0
22923739.0
22923740.0
22923741.0
22923742.0
22923811.0
22923812.0
22923813.0
22923814.0
22923882.0
22923883.0
22923884.0
22923885.0
22923886.0
22923953.0
22923954.0
22923955.0
22923956.0
22923957.0
22924024.0
22924025.0
22924026.0
22924027.0
22924095.0
22924096.0
22924097.0
22924165.0
22924166.0
22924167.0
22924168.0
22924235.0
22924236.0
22924237.0
22924238.0
22924239.0
22924306.0
22924307.0
22924308.0
22924309.0
22924376.0
22924377.0
22924378.0
22924379.0
22924446.0
22924447.0
22924448.0
22924449.0
22924516.0
22924517.0
22924518.0
22924519.0
22924587.0
22924588.0
22924589.0
22924657.0
22924658.0
22924659.0
22924660.0
22924727.0
22924728.0
22924729.0
22924730.0
22924797.0
22924798.0
22927305.0
22927306.0
22927307.0
22927308.0
22927309.0
22927375.0
22927376.0
22927377.0
22927378.0
22927379.0
22927380.0
22927381.0
22927382.0
22927450.0
22927451.0
22927452.0
22927453.0
22927454.0
22927522.0
22927523.0
22927524.0
22927525.0
22927526.0
22927593.0
22927594.0
22927595.0
22927596.0
22927664.0
22927665.0
22927666.0
22927667.0
22927734.0
22927735.0
22927736.0
22927737.0
22927805.0
22927806.0
22927875.0
22927945.0
22928015.0
22928226.0
22928296.0
22928297.0
22928366.0
22928367.0
22928436.0
22928437.0
22930946.0
22930947.0
22930948.0
22931014.0
22931015.0
22931016.0
22931017.0
22931018.0
22931019.0
22931020.0
22931021.0
22931084.0
22931089.0
22931090.0
22931091.0
22931092.0
22931093.0
22931094.0
22931095.0
22931161.0
22931162.0
22931163.0
22931164.0
22931165.0
22931166.0
22931233.0
22931234.0
22931303.0
22931304.0
22931374.0
22931444.0
22931514.0
22931584.0
22932005.0
22932075.0
22932144.0
22934654.0
22934655.0
22934656.0
22934657.0
22934658.0
22934659.0
22934660.0
22934724.0
22934725.0
22934726.0
22934727.0
22934728.0
22934729.0
22934730.0
22934731.0
22934800.0
22934801.0
22934872.0
22935013.0
22935083.0
22935293.0
22935363.0
22935433.0
22935503.0
22935573.0
22935643.0
22935713.0
22935782.0
22938294.0
22938295.0
22938296.0
22938297.0
22938298.0
22938299.0
22938364.0
22938365.0
22938366.0
22938367.0
22938368.0
22938369.0
22938370.0
22938434.0
22938436.0
22938437.0
22938438.0
22938439.0
22938440.0
22939002.0
22939072.0
22939142.0
22939211.0
22939212.0
22939281.0
22939351.0
22942006.0
22942007.0
22942075.0
22942076.0
22942077.0
22942078.0
22942780.0
22942850.0
22909741.0
22909742.0
22909953.0
22909954.0
22909955.0
22910023.0
22910024.0
22910025.0
22910090.0
22910091.0
22910092.0
22910093.0
22910094.0
22910095.0
22910158.0
22910159.0
22910160.0
22910161.0
22910162.0
22910163.0
22910164.0
22910227.0
22910228.0
22910229.0
22910230.0
22910231.0
22910232.0
22910233.0
22910234.0
22910297.0
22910298.0
22910299.0
22910300.0
22910301.0
22910302.0
22910303.0
22910367.0
22910368.0
22910369.0
22910370.0
22910371.0
22910372.0
22910439.0
22910440.0
22910441.0
22910442.0
22913173.0
22913174.0
22913243.0
22913244.0
22913310.0
22913311.0
22913312.0
22913313.0
22913314.0
22913315.0
22913377.0
22913378.0
22913379.0
22913380.0
22913381.0
22913382.0
22913383.0
22913384.0
22913385.0
22913445.0
22913446.0
22913447.0
22913448.0
22913449.0
22913450.0
22913451.0
22913452.0
22913453.0
22913454.0
22913455.0
22913514.0
22913515.0
22913516.0
22913517.0
22913518.0
22913519.0
22913520.0
22913521.0
22913522.0
22913523.0
22913524.0
22913525.0
22913584.0
22913585.0
22913586.0
22913587.0
22913588.0
22913589.0
22913590.0
22913591.0
22913592.0
22913593.0
22913594.0
22913595.0
22913654.0
22913655.0
22913656.0
22913657.0
22913658.0
22913659.0
22913660.0
22913661.0
22913664.0
22913665.0
22913724.0
22913725.0
22913726.0
22913727.0
22913728.0
22913729.0
22913734.0
22913735.0
22913794.0
22913795.0
22913796.0
22913804.0
22913805.0
22913865.0
22913866.0
22913873.0
22913874.0
22913935.0
22913936.0
22913943.0
22913944.0
22914006.0
22914007.0
22914008.0
22914012.0
22914013.0
22914078.0
22914079.0
22914080.0
22914081.0
22914082.0
22914083.0
22916528.0
22916529.0
22916600.0
22916601.0
22916672.0
22916743.0
22916808.0
22916809.0
22916810.0
22916811.0
22916814.0
22916876.0
22916877.0
22916878.0
22916879.0
22916882.0
22916945.0
22916946.0
22916947.0
22916948.0
22916955.0
22917013.0
22917014.0
22917015.0
22917016.0
22917017.0
22917025.0
22917083.0
22917084.0
22917085.0
22917153.0
22917154.0
22917223.0
22917293.0
22917363.0
22917375.0
22917433.0
22917445.0
22917515.0
22917574.0
22917575.0
22917584.0
22917646.0
22917647.0
22917653.0
22917654.0
22917718.0
22917719.0
22917722.0
22917723.0
22920165.0
22920166.0
22920167.0
22920168.0
22920169.0
22920170.0
22920234.0
22920235.0
22920236.0
22920237.0
22920238.0
22920239.0
22920240.0
22920241.0
22920304.0
22920305.0
22920306.0
22920307.0
22920308.0
22920309.0
22920312.0
22920374.0
22920375.0
22920376.0
22920377.0
22920378.0
22920383.0
22920444.0
22920445.0
22920446.0
22920447.0
22920448.0
22920454.0
22920513.0
22920514.0
22920515.0
22920516.0
22920583.0
22920584.0
22920585.0
22920595.0
22920653.0
22920654.0
22920665.0
22920722.0
22920723.0
22920735.0
22920792.0
22920862.0
22920876.0
22920932.0
22920946.0
22921016.0
22921085.0
22921086.0
22921143.0
22921155.0
22921156.0
22921214.0
22921224.0
22921225.0
22921286.0
22921293.0
22921294.0
22921358.0
22921359.0
22921361.0
22921362.0
22923737.0
22923804.0
22923805.0
22923806.0
22923807.0
22923809.0
22923810.0
22923874.0
22923875.0
22923876.0
22923881.0
22923943.0
22923944.0
22923945.0
22923952.0
22924013.0
22924014.0
22924015.0
22924023.0
22924083.0
22924084.0
22924094.0
22924153.0
22924154.0
22924164.0
22924223.0
22924224.0
22924234.0
22924292.0
22924304.0
22924305.0
22924362.0
22924374.0
22924375.0
22924444.0
22924445.0
22924514.0
22924515.0
22924585.0
22924586.0
22924655.0
22924656.0
22924725.0
22924726.0
22924783.0
22924795.0
22924796.0
22924854.0
22924855.0
22924864.0
22924865.0
22924926.0
22924927.0
22924932.0
22924933.0
22924934.0
22924999.0
22925000.0
22925001.0
22927444.0
22927445.0
22927446.0
22927449.0
22927514.0
22927520.0
22927521.0
22927591.0
22927592.0
22927653.0
22927663.0
22927723.0
22927733.0
22927803.0
22927804.0
22927873.0
22927874.0
22927932.0
22927943.0
22927944.0
22928013.0
22928014.0
22928083.0
22928084.0
22928085.0
22928153.0
22928154.0
22928155.0
22928224.0
22928225.0
22928294.0
22928295.0
22928352.0
22928353.0
22928364.0
22928365.0
22928423.0
22928424.0
22928434.0
22928435.0
22928495.0
22928496.0
22928503.0
22928504.0
22928505.0
22928567.0
22928568.0
22928569.0
22928570.0
22928571.0
22928572.0
22931085.0
22931086.0
22931087.0
22931088.0
22931154.0
22931159.0
22931160.0
22931223.0
22931231.0
22931232.0
22931302.0
22931372.0
22931373.0
22931442.0
22931443.0
22931512.0
22931513.0
22931581.0
22931582.0
22931583.0
22931651.0
22931652.0
22931653.0
22931722.0
22931723.0
22931782.0
22931792.0
22931793.0
22931794.0
22931852.0
22931853.0
22931862.0
22931863.0
22931864.0
22931922.0
22931923.0
22931933.0
22931934.0
22931993.0
22931994.0
22932003.0
22932004.0
22932064.0
22932065.0
22932073.0
22932074.0
22932136.0
22932137.0
22932138.0
22932140.0
22932141.0
22932142.0
22932143.0
22934794.0
22934795.0
22934796.0
22934797.0
22934798.0
22934799.0
22934863.0
22934868.0
22934869.0
22934870.0
22934871.0
22934941.0
22934942.0
22935011.0
22935012.0
22935080.0
22935081.0
22935082.0
22935149.0
22935150.0
22935151.0
22935152.0
22935153.0
22935219.0
22935220.0
22935221.0
22935222.0
22935223.0
22935282.0
22935283.0
22935289.0
22935290.0
22935291.0
22935292.0
22935352.0
22935353.0
22935360.0
22935361.0
22935362.0
22935422.0
22935423.0
22935424.0
22935431.0
22935432.0
22935492.0
22935493.0
22935494.0
22935495.0
22935501.0
22935502.0
22935562.0
22935563.0
22935564.0
22935565.0
22935571.0
22935572.0
22935633.0
22935634.0
22935635.0
22935641.0
22935642.0
22935705.0
22935706.0
22935707.0
22935708.0
22935711.0
22935712.0
22935778.0
22935779.0
22935780.0
22935781.0
22938435.0
22938504.0
22938505.0
22938506.0
22938507.0
22938508.0
22938509.0
22938510.0
22938574.0
22938578.0
22938579.0
22938580.0
22938643.0
22938644.0
22938647.0
22938648.0
22938649.0
22938650.0
22938651.0
22938713.0
22938714.0
22938715.0
22938716.0
22938717.0
22938718.0
22938719.0
22938720.0
22938721.0
22938783.0
22938784.0
22938785.0
22938786.0
22938787.0
22938788.0
22938789.0
22938790.0
22938791.0
22938853.0
22938854.0
22938855.0
22938856.0
22938857.0
22938858.0
22938859.0
22938860.0
22938861.0
22938923.0
22938924.0
22938925.0
22938926.0
22938927.0
22938928.0
22938929.0
22938930.0
22938931.0
22938993.0
22938994.0
22938995.0
22938996.0
22938997.0
22938998.0
22938999.0
22939000.0
22939001.0
22939064.0
22939065.0
22939066.0
22939067.0
22939068.0
22939069.0
22939070.0
22939071.0
22939134.0
22939135.0
22939136.0
22939137.0
22939138.0
22939139.0
22939140.0
22939141.0
22939204.0
22939205.0
22939206.0
22939207.0
22939208.0
22939209.0
22939210.0
22939275.0
22939276.0
22939277.0
22939278.0
22939279.0
22939280.0
22939347.0
22939348.0
22939349.0
22939350.0
22942144.0
22942145.0
22942146.0
22942147.0
22942148.0
22942214.0
22942215.0
22942216.0
22942217.0
22942284.0
22942285.0
22942286.0
22942287.0
22942354.0
22942355.0
22942356.0
22942357.0
22942425.0
22942426.0
22942427.0
22942428.0
22942495.0
22942496.0
22942497.0
22942498.0
22942499.0
22942565.0
22942566.0
22942567.0
22942568.0
22942569.0
22942636.0
22942637.0
22942638.0
22942639.0
22942640.0
22942706.0
22942707.0
22942708.0
22942709.0
22942710.0
22942777.0
22942778.0
22942779.0
22942849.0
22913662.0
22913663.0
22913730.0
22913731.0
22913732.0
22913733.0
22913797.0
22913798.0
22913799.0
22913800.0
22913801.0
22913802.0
22913803.0
22913867.0
22913868.0
22913869.0
22913870.0
22913871.0
22913872.0
22913937.0
22913938.0
22913939.0
22913940.0
22913941.0
22913942.0
22914009.0
22914010.0
22914011.0
22916813.0
22916880.0
22916881.0
22916883.0
22916884.0
22916949.0
22916950.0
22916951.0
22916952.0
22916953.0
22917022.0
22917023.0
22917024.0
22917086.0
22917092.0
22917093.0
22917094.0
22917095.0
22917155.0
22917162.0
22917163.0
22917164.0
22917165.0
22917224.0
22917231.0
22917232.0
22917233.0
22917234.0
22917235.0
22917294.0
22917295.0
22917298.0
22917299.0
22917300.0
22917301.0
22917302.0
22917303.0
22917304.0
22917305.0
22917364.0
22917365.0
22917366.0
22917367.0
22917368.0
22917369.0
22917370.0
22917373.0
22917374.0
22917434.0
22917435.0
22917436.0
22917437.0
22917438.0
22917439.0
22917443.0
22917444.0
22917504.0
22917505.0
22917506.0
22917507.0
22917513.0
22917514.0
22917576.0
22917577.0
22917582.0
22917583.0
22917648.0
22917651.0
22917720.0
22917721.0
22920310.0
22920311.0
22920379.0
22920380.0
22920381.0
22920382.0
22920449.0
22920451.0
22920452.0
22920453.0
22920517.0
22920518.0
22920522.0
22920523.0
22920524.0
22920586.0
22920592.0
22920593.0
22920594.0
22920655.0
22920662.0
22920663.0
22920664.0
22920724.0
22920732.0
22920733.0
22920734.0
22920793.0
22920801.0
22920802.0
22920803.0
22920804.0
22920805.0
22920863.0
22920864.0
22920865.0
22920869.0
22920870.0
22920873.0
22920874.0
22920875.0
22920933.0
22920934.0
22920935.0
22920936.0
22920937.0
22920938.0
22920939.0
22920944.0
22920945.0
22921003.0
22921004.0
22921005.0
22921006.0
22921007.0
22921014.0
22921015.0
22921073.0
22921074.0
22921075.0
22921084.0
22921144.0
22921145.0
22921154.0
22921215.0
22921216.0
22921287.0
22921288.0
22921360.0
22923808.0
22923877.0
22923880.0
22923946.0
22923951.0
22924016.0
22924021.0
22924022.0
22924085.0
22924092.0
22924093.0
22924155.0
22924162.0
22924163.0
22924232.0
22924233.0
22924293.0
22924302.0
22924303.0
22924363.0
22924364.0
22924369.0
22924370.0
22924371.0
22924372.0
22924373.0
22924432.0
22924433.0
22924434.0
22924435.0
22924438.0
22924439.0
22924440.0
22924442.0
22924443.0
22924503.0
22924504.0
22924505.0
22924506.0
22924507.0
22924508.0
22924513.0
22924573.0
22924574.0
22924575.0
22924576.0
22924577.0
22924584.0
22924642.0
22924643.0
22924644.0
22924645.0
22924654.0
22924713.0
22924714.0
22924715.0
22924724.0
22924784.0
22924785.0
22924786.0
22924794.0
22924856.0
22924863.0
22924928.0
22927447.0
22927448.0
22927583.0
22927584.0
22927654.0
22927662.0
22927724.0
22927732.0
22927793.0
22927801.0
22927802.0
22927863.0
22927871.0
22927872.0
22927933.0
22927934.0
22927935.0
22927940.0
22927941.0
22927942.0
22928002.0
22928003.0
22928004.0
22928005.0
22928008.0
22928009.0
22928010.0
22928012.0
22928073.0
22928074.0
22928075.0
22928076.0
22928077.0
22928078.0
22928079.0
22928080.0
22928081.0
22928082.0
22928142.0
22928143.0
22928144.0
22928145.0
22928146.0
22928147.0
22928149.0
22928152.0
22928212.0
22928213.0
22928214.0
22928215.0
22928216.0
22928223.0
22928282.0
22928283.0
22928284.0
22928285.0
22928286.0
22928293.0
22928355.0
22928356.0
22928362.0
22928363.0
22928425.0
22928426.0
22928433.0
22928497.0
22928502.0
22931155.0
22931156.0
22931157.0
22931158.0
22931229.0
22931230.0
22931293.0
22931301.0
22931363.0
22931371.0
22931440.0
22931441.0
22931504.0
22931505.0
22931509.0
22931510.0
22931511.0
22931572.0
22931574.0
22931575.0
22931577.0
22931578.0
22931579.0
22931580.0
22931642.0
22931643.0
22931644.0
22931645.0
22931646.0
22931647.0
22931648.0
22931650.0
22931712.0
22931713.0
22931714.0
22931715.0
22931716.0
22931717.0
22931721.0
22931783.0
22931784.0
22931785.0
22931786.0
22931787.0
22931789.0
22931791.0
22931854.0
22931855.0
22931856.0
22931857.0
22931861.0
22931924.0
22931926.0
22931927.0
22931930.0
22931932.0
22931995.0
22931996.0
22931997.0
22932002.0
22932066.0
22932067.0
22932068.0
22932070.0
22932072.0
22932139.0
22934864.0
22934865.0
22934866.0
22934867.0
22934933.0
22934934.0
22934939.0
22934940.0
22935003.0
22935004.0
22935008.0
22935009.0
22935010.0
22935073.0
22935074.0
22935075.0
22935076.0
22935077.0
22935078.0
22935079.0
22935143.0
22935144.0
22935145.0
22935146.0
22935147.0
22935148.0
22935213.0
22935214.0
22935215.0
22935216.0
22935217.0
22935218.0
22935284.0
22935285.0
22935286.0
22935287.0
22935288.0
22935354.0
22935355.0
22935356.0
22935357.0
22935358.0
22935359.0
22935425.0
22935426.0
22935427.0
22935428.0
22935429.0
22935430.0
22935496.0
22935497.0
22935500.0
22935566.0
22935567.0
22935568.0
22935570.0
22935636.0
22935637.0
22935638.0
22935640.0
22935709.0
22935710.0
22938575.0
22938576.0
22938577.0
22938645.0
22938646.0
22916954.0
22917018.0
22917019.0
22917020.0
22917021.0
22917087.0
22917088.0
22917089.0
22917090.0
22917091.0
22917156.0
22917157.0
22917158.0
22917159.0
22917160.0
22917161.0
22917225.0
22917226.0
22917227.0
22917228.0
22917229.0
22917230.0
22917296.0
22917297.0
22920450.0
22920519.0
22920520.0
22920521.0
22920587.0
22920588.0
22920589.0
22920590.0
22920591.0
22920656.0
22920657.0
22920658.0
22920659.0
22920660.0
22920661.0
22920725.0
22920726.0
22920727.0
22920728.0
22920729.0
22920730.0
22920731.0
22920794.0
22920795.0
22920796.0
22920797.0
22920798.0
22920799.0
22920800.0
22920866.0
22920867.0
22920868.0
22923878.0
22923879.0
22923947.0
22923948.0
22923949.0
22923950.0
22924017.0
22924018.0
22924019.0
22924020.0
22924086.0
22924087.0
22924088.0
22924089.0
22924090.0
22924091.0
22924156.0
22924157.0
22924158.0
22924159.0
22924160.0
22924161.0
22924225.0
22924226.0
22924227.0
22924228.0
22924229.0
22924230.0
22924231.0
22924294.0
22924295.0
22924296.0
22924297.0
22924298.0
22924299.0
22924300.0
22924301.0
22924365.0
22924366.0
22924367.0
22924368.0
22924436.0
22924437.0
22924502.0
22924572.0
22927515.0
22927516.0
22927517.0
22927518.0
22927519.0
22927585.0
22927586.0
22927587.0
22927588.0
22927589.0
22927590.0
22927655.0
22927656.0
22927657.0
22927658.0
22927659.0
22927660.0
22927661.0
22927725.0
22927726.0
22927727.0
22927728.0
22927729.0
22927730.0
22927731.0
22927794.0
22927795.0
22927796.0
22927797.0
22927798.0
22927799.0
22927800.0
22927864.0
22927865.0
22927866.0
22927867.0
22927868.0
22927869.0
22927870.0
22927936.0
22927937.0
22927938.0
22927939.0
22928006.0
22928007.0
22928072.0
22931224.0
22931225.0
22931226.0
22931227.0
22931228.0
22931294.0
22931295.0
22931296.0
22931297.0
22931298.0
22931299.0
22931300.0
22931364.0
22931365.0
22931366.0
22931367.0
22931368.0
22931369.0
22931370.0
22931433.0
22931434.0
22931435.0
22931436.0
22931437.0
22931438.0
22931439.0
22931503.0
22931506.0
22931507.0
22931508.0
22931573.0
22931576.0
22934935.0
22934936.0
22934937.0
22934938.0
22935005.0
22935006.0
22935007.0
22902747.0
22902815.0
22902816.0
22902817.0
22902818.0
22902885.0
22902886.0
22902887.0
22902888.0
22902955.0
22902956.0
22902957.0
22902958.0
22903023.0
22903024.0
22903025.0
22903026.0
22903091.0
22903092.0
22903093.0
22903094.0
22906035.0
22906105.0
22906106.0
22906107.0
22906176.0
22906177.0
22906178.0
22906246.0
22906247.0
22906248.0
22906249.0
22906316.0
22906317.0
22906318.0
22906319.0
22906320.0
22906386.0
22906390.0
22906460.0
22906530.0
22906727.0
22906728.0
22909465.0
22909466.0
22909535.0
22909536.0
22909605.0
22902813.0
22902814.0
22902881.0
22902882.0
22902883.0
22902884.0
22902950.0
22902951.0
22902952.0
22902953.0
22902954.0
22903019.0
22903020.0
22903021.0
22903022.0
22903089.0
22903090.0
22905962.0
22906032.0
22906033.0
22906034.0
22906102.0
22906103.0
22906104.0
22906169.0
22906170.0
22906171.0
22906172.0
22906173.0
22906174.0
22906175.0
22906238.0
22906239.0
22906240.0
22906241.0
22906242.0
22906243.0
22906244.0
22906245.0
22906307.0
22906308.0
22906309.0
22906310.0
22906311.0
22906312.0
22906313.0
22906314.0
22906315.0
22906376.0
22906377.0
22906378.0
22906379.0
22906380.0
22906381.0
22906382.0
22906383.0
22906384.0
22906385.0
22906446.0
22906447.0
22906448.0
22906449.0
22906450.0
22906451.0
22906452.0
22906453.0
22906454.0
22906516.0
22906517.0
22906518.0
22906519.0
22906520.0
22906521.0
22906522.0
22906586.0
22906587.0
22906588.0
22906589.0
22906657.0
22906658.0
22909392.0
22909393.0
22909462.0
22909463.0
22909464.0
22909533.0
22909534.0
22909604.0
22909807.0
22909875.0
22909876.0
22909945.0
22910014.0
22910015.0
22910085.0
22912819.0
22912820.0
22912890.0
22924500.0
22924570.0
22924640.0
22927234.0
22927235.0
22927302.0
22927303.0
22927304.0
22927371.0
22927372.0
22927859.0
22927928.0
22927929.0
22927998.0
22927999.0
22928068.0
22928069.0
22928138.0
22928139.0
22928209.0
22928279.0
22930874.0
22930942.0
22930943.0
22930944.0
22931010.0
22931011.0
22931012.0
22931013.0
22931079.0
22931080.0
22931148.0
22931149.0
22931218.0
22931219.0
22931287.0
22931288.0
22931289.0
22931357.0
22931358.0
22931359.0
22931427.0
22931428.0
22931429.0
22931496.0
22931497.0
22931498.0
22931499.0
22931566.0
22931567.0
22931568.0
22931569.0
22931637.0
22931638.0
22931639.0
22931707.0
22931708.0
22931709.0
22931778.0
22931779.0
22931848.0
22931849.0
22931919.0
22934582.0
22934583.0
22934584.0
22934650.0
22934651.0
22934652.0
22934653.0
22934719.0
22934720.0
22934788.0
22934789.0
22934857.0
22934858.0
22934859.0
22934927.0
22934928.0
22934929.0
22934996.0
22934997.0
22934998.0
22934999.0
22935066.0
22935067.0
22935068.0
22935069.0
22935136.0
22935137.0
22935138.0
22935139.0
22935206.0
22935207.0
22935208.0
22935209.0
22935277.0
22935278.0
22935279.0
22935347.0
22935348.0
22935349.0
22935418.0
22935419.0
22935488.0
22935489.0
22935559.0
22938291.0
22938292.0
22938293.0
22938359.0
22938360.0
22938428.0
22938429.0
22938497.0
22938498.0
22938499.0
22938567.0
22938568.0
22938569.0
22938636.0
22938637.0
22938638.0
22938639.0
22938706.0
22938707.0
22938708.0
22938776.0
22938777.0
22938778.0
22938846.0
22938847.0
22938848.0
22938917.0
22938918.0
22938987.0
22938988.0
22939058.0
22939059.0
22939060.0
22939061.0
22939129.0
22939130.0
22939131.0
22939200.0
22939201.0
22939202.0
22941933.0
22942001.0
22942002.0
22942069.0
22942070.0
22942138.0
22942139.0
22942207.0
22942208.0
22942209.0
22942277.0
22942278.0
22942346.0
22942347.0
22942348.0
22942416.0
22942417.0
22942418.0
22942487.0
22942488.0
22942489.0
22942490.0
22942491.0
22942492.0
22942557.0
22942558.0
22942559.0
22942560.0
22942561.0
22942562.0
22942628.0
22942629.0
22942630.0
22942631.0
22942632.0
22942633.0
22942699.0
22942700.0
22942701.0
22942702.0
22942703.0
22942770.0
22942771.0
22942772.0
22942773.0
22942774.0
22942841.0
22942842.0
22942843.0
22942844.0
22942915.0
22945643.0
22945644.0
22945710.0
22945711.0
22945712.0
22945713.0
22945714.0
22945779.0
22945780.0
22945781.0
22945782.0
22945783.0
22945784.0
22945848.0
22945849.0
22945850.0
22945851.0
22945852.0
22945853.0
22945854.0
22945917.0
22945918.0
22945919.0
22945920.0
22945921.0
22945922.0
22945923.0
22945987.0
22945988.0
22945989.0
22945990.0
22945991.0
22945992.0
22945993.0
22946057.0
22946058.0
22946059.0
22946060.0
22946061.0
22946062.0
22946063.0
22946127.0
22946128.0
22946129.0
22946130.0
22946131.0
22946132.0
22946133.0
22946198.0
22946199.0
22946200.0
22946201.0
22946202.0
22946203.0
22946204.0
22946269.0
22946270.0
22946271.0
22946272.0
22946273.0
22946274.0
22946340.0
22946341.0
22946342.0
22946343.0
22946344.0
22946345.0
22946412.0
22946413.0
22946414.0
22946415.0
22946483.0
22946484.0
22946485.0
22949354.0
22949421.0
22949422.0
22949423.0
22949424.0
22949489.0
22949490.0
22949491.0
22949492.0
22949493.0
22949494.0
22949559.0
22949560.0
22949561.0
22949562.0
22949563.0
22949628.0
22949629.0
22949630.0
22949631.0
22949632.0
22949633.0
22949634.0
22949698.0
22949699.0
22949700.0
22949701.0
22949702.0
22949703.0
22949704.0
22949769.0
22949770.0
22949771.0
22949772.0
22949773.0
22949774.0
22949840.0
22949841.0
22949842.0
22949843.0
22949844.0
22949912.0
22949913.0
22949914.0
22949915.0
22949983.0
22949984.0
22949985.0
22950055.0
22953203.0
22953271.0
22953272.0
22953273.0
22953342.0
22953343.0
22953344.0
22953413.0
22953414.0
22921002.0
22921072.0
22924361.0
22924430.0
22924431.0
22924501.0
22924571.0
22924641.0
22924711.0
22924712.0
22927373.0
22927374.0
22927441.0
22927442.0
22927443.0
22927511.0
22927512.0
22927581.0
22927651.0
22927720.0
22927721.0
22927790.0
22927791.0
22927860.0
22927861.0
22927930.0
22927931.0
22928000.0
22928070.0
22928140.0
22928141.0
22928210.0
22928211.0
22928280.0
22928281.0
22928351.0
22931081.0
22931082.0
22931083.0
22931150.0
22931151.0
22931220.0
22931221.0
22931290.0
22931291.0
22931360.0
22931361.0
22931430.0
22931431.0
22931500.0
22931501.0
22931570.0
22931571.0
22931640.0
22931641.0
22931710.0
22931711.0
22931780.0
22931781.0
22931850.0
22931851.0
22931920.0
22931921.0
22931992.0
22934721.0
22934722.0
22934723.0
22934790.0
22934791.0
22934792.0
22934793.0
22934860.0
22934861.0
22934862.0
22934930.0
22934931.0
22934932.0
22935000.0
22935001.0
22935002.0
22935070.0
22935071.0
22935072.0
22935140.0
22935141.0
22935142.0
22935210.0
22935211.0
22935212.0
22935280.0
22935281.0
22935350.0
22935351.0
22935420.0
22935421.0
22935490.0
22935491.0
22935560.0
22935561.0
22938361.0
22938362.0
22938363.0
22938430.0
22938431.0
22938432.0
22938433.0
22938500.0
22938501.0
22938502.0
22938503.0
22938570.0
22938571.0
22938572.0
22938573.0
22938640.0
22938641.0
22938642.0
22938709.0
22938710.0
22938711.0
22938712.0
22938779.0
22938780.0
22938781.0
22938782.0
22938849.0
22938850.0
22938851.0
22938852.0
22938919.0
22938920.0
22938921.0
22938922.0
22938989.0
22938990.0
22938991.0
22938992.0
22939062.0
22939132.0
22939203.0
22939274.0
22942003.0
22942004.0
22942071.0
22942072.0
22942073.0
22942074.0
22942140.0
22942141.0
22942142.0
22942143.0
22942210.0
22942211.0
22942212.0
22942213.0
22942279.0
22942280.0
22942281.0
22942282.0
22942283.0
22942349.0
22942350.0
22942351.0
22942352.0
22942353.0
22942419.0
22942420.0
22942421.0
22942422.0
22942423.0
22942493.0
22942563.0
22942704.0
22916812.0
22927513.0
22927582.0
22927652.0
22927722.0
22927792.0
22927862.0
22928001.0
22928071.0
22931152.0
22931153.0
22931222.0
22931292.0
22931362.0
22931432.0
22931502.0
22909750.0
22909820.0
22909891.0
22909961.0
22910031.0
22910101.0
22910171.0
22912893.0
22912965.0
22913108.0
22913179.0
22913249.0
22913250.0
22913320.0
22913390.0
22913391.0
22913461.0
22913531.0
22913601.0
22913671.0
22913672.0
22913741.0
22913742.0
22913811.0
22916389.0
22916390.0
22916391.0
22916462.0
22916463.0
22916534.0
22916535.0
22916536.0
22916606.0
22916748.0
22916819.0
22916889.0
22916890.0
22916960.0
22917030.0
22917031.0
22917101.0
22917171.0
22917241.0
22917311.0
22917312.0
22917381.0
22917451.0
22919957.0
22919958.0
22919959.0
22920030.0
22920031.0
22920032.0
22920103.0
22920104.0
22920105.0
22920174.0
22920175.0
22920176.0
22920246.0
22920247.0
22920388.0
22920458.0
22920459.0
22920529.0
22920600.0
22920670.0
22920740.0
22920741.0
22920810.0
22920811.0
22920881.0
22920951.0
22921021.0
22921091.0
22923596.0
22923597.0
22923598.0
22923599.0
22923600.0
22923670.0
22923671.0
22923672.0
22923673.0
22923743.0
22923744.0
22923745.0
22923815.0
22923816.0
22924028.0
22924098.0
22924169.0
22924310.0
22924380.0
22924450.0
22924520.0
22924521.0
22924590.0
22924591.0
22924661.0
22924731.0
22927236.0
22927237.0
22927238.0
22927239.0
22927240.0
22927241.0
22927310.0
22927311.0
22927312.0
22927313.0
22927314.0
22927383.0
22927384.0
22927385.0
22927455.0
22927456.0
22927597.0
22930875.0
22930876.0
22930877.0
22930878.0
22930879.0
22930880.0
22930945.0
22930949.0
22930950.0
22930951.0
22930952.0
22930953.0
22931022.0
22931023.0
22931024.0
22931025.0
22931096.0
22934515.0
22934516.0
22934517.0
22934518.0
22934519.0
22934585.0
22934586.0
22934587.0
22934588.0
22934589.0
22934590.0
22934591.0
22934592.0
22934661.0
22934662.0
22934663.0
22934664.0
22934732.0
22934733.0
22934734.0
22934735.0
22934806.0
22938224.0
22938225.0
22938226.0
22938227.0
22938228.0
22938229.0
22938230.0
22938231.0
22938300.0
22938301.0
22938302.0
22938303.0
22938371.0
22938372.0
22938373.0
22938374.0
22941934.0
22941935.0
22941936.0
22941937.0
22941938.0
22941939.0
22941940.0
22941941.0
22942005.0
22942008.0
22942009.0
22942010.0
22942011.0
22942012.0
22945645.0
22945646.0
22945647.0
22945648.0
22945649.0
22945650.0
22927738.0
22927807.0
22927808.0
22927809.0
22927876.0
22927877.0
22927878.0
22927879.0
22927946.0
22927947.0
22927948.0
22927949.0
22928016.0
22928017.0
22928018.0
22928019.0
22928020.0
22928086.0
22928087.0
22928088.0
22928089.0
22928090.0
22928156.0
22928157.0
22928158.0
22928159.0
22928160.0
22928227.0
22928228.0
22928229.0
22928230.0
22928298.0
22928299.0
22928300.0
22928368.0
22928369.0
22928370.0
22928438.0
22931235.0
22931236.0
22931237.0
22931305.0
22931306.0
22931307.0
22931375.0
22931376.0
22931377.0
22931378.0
22931445.0
22931446.0
22931447.0
22931448.0
22931515.0
22931516.0
22931517.0
22931518.0
22931585.0
22931586.0
22931587.0
22931588.0
22931589.0
22931654.0
22931655.0
22931656.0
22931657.0
22931658.0
22931659.0
22931724.0
22931725.0
22931726.0
22931727.0
22931728.0
22931729.0
22931795.0
22931796.0
22931797.0
22931798.0
22931799.0
22931865.0
22931866.0
22931867.0
22931868.0
22931869.0
22931935.0
22931936.0
22931937.0
22931938.0
22931939.0
22932006.0
22932007.0
22932008.0
22932009.0
22932076.0
22932077.0
22934802.0
22934803.0
22934804.0
22934805.0
22934873.0
22934874.0
22934875.0
22934876.0
22934943.0
22934944.0
22934945.0
22934946.0
22934947.0
22935014.0
22935015.0
22935016.0
22935017.0
22935084.0
22935085.0
22935086.0
22935087.0
22935154.0
22935155.0
22935156.0
22935157.0
22935158.0
22935224.0
22935225.0
22935226.0
22935227.0
22935228.0
22935294.0
22935295.0
22935296.0
22935297.0
22935298.0
22935364.0
22935365.0
22935366.0
22935367.0
22935368.0
22935434.0
22935435.0
22935436.0
22935437.0
22935438.0
22935504.0
22935505.0
22935506.0
22935507.0
22935508.0
22935574.0
22935575.0
22935576.0
22935577.0
22935578.0
22935644.0
22935645.0
22935646.0
22935647.0
22935714.0
22935715.0
22935716.0
22935717.0
22938441.0
22938442.0
22938443.0
22938444.0
22938445.0
22938511.0
22938512.0
22938513.0
22938514.0
22938515.0
22938581.0
22938582.0
22938583.0
22938584.0
22938585.0
22938586.0
22938652.0
22938653.0
22938654.0
22938655.0
22938656.0
22938722.0
22938723.0
22938724.0
22938725.0
22938726.0
22938792.0
22938793.0
22938794.0
22938795.0
22938796.0
22938797.0
22938862.0
22938863.0
22938864.0
22938865.0
22938866.0
22938867.0
22938932.0
22938933.0
22938934.0
22938935.0
22938936.0
22938937.0
22939003.0
22939004.0
22939005.0
22939006.0
22939007.0
22939063.0
22939073.0
22939074.0
22939075.0
22939076.0
22939077.0
22939133.0
22939143.0
22939144.0
22939145.0
22939146.0
22939213.0
22939214.0
22939215.0
22939216.0
22939282.0
22939283.0
22939284.0
22939285.0
22939286.0
22939352.0
22939353.0
22939354.0
22939355.0
22942079.0
22942080.0
22942081.0
22942082.0
22942083.0
22942149.0
22942150.0
22942151.0
22942152.0
22942153.0
22942154.0
22942218.0
22942219.0
22942220.0
22942221.0
22942222.0
22942223.0
22942224.0
22942288.0
22942289.0
22942290.0
22942291.0
22942292.0
22942293.0
22942294.0
22942358.0
22942359.0
22942360.0
22942361.0
22942362.0
22942363.0
22942364.0
22942365.0
22942424.0
22942429.0
22942430.0
22942431.0
22942432.0
22942433.0
22942434.0
22942435.0
22942494.0
22942500.0
22942501.0
22942502.0
22942503.0
22942504.0
22942505.0
22942564.0
22942570.0
22942571.0
22942572.0
22942573.0
22942574.0
22942575.0
22942634.0
22942635.0
22942641.0
22942642.0
22942643.0
22942644.0
22942645.0
22942705.0
22942711.0
22942712.0
22942713.0
22942714.0
22942715.0
22942775.0
22942776.0
22942781.0
22942782.0
22942783.0
22942784.0
22942785.0
22942845.0
22942846.0
22942847.0
22942848.0
22942851.0
22942852.0
22942853.0
22942854.0
22942855.0
22942916.0
22942917.0
22942918.0
22942919.0
22942920.0
22942921.0
22942922.0
22942923.0
22942924.0
22942991.0
22942992.0
22942993.0
22942994.0
22945715.0
22945716.0
22945717.0
22945718.0
22945719.0
22945720.0
22945721.0
22945785.0
22945786.0
22945787.0
22945788.0
22945789.0
22945790.0
22945791.0
22945792.0
22945855.0
22945856.0
22945857.0
22945858.0
22945859.0
22945860.0
22945861.0
22945862.0
22945924.0
22945925.0
22945926.0
22945927.0
22945928.0
22945929.0
22945930.0
22945931.0
22945932.0
22945933.0
22945994.0
22945995.0
22945996.0
22945997.0
22945998.0
22945999.0
22946000.0
22946001.0
22946002.0
22946003.0
22946064.0
22946065.0
22946066.0
22946067.0
22946068.0
22946069.0
22946070.0
22946071.0
22946072.0
22946073.0
22946134.0
22946135.0
22946136.0
22946137.0
22946138.0
22946139.0
22946140.0
22946141.0
22946142.0
22946143.0
22946205.0
22946206.0
22946207.0
22946208.0
22946209.0
22946210.0
22946211.0
22946212.0
22946213.0
22946275.0
22946276.0
22946277.0
22946278.0
22946279.0
22946280.0
22946281.0
22946282.0
22946283.0
22946346.0
22946347.0
22946348.0
22946349.0
22946350.0
22946351.0
22946352.0
22946353.0
22946416.0
22946417.0
22946418.0
22946419.0
22946420.0
22946421.0
22946422.0
22946423.0
22946486.0
22946487.0
22946488.0
22946489.0
22946490.0
22946491.0
22946492.0
22946493.0
22946560.0
22946561.0
22946562.0
22946563.0
22949355.0
22949356.0
22949357.0
22949358.0
22949425.0
22949426.0
22949427.0
22949428.0
22949429.0
22949495.0
22949496.0
22949497.0
22949498.0
22949499.0
22949500.0
22949564.0
22949565.0
22949566.0
22949567.0
22949568.0
22949569.0
22949570.0
22949635.0
22949636.0
22949637.0
22949638.0
22949639.0
22949640.0
22949705.0
22949706.0
22949707.0
22949708.0
22949709.0
22949710.0
22949775.0
22949776.0
22949777.0
22949778.0
22949779.0
22949780.0
22949781.0
22949845.0
22949846.0
22949847.0
22949848.0
22949849.0
22949850.0
22949851.0
22949916.0
22949917.0
22949918.0
22949919.0
22949920.0
22949986.0
22949987.0
22949988.0
22949989.0
22949990.0
22950056.0
22950057.0
22950058.0
22950059.0
22950060.0
22950128.0
22950129.0
22953204.0
22953205.0
22953274.0
22953275.0
22953276.0
22953345.0
22953346.0
22953415.0
22953416.0
22953417.0
22953485.0
22953486.0
22953487.0
22953556.0
22917150.0
22917220.0
22917431.0
22919956.0
22920024.0
22920439.0
22920509.0
22920579.0
22920649.0
22920719.0
22920789.0
22920859.0
22920930.0
22921000.0
22923595.0
22923663.0
22923664.0
22923869.0
22923939.0
22924009.0
22924078.0
22924079.0
22924148.0
22924218.0
22924288.0
22924358.0
22924359.0
22924428.0
22924429.0
22924499.0
22924569.0
22924639.0
22927370.0
22927439.0
22927509.0
22927578.0
22927648.0
22927718.0
22927787.0
22927788.0
22927857.0
22927858.0
22927927.0
22927997.0
22906030.0
22906031.0
22906100.0
22906101.0
22906656.0
22909386.0
22909387.0
22909388.0
22909389.0
22909390.0
22909391.0
22909456.0
22909457.0
22909458.0
22909459.0
22909460.0
22909461.0
22909525.0
22909526.0
22909527.0
22909528.0
22909529.0
22909530.0
22909531.0
22909532.0
22909594.0
22909595.0
22909596.0
22909597.0
22909598.0
22909599.0
22909600.0
22909601.0
22909602.0
22909664.0
22909665.0
22909666.0
22909667.0
22909668.0
22909669.0
22909670.0
22909671.0
22909733.0
22909734.0
22909735.0
22909736.0
22909737.0
22909738.0
22909739.0
22909803.0
22909804.0
22909805.0
22909806.0
22909873.0
22909874.0
22909943.0
22909944.0
22910013.0
22910083.0
22910084.0
22910154.0
22910224.0
22910295.0
22912818.0
22912886.0
22912887.0
22912888.0
22912889.0
22912955.0
22912956.0
22912957.0
22912958.0
22912959.0
22912960.0
22913024.0
22913025.0
22913026.0
22913027.0
22913028.0
22913029.0
22913030.0
22913093.0
22913094.0
22913095.0
22913096.0
22913097.0
22913098.0
22913099.0
22913100.0
22913163.0
22913164.0
22913165.0
22913166.0
22913167.0
22913168.0
22913169.0
22913232.0
22913233.0
22913234.0
22913235.0
22913236.0
22913237.0
22913238.0
22913301.0
22913302.0
22913303.0
22913304.0
22913305.0
22913306.0
22913307.0
22913371.0
22913372.0
22913373.0
22913441.0
22913442.0
22913443.0
22913511.0
22913512.0
22913513.0
22913581.0
22913582.0
22913583.0
22913652.0
22913653.0
22913722.0
22913723.0
22913792.0
22913793.0
22913863.0
22913864.0
22916386.0
22916387.0
22916455.0
22916456.0
22916524.0
22916525.0
22916526.0
22916593.0
22916594.0
22916597.0
22916662.0
22916663.0
22916664.0
22916667.0
22916731.0
22916732.0
22916733.0
22916736.0
22916737.0
22916801.0
22916802.0
22916803.0
22916870.0
22916871.0
22916872.0
22916873.0
22916940.0
22916941.0
22916942.0
22916943.0
22917010.0
22917011.0
22917012.0
22917080.0
22917081.0
22917151.0
22917221.0
22917291.0
22917361.0
22917362.0
22917432.0
22917503.0
22920025.0
22920026.0
22920093.0
22920094.0
22920095.0
22920162.0
22920163.0
22920164.0
22920231.0
22920232.0
22920233.0
22920300.0
22920301.0
22920302.0
22920303.0
22920370.0
22920371.0
22920372.0
22920440.0
22920441.0
22920510.0
22920511.0
22920580.0
22920581.0
22920650.0
22920651.0
22920720.0
22920721.0
22920790.0
22920791.0
22920860.0
22920861.0
22920931.0
22921001.0
22921071.0
22923665.0
22923731.0
22923732.0
22923733.0
22923734.0
22923800.0
22923801.0
22923802.0
22923803.0
22923870.0
22923871.0
22923872.0
22923940.0
22923941.0
22923942.0
22924010.0
22924011.0
22924080.0
22924081.0
22924149.0
22924150.0
22924151.0
22924219.0
22924220.0
22924221.0
22924289.0
22924290.0
22924291.0
22924360.0
22927440.0
22927510.0
22927579.0
22927580.0
22927649.0
22927650.0
22927719.0
22927789.0
22913031.0
22913101.0
22913102.0
22913170.0
22913171.0
22913172.0
22913239.0
22913240.0
22913241.0
22913242.0
22913308.0
22913309.0
22916598.0
22916599.0
22916668.0
22916669.0
22916670.0
22916671.0
22916738.0
22916739.0
22916740.0
22916741.0
22916742.0
22916807.0
22917082.0
22917152.0
22917222.0
22917292.0
22920373.0
22920442.0
22920443.0
22920512.0
22920582.0
22920652.0
22923873.0
22924012.0
22924082.0
22924152.0
22924222.0
22903160.0
