8.1330643194892 0.5059978610450736 0.49581090174365156 0.495673401903473 0.5089978610450735 0.49881090174365156 0.498673401903473 9
8.0818843214791 0.5059942441675361 0.49583502734618634 0.4956520534280088 0.508994244167536 0.49883502734618634 0.4986520534280088 9
8.0314148869044 0.5059906126609642 0.4958590529391419 0.49563078947939776 0.5089906126609641 0.4988590529391419 0.49863078947939776 9
7.9816419161148 0.5059869654189184 0.49588297574606144 0.4956096106171894 0.5089869654189183 0.49888297574606144 0.4986096106171894 9
7.9325417101846 0.5059833009394016 0.49590680048917174 0.4955885124297525 0.5089833009394015 0.49890680048917174 0.4985885124297525 9
7.8841093256458 0.5059796172332767 0.49593052348239847 0.49556749757684765 0.5089796172332766 0.49893052348239847 0.49856749757684765 9
7.8363256870345 0.5059759086862221 0.49595414883532696 0.49554656516197565 0.508975908686222 0.49895414883532696 0.49854656516197565 9
7.7891789670368 0.5059720708694297 0.49597768914957546 0.4955257372362671 0.5089720708694296 0.49897768914957547 0.4985257372362671 9
7.7426543516668 0.5059682700772555 0.4960011445417864 0.4955049899435969 0.5089682700772554 0.4990011445417864 0.4985049899435969 9
7.6967390981526 0.505964456731941 0.49602452056600016 0.4954843311766605 0.5089644567319409 0.49902452056600016 0.4984843311766605 9
7.6514215382762 0.5059606222227568 0.49604780645511387 0.49546375647193336 0.5089606222227567 0.4990478064551139 0.49846375647193336 9
7.6066870985632 0.5059568227197035 0.4960709986936544 0.49544324126757394 0.5089568227197034 0.4990709986936544 0.49844324126757394 9
7.56252588351 0.5059530094839811 0.49609409903335694 0.4954228066092354 0.508953009483981 0.49909409903335694 0.4984228066092354 9
7.5189257900861 0.5059491832876265 0.4961171116869686 0.4954024522833279 0.5089491832876264 0.4991171116869686 0.4984024522833279 9
7.4758742805379 0.5059452913429291 0.4961400279064315 0.49538219908494774 0.508945291342929 0.4991400279064315 0.49838219908494774 9
7.4333621571324 0.505941375818296 0.49616285580842723 0.49536203404603035 0.5089413758182959 0.49916285580842723 0.49836203404603036 9
7.3913774665521 0.5059373926780768 0.49618558023432 0.4953419806184934 0.5089373926780767 0.49918558023432 0.4983419806184934 9
7.349909823956 0.5059334267294819 0.49620822000577436 0.49532198911120995 0.5089334267294818 0.49920822000577436 0.49832198911120995 9
7.3089502830204 0.505929390229732 0.49623076317829157 0.4953021048493466 0.5089293902297319 0.49923076317829157 0.4983021048493466 9
7.2684872391571 0.5059253601930624 0.49625322252486387 0.4952822744124231 0.5089253601930623 0.49925322252486387 0.4982822744124231 9
7.2285121024239 0.5059212607271915 0.49627558928155796 0.49526254358069155 0.5089212607271913 0.49927558928155796 0.49826254358069155 9
7.1890162272408 0.5059171961324863 0.4962978813892156 0.4952428596989179 0.5089171961324862 0.4992978813892156 0.4982428596989179 9
7.1499884119886 0.5059130862547059 0.4963200692925605 0.49522327138542954 0.5089130862547058 0.4993200692925605 0.49822327138542954 9
7.1114215058699 0.5059090421245929 0.49634216450988594 0.49520373558802144 0.5089090421245928 0.49934216450988594 0.49820373558802145 9
7.0733072276286 0.505904972903481 0.49636414429618253 0.4951843208856327 0.5089049729034809 0.49936414429618253 0.4981843208856327 9
7.0356348473542 0.5059008921486198 0.496386024284501 0.49516500087254445 0.5089008921486197 0.499386024284501 0.49816500087254445 9
6.9984018395066 0.5058968225721504 0.49640782478230644 0.49514574869916983 0.5088968225721503 0.49940782478230644 0.49814574869916983 9
6.9615897368687 0.5058926598828531 0.4964295392670386 0.4951266109963903 0.508892659882853 0.4994295392670386 0.49812661099639033 9
6.9251989919202 0.5058884494165629 0.49645121129208764 0.49510755756324065 0.5088884494165627 0.49945121129208764 0.49810755756324065 9
6.889220717047 0.5058842430771378 0.4964728638696826 0.49508853841178174 0.5088842430771376 0.4994728638696826 0.49808853841178174 9
6.8536476043573 0.5058800079995571 0.4964944692431832 0.49506957884250913 0.508880007999557 0.4994944692431832 0.49806957884250913 9
6.8184701284878 0.5058757704829799 0.4965159435596778 0.4950506621788811 0.5088757704829798 0.4995159435596778 0.4980506621788811 9
6.7836833043465 0.5058715022832249 0.49653717838319605 0.4950318424039874 0.5088715022832248 0.49953717838319606 0.4980318424039874 9
6.7492804580935 0.5058670708790918 0.49655829500017284 0.4950131897802588 0.5088670708790917 0.49955829500017285 0.4980131897802588 9
6.7152528236759 0.5058627624088854 0.4965794612041137 0.4949945447886416 0.5088627624088853 0.49957946120411373 0.4979945447886416 9
6.6815954030677 0.5058584926772662 0.49660062400112087 0.49497608787313957 0.5088584926772661 0.4996006240011209 0.4979760878731396 9
6.6483022721564 0.505854271097223 0.4966216531831718 0.49495775698651107 0.5088542710972229 0.4996216531831718 0.49795775698651107 9
6.6153655461906 0.5058499396980317 0.49664254800880464 0.49493949230102996 0.5088499396980316 0.49964254800880464 0.49793949230102996 9
6.58277983259 0.5058457167920938 0.49666339468778015 0.49492110167200554 0.5088457167920937 0.49966339468778015 0.49792110167200554 9
6.5505400847295 0.505841338253093 0.49668415096170876 0.49490298291018375 0.5088413382530929 0.49968415096170876 0.49790298291018376 9
6.5186394340621 0.5058371453226114 0.49670490399160244 0.4948848878862789 0.5088371453226113 0.49970490399160244 0.4978848878862789 9
6.4870717002914 0.5058328621399051 0.4967255885443668 0.49486688118050937 0.508832862139905 0.4997255885443668 0.49786688118050937 9
6.455832854524 0.5058284680784906 0.4967461178755557 0.4948489914092536 0.5088284680784905 0.49974611787555573 0.4978489914092536 9
6.4249171923139 0.5058242609829112 0.49676649955410174 0.49483110396501945 0.5088242609829111 0.49976649955410174 0.49783110396501945 9
6.394317339037 0.505820158105516 0.496786820464078 0.49481337452348556 0.5088201581055158 0.499786820464078 0.49781337452348556 9
6.3640304364049 0.5058159817483132 0.49680716223647364 0.49479561010613365 0.5088159817483131 0.49980716223647365 0.49779561010613366 9
6.3340513962328 0.5058116990883633 0.49682743824562386 0.4947779902247279 0.5088116990883632 0.49982743824562387 0.4977779902247279 9
6.3043733543713 0.5058073541419891 0.4968476763681808 0.4947604574535059 0.508807354141989 0.4998476763681808 0.4977604574535059 9
6.2749926621466 0.5058029528607543 0.49686775485433926 0.4947430597241082 0.5088029528607542 0.49986775485433926 0.4977430597241082 9
6.2459052693099 0.5057986826667242 0.4968876769245974 0.49472570014742967 0.5087986826667241 0.4998876769245974 0.4977257001474297 9
6.2171057683393 0.5057942685844883 0.4969076120120845 0.49470851745287153 0.5087942685844882 0.4999076120120845 0.49770851745287154 9
6.1885885138638 0.5057899292697527 0.4969273779306002 0.4946914440049018 0.5087899292697526 0.4999273779306002 0.4976914440049018 9
6.1603509286601 0.5057855168850117 0.4969469776513347 0.49467436435722123 0.5087855168850116 0.4999469776513347 0.49767436435722123 9
6.1323886514927 0.5057813908419198 0.4969666337060456 0.4946572239586907 0.5087813908419196 0.4999666337060456 0.4976572239586907 9
6.104695379329 0.5057772031193224 0.49698625175811967 0.4946402236350788 0.5087772031193223 0.49998625175811967 0.4976402236350788 9
6.0772684074498 0.5057729595180848 0.4970058324199668 0.49462315078718483 0.5087729595180847 0.5000058324199668 0.49762315078718483 9
6.0501042425386 0.5057685634296809 0.4970251869769376 0.49460628531011347 0.5087685634296808 0.5000251869769375 0.49760628531011347 9
6.0231983798081 0.5057643857323563 0.4970443318894921 0.4945897040817963 0.5087643857323562 0.500044331889492 0.4975897040817963 9
5.9965475703719 0.5057601747399041 0.4970634460722008 0.49457300575507085 0.508760174739904 0.5000634460722008 0.49757300575507085 9
5.9701432208965 0.5057561360309593 0.4970824097641851 0.49455612050940345 0.5087561360309591 0.500082409764185 0.49755612050940345 9
5.9439884934335 0.5057523591739069 0.4971013067451367 0.4945393037330902 0.5087523591739068 0.5001013067451366 0.4975393037330902 9
5.9180759873356 0.5057487570885251 0.49712042952203966 0.4945226255393009 0.508748757088525 0.5001204295220396 0.4975226255393009 9
5.89240226686 0.5057449454732648 0.49713955701905516 0.4945058318950201 0.5087449454732647 0.5001395570190551 0.4975058318950201 9
5.8669650638089 0.5057409286822325 0.49715836908032124 0.4944890525809119 0.5087409286822324 0.5001583690803212 0.4974890525809119 9
5.8417609124107 0.5057368412815902 0.4971771831551241 0.4944723870694821 0.5087368412815901 0.500177183155124 0.4974723870694821 9
5.8167842956069 0.505732555099569 0.49719578332181574 0.4944558869329178 0.5087325550995689 0.5001957833218157 0.4974558869329178 9
5.7920334747095 0.505728396649281 0.4972140803804191 0.49443971719649704 0.5087283966492809 0.500214080380419 0.49743971719649704 9
5.767505751253 0.5057244275457475 0.49723226423783856 0.49442351346832397 0.5087244275457474 0.5002322642378385 0.497423513468324 9
5.7431979262941 0.5057203591406922 0.49725050446862523 0.49440746482901926 0.5087203591406921 0.5002505044686252 0.49740746482901926 9
5.7191042306574 0.5057164300039638 0.49726860523366306 0.49439159965459994 0.5087164300039637 0.500268605233663 0.49739159965459995 9
5.695224191153 0.5057127493900765 0.49728670564384286 0.4943756235791515 0.5087127493900764 0.5002867056438428 0.4973756235791515 9
5.6715548563947 0.5057087830099709 0.49730484761692567 0.49435979807457325 0.5087087830099708 0.5003048476169256 0.49735979807457326 9
5.6480930437119 0.5057047821223636 0.4973228130693375 0.49434401911222475 0.5087047821223635 0.5003228130693375 0.49734401911222476 9
5.6248335895041 0.5057009237600967 0.49734065829349167 0.49432814051437923 0.5087009237600966 0.5003406582934916 0.49732814051437924 9
5.6017761687059 0.5056968773285037 0.49735821763860005 0.49431237140559137 0.5086968773285035 0.5003582176386 0.49731237140559137 9
5.5789179892623 0.5056928248123479 0.4973756699691217 0.49429684686075637 0.5086928248123478 0.5003756699691216 0.49729684686075637 9
5.5562560161217 0.5056887841915106 0.49739285142107886 0.49428152861043195 0.5086887841915105 0.5003928514210788 0.49728152861043196 9
5.5337854228291 0.5056849692290809 0.49740990610321806 0.49426642240551677 0.5086849692290808 0.500409906103218 0.4972664224055168 9
5.5115060388609 0.505681098848165 0.49742692367845515 0.4942513280880577 0.5086810988481649 0.5004269236784551 0.4972513280880577 9
5.4894152752971 0.5056773495431077 0.49744394368104144 0.4942361751165801 0.5086773495431076 0.5004439436810414 0.4972361751165801 9
5.4675104519837 0.5056734233637915 0.4974606983975138 0.4942211541602608 0.5086734233637914 0.5004606983975137 0.4972211541602608 9
5.4457866023531 0.5056696711934939 0.4974770887230114 0.49420620684092664 0.5086696711934938 0.5004770887230113 0.49720620684092665 9
5.4242439216841 0.5056659740458644 0.49749336616961054 0.4941911491392809 0.5086659740458643 0.5004933661696105 0.4971911491392809 9
5.4028800057157 0.5056622704103861 0.4975093959021684 0.49417614283165523 0.508662270410386 0.5005093959021684 0.49717614283165523 9
5.3816924938323 0.5056585564609739 0.4975251696312207 0.4941612484439478 0.5086585564609738 0.5005251696312206 0.4971612484439478 9
5.3606765485932 0.5056549296561561 0.49754095178237095 0.49414641951720145 0.508654929656156 0.5005409517823709 0.49714641951720145 9
5.3398321903059 0.5056511750927775 0.49755656785657626 0.4941317468053416 0.5086511750927774 0.5005565678565762 0.4971317468053416 9
5.3191574374925 0.5056474209815797 0.49757235086528945 0.4941172311015586 0.5086474209815796 0.5005723508652894 0.4971172311015586 9
5.2986500938818 0.5056435879586836 0.4975882203871033 0.49410286574581436 0.5086435879586835 0.5005882203871033 0.49710286574581436 9
5.2783060983026 0.5056395806568045 0.4976040936619603 0.4940887640184966 0.5086395806568044 0.5006040936619602 0.4970887640184966 9
5.2581243704102 0.5056357867548508 0.4976201338683555 0.4940748578385125 0.5086357867548507 0.5006201338683555 0.4970748578385125 9
5.2381037238371 0.5056320749382338 0.4976367240173449 0.4940612972665629 0.5086320749382337 0.5006367240173448 0.4970612972665629 9
5.2182421123361 0.5056284809011814 0.49765364011689367 0.4940482000914604 0.5086284809011813 0.5006536401168936 0.4970482000914604 9
5.1985364939115 0.5056252840847011 0.4976713076410943 0.4940352489706103 0.508625284084701 0.5006713076410942 0.4970352489706103 9
5.1789841577134 0.5056219634976732 0.4976896162729196 0.49402275644385135 0.5086219634976731 0.5006896162729195 0.49702275644385135 9
5.1595849588013 0.5056186730024406 0.49770872964103846 0.4940107864120416 0.5086186730024405 0.5007087296410384 0.4970107864120416 9
5.1403369881188 0.5056155409932107 0.49772863806602136 0.49399901361857973 0.5086155409932106 0.5007286380660213 0.49699901361857973 9
5.1212383691729 0.5056121801992034 0.4977496868933193 0.49398722372506354 0.5086121801992033 0.5007496868933192 0.49698722372506354 9
5.1022845388415 0.5056084514977711 0.4977717097413739 0.493975306709674 0.508608451497771 0.5007717097413739 0.496975306709674 9
5.0834763219681 0.5056043770814119 0.49779435212041295 0.49396362175462954 0.5086043770814118 0.5007943521204129 0.49696362175462955 9
5.0648120457982 0.5056002260822129 0.4978177439635239 0.4939520786544417 0.5086002260822128 0.5008177439635239 0.4969520786544417 9
5.0462899568069 0.5055956518076336 0.49784119469188143 0.4939407455202837 0.5085956518076334 0.5008411946918814 0.4969407455202837 9
5.027907003054 0.5055910860313586 0.4978644965847124 0.49392954294700214 0.5085910860313585 0.5008644965847123 0.49692954294700215 9
5.0096613111284 0.5055864373944812 0.4978880918264344 0.4939182756190326 0.5085864373944811 0.5008880918264343 0.4969182756190326 9
4.9915537094735 0.5055817405442103 0.4979122670223661 0.4939068876727806 0.5085817405442102 0.500912267022366 0.49690688767278063 9
4.9735796746086 0.5055765896358486 0.49793686505945994 0.4938959038234324 0.5085765896358485 0.5009368650594599 0.4968959038234324 9
4.9557404757496 0.5055713032262799 0.4979612035148823 0.49388528251732844 0.5085713032262797 0.5009612035148823 0.49688528251732844 9
4.9380310525019 0.5055657456865318 0.4979856055516991 0.4938745994688348 0.5085657456865317 0.500985605551699 0.4968745994688348 9
4.9204520263699 0.5055603112568858 0.4980099010918682 0.4938639704831782 0.5085603112568857 0.5010099010918682 0.4968639704831782 9
4.9030022186814 0.5055548963995807 0.4980344387087526 0.49385331463843696 0.5085548963995806 0.5010344387087525 0.49685331463843696 9
4.8856801172535 0.5055490815691728 0.4980594977479977 0.49384242674277573 0.5085490815691727 0.5010594977479976 0.49684242674277573 9
4.8684836794612 0.5055429463386363 0.49808446241461896 0.49383144563231957 0.5085429463386362 0.5010844624146189 0.49683144563231957 9
4.8514096704994 0.5055365909084722 0.49810951046779045 0.4938205481394406 0.5085365909084721 0.5011095104677904 0.4968205481394406 9
4.834459003746 0.5055297768063831 0.49813477553907665 0.4938100692785733 0.508529776806383 0.5011347755390766 0.4968100692785733 9
4.8176302606012 0.5055229224368114 0.49816016722446604 0.4938003117418377 0.5085229224368113 0.501160167224466 0.4968003117418377 9
4.8009220447965 0.5055163847356934 0.49818562627912794 0.49379081447504297 0.5085163847356933 0.5011856262791279 0.496790814475043 9
4.784331787004 0.505509649169424 0.49821129155334337 0.49378144057729295 0.5085096491694239 0.5012112915533433 0.49678144057729295 9
4.7678576311648 0.505502522929007 0.4982370419922952 0.4937721309869924 0.5085025229290069 0.5012370419922951 0.4967721309869924 9
4.7514999721025 0.5054953009213546 0.4982627015551199 0.4937634571165724 0.5084953009213545 0.5012627015551199 0.4967634571165724 9
4.7352574981467 0.5054878273218802 0.4982882672440783 0.49375457438026316 0.5084878273218801 0.5012882672440783 0.49675457438026316 9
4.719128917842 0.5054801060426386 0.49831398007492306 0.4937455472342257 0.5084801060426385 0.501313980074923 0.4967455472342257 9
4.7031114062749 0.5054716499947449 0.4983395726643501 0.4937363204856302 0.5084716499947448 0.50133957266435 0.4967363204856302 9
4.6872039085764 0.5054626184534237 0.49836479739730016 0.49372703832743176 0.5084626184534236 0.5013647973973001 0.49672703832743176 9
4.6714065757758 0.5054530647192959 0.4983895886291371 0.49371792985524676 0.5084530647192957 0.5013895886291371 0.49671792985524676 9
4.6557181930564 0.5054430253831815 0.4984140107855614 0.493708805163416 0.5084430253831814 0.5014140107855614 0.496708805163416 9
4.6401375639397 0.5054327885836473 0.49843832201183985 0.493699667973855 0.5084327885836472 0.5014383220118398 0.496699667973855 9
4.6246618908247 0.5054224637259537 0.4984624068162877 0.4936904070872974 0.5084224637259536 0.5014624068162876 0.4966904070872974 9
4.609290322647 0.5054120886131359 0.4984864478883912 0.4936813273311233 0.5084120886131358 0.5014864478883911 0.4966813273311233 9
4.5940230530324 0.5054017300912447 0.49851061630182586 0.49367241557669933 0.5084017300912446 0.5015106163018258 0.49667241557669933 9
4.5788589550727 0.5053913539995123 0.498534714877851 0.49366374682004505 0.5083913539995122 0.501534714877851 0.49666374682004505 9
4.5637969185282 0.5053809819722969 0.49855898280481464 0.49365510518657846 0.5083809819722968 0.5015589828048146 0.49665510518657846 9
4.5488344688364 0.5053703006627079 0.49858336673734355 0.49364652931321157 0.5083703006627078 0.5015833667373435 0.49664652931321157 9
4.5339703389387 0.5053594536229958 0.49860777426038033 0.49363808663749054 0.5083594536229957 0.5016077742603803 0.49663808663749054 9
4.5192050641501 0.5053482366405876 0.49863223275932295 0.4936299336073172 0.5083482366405875 0.5016322327593229 0.4966299336073172 9
4.5045375975085 0.5053370188619615 0.49865640794929283 0.49362218726509954 0.5083370188619614 0.5016564079492928 0.49662218726509955 9
4.4899669072332 0.5053260051742838 0.49868001988609695 0.4936151915494741 0.5083260051742837 0.5016800198860969 0.4966151915494741 9
4.4754911514238 0.5053152188618414 0.4987031359951733 0.49360873939543415 0.5083152188618413 0.5017031359951732 0.49660873939543415 9
4.4611080022545 0.5053046857870188 0.49872580585199194 0.49360301405014767 0.5083046857870187 0.5017258058519919 0.4966030140501477 9
4.4468186496149 0.505294377639524 0.498748138244762 0.4935980354990328 0.5082943776395239 0.5017481382447619 0.4965980354990328 9
4.4326221193866 0.5052845181662236 0.4987702147494408 0.4935934828292568 0.5082845181662234 0.5017702147494407 0.4965934828292568 9
4.4185174513027 0.505275291030988 0.49879214636312347 0.4935896107014449 0.5082752910309879 0.5017921463631234 0.4965896107014449 9
4.4045036986985 0.5052668774922338 0.4988142069656876 0.4935865296280894 0.5082668774922336 0.5018142069656876 0.4965865296280894 9
4.3905769868197 0.5052591577985749 0.49883653574227566 0.4935844805087208 0.5082591577985748 0.5018365357422756 0.4965844805087208 9
4.3767393017845 0.5052521869042282 0.49885921307943065 0.49358350192512723 0.5082521869042281 0.5018592130794306 0.49658350192512724 9
4.3629897980136 0.5052458130791049 0.49888222420242984 0.4935836335855487 0.5082458130791048 0.5018822242024298 0.4965836335855487 9
4.3493275805421 0.5052400695367495 0.4989053302953526 0.49358457606831907 0.5082400695367494 0.5019053302953526 0.4965845760683191 9
4.3357517668425 0.5052347500076313 0.49892836991461526 0.49358632978202455 0.5082347500076312 0.5019283699146152 0.49658632978202455 9
4.3222597483625 0.5052300323376844 0.49895140405782584 0.49358904628471534 0.5082300323376843 0.5019514040578258 0.49658904628471534 9
4.3088511357715 0.5052262393733072 0.4989746291428638 0.4935927203913873 0.5082262393733071 0.5019746291428637 0.4965927203913873 9
4.2955263781795 0.5052233429704687 0.49899800788101184 0.49359716265499315 0.5082233429704686 0.5019980078810118 0.49659716265499315 9
4.2822846403544 0.5052212350809402 0.4990216873013617 0.4936027285723401 0.5082212350809401 0.5020216873013617 0.4966027285723401 9
4.2691250984564 0.5052199179781124 0.4990457037975948 0.49360942392380996 0.5082199179781123 0.5020457037975947 0.49660942392380997 9
4.256046765488 0.5052195995748483 0.4990698349016725 0.4936170757219282 0.5082195995748482 0.5020698349016725 0.4966170757219282 9
4.2430461473216 0.5052205310252647 0.4990943111946951 0.49362552986995 0.5082205310252645 0.502094311194695 0.49662552986995 9
4.230125346118 0.5052228398397579 0.4991191011307053 0.4936347014795523 0.5082228398397578 0.5021191011307052 0.4966347014795523 9
4.2172835813756 0.5052267154266625 0.49914381715263384 0.4936443961795453 0.5082267154266624 0.5021438171526338 0.4966443961795453 9
4.2045200830444 0.5052326616091695 0.4991685163146266 0.4936547534926081 0.5082326616091694 0.5021685163146266 0.4966547534926081 9
4.1918340913492 0.5052414345237164 0.49919332847177894 0.49366550710603846 0.5082414345237163 0.5021933284717789 0.49666550710603846 9
4.1792235471624 0.5052534532973603 0.4992184269452525 0.4936757636040087 0.5082534532973602 0.5022184269452524 0.4966757636040087 9
4.1666872780132 0.505268572934763 0.4992436411645997 0.4936844651935432 0.5082685729347629 0.5022436411645996 0.4966844651935432 9
4.1542263217858 0.5052861113082086 0.49926924215622054 0.49369074139888125 0.5082861113082084 0.5022692421562205 0.49669074139888125 9
4.1418399578098 0.5053052553857674 0.49929534601294595 0.49369424140733825 0.5083052553857673 0.5022953460129459 0.49669424140733826 9
4.1295274748596 0.5053253622263246 0.4993217055010541 0.493694960962752 0.5083253622263245 0.502321705501054 0.496694960962752 9
4.1172881709967 0.5053458696815204 0.4993483816315714 0.4936928575178881 0.5083458696815203 0.5023483816315714 0.4966928575178881 9
4.1051192542267 0.5053663252096328 0.4993755272839346 0.4936882183123492 0.5083663252096327 0.5023755272839345 0.4966882183123492 9
4.0930211737232 0.5053862849531031 0.49940301998719977 0.4936811294498011 0.508386284953103 0.5024030199871997 0.4966811294498011 9
4.0809942459588 0.505405560351028 0.49943053601560955 0.4936715771809008 0.5084055603510279 0.5024305360156095 0.4966715771809008 9
4.0690378043587 0.5054240391000278 0.4994580279644319 0.49366005262283125 0.5084240391000276 0.5024580279644318 0.49666005262283125 9
4.0571511909009 0.5054414545978405 0.4994853584883067 0.49364651872144205 0.5084414545978404 0.5024853584883067 0.49664651872144205 9
4.0453337559766 0.5054575518340282 0.4995126640482603 0.4936310019901609 0.5084575518340281 0.5025126640482602 0.4966310019901609 9
4.0335823263733 0.50547212495322 0.4995399686930901 0.49361400673906913 0.5084721249532199 0.50253996869309 0.49661400673906914 9
4.021898250315 0.5054853012802323 0.4995671741052827 0.49359561242960676 0.5084853012802322 0.5025671741052826 0.49659561242960676 9
4.0102814779793 0.5054971078271142 0.4995942331954519 0.49357575861476977 0.5084971078271141 0.5025942331954518 0.49657575861476977 9
3.9987324166792 0.5055077529661945 0.4996211801798622 0.49355481928616457 0.5085077529661944 0.5026211801798621 0.4965548192861646 9
3.9872473818901 0.5055171812442816 0.4996479974077374 0.4935328436658551 0.5085171812442815 0.5026479974077374 0.4965328436658551 9
3.975828846378 0.5055253774198472 0.4996746028801304 0.49350999865000267 0.508525377419847 0.5026746028801303 0.49650999865000267 9
3.9644725959655 0.5055325526481301 0.49970111487772334 0.493486498796208 0.50853255264813 0.5027011148777233 0.496486498796208 9
3.9531801297653 0.5055386954099148 0.49972730865183795 0.4934621939437504 0.5085386954099147 0.5027273086518379 0.4964621939437504 9
3.9419514004454 0.5055437627374724 0.49975319121171363 0.4934371825118429 0.5085437627374723 0.5027531912117136 0.4964371825118429 9
3.9307858349441 0.5055478587787431 0.4997788373683824 0.49341161231177494 0.508547858778743 0.5027788373683824 0.49641161231177494 9
3.9196828672572 0.5055510171228036 0.49980423232893695 0.4933856763753894 0.5085510171228035 0.5028042323289369 0.4963856763753894 9
3.9086419383279 0.505553229240677 0.49982947248811344 0.49335949220215414 0.5085532292406769 0.5028294724881134 0.49635949220215414 9
3.8976602239897 0.5055541326246263 0.499854411998035 0.49333308427819944 0.5085541326246262 0.5028544119980349 0.49633308427819944 9
3.8867385970595 0.5055540123190977 0.4998790650127492 0.4933061879959245 0.5085540123190976 0.5028790650127491 0.4963061879959245 9
3.8758773965664 0.5055529015139437 0.49990330580772885 0.4932789061270397 0.5085529015139436 0.5029033058077288 0.4962789061270397 9
3.8650760899298 0.5055506066792024 0.49992693436289676 0.4932512984974739 0.5085506066792023 0.5029269343628967 0.4962512984974739 9
3.8543341509986 0.5055469874787216 0.4999502324581823 0.4932236643781477 0.5085469874787215 0.5029502324581823 0.4962236643781477 9
3.8436510599535 0.5055416241038538 0.49997318008041364 0.49319603972996184 0.5085416241038537 0.5029731800804136 0.49619603972996185 9
3.833024754667 0.505533957289552 0.4999953490099129 0.4931690367958698 0.5085339572895519 0.5029953490099128 0.4961690367958698 9
3.8224546730326 0.505524310667265 0.5000165416038898 0.4931435526428517 0.5085243106672649 0.5030165416038896 0.4961435526428517 9
3.8119419408224 0.5055134930657385 0.5000364408722383 0.4931206823157814 0.5085134930657383 0.5030364408722382 0.4961206823157814 9
3.8014860623499 0.5055021938851023 0.5000554318914158 0.49310151911519856 0.5085021938851022 0.5030554318914157 0.49610151911519856 9
3.7910865477977 0.5054928396529859 0.5000745072192017 0.49308621293932836 0.5084928396529858 0.5030745072192015 0.49608621293932836 9
3.7807429131294 0.5054875780793576 0.5000953456975203 0.49307296617753915 0.5084875780793575 0.5030953456975202 0.49607296617753915 9
3.7704542734784 0.5054851749273789 0.5001174258266664 0.4930603900418928 0.5084851749273788 0.5031174258266663 0.4960603900418928 9
3.7602177883086 0.5054847902644083 0.5001405225953883 0.4930478397886454 0.5084847902644082 0.5031405225953882 0.4960478397886454 9
3.7500357884639 0.5054862670634565 0.5001640279786859 0.4930348360233627 0.5084862670634563 0.5031640279786858 0.4960348360233627 9
3.7399078119443 0.5054889812412456 0.5001880388382902 0.4930213300024237 0.5084889812412455 0.5031880388382901 0.4960213300024237 9
3.7298334021165 0.505492673415531 0.5002125450278784 0.49300663408085343 0.5084926734155308 0.5032125450278783 0.49600663408085344 9
3.7198121076345 0.5054970798073884 0.5002371195617267 0.49299084498889795 0.5084970798073883 0.5032371195617266 0.49599084498889795 9
3.7098434823625 0.5055012924641006 0.5002615453287366 0.4929740633069127 0.5085012924641005 0.5032615453287365 0.4959740633069127 9
3.6999250456339 0.5055049415603599 0.5002861532185974 0.49295658157641625 0.5085049415603597 0.5032861532185973 0.49595658157641626 9
3.6900572514729 0.505508002622062 0.5003108310793992 0.4929384476781986 0.5085080026220619 0.5033108310793991 0.4959384476781986 9
3.6802408418972 0.5055105755276456 0.5003351195651087 0.49292000946772063 0.5085105755276454 0.5033351195651086 0.49592000946772063 9
3.6704753906334 0.5055130040642623 0.5003590212992843 0.49290209924773887 0.5085130040642621 0.5033590212992842 0.49590209924773887 9
3.6607604762527 0.5055156403036563 0.5003822535304514 0.49288474507744934 0.5085156403036561 0.5033822535304513 0.49588474507744934 9
3.6510956821011 0.5055179770080481 0.5004054687442581 0.4928673877753812 0.508517977008048 0.503405468744258 0.4958673877753812 9
3.6414805597078 0.5055200021070624 0.5004288019110432 0.4928500638562991 0.5085200021070623 0.5034288019110431 0.4958500638562991 9
3.6319115503565 0.505521878385341 0.5004521469824065 0.49283258988904716 0.5085218783853409 0.5034521469824064 0.49583258988904716 9
3.6223914623408 0.5055235752284211 0.5004756480344581 0.49281478873655826 0.508523575228421 0.503475648034458 0.49581478873655827 9
3.6129198972098 0.5055254224444955 0.5004993326532688 0.49279655521494303 0.5085254224444954 0.5034993326532687 0.49579655521494304 9
3.6034964609584 0.5055275925268282 0.5005229394062818 0.4927782770467798 0.5085275925268281 0.5035229394062817 0.4957782770467798 9
3.5941207639651 0.505530003813239 0.5005465327485988 0.49275987103415153 0.5085300038132389 0.5035465327485987 0.49575987103415153 9
3.5847924209296 0.505532425601861 0.5005703707792346 0.49274116669793816 0.5085324256018608 0.5035703707792345 0.49574116669793816 9
3.575510232622 0.5055348460079152 0.50059435435749 0.4927223087071147 0.5085348460079151 0.5035943543574899 0.4957223087071147 9
3.5662722191411 0.5055370772614982 0.5006185743925566 0.4927032554821974 0.5085370772614981 0.5036185743925565 0.4957032554821974 9
3.5570804517714 0.5055390659243253 0.5006428718269601 0.49268408937104063 0.5085390659243252 0.50364287182696 0.49568408937104064 9
3.5479345616864 0.5055408135635536 0.5006670762872751 0.49266485045766356 0.5085408135635535 0.503667076287275 0.49566485045766356 9
3.5388341840899 0.5055424800528155 0.5006912598046022 0.49264552172165016 0.5085424800528154 0.503691259804602 0.49564552172165016 9
3.5297789581599 0.5055441097316008 0.5007151469265037 0.4926260974109431 0.5085441097316007 0.5037151469265035 0.4956260974109431 9
3.5207685269939 0.5055457922248467 0.5007387545449734 0.49260676888091176 0.5085457922248466 0.5037387545449733 0.49560676888091176 9
3.5118013802506 0.5055473765513454 0.5007621336638938 0.49258786797607046 0.5085473765513453 0.5037621336638937 0.49558786797607046 9
3.5028762255762 0.505549109868593 0.5007851070848122 0.4925694191664171 0.5085491098685929 0.5037851070848121 0.4955694191664171 9
3.4939951268027 0.5055509447830758 0.5008079529648333 0.4925510263952556 0.5085509447830757 0.5038079529648332 0.4955510263952556 9
3.4851568825282 0.5055529953909064 0.5008309166140329 0.49253294074302806 0.5085529953909063 0.5038309166140328 0.49553294074302806 9
3.4763620139467 0.5055552674719479 0.5008540479026269 0.49251526084458586 0.5085552674719478 0.5038540479026268 0.49551526084458586 9
3.467609899811 0.5055579252095087 0.5008772187612884 0.49249758714840713 0.5085579252095086 0.5038772187612883 0.49549758714840714 9
3.4589002090205 0.5055610205214163 0.5009003272517777 0.49247966863202747 0.5085610205214162 0.5039003272517776 0.49547966863202747 9
3.4502315763407 0.5055643348993637 0.5009231265283155 0.49246195220469463 0.5085643348993636 0.5039231265283154 0.49546195220469463 9
3.4416024736124 0.5055676869984975 0.5009456482240277 0.492444587809112 0.5085676869984974 0.5039456482240275 0.495444587809112 9
3.4330148438295 0.5055705971946595 0.5009679853028514 0.4924271445563239 0.5085705971946594 0.5039679853028513 0.4954271445563239 9
3.4244683694379 0.5055733119155154 0.5009903075658374 0.4924097201511844 0.5085733119155152 0.5039903075658373 0.4954097201511844 9
3.4159627362152 0.5055758904649009 0.5010125536523606 0.49239228681901176 0.5085758904649008 0.5040125536523605 0.49539228681901176 9
3.4074976332263 0.5055783677962976 0.5010348367540636 0.4923748854083522 0.5085783677962975 0.5040348367540635 0.49537488540835223 9
3.3990727527795 0.5055808511564068 0.5010571417044418 0.49235744132103354 0.5085808511564067 0.5040571417044417 0.49535744132103354 9
3.3906873492335 0.5055834085134747 0.5010793945472826 0.4923399288956204 0.5085834085134746 0.5040793945472825 0.4953399288956204 9
3.3823386996526 0.5055861331575509 0.5011017865627796 0.4923224986898113 0.5085861331575507 0.5041017865627795 0.4953224986898113 9
3.3740293903981 0.5055891765805709 0.5011242229624377 0.49230515026848554 0.5085891765805708 0.5041242229624376 0.49530515026848554 9
3.3657591261373 0.5055924301623896 0.5011467837696225 0.49228772352367395 0.5085924301623895 0.5041467837696224 0.49528772352367395 9
3.3575276145752 0.5055956323633901 0.501169518155984 0.49227020757547185 0.50859563236339 0.5041695181559839 0.49527020757547185 9
3.3493345664152 0.5055988314971359 0.5011923928683946 0.4922526932438918 0.5085988314971358 0.5041923928683945 0.4952526932438918 9
3.34117969532 0.5056022407078702 0.5012150510780146 0.49223530421831885 0.5086022407078701 0.5042150510780145 0.49523530421831885 9
3.3330627178729 0.5056057963250957 0.5012376011217634 0.4922181449776542 0.5086057963250956 0.5042376011217633 0.4952181449776542 9
3.3249806737144 0.5056093988472294 0.5012600780556752 0.49220107430291665 0.5086093988472293 0.5042600780556751 0.49520107430291666 9
3.3169353347487 0.5056127084057325 0.5012823868202122 0.49218392569209446 0.5086127084057324 0.5042823868202121 0.49518392569209446 9
3.3089270777267 0.5056157769605583 0.5013045760544494 0.49216671585226746 0.5086157769605582 0.5043045760544493 0.49516671585226746 9
3.3009556303579 0.5056187894129726 0.5013267464259711 0.4921496424142833 0.5086187894129724 0.504326746425971 0.4951496424142833 9
3.2930207230915 0.5056215542323299 0.5013491162633883 0.49213265156388586 0.5086215542323298 0.5043491162633882 0.49513265156388586 9
3.2851220890813 0.5056241256659502 0.5013719924634131 0.49211552546177884 0.50862412566595 0.504371992463413 0.49511552546177884 9
3.2772594641517 0.5056266910279072 0.5013952105945391 0.4920982879296252 0.5086266910279071 0.504395210594539 0.4950982879296252 9
3.2694314870768 0.5056290858626263 0.501418641206029 0.49208117170212406 0.5086290858626262 0.5044186412060289 0.49508117170212407 9
3.2616367572483 0.5056313898833416 0.5014419880324704 0.4920640480400004 0.5086313898833414 0.5044419880324703 0.4950640480400004 9
3.2538772808452 0.5056337484834179 0.5014649496759612 0.49204698106507094 0.5086337484834178 0.5044649496759611 0.49504698106507095 9
3.2461528038593 0.5056362104255324 0.5014873641606465 0.49203000574819344 0.5086362104255323 0.5044873641606464 0.49503000574819345 9
3.23846307479 0.5056387970554646 0.5015094565926139 0.4920130619867506 0.5086387970554644 0.5045094565926138 0.4950130619867506 9
3.2308078446135 0.5056413680006655 0.5015313063700607 0.49199643605828086 0.5086413680006654 0.5045313063700606 0.49499643605828086 9
3.2231868667511 0.505643901939073 0.5015531159312263 0.4919798892568107 0.5086439019390729 0.5045531159312262 0.4949798892568107 9
3.2155998970397 0.5056463795825016 0.5015750911396695 0.4919632045344152 0.5086463795825015 0.5045750911396694 0.4949632045344152 9
3.2080443372893 0.5056489553021879 0.5015971574615729 0.4919465598137093 0.5086489553021878 0.5045971574615727 0.49494655981370933 9
3.2005213069074 0.5056515673804637 0.5016193356036538 0.49193016728453626 0.5086515673804636 0.5046193356036537 0.49493016728453626 9
3.1930315872069 0.5056544797430824 0.5016414716708973 0.4919139774862694 0.5086544797430823 0.5046414716708972 0.4949139774862694 9
3.1855749432158 0.5056577199725723 0.501663404882826 0.49189790235582537 0.5086577199725721 0.5046634048828259 0.49489790235582537 9
3.1781511422332 0.505661147281372 0.5016853931433161 0.4918818590708052 0.5086611472813719 0.504685393143316 0.49488185907080523 9
3.1707599538021 0.5056649771073911 0.5017074884545777 0.4918657157088473 0.508664977107391 0.5047074884545776 0.4948657157088473 9
3.1634011496809 0.5056688819520748 0.5017299712080174 0.49184972005992617 0.5086688819520747 0.5047299712080173 0.49484972005992617 9
3.1560745038175 0.5056725977435302 0.5017529265931306 0.4918337862765679 0.5086725977435301 0.5047529265931305 0.4948337862765679 9
3.148776689342 0.5056759307205343 0.501775998670384 0.49181792769638005 0.5086759307205342 0.5047759986703839 0.49481792769638006 9
3.1415103200926 0.505679082560799 0.5017989915207434 0.49180222553535746 0.5086790825607989 0.5047989915207433 0.49480222553535746 9
3.1342754643171 0.505682070583965 0.5018220546813268 0.49178650473437013 0.5086820705839649 0.5048220546813267 0.49478650473437014 9
3.1270719042894 0.5056851474155419 0.5018449598995229 0.4917706304363938 0.5086851474155418 0.5048449598995228 0.4947706304363938 9
3.119899424345 0.5056881678862148 0.5018675473130176 0.4917549897841325 0.5086881678862147 0.5048675473130175 0.4947549897841325 9
3.1127578108557 0.5056912025029273 0.5018901148600557 0.4917393777323114 0.5086912025029272 0.5048901148600556 0.4947393777323114 9
3.1056468522058 0.5056943502641909 0.5019130197027707 0.49172367621738766 0.5086943502641907 0.5049130197027706 0.49472367621738766 9
3.0985663387676 0.5056975666421114 0.5019365083594656 0.4917081957083092 0.5086975666421113 0.5049365083594655 0.4947081957083092 9
3.0915127408727 0.5057008321295237 0.5019601215085258 0.49169275946746616 0.5087008321295236 0.5049601215085257 0.49469275946746616 9
3.0844891067424 0.5057041088218479 0.5019838275372256 0.49167737975253695 0.5087041088218478 0.5049838275372255 0.49467737975253695 9
3.0774953208457 0.5057072643976982 0.5020075976846358 0.4916621974760915 0.5087072643976981 0.5050075976846357 0.4946621974760915 9
3.0705311811127 0.5057102228745692 0.5020312449851116 0.49164722362864877 0.5087102228745691 0.5050312449851115 0.49464722362864877 9
3.0635964873479 0.5057131533593822 0.5020547912638654 0.4916325510370439 0.508713153359382 0.5050547912638653 0.4946325510370439 9
3.0566910412088 0.5057162128588075 0.5020782063052182 0.4916177454455078 0.5087162128588074 0.505078206305218 0.4946177454455078 9
3.0498146461836 0.5057195113378536 0.5021015950427182 0.49160316317695396 0.5087195113378535 0.5051015950427181 0.49460316317695396 9
3.0429671075699 0.5057229096994941 0.5021250700170387 0.49158886577933575 0.508722909699494 0.5051250700170385 0.49458886577933575 9
3.0361452383258 0.5057260821843725 0.5021485675234088 0.4915744100197554 0.5087260821843724 0.5051485675234086 0.4945744100197554 9
3.029351422556 0.5057288832754154 0.5021719066444962 0.49155987744861795 0.5087288832754153 0.5051719066444961 0.49455987744861796 9
3.0225859096847 0.5057317473813502 0.5021952463171516 0.49154523827505603 0.5087317473813501 0.5051952463171515 0.49454523827505603 9
3.0158485118826 0.5057345033410693 0.5022187783076365 0.4915304871542293 0.5087345033410692 0.5052187783076364 0.4945304871542293 9
3.0091390430286 0.5057371075481912 0.502242336491906 0.49151545887550924 0.5087371075481911 0.5052423364919059 0.49451545887550924 9
3.0024573186901 0.5057393646144486 0.5022658709899163 0.49150055121272573 0.5087393646144485 0.5052658709899162 0.49450055121272574 9
2.9958034010342 0.505741616964077 0.5022894257623246 0.49148596233695135 0.5087416169640769 0.5052894257623245 0.49448596233695136 9
2.9891763741313 0.505743942124843 0.502312999728533 0.49147147597244506 0.5087439421248429 0.5053129997285329 0.49447147597244506 9
2.9825746953267 0.5057464307509754 0.5023365365871619 0.49145724499203663 0.5087464307509753 0.5053365365871618 0.49445724499203664 9
2.9759986987166 0.5057490929647623 0.5023601711107724 0.49144313185698296 0.5087490929647622 0.5053601711107722 0.49444313185698296 9
2.9694495688274 0.5057519839326421 0.5023836964568478 0.4914290519444203 0.508751983932642 0.5053836964568477 0.49442905194442033 9
2.9629271308074 0.5057549720016132 0.5024069543317776 0.49141483172329936 0.5087549720016131 0.5054069543317775 0.49441483172329936 9
2.9564312113643 0.505757996740233 0.5024300659177532 0.49140052386027144 0.5087579967402329 0.5054300659177531 0.49440052386027145 9
2.9499616387478 0.5057611248816911 0.5024531262315948 0.4913860882772578 0.508761124881691 0.5054531262315947 0.49438608827725783 9
2.9435182427321 0.5057643012225996 0.5024763380467259 0.4913715904901595 0.5087643012225995 0.5054763380467258 0.4943715904901595 9
2.9371008545982 0.5057675766541946 0.5024997199203198 0.4913571216472955 0.5087675766541945 0.5054997199203197 0.4943571216472955 9
2.9307086966298 0.5057710922374791 0.5025231760894352 0.491342776316627 0.508771092237479 0.5055231760894351 0.494342776316627 9
2.9243393557459 0.5057746565427396 0.5025466324678042 0.49132859891611225 0.5087746565427395 0.5055466324678041 0.49432859891611225 9
2.9179955449637 0.5057782488165218 0.5025701101144483 0.49131454333657937 0.5087782488165217 0.5055701101144482 0.49431454333657937 9
2.9116771012796 0.5057818714291439 0.5025937465299624 0.4913004384959322 0.5087818714291438 0.5055937465299623 0.4943004384959322 9
2.9053838631164 0.5057852432069238 0.5026175201321623 0.49128620167094905 0.5087852432069236 0.5056175201321622 0.49428620167094905 9
2.8991156703071 0.5057881533975036 0.5026411043578581 0.4912720494556422 0.5087881533975035 0.505641104357858 0.4942720494556422 9
2.8928723640798 0.5057908380788471 0.5026648543767787 0.49125790443778933 0.508790838078847 0.5056648543767785 0.49425790443778933 9
2.8866537870416 0.5057934293901781 0.5026887926447436 0.49124357072134833 0.508793429390178 0.5056887926447435 0.49424357072134834 9
2.8804597831642 0.5057959802425849 0.5027129637955825 0.49122914842149046 0.5087959802425848 0.5057129637955824 0.49422914842149046 9
2.8742881909077 0.5057987603015535 0.5027373702187901 0.49121467339291247 0.5087987603015534 0.50573737021879 0.4942146733929125 9
2.8681393894119 0.5058019435500053 0.5027618828416158 0.49119997934164183 0.5088019435500052 0.5057618828416157 0.49419997934164184 9
2.8620147201978 0.5058053681792486 0.5027865267430474 0.49118513333532104 0.5088053681792485 0.5057865267430472 0.49418513333532105 9
2.8559140324041 0.5058090743825462 0.5028111986007414 0.4911702914979672 0.5088090743825461 0.5058111986007413 0.4941702914979672 9
2.8498371764622 0.5058128409123949 0.5028359389393372 0.4911552130427128 0.5088128409123948 0.5058359389393371 0.4941552130427128 9
2.8437840040818 0.5058167703180657 0.5028606861920102 0.49114007683232225 0.5088167703180656 0.5058606861920101 0.49414007683232225 9
2.837754368237 0.5058210251906434 0.5028853326435062 0.4911248311224491 0.5088210251906433 0.5058853326435061 0.4941248311224491 9
2.8317481231531 0.5058251289321809 0.5029100269574861 0.4911095939211818 0.5088251289321808 0.505910026957486 0.4941095939211818 9
2.8257651242924 0.50582930219156 0.5029350144908696 0.4910943415945883 0.5088293021915599 0.5059350144908695 0.4940943415945883 9
2.8198024174793 0.5058335491795785 0.5029601967226498 0.49107886521953625 0.5088335491795783 0.5059601967226497 0.49407886521953626 9
2.8138619846925 0.5058376656032259 0.502985569364613 0.491063255012237 0.5088376656032257 0.5059855693646129 0.494063255012237 9
2.8079443906796 0.5058417510293419 0.5030109308906168 0.49104752908102584 0.5088417510293418 0.5060109308906167 0.49404752908102584 9
2.8020494955847 0.5058459056382187 0.5030361942058093 0.49103143350038303 0.5088459056382186 0.5060361942058091 0.49403143350038303 9
2.7961771607254 0.5058499875964235 0.5030614288147304 0.491015324125143 0.5088499875964234 0.5060614288147303 0.494015324125143 9
2.7903272485808 0.5058540383959558 0.5030867329797148 0.49099936986297327 0.5088540383959557 0.5060867329797147 0.49399936986297327 9
2.7844996227786 0.5058581938959197 0.5031119655204925 0.4909832119665927 0.5088581938959196 0.5061119655204924 0.49398321196659273 9
2.7786941480832 0.5058624629177237 0.5031370349947661 0.49096692218092225 0.5088624629177236 0.506137034994766 0.49396692218092225 9
2.7729106903838 0.5058668702275152 0.5031620074321034 0.4909505129253604 0.5088668702275151 0.5061620074321033 0.4939505129253604 9
2.7671461137324 0.5058711646869513 0.5031868605335705 0.4909338341170277 0.5088711646869511 0.5061868605335704 0.4939338341170277 9
2.7614027747164 0.5058754717749432 0.5032116617485561 0.49091699518539056 0.5088754717749431 0.506211661748556 0.49391699518539056 9
2.755681075595 0.5058799961861484 0.5032364250353929 0.4909001612256695 0.5088799961861483 0.5062364250353928 0.4939001612256695 9
2.7499814536001 0.5058847118382997 0.5032611034481489 0.49088323914480353 0.5088847118382996 0.5062611034481488 0.49388323914480353 9
2.7443020786027 0.5058894928458884 0.5032857776841071 0.49086634852918903 0.5088894928458882 0.506285777684107 0.49386634852918904 9
2.7386445243154 0.5058945159014967 0.5033104798134252 0.4908494831885779 0.5088945159014966 0.5063104798134251 0.4938494831885779 9
2.7330080967851 0.5058998969040466 0.5033354090840998 0.4908326613570865 0.5088998969040465 0.5063354090840997 0.4938326613570865 9
2.7273926704128 0.5059053235437648 0.5033605552717377 0.4908155141170513 0.5089053235437647 0.5063605552717376 0.4938155141170513 9
2.7217981205674 0.505910638789106 0.5033857813481117 0.49079806954534644 0.5089106387891059 0.5063857813481116 0.49379806954534644 9
2.7162217622248 0.505916069043417 0.5034111446485626 0.4907805121085842 0.5089160690434169 0.5064111446485625 0.4937805121085842 9
2.710665055125 0.5059213372149047 0.5034367398409664 0.4907628101830636 0.5089213372149046 0.5064367398409663 0.4937628101830636 9
2.7051288750561 0.5059263260748827 0.5034622340401385 0.49074521560302753 0.5089263260748826 0.5064622340401383 0.49374521560302753 9
2.699613101252 0.5059311745053048 0.5034876955472105 0.4907277056038425 0.5089311745053047 0.5064876955472104 0.4937277056038425 9
2.6941176139201 0.5059357868823104 0.5035132662961825 0.49071037000661905 0.5089357868823103 0.5065132662961824 0.49371037000661905 9
2.6886422942316 0.5059402638004613 0.5035387700139938 0.4906934818757828 0.5089402638004612 0.5065387700139937 0.4936934818757828 9
2.6831870243116 0.5059446560235631 0.5035641079310396 0.4906769899705194 0.508944656023563 0.5065641079310395 0.4936769899705194 9
2.6777516872294 0.5059494404733622 0.5035894117439382 0.4906608231633976 0.5089494404733621 0.5065894117439381 0.4936608231633976 9
2.6723361669889 0.5059545463707115 0.5036148934903242 0.49064483013219956 0.5089545463707114 0.5066148934903241 0.49364483013219956 9
2.6669388861383 0.5059600410913384 0.5036403835506407 0.49062904062935536 0.5089600410913383 0.5066403835506406 0.49362904062935536 9
2.6615590885918 0.5059658527671115 0.5036660158910976 0.4906132640839537 0.5089658527671114 0.5066660158910975 0.49361326408395373 9
2.6561987835508 0.5059720019439162 0.5036917428823726 0.49059746329366755 0.5089720019439161 0.5066917428823725 0.49359746329366755 9
2.6508578585405 0.5059787823573865 0.5037173866569227 0.49058153245556496 0.5089787823573864 0.5067173866569226 0.49358153245556496 9
2.6455362019753 0.5059858112646187 0.5037429167437489 0.4905652179846727 0.5089858112646186 0.5067429167437488 0.4935652179846727 9
2.6402337031506 0.5059934482987518 0.5037681195881464 0.4905486899535912 0.5089934482987517 0.5067681195881463 0.4935486899535912 9
2.6349502522329 0.506001509913484 0.5037931142983529 0.49053204085830093 0.5090015099134839 0.5067931142983528 0.49353204085830094 9
2.6296857402522 0.5060098755902742 0.5038179256740623 0.49051510246380786 0.5090098755902741 0.5068179256740621 0.49351510246380786 9
2.6244400590924 0.506018250843418 0.5038427420655006 0.4904975963741668 0.5090182508434179 0.5068427420655005 0.4934975963741668 9
2.6192131014838 0.5060266274587878 0.5038676310053504 0.49047958721672374 0.5090266274587877 0.5068676310053503 0.49347958721672375 9
2.6140014850298 0.5060348245482122 0.503892500936534 0.49046131774486684 0.5090348245482121 0.5068925009365339 0.49346131774486685 9
2.6088080779502 0.5060430060020704 0.5039173727677866 0.490443034632069 0.5090430060020703 0.5069173727677865 0.493443034632069 9
2.6036330954259 0.5060513078257548 0.5039421688029808 0.49042478818993596 0.5090513078257547 0.5069421688029807 0.49342478818993596 9
2.5984764333688 0.5060598054993393 0.5039669550850202 0.4904065956417075 0.5090598054993392 0.5069669550850201 0.4934065956417075 9
2.5933379884962 0.5060686249791966 0.5039916693331846 0.49038850307689913 0.5090686249791965 0.5069916693331845 0.49338850307689913 9
2.5882176583238 0.5060777144651623 0.5040165303116031 0.49037042487511534 0.5090777144651621 0.507016530311603 0.49337042487511534 9
2.5831153411572 0.5060869694661527 0.5040414673979382 0.49035216673514265 0.5090869694661526 0.5070414673979381 0.49335216673514265 9
2.5780309360845 0.5060966222189383 0.5040662920041628 0.4903335739225832 0.5090966222189381 0.5070662920041626 0.4933335739225832 9
2.5729643429684 0.5061066055646998 0.5040908914101675 0.490314705240788 0.5091066055646997 0.5070908914101674 0.493314705240788 9
2.5679146480014 0.5061168224095097 0.5041151470302974 0.4902957601385795 0.5091168224095096 0.5071151470302973 0.4932957601385795 9
2.5628797707525 0.5061270165000418 0.5041389752132464 0.49027675922515046 0.5091270165000417 0.5071389752132462 0.49327675922515046 9
2.5578624272738 0.5061371769305153 0.5041626419786931 0.4902576428378901 0.5091371769305152 0.507162641978693 0.4932576428378901 9
2.5528625203371 0.5061472860132391 0.5041860892124768 0.4902385490995728 0.509147286013239 0.5071860892124767 0.4932385490995728 9
2.5478799534532 0.5061573515668001 0.5042093651349067 0.4902195259991511 0.5091573515668 0.5072093651349066 0.4932195259991511 9
2.5429146308645 0.5061672744839505 0.5042325541916345 0.4902005995771178 0.5091672744839504 0.5072325541916344 0.4932005995771178 9
2.5379664575381 0.5061771462512566 0.5042556670923113 0.49018169168251413 0.5091771462512565 0.5072556670923112 0.49318169168251413 9
2.5330353391588 0.5061868863764075 0.5042787726143437 0.49016267503518574 0.5091868863764074 0.5072787726143436 0.49316267503518574 9
2.5281211821226 0.506196611884468 0.5043020138499134 0.490143646784685 0.5091966118844679 0.5073020138499132 0.49314364678468503 9
2.5232238935291 0.5062061045878395 0.5043252943436387 0.49012456626928436 0.5092061045878394 0.5073252943436386 0.49312456626928436 9
2.5183421205572 0.5062153349231617 0.5043484695378035 0.4901053619533603 0.5092153349231616 0.5073484695378034 0.4931053619533603 9
2.5134746641511 0.5062244809581146 0.5043715064883953 0.4900861479725786 0.5092244809581145 0.5073715064883952 0.4930861479725786 9
2.5086238190324 0.506233525942771 0.5043944396644501 0.49006692540298713 0.5092335259427709 0.50739443966445 0.49306692540298713 9
2.5037894949392 0.5062425647329264 0.5044171640384325 0.49004779436740964 0.5092425647329263 0.5074171640384324 0.49304779436740964 9
2.498971980488 0.5062516657672704 0.5044396637460491 0.4900287819534443 0.5092516657672703 0.507439663746049 0.4930287819534443 9
2.4941700520989 0.5062607436432548 0.5044620973136846 0.49000989294330394 0.5092607436432547 0.5074620973136845 0.49300989294330394 9
2.4893847562387 0.5062698410368557 0.5044844344725302 0.4899911859259039 0.5092698410368556 0.5074844344725301 0.4929911859259039 9
2.4846156269772 0.5062789520527871 0.5045067106986487 0.4899725508197984 0.509278952052787 0.5075067106986486 0.4929725508197984 9
2.4798625773882 0.506288060923054 0.5045290607174227 0.48995392152897616 0.5092880609230539 0.5075290607174225 0.49295392152897616 9
2.4751255211488 0.5062973167074241 0.5045515408981995 0.48993526535628584 0.509297316707424 0.5075515408981994 0.49293526535628585 9
2.4704033768435 0.506306513658645 0.5045737907359955 0.48991662913856504 0.5093065136586449 0.5075737907359954 0.49291662913856504 9
2.4656944006766 0.5063155664585381 0.5045960627565481 0.4898981619197192 0.509315566458538 0.507596062756548 0.4928981619197192 9
2.4610011798267 0.5063246630765978 0.50461858545307 0.4898799154537827 0.5093246630765977 0.5076185854530699 0.4928799154537827 9
2.4563236303683 0.5063337650292682 0.5046409676123652 0.4898618010094864 0.5093337650292681 0.5076409676123651 0.4928618010094864 9
2.4516616689885 0.5063429989571718 0.5046632316749551 0.48984359079193435 0.5093429989571717 0.507663231674955 0.49284359079193435 9
2.4470152129813 0.5063521080769733 0.5046854036288007 0.4898253382358345 0.5093521080769732 0.5076854036288005 0.4928253382358345 9
2.4423841802423 0.5063611501624014 0.5047076463157417 0.48980703886591453 0.5093611501624012 0.5077076463157416 0.49280703886591454 9
2.4377684892625 0.5063702963149759 0.5047298976532276 0.48978868426730593 0.5093702963149758 0.5077298976532275 0.49278868426730593 9
2.4331680591237 0.50637943404317 0.504752194534829 0.48977030618180933 0.5093794340431699 0.5077521945348289 0.49277030618180934 9
2.4285828094924 0.5063885489913954 0.5047746923263516 0.4897519638701445 0.5093885489913953 0.5077746923263515 0.4927519638701445 9
2.4240126606144 0.5063975864464646 0.5047973097395128 0.48973364263597274 0.5093975864464645 0.5077973097395126 0.49273364263597275 9
2.4194538637356 0.5064063789400993 0.5048199280665874 0.4897152654253621 0.5094063789400992 0.5078199280665873 0.4927152654253621 9
2.4149100214878 0.506415018140157 0.5048425967145376 0.4896969049397294 0.5094150181401569 0.5078425967145375 0.4926969049397294 9
2.410381060985 0.506423488178266 0.5048652670498903 0.48967861124525575 0.5094234881782659 0.5078652670498902 0.49267861124525575 9
2.4058669046354 0.5064317718353814 0.5048879168933967 0.48966043051613833 0.5094317718353812 0.5078879168933966 0.49266043051613834 9
2.4013674754014 0.5064398715340339 0.5049107006699486 0.4896422736723141 0.5094398715340338 0.5079107006699485 0.4926422736723141 9
2.396882696795 0.5064477722607296 0.5049336661246312 0.48962408586987133 0.5094477722607295 0.5079336661246311 0.49262408586987133 9
2.3924124928724 0.50645552447845 0.5049567335739398 0.4896060120490708 0.5094555244784499 0.5079567335739397 0.4926060120490708 9
2.3879567882293 0.5064632575375702 0.5049798748367945 0.4895880212904852 0.50946325753757 0.5079798748367944 0.4925880212904852 9
2.3835155079961 0.5064708893862722 0.5050031557463127 0.48957030204765484 0.509470889386272 0.5080031557463126 0.49257030204765484 9
2.3790885778331 0.5064782961846883 0.505026469373526 0.48955251284815166 0.5094782961846882 0.5080264693735259 0.49255251284815166 9
2.3746739909273 0.5064854721853447 0.5050499818060087 0.48953472389305885 0.5094854721853446 0.5080499818060086 0.49253472389305886 9
2.3702718540797 0.5064924301996448 0.5050737248099512 0.48951690487403954 0.5094924301996447 0.508073724809951 0.49251690487403954 9
2.365883864053 0.5064993230147706 0.5050976954999326 0.48949911089564907 0.5094993230147705 0.5080976954999324 0.4924991108956491 9
2.361509948479 0.5065060513102602 0.5051216983731439 0.48948126973921036 0.50950605131026 0.5081216983731438 0.49248126973921036 9
2.357150035497 0.5065126364511728 0.5051458166356668 0.48946351403342914 0.5095126364511727 0.5081458166356667 0.49246351403342914 9
2.3528040537491 0.5065191484953906 0.5051701158941501 0.48944575197532136 0.5095191484953905 0.50817011589415 0.49244575197532137 9
2.3484719323754 0.5065254306870646 0.5051943908184054 0.489427856077538 0.5095254306870645 0.5081943908184053 0.49242785607753803 9
2.3441536010102 0.5065315749440836 0.5052187845895229 0.48940986297669226 0.5095315749440835 0.5082187845895227 0.49240986297669226 9
2.3398489897773 0.5065376130835005 0.5052432583746522 0.48939183726816926 0.5095376130835004 0.5082432583746521 0.49239183726816926 9
2.3355580292858 0.5065434662721682 0.505267822586324 0.48937378028420053 0.5095434662721681 0.5082678225863239 0.49237378028420054 9
2.3312806506255 0.5065490873750311 0.505292596828671 0.4893557423900551 0.509549087375031 0.5082925968286709 0.4923557423900551 9
2.3270136617715 0.5065546423703912 0.5053175934330466 0.4893376916118516 0.509554642370391 0.5083175934330465 0.4923376916118516 9
2.3227595414562 0.5065601140301433 0.5053426668406283 0.48931943869451994 0.5095601140301432 0.5083426668406282 0.49231943869451994 9
2.3185188154561 0.5065656246952904 0.50536778888214 0.48930112144415794 0.5095656246952903 0.5083677888821398 0.49230112144415794 9
2.3142914166462 0.5065711798774586 0.5053930206757979 0.4892826338433613 0.5095711798774585 0.5083930206757978 0.4922826338433613 9
2.3100772783626 0.5065767532200508 0.5054184042518753 0.48926413856571405 0.5095767532200507 0.5084184042518752 0.49226413856571405 9
2.3058763343982 0.5065822101209652 0.505443846607582 0.4892457711210189 0.509582210120965 0.5084438466075819 0.4922457711210189 9
2.3016885189989 0.5065875928495955 0.505469362117487 0.4892276298296207 0.5095875928495954 0.508469362117487 0.4922276298296207 9
2.2975137668596 0.5065929826648751 0.5054951514948404 0.4892095164671468 0.509592982664875 0.5084951514948403 0.4922095164671468 9
2.2933520131206 0.5065982614320402 0.5055211286794049 0.4891912331472186 0.5095982614320401 0.5085211286794048 0.4921912331472186 9
2.2892031933632 0.5066034283596071 0.5055472440644342 0.4891727392756912 0.509603428359607 0.5085472440644341 0.4921727392756912 9
2.2850672436064 0.5066084071500869 0.5055736753602973 0.48915401173958445 0.5096084071500868 0.5085736753602972 0.49215401173958445 9
2.2809405558184 0.5066132564139895 0.5056003499287898 0.48913505681778346 0.5096132564139894 0.5086003499287897 0.49213505681778347 9
2.2768264373691 0.5066180517054255 0.5056270456217684 0.48911598080861624 0.5096180517054254 0.5086270456217683 0.49211598080861624 9
2.2727250156917 0.5066227185727422 0.5056535768739261 0.48909686750735226 0.5096227185727421 0.508653576873926 0.49209686750735226 9
2.2686362284241 0.5066269853850617 0.5056801332794086 0.48907783940688415 0.5096269853850616 0.5086801332794085 0.49207783940688415 9
2.2645600136242 0.5066309461274954 0.5057066250019633 0.4890587970495179 0.5096309461274953 0.5087066250019632 0.4920587970495179 9
2.2604963097658 0.506634743723564 0.5057331103494677 0.48903978079146443 0.5096347437235639 0.5087331103494676 0.49203978079146443 9
2.2564450557355 0.5066383509439053 0.5057596639699908 0.489020821389137 0.5096383509439052 0.5087596639699907 0.492020821389137 9
2.2524061908289 0.5066418368196315 0.5057864358539406 0.4890018157269565 0.5096418368196314 0.5087864358539405 0.4920018157269565 9
2.2483798948754 0.5066451623635773 0.5058135114834418 0.48898279621677815 0.5096451623635772 0.5088135114834417 0.49198279621677815 9
2.2443653875696 0.5066483825727688 0.5058409238634443 0.48896387671825464 0.5096483825727687 0.5088409238634442 0.49196387671825464 9
2.2403633298703 0.5066515920814924 0.505868486182262 0.48894501209916325 0.5096515920814922 0.5088684861822619 0.49194501209916325 9
2.2363702512927 0.506654805293517 0.5058962221184862 0.4889261578427644 0.5096548052935169 0.5088962221184861 0.4919261578427644 9
2.2323886957508 0.5066579940184537 0.5059242336598724 0.4889071866638581 0.5096579940184536 0.5089242336598723 0.4919071866638581 9
2.228419189411 0.5066610866967898 0.5059523318148196 0.4888880539846097 0.5096610866967897 0.5089523318148195 0.4918880539846097 9
2.2244616742465 0.5066643422220477 0.50598047422742 0.48886880529789 0.5096643422220476 0.5089804742274199 0.49186880529789 9
2.2205160926137 0.5066678050685048 0.5060085290106875 0.48884959276960716 0.5096678050685047 0.5090085290106874 0.49184959276960716 9
2.2165823872486 0.5066713114287346 0.5060366320648148 0.4888302413102298 0.5096713114287345 0.5090366320648146 0.4918302413102298 9
2.2126605012635 0.5066747299175952 0.5060648819261045 0.4888106899745182 0.5096747299175951 0.5090648819261044 0.4918106899745182 9
2.2087503781445 0.5066780958850228 0.5060933012705287 0.4887909707664656 0.5096780958850227 0.5090933012705285 0.4917909707664656 9
2.2048519617476 0.5066813460862338 0.5061218513300505 0.4887709707532063 0.5096813460862337 0.5091218513300504 0.4917709707532063 9
2.2009651962963 0.5066846957182188 0.5061505391929895 0.4887508280918177 0.5096846957182187 0.5091505391929894 0.4917508280918177 9
2.197090026378 0.506688327088584 0.5061793678915545 0.48873055440201696 0.5096883270885839 0.5091793678915544 0.49173055440201696 9
2.1932244201332 0.5066921738966195 0.5062082768964665 0.48871012332727276 0.5096921738966194 0.5092082768964664 0.49171012332727276 9
2.1893685122466 0.5066961174766755 0.5062371663466474 0.4886895189715677 0.5096961174766754 0.5092371663466473 0.4916895189715677 9
2.1855240515174 0.5067000694604832 0.5062661484863888 0.4886686433068403 0.5097000694604831 0.5092661484863887 0.4916686433068403 9
2.1816909838723 0.5067039334769737 0.5062951497628913 0.4886473707724338 0.5097039334769736 0.5092951497628911 0.4916473707724338 9
2.1778692555878 0.5067078117281727 0.506324235073937 0.48862569480234874 0.5097078117281726 0.5093242350739369 0.49162569480234874 9
2.1740588132877 0.506711745824297 0.5063533123958576 0.4886036474208798 0.5097117458242969 0.5093533123958575 0.4916036474208798 9
2.1702596039401 0.5067158049572702 0.5063823821817478 0.4885813003220962 0.5097158049572701 0.5093823821817477 0.4915813003220962 9
2.1664715748545 0.5067198807233456 0.506411325033622 0.48855878460562885 0.5097198807233455 0.5094113250336219 0.49155878460562885 9
2.162694673679 0.5067238536500859 0.5064402452080488 0.4885362413758853 0.5097238536500858 0.5094402452080486 0.4915362413758853 9
2.1589288483977 0.5067277988183589 0.5064693052812415 0.4885134300813877 0.5097277988183588 0.5094693052812413 0.4915134300813877 9
2.1551740473277 0.5067318332372797 0.5064983085775007 0.4884903095774711 0.5097318332372796 0.5094983085775006 0.4914903095774711 9
2.1514302191168 0.5067358481613105 0.5065273053678847 0.48846680684865074 0.5097358481613103 0.5095273053678846 0.49146680684865074 9
2.1476935887478 0.5067396020511379 0.5065562608793622 0.48844273699391505 0.5097396020511378 0.5095562608793621 0.49144273699391505 9
2.1439677772138 0.506742941653667 0.5065851810749754 0.48841806109000635 0.5097429416536668 0.5095851810749753 0.49141806109000635 9
2.1402528018799 0.5067459468232698 0.5066140637794999 0.48839263522698567 0.5097459468232697 0.5096140637794998 0.4913926352269857 9
2.1365486126047 0.5067484899135803 0.5066427523853428 0.48836641144081583 0.5097484899135802 0.5096427523853427 0.49136641144081583 9
2.1328551595646 0.5067505667879191 0.5066713266347409 0.48833938259289844 0.509750566787919 0.5096713266347408 0.49133938259289844 9
2.1291723932513 0.5067523060236024 0.5067000204912671 0.4883118145091657 0.5097523060236023 0.509700020491267 0.4913118145091657 9
2.1255002644696 0.5067536303994299 0.5067288811357404 0.48828346042063137 0.5097536303994298 0.5097288811357403 0.49128346042063137 9
2.1218387243342 0.5067543548793961 0.5067576795827653 0.48825428244708435 0.509754354879396 0.5097576795827652 0.49125428244708436 9
2.118187724268 0.5067544930852728 0.5067862177330956 0.4882242642074931 0.5097544930852727 0.5097862177330955 0.4912242642074931 9
2.1145472159991 0.5067538259823532 0.5068142527123415 0.48819331365572977 0.5097538259823531 0.5098142527123414 0.49119331365572977 9
2.1109171515583 0.5067522596297236 0.5068413718340925 0.48816141094578314 0.5097522596297235 0.5098413718340924 0.49116141094578314 9
2.1072966550091 0.5067498627432431 0.5068671627091368 0.4881288405576585 0.509749862743243 0.5098671627091367 0.4911288405576585 9
2.1036835284525 0.5067467177268777 0.5068914054502188 0.48809593982350624 0.5097467177268776 0.5098914054502187 0.49109593982350624 9
2.1000807188935 0.5067430674421375 0.5069138962155095 0.4880631016100003 0.5097430674421374 0.5099138962155094 0.49106310161000033 9
2.0964881794689 0.5067393470898977 0.5069346561078673 0.4880308797937062 0.5097393470898975 0.5099346561078671 0.4910308797937062 9
2.0929058636071 0.5067359149756147 0.506953750007659 0.4879996609460357 0.5097359149756145 0.5099537500076589 0.4909996609460357 9
2.0893337250261 0.5067329388141141 0.5069714915010307 0.48796964445042096 0.509732938814114 0.5099714915010306 0.49096964445042096 9
2.0857717177306 0.5067303151918455 0.5069881556046465 0.4879408380728889 0.5097303151918454 0.5099881556046464 0.4909408380728889 9
2.0822197960104 0.5067281211276469 0.5070036356425007 0.4879131257082955 0.5097281211276468 0.5100036356425006 0.4909131257082955 9
2.0786779144378 0.5067263508613705 0.5070181314440849 0.48788658945870417 0.5097263508613704 0.5100181314440848 0.49088658945870417 9
2.0751460278654 0.5067252812396661 0.5070317461214775 0.48786121400268984 0.509725281239666 0.5100317461214774 0.49086121400268984 9
2.0716240914239 0.5067248646379368 0.5070446889889759 0.4878370444635164 0.5097248646379366 0.5100446889889758 0.4908370444635164 9
2.0681120605201 0.5067248791150087 0.5070571892530139 0.48781395662136445 0.5097248791150086 0.5100571892530138 0.49081395662136446 9
2.0646090298741 0.5067252445854249 0.5070693368334457 0.48779189271088474 0.5097252445854248 0.5100693368334456 0.49079189271088475 9
2.0611128517163 0.506726042362893 0.5070812054263985 0.4877708231577684 0.5097260423628929 0.5100812054263983 0.4907708231577684 9
2.0576264620118 0.5067272155581755 0.507092749290477 0.4877508070893981 0.5097272155581754 0.5100927492904769 0.4907508070893981 9
2.0541498171705 0.5067286727102808 0.5071041033954585 0.48773175828794574 0.5097286727102807 0.5101041033954584 0.49073175828794574 9
2.0506828738688 0.5067304190801614 0.5071152267195274 0.48771369400299985 0.5097304190801613 0.5101152267195272 0.49071369400299986 9
2.0472255890465 0.5067324715735311 0.5071261028432191 0.48769652770549865 0.509732471573531 0.510126102843219 0.49069652770549865 9
2.0437779199054 0.5067349089257831 0.5071367505782615 0.48768009835397613 0.509734908925783 0.5101367505782614 0.49068009835397614 9
2.0403398239073 0.506737611074645 0.507147224082453 0.4876644470334163 0.5097376110746449 0.5101472240824529 0.49066444703341633 9
2.0369112587715 0.5067406640468561 0.5071575577912949 0.48764960953094966 0.509740664046856 0.5101575577912948 0.49064960953094966 9
2.0334921824735 0.5067440127215476 0.5071677178275557 0.4876355646850242 0.5097440127215475 0.5101677178275555 0.49063556468502423 9
2.0300825532424 0.5067477563674779 0.5071778228507506 0.48762224290397493 0.5097477563674778 0.5101778228507505 0.49062224290397494 9
2.0266823295594 0.5067518832692948 0.5071879484439983 0.4876096022350779 0.5097518832692947 0.5101879484439982 0.4906096022350779 9
2.0232914664964 0.5067564674157645 0.5071980217313842 0.4875976108996581 0.5097564674157644 0.5101980217313841 0.4905976108996581 9
2.0199060829107 0.5067612669177138 0.5072081159654442 0.4875863791881287 0.5097612669177137 0.5102081159654441 0.4905863791881287 9
2.0165299966681 0.5067662498113732 0.5072183822158078 0.48757582309111214 0.5097662498113731 0.5102183822158077 0.49057582309111214 9
2.0131631671614 0.5067714097316152 0.5072288380708241 0.48756591941342675 0.509771409731615 0.510228838070824 0.49056591941342675 9
2.009805554027 0.5067767922137072 0.5072393506686736 0.4875565812798592 0.5097767922137071 0.5102393506686735 0.4905565812798592 9
2.0064571171418 0.5067823483340432 0.5072498427007446 0.48754765895131286 0.5097823483340431 0.5102498427007445 0.49054765895131286 9
2.0031178166226 0.5067881760918991 0.5072603246278067 0.4875392355524809 0.509788176091899 0.5102603246278066 0.4905392355524809 9
