root_index
19814928.0
19814967.0
19049547.0
19049548.0
19049549.0
19049550.0
19049551.0
19049582.0
19049583.0
19049588.0
19049589.0
19049618.0
19049627.0
19049628.0
19049653.0
19049665.0
19049702.0
19049724.0
19049738.0
19049739.0
19049760.0
19049774.0
19049775.0
19049796.0
19049810.0
19049811.0
19049832.0
19049846.0
19049868.0
19049882.0
19049904.0
19049917.0
19049940.0
19049952.0
19049976.0
19049977.0
19049978.0
19049979.0
19049986.0
19050015.0
19050016.0
19050017.0
19050018.0
19050019.0
19050020.0
19050844.0
19050845.0
19050846.0
19050879.0
19050880.0
19050884.0
19050885.0
19050914.0
19050922.0
19050923.0
19050961.0
19050985.0
19050997.0
19050998.0
19051034.0
19051070.0
19051092.0
19051106.0
19051128.0
19051142.0
19051164.0
19051177.0
19051200.0
19051212.0
19051237.0
19051246.0
19051274.0
19051275.0
19051276.0
19051277.0
19051278.0
19051279.0
19051280.0
19052176.0
19052177.0
19052178.0
19052179.0
19052180.0
19052211.0
19052217.0
19052218.0
19052246.0
19052256.0
19052293.0
19052329.0
19052353.0
19052366.0
19052389.0
19052425.0
19052437.0
19052461.0
19052471.0
19052472.0
19052497.0
19052505.0
19052506.0
19052534.0
19052535.0
19052537.0
19052538.0
19052539.0
19053508.0
19053511.0
19053512.0
19053513.0
19053543.0
19053551.0
19053588.0
19053614.0
19053624.0
19053650.0
19053660.0
19053686.0
19053687.0
19053696.0
19053722.0
19053723.0
19053724.0
19053730.0
19053731.0
19053759.0
19053760.0
19053761.0
19053762.0
19053763.0
19053764.0
19054841.0
19054842.0
19054843.0
19054844.0
19054845.0
19054876.0
19054877.0
19054881.0
19054882.0
19054912.0
19054913.0
19054917.0
19054918.0
19054948.0
19054949.0
19054953.0
19054954.0
19054984.0
19054985.0
19054986.0
19054987.0
19054988.0
19054989.0
19056210.0
19056211.0
19809924.0
19809958.0
19809961.0
19809998.0
19810064.0
19810247.0
19811224.0
19811260.0
19811296.0
19811332.0
19811367.0
19811403.0
19811430.0
19811439.0
19811466.0
19811540.0
19811541.0
19811542.0
19811543.0
19811544.0
19812371.0
19812372.0
19812373.0
19812410.0
19812411.0
19812448.0
19812484.0
19812485.0
19812520.0
19812521.0
19812557.0
19812592.0
19812593.0
19812628.0
19812629.0
19812664.0
19812665.0
19812689.0
19812700.0
19812725.0
19812736.0
19812761.0
19812771.0
19812797.0
19812806.0
19812834.0
19812835.0
19812836.0
19812837.0
19812838.0
19812839.0
19812840.0
19812841.0
19812873.0
19812874.0
19812875.0
19812876.0
19813630.0
19813631.0
19813668.0
19813669.0
19813670.0
19813707.0
19813708.0
19813733.0
19813744.0
19813745.0
19813781.0
19813782.0
19813804.0
19813817.0
19813818.0
19813840.0
19813854.0
19813876.0
19813889.0
19813890.0
19813912.0
19813925.0
19813926.0
19813948.0
19813961.0
19813962.0
19813984.0
19813997.0
19813998.0
19814020.0
19814032.0
19814033.0
19814056.0
19814068.0
19814093.0
19814102.0
19814103.0
19814130.0
19814131.0
19814132.0
19814133.0
19814134.0
19814135.0
19814136.0
19814137.0
19814138.0
19814169.0
19814170.0
19814171.0
19814172.0
19814924.0
19814925.0
19814926.0
19814927.0
19814958.0
19814965.0
19814966.0
19814993.0
19815004.0
19815041.0
19815064.0
19815078.0
19815100.0
19815114.0
19815115.0
19815150.0
19815151.0
19815186.0
19815187.0
19815222.0
19815223.0
19815244.0
19815258.0
19815259.0
19815293.0
19815294.0
19815295.0
19815315.0
19815329.0
19815330.0
19815364.0
19815365.0
19815388.0
19815389.0
19815390.0
19815398.0
19815399.0
19815400.0
19815426.0
19815427.0
19815428.0
19815429.0
19815430.0
19815431.0
19815432.0
19815433.0
19815434.0
19815465.0
19815466.0
19815467.0
19815468.0
19816219.0
19816220.0
19816221.0
19816222.0
19816223.0
19816224.0
19816254.0
19816261.0
19816262.0
19816289.0
19816300.0
19816337.0
19816360.0
19816374.0
19816396.0
19816410.0
19816411.0
19816431.0
19816432.0
19816446.0
19816447.0
19816467.0
19816482.0
19816483.0
19816503.0
19816518.0
19816519.0
19816539.0
19816554.0
19816555.0
19816575.0
19816589.0
19816590.0
19816611.0
19816624.0
19816625.0
19816626.0
19816647.0
19816648.0
19816660.0
19816661.0
19816684.0
19816685.0
19816686.0
19816687.0
19816693.0
19816694.0
19816695.0
19816723.0
19816724.0
19816725.0
19816726.0
19816727.0
19816728.0
19816729.0
19817515.0
19817516.0
19817517.0
19817518.0
19817519.0
19817520.0
19817550.0
19817557.0
19817558.0
19817585.0
19817596.0
19817621.0
19817633.0
19817656.0
19817670.0
19817692.0
19817706.0
19817707.0
19817728.0
19817742.0
19817743.0
19817764.0
19817778.0
19817779.0
19817799.0
19817800.0
19817814.0
19817815.0
19817835.0
19817850.0
19817851.0
19817871.0
19817885.0
19817886.0
19817907.0
19817920.0
19817921.0
19817944.0
19817945.0
19817946.0
19817956.0
19817981.0
19817982.0
19817983.0
19817984.0
19817985.0
19817986.0
19817987.0
19817988.0
19817989.0
19817990.0
19818021.0
19818022.0
19818023.0
19818024.0
19049584.0
19049585.0
19049586.0
19049587.0
19049619.0
19049625.0
19049626.0
19049654.0
19049663.0
19049664.0
19049689.0
19049700.0
19049701.0
19049725.0
19049737.0
19049761.0
19049773.0
19049797.0
19049808.0
19049809.0
19049833.0
19049843.0
19049844.0
19049845.0
19049869.0
19049870.0
19049879.0
19049880.0
19049881.0
19049905.0
19049914.0
19049915.0
19049916.0
19049941.0
19049942.0
19049943.0
19049948.0
19049949.0
19049950.0
19049951.0
19049980.0
19049981.0
19049982.0
19049983.0
19049984.0
19049985.0
19050881.0
19050882.0
19050883.0
19050915.0
19050916.0
19050920.0
19050921.0
19050950.0
19050951.0
19050958.0
19050959.0
19050960.0
19050986.0
19050996.0
19051021.0
19051022.0
19051032.0
19051033.0
19051057.0
19051058.0
19051068.0
19051069.0
19051093.0
19051094.0
19051103.0
19051104.0
19051105.0
19051129.0
19051138.0
19051139.0
19051140.0
19051141.0
19051165.0
19051168.0
19051173.0
19051174.0
19051175.0
19051176.0
19051201.0
19051202.0
19051204.0
19051205.0
19051208.0
19051209.0
19051210.0
19051211.0
19051238.0
19051239.0
19051240.0
19051241.0
19051242.0
19051243.0
19051244.0
19051245.0
19052212.0
19052213.0
19052214.0
19052215.0
19052216.0
19052247.0
19052248.0
19052253.0
19052254.0
19052255.0
19052282.0
19052283.0
19052284.0
19052290.0
19052291.0
19052292.0
19052318.0
19052319.0
19052327.0
19052328.0
19052354.0
19052355.0
19052362.0
19052363.0
19052364.0
19052365.0
19052390.0
19052391.0
19052392.0
19052398.0
19052399.0
19052400.0
19052401.0
19052426.0
19052427.0
19052428.0
19052429.0
19052432.0
19052433.0
19052434.0
19052435.0
19052436.0
19052462.0
19052463.0
19052464.0
19052465.0
19052466.0
19052467.0
19052468.0
19052469.0
19052470.0
19052498.0
19052499.0
19052500.0
19052501.0
19052502.0
19052503.0
19052504.0
19052536.0
19053509.0
19053510.0
19053544.0
19053545.0
19053546.0
19053547.0
19053548.0
19053549.0
19053550.0
19053579.0
19053580.0
19053581.0
19053582.0
19053583.0
19053584.0
19053585.0
19053586.0
19053587.0
19053615.0
19053616.0
19053617.0
19053618.0
19053619.0
19053620.0
19053621.0
19053622.0
19053623.0
19053651.0
19053652.0
19053653.0
19053654.0
19053655.0
19053656.0
19053657.0
19053658.0
19053659.0
19053688.0
19053689.0
19053690.0
19053691.0
19053692.0
19053693.0
19053694.0
19053695.0
19053725.0
19053726.0
19053727.0
19053728.0
19053729.0
19054878.0
19054879.0
19054880.0
19054914.0
19054915.0
19054916.0
19054950.0
19054951.0
19054952.0
19809959.0
19809960.0
19809994.0
19809995.0
19809996.0
19809997.0
19810029.0
19810030.0
19810031.0
19810032.0
19810033.0
19810034.0
19810065.0
19810066.0
19810067.0
19810068.0
19810069.0
19810070.0
19810100.0
19810101.0
19810102.0
19810103.0
19810104.0
19810105.0
19810106.0
19810136.0
19810137.0
19810138.0
19810139.0
19810140.0
19810141.0
19810172.0
19810173.0
19810174.0
19810175.0
19810176.0
19810177.0
19810209.0
19810210.0
19810211.0
19810212.0
19811147.0
19811148.0
19811149.0
19811150.0
19811180.0
19811181.0
19811182.0
19811183.0
19811184.0
19811185.0
19811186.0
19811187.0
19811216.0
19811217.0
19811218.0
19811219.0
19811220.0
19811221.0
19811222.0
19811223.0
19811251.0
19811252.0
19811253.0
19811254.0
19811255.0
19811256.0
19811257.0
19811258.0
19811259.0
19811287.0
19811288.0
19811289.0
19811290.0
19811291.0
19811292.0
19811293.0
19811294.0
19811295.0
19811323.0
19811324.0
19811325.0
19811326.0
19811327.0
19811328.0
19811329.0
19811330.0
19811331.0
19811358.0
19811359.0
19811360.0
19811361.0
19811362.0
19811365.0
19811366.0
19811394.0
19811395.0
19811396.0
19811401.0
19811402.0
19811431.0
19811432.0
19811433.0
19811436.0
19811437.0
19811438.0
19811467.0
19811468.0
19811469.0
19811470.0
19811471.0
19811472.0
19811473.0
19811474.0
19811503.0
19811504.0
19811505.0
19811506.0
19811507.0
19811508.0
19811509.0
19812404.0
19812405.0
19812406.0
19812407.0
19812408.0
19812409.0
19812439.0
19812440.0
19812441.0
19812442.0
19812443.0
19812444.0
19812445.0
19812446.0
19812447.0
19812474.0
19812475.0
19812476.0
19812477.0
19812478.0
19812479.0
19812480.0
19812481.0
19812482.0
19812483.0
19812510.0
19812511.0
19812512.0
19812513.0
19812514.0
19812516.0
19812517.0
19812519.0
19812545.0
19812546.0
19812547.0
19812548.0
19812549.0
19812555.0
19812556.0
19812581.0
19812582.0
19812583.0
19812584.0
19812591.0
19812617.0
19812618.0
19812619.0
19812627.0
19812653.0
19812654.0
19812655.0
19812663.0
19812690.0
19812691.0
19812698.0
19812699.0
19812726.0
19812727.0
19812734.0
19812735.0
19812762.0
19812763.0
19812769.0
19812770.0
19812798.0
19812799.0
19812800.0
19812801.0
19812802.0
19812803.0
19812804.0
19812805.0
19813664.0
19813665.0
19813666.0
19813667.0
19813698.0
19813699.0
19813700.0
19813701.0
19813702.0
19813703.0
19813704.0
19813705.0
19813706.0
19813734.0
19813735.0
19813736.0
19813737.0
19813738.0
19813740.0
19813741.0
19813743.0
19813769.0
19813770.0
19813771.0
19813772.0
19813779.0
19813780.0
19813805.0
19813806.0
19813807.0
19813808.0
19813816.0
19813841.0
19813842.0
19813843.0
19813852.0
19813853.0
19813877.0
19813878.0
19813879.0
19813888.0
19813913.0
19813914.0
19813924.0
19813949.0
19813950.0
19813960.0
19813985.0
19813986.0
19813995.0
19813996.0
19814021.0
19814022.0
19814031.0
19814057.0
19814058.0
19814059.0
19814066.0
19814067.0
19814094.0
19814095.0
19814096.0
19814097.0
19814099.0
19814100.0
19814101.0
19814959.0
19814960.0
19814964.0
19814994.0
19814995.0
19814996.0
19814997.0
19814998.0
19814999.0
19815003.0
19815029.0
19815030.0
19815031.0
19815040.0
19815065.0
19815066.0
19815067.0
19815076.0
19815077.0
19815101.0
19815102.0
19815103.0
19815112.0
19815113.0
19815136.0
19815137.0
19815138.0
19815139.0
19815148.0
19815149.0
19815172.0
19815173.0
19815174.0
19815183.0
19815185.0
19815208.0
19815209.0
19815210.0
19815220.0
19815221.0
19815245.0
19815246.0
19815256.0
19815257.0
19815280.0
19815281.0
19815282.0
19815292.0
19815316.0
19815317.0
19815318.0
19815328.0
19815352.0
19815353.0
19815354.0
19815363.0
19815391.0
19815392.0
19815393.0
19815394.0
19815395.0
19815396.0
19815397.0
19816255.0
19816260.0
19816290.0
19816293.0
19816299.0
19816325.0
19816336.0
19816361.0
19816373.0
19816397.0
19816398.0
19816409.0
19816433.0
19816434.0
19816445.0
19816468.0
19816469.0
19816470.0
19816481.0
19816504.0
19816505.0
19816506.0
19816517.0
19816540.0
19816541.0
19816552.0
19816553.0
19816576.0
19816577.0
19816578.0
19816588.0
19816612.0
19816613.0
19816614.0
19816623.0
19816649.0
19816650.0
19816651.0
19816655.0
19816658.0
19816659.0
19816688.0
19816689.0
19816690.0
19816691.0
19816692.0
19817551.0
19817555.0
19817556.0
19817586.0
19817594.0
19817595.0
19817623.0
19817632.0
19817657.0
19817669.0
19817693.0
19817705.0
19817729.0
19817741.0
19817765.0
19817777.0
19817801.0
19817812.0
19817813.0
19817836.0
19817837.0
19817847.0
19817848.0
19817849.0
19817872.0
19817873.0
19817883.0
19817884.0
19817908.0
19817909.0
19817910.0
19817918.0
19817919.0
19817947.0
19817948.0
19817953.0
19817954.0
19817955.0
19049621.0
19049622.0
19049623.0
19049624.0
19049656.0
19049657.0
19049658.0
19049659.0
19049660.0
19049690.0
19049692.0
19049693.0
19049695.0
19049697.0
19049698.0
19049699.0
19049727.0
19049728.0
19049734.0
19049735.0
19049736.0
19049763.0
19049764.0
19049772.0
19049799.0
19049806.0
19049807.0
19049834.0
19049836.0
19049872.0
19049876.0
19049878.0
19049907.0
19049908.0
19049909.0
19049913.0
19049945.0
19049946.0
19049947.0
19050917.0
19050918.0
19050919.0
19050953.0
19050954.0
19050955.0
19050987.0
19050990.0
19050991.0
19050992.0
19050993.0
19050995.0
19051023.0
19051025.0
19051026.0
19051027.0
19051029.0
19051031.0
19051059.0
19051061.0
19051062.0
19051067.0
19051095.0
19051097.0
19051098.0
19051101.0
19051102.0
19051130.0
19051133.0
19051134.0
19051135.0
19051136.0
19051166.0
19051203.0
19051206.0
19051207.0
19052249.0
19052252.0
19052287.0
19052320.0
19052324.0
19052326.0
19052356.0
19052359.0
19052360.0
19052393.0
19052397.0
19052430.0
19052431.0
19811363.0
19811364.0
19811397.0
19811398.0
19811399.0
19811400.0
19811434.0
19811435.0
19812515.0
19812518.0
19812550.0
19812551.0
19812552.0
19812553.0
19812554.0
19812585.0
19812586.0
19812588.0
19812589.0
19812590.0
19812620.0
19812623.0
19812624.0
19812625.0
19812626.0
19812656.0
19812660.0
19812661.0
19812662.0
19812692.0
19812693.0
19812696.0
19812697.0
19812728.0
19812729.0
19812730.0
19812731.0
19812732.0
19812733.0
19812764.0
19812766.0
19812767.0
19812768.0
19813739.0
19813773.0
19813774.0
19813775.0
19813776.0
19813777.0
19813778.0
19813809.0
19813814.0
19813815.0
19813844.0
19813845.0
19813847.0
19813850.0
19813851.0
19813880.0
19813882.0
19813886.0
19813915.0
19813917.0
19813922.0
19813951.0
19813952.0
19813958.0
19813987.0
19813988.0
19813989.0
19813994.0
19814023.0
19814024.0
19814025.0
19814029.0
19814030.0
19814060.0
19814061.0
19814062.0
19814063.0
19814064.0
19814098.0
19814961.0
19814962.0
19814963.0
19815000.0
19815001.0
19815032.0
19815033.0
19815034.0
19815038.0
19815068.0
19815069.0
19815075.0
19815104.0
19815111.0
19815147.0
19815175.0
19815184.0
19815212.0
19815219.0
19815248.0
19815255.0
19815284.0
19815291.0
19815319.0
19815320.0
19815321.0
19815326.0
19815327.0
19815355.0
19815356.0
19815357.0
19815358.0
19815359.0
19815360.0
19815361.0
19815362.0
19816256.0
19816258.0
19816292.0
19816294.0
19816296.0
19816297.0
19816298.0
19816326.0
19816327.0
19816328.0
19816334.0
19816335.0
19816362.0
19816363.0
19816370.0
19816371.0
19816372.0
19816399.0
19816407.0
19816435.0
19816443.0
19816472.0
19816515.0
19816516.0
19816542.0
19816551.0
19816579.0
19816580.0
19816581.0
19816587.0
19816615.0
19816616.0
19816617.0
19816622.0
19816653.0
19816654.0
19816656.0
19817554.0
19817588.0
19817589.0
19817592.0
19817593.0
19817622.0
19817624.0
19817625.0
19817626.0
19817630.0
19817631.0
19817659.0
19817660.0
19817661.0
19817667.0
19817668.0
19817695.0
19817703.0
19817731.0
19817739.0
19817766.0
19817775.0
19817776.0
19817802.0
19817811.0
19817838.0
19817874.0
19817875.0
19817881.0
19817912.0
19817913.0
19817914.0
19817915.0
19817916.0
19817917.0
19817952.0
19049620.0
19049655.0
19049661.0
19049662.0
19049691.0
19049694.0
19049696.0
19049726.0
19049729.0
19049762.0
19049765.0
19049771.0
19049798.0
19049800.0
19049837.0
19049842.0
19049873.0
19049877.0
19049910.0
19049911.0
19049912.0
19049944.0
19050952.0
19050956.0
19050957.0
19050988.0
19050989.0
19050994.0
19051030.0
19051063.0
19051066.0
19051131.0
19051132.0
19051167.0
19051169.0
19051170.0
19051171.0
19051172.0
19052250.0
19052285.0
19052286.0
19052288.0
19052321.0
19052322.0
19052323.0
19052325.0
19052357.0
19052396.0
19812587.0
19812621.0
19812622.0
19812657.0
19812658.0
19812659.0
19812694.0
19812695.0
19812765.0
19813742.0
19813810.0
19813811.0
19813812.0
19813813.0
19813846.0
19813848.0
19813849.0
19813887.0
19813923.0
19813959.0
19813993.0
19814026.0
19814027.0
19814065.0
19815002.0
19815035.0
19815036.0
19815037.0
19815039.0
19815070.0
19815071.0
19815072.0
19815073.0
19815106.0
19815109.0
19815140.0
19815141.0
19815142.0
19815146.0
19815177.0
19815182.0
19815211.0
19815215.0
19815218.0
19815254.0
19815283.0
19815323.0
19815324.0
19816257.0
19816291.0
19816295.0
19816329.0
19816364.0
19816365.0
19816366.0
19816367.0
19816400.0
19816401.0
19816402.0
19816406.0
19816408.0
19816436.0
19816437.0
19816471.0
19816479.0
19816480.0
19816543.0
19816544.0
19816547.0
19816586.0
19816619.0
19816652.0
19817552.0
19817553.0
19817590.0
19817591.0
19817627.0
19817628.0
19817629.0
19817662.0
19817663.0
19817666.0
19817694.0
19817702.0
19817704.0
19817730.0
19817733.0
19817740.0
19817767.0
19817768.0
19817840.0
19817846.0
19817876.0
19817877.0
19817878.0
19817882.0
19817911.0
19817950.0
19049730.0
19049731.0
19049732.0
19049733.0
19049769.0
19049770.0
19049801.0
19049803.0
19049805.0
19049835.0
19049838.0
19049839.0
19049840.0
19049841.0
19049871.0
19049874.0
19049875.0
19049906.0
19051024.0
19051028.0
19051060.0
19051064.0
19051065.0
19051096.0
19051099.0
19051100.0
19051137.0
19052251.0
19052289.0
19052358.0
19052361.0
19052394.0
19052395.0
19813881.0
19813883.0
19813884.0
19813885.0
19813918.0
19813919.0
19813920.0
19813921.0
19813953.0
19813955.0
19813956.0
19813957.0
19813990.0
19813991.0
19813992.0
19814028.0
19815074.0
19815105.0
19815107.0
19815108.0
19815110.0
19815143.0
19815144.0
19815145.0
19815176.0
19815178.0
19815179.0
19815181.0
19815213.0
19815247.0
19815250.0
19815252.0
19815253.0
19815285.0
19815286.0
19815287.0
19815290.0
19815322.0
19815325.0
19816259.0
19816330.0
19816331.0
19816332.0
19816333.0
19816368.0
19816369.0
19816403.0
19816405.0
19816438.0
19816442.0
19816444.0
19816473.0
19816478.0
19816507.0
19816509.0
19816510.0
19816514.0
19816545.0
19816546.0
19816550.0
19816583.0
19816584.0
19816585.0
19816620.0
19816621.0
19816657.0
19817587.0
19817658.0
19817664.0
19817665.0
19817696.0
19817697.0
19817698.0
19817700.0
19817701.0
19817732.0
19817737.0
19817738.0
19817769.0
19817770.0
19817774.0
19817803.0
19817804.0
19817805.0
19817806.0
19817810.0
19817839.0
19817841.0
19817842.0
19817843.0
19817844.0
19817879.0
19817880.0
19817949.0
19817951.0
19908737.0
19908743.0
19908746.0
19908747.0
19908749.0
19908750.0
19908751.0
19908753.0
19908759.0
19908764.0
19908765.0
19908766.0
19908767.0
19908769.0
19908772.0
19908773.0
19908774.0
19908775.0
19908776.0
19908777.0
19908785.0
19908786.0
19908787.0
19908789.0
19908790.0
19908791.0
19049766.0
19049767.0
19049768.0
19049802.0
19049804.0
19813916.0
19813954.0
19815180.0
19815214.0
19815216.0
19815217.0
19815249.0
19815251.0
19815288.0
19815289.0
19816404.0
19816439.0
19816440.0
19816441.0
19816474.0
19816475.0
19816476.0
19816477.0
19816508.0
19816511.0
19816512.0
19816513.0
19816548.0
19816549.0
19816582.0
19816618.0
19817699.0
19817734.0
19817735.0
19817736.0
19817771.0
19817772.0
19817773.0
19817807.0
19817808.0
19817809.0
19817845.0
19908729.0
19908730.0
19908731.0
19908732.0
19908733.0
19908734.0
19908735.0
19908736.0
19908738.0
19908739.0
19908740.0
19908741.0
19908742.0
19908744.0
19908745.0
19908748.0
19908752.0
19908754.0
19908755.0
19908756.0
19908757.0
19908758.0
19908760.0
19908761.0
19908762.0
19908763.0
19908768.0
19908770.0
19908771.0
19908778.0
19908779.0
19908780.0
19908781.0
19908782.0
19908783.0
19908784.0
19908788.0
19908792.0
19908793.0
19908794.0
19908795.0
19908796.0
19908797.0
19908798.0
