8.1330643194892 0.4939162974171752 0.49528062560943764 0.49625711188744975 0.4979162974171752 0.49928062560943764 0.5002571118874497 9 
8.0818843214791 0.4939125875026276 0.4952578817799549 0.49626790193926384 0.4979125875026276 0.4992578817799549 0.5002679019392638 9 
8.0314148869044 0.4939088972076587 0.4952352204700233 0.49627864897805896 0.4979088972076587 0.4992352204700233 0.500278648978059 9 
7.9816419161148 0.4939052265125102 0.4952126425771941 0.4962893526522447 0.4979052265125102 0.4992126425771941 0.5002893526522447 9 
7.9325417101846 0.49390157444941113 0.49519014337000306 0.4963000151761683 0.49790157444941113 0.49919014337000306 0.5003000151761683 9 
7.8841093256458 0.49389794139379356 0.49516772656119873 0.49631063472370474 0.49789794139379356 0.49916772656119873 0.5003106347237047 9 
7.8363256870345 0.49389432706839015 0.4951453902205734 0.4963212118457219 0.49789432706839015 0.4991453902205734 0.5003212118457219 9 
7.7891789670368 0.49389073139833306 0.4951231339044162 0.4963317466363483 0.49789073139833306 0.4991231339044162 0.5003317466363483 9 
7.7426543516668 0.49388715416757056 0.4951009568822909 0.49634223907612907 0.49788715416757057 0.4991009568822909 0.5003422390761291 9 
7.6967390981526 0.4938835951513424 0.4950788584449173 0.49635268935112165 0.4978835951513424 0.4990788584449173 0.5003526893511216 9 
7.6514215382762 0.49388005482025027 0.4950568382771258 0.4963630974216857 0.4978800548202503 0.4990568382771258 0.5003630974216857 9 
7.6066870985632 0.4938765331018422 0.4950348958372102 0.4963734632914926 0.4978765331018422 0.4990348958372102 0.5003734632914926 9 
7.56252588351 0.49387302969051217 0.49501303097039734 0.4963837871065989 0.49787302969051217 0.49901303097039734 0.5003837871065989 9 
7.5189257900861 0.49386954447366993 0.49499124330251487 0.4963940690613861 0.49786954447366993 0.4989912433025149 0.5003940690613861 9 
7.4758742805379 0.49386607756306544 0.49496953247855796 0.4964043090923845 0.49786607756306545 0.49896953247855796 0.5004043090923844 9 
7.4333621571324 0.49386262900328426 0.4949478979646261 0.496414507183836 0.49786262900328426 0.49894789796462613 0.500414507183836 9 
7.3913774665521 0.4938591989412739 0.4949263394453138 0.49642466314082495 0.4978591989412739 0.4989263394453138 0.5004246631408249 9 
7.349909823956 0.49385578779001 0.4949048566652422 0.4964347770930248 0.49785578779001 0.4989048566652422 0.5004347770930248 9 
7.3089502830204 0.49385239618199955 0.49488344977198473 0.4964448486628877 0.49785239618199956 0.49888344977198473 0.5004448486628876 9 
7.2684872391571 0.49384902522320195 0.49486211855087214 0.4964548776374123 0.49784902522320196 0.49886211855087215 0.5004548776374123 9 
7.2285121024239 0.4938456761074614 0.4948408622412277 0.49646486375468 0.4978456761074614 0.4988408622412277 0.50046486375468 9 
7.1890162272408 0.49384234948503725 0.4948196789185451 0.4964748065244493 0.49784234948503725 0.4988196789185451 0.5004748065244493 9 
7.1499884119886 0.49383904443454313 0.49479856648767856 0.4964847049117194 0.49783904443454313 0.49879856648767856 0.5004847049117194 9 
7.1114215058699 0.49383575924238593 0.49477752355044224 0.4964945587745357 0.49783575924238593 0.49877752355044225 0.5004945587745356 9 
7.0733072276286 0.4938324875981846 0.49475655040921285 0.4965043646445889 0.4978324875981846 0.49875655040921285 0.5005043646445889 9 
7.0356348473542 0.49382922726672684 0.4947356461458363 0.4965141229999389 0.49782922726672685 0.4987356461458363 0.5005141229999389 9 
6.9984018395066 0.4938259788904193 0.49471481119490024 0.4965238347106337 0.4978259788904193 0.49871481119490024 0.5005238347106337 9 
6.9615897368687 0.4938227408753076 0.49469404027963604 0.4965335034644523 0.4978227408753076 0.49869404027963604 0.5005335034644522 9 
6.9251989919202 0.4938195146770148 0.49467334022397136 0.49654312753058105 0.4978195146770148 0.49867334022397136 0.5005431275305811 9 
6.889220717047 0.4938163021994121 0.49465270822028884 0.4965527093230004 0.4978163021994121 0.49865270822028884 0.5005527093230003 9 
6.8536476043573 0.49381310556561947 0.49463214422549023 0.49656225019185013 0.4978131055656195 0.49863214422549024 0.5005622501918501 9 
6.8184701284878 0.4938099278796384 0.494611649454362 0.49657174906525453 0.4978099278796384 0.498611649454362 0.5005717490652545 9 
6.7836833043465 0.4938067932565555 0.4945911845956849 0.4965811640863556 0.4978067932565555 0.4985911845956849 0.5005811640863556 9 
6.7492804580935 0.4938036618833017 0.4945708104517243 0.4965905602807035 0.4978036618833017 0.4985708104517243 0.5005905602807035 9 
6.7152528236759 0.493800540822612 0.4945505100439392 0.49659991305861617 0.497800540822612 0.4985505100439392 0.5005999130586162 9 
6.6815954030677 0.4937974380686082 0.49453026668328925 0.49660919997920644 0.4977974380686082 0.49853026668328926 0.5006091999792064 9 
6.6483022721564 0.49379433676555307 0.49451011478186085 0.4966184574613075 0.49779433676555307 0.49851011478186086 0.5006184574613075 9 
6.6153655461906 0.49379125199967056 0.4944900365655981 0.4966276647067598 0.49779125199967056 0.4984900365655981 0.5006276647067598 9 
6.58277983259 0.49378818924549656 0.4944700256182678 0.4966368256523292 0.49778818924549656 0.4984700256182678 0.5006368256523291 9 
6.5505400847295 0.4937851545638497 0.4944500835690095 0.4966459447371045 0.4977851545638497 0.4984500835690095 0.5006459447371044 9 
6.5186394340621 0.49378216280571796 0.4944301936655991 0.49665500863462503 0.49778216280571796 0.4984301936655991 0.500655008634625 9 
6.4870717002914 0.49377921567703514 0.49441034485597996 0.4966639995924808 0.49777921567703515 0.49841034485597996 0.5006639995924808 9 
6.455832854524 0.4937762302738897 0.4943905769313552 0.49667298705261864 0.49777623027388973 0.4983905769313552 0.5006729870526186 9 
6.4249171923139 0.4937732548461367 0.4943709000417048 0.4966819234735352 0.4977732548461367 0.4983709000417048 0.5006819234735351 9 
6.394317339037 0.4937703681744926 0.49435129649224435 0.4966907295487352 0.4977703681744926 0.49835129649224436 0.5006907295487352 9 
6.3640304364049 0.49376750079240006 0.4943317760840588 0.49669950094801796 0.49776750079240006 0.4983317760840588 0.500699500948018 9 
6.3340513962328 0.4937645889742277 0.49431231171919093 0.49670831654578496 0.4977645889742277 0.49831231171919094 0.500708316545785 9 
6.3043733543713 0.4937617026719034 0.49429289427372924 0.49671706929380577 0.4977617026719034 0.49829289427372925 0.5007170692938058 9 
6.2749926621466 0.49375889749047186 0.49427354430654863 0.4967257047571249 0.49775889749047186 0.49827354430654863 0.5007257047571249 9 
6.2459052693099 0.49375613371373334 0.4942543025161791 0.4967342708082243 0.49775613371373334 0.4982543025161791 0.5007342708082243 9 
6.2171057683393 0.493753354632421 0.4942351327564604 0.49674283119855833 0.497753354632421 0.4982351327564604 0.5007428311985583 9 
6.1885885138638 0.49375056978682424 0.4942160302954342 0.496751325056953 0.49775056978682425 0.4982160302954342 0.500751325056953 9 
6.1603509286601 0.49374785338951055 0.4941970000730251 0.4967597049707487 0.49774785338951055 0.4981970000730251 0.5007597049707486 9 
6.1323886514927 0.4937451144423835 0.49417801831188396 0.49676809657560933 0.4977451144423835 0.49817801831188396 0.5007680965756093 9 
6.104695379329 0.4937423619597392 0.494159106568451 0.4967764629353035 0.4977423619597392 0.498159106568451 0.5007764629353034 9 
6.0772684074498 0.49373964338916565 0.4941402807803707 0.4967847312544276 0.49773964338916565 0.4981402807803707 0.5007847312544276 9 
6.0501042425386 0.4937369294176249 0.49412150735624405 0.4967929702506954 0.49773692941762493 0.49812150735624405 0.5007929702506954 9 
6.0231983798081 0.49373411941048845 0.4941028066890409 0.4968012655053357 0.49773411941048845 0.4981028066890409 0.5008012655053357 9 
5.9965475703719 0.49373134896895904 0.49408426146135903 0.49680945365837914 0.49773134896895904 0.49808426146135903 0.5008094536583791 9 
5.9701432208965 0.493728498169268 0.4940657157151476 0.4968176710943592 0.497728498169268 0.4980657157151476 0.5008176710943592 9 
5.9439884934335 0.4937257016251744 0.4940472202147675 0.49682581172741525 0.4977257016251744 0.4980472202147675 0.5008258117274152 9 
5.9180759873356 0.4937229319459561 0.49402878386208 0.49683387522451494 0.4977229319459561 0.49802878386208 0.500833875224515 9 
5.89240226686 0.4937201972475608 0.4940104310027502 0.4968418648898397 0.4977201972475608 0.4980104310027502 0.5008418648898397 9 
5.8669650638089 0.49371750784265667 0.4939921513558069 0.49684979139589724 0.49771750784265667 0.4979921513558069 0.5008497913958972 9 
5.8417609124107 0.4937148795719814 0.49397391250494693 0.4968576444234179 0.4977148795719814 0.49797391250494694 0.5008576444234178 9 
5.8167842956069 0.49371228453901994 0.4939556972432179 0.4968654331273933 0.49771228453901994 0.4979556972432179 0.5008654331273933 9 
5.7920334747095 0.4937096592816441 0.49393749067152243 0.4968731562277245 0.4977096592816441 0.49793749067152243 0.5008731562277244 9 
5.767505751253 0.49370697304033145 0.4939193624182095 0.4968808309727566 0.49770697304033146 0.4979193624182095 0.5008808309727566 9 
5.7431979262941 0.4937043050609152 0.49390130944516103 0.4968884356905114 0.49770430506091523 0.49790130944516103 0.5008884356905113 9 
5.7191042306574 0.49370166051017794 0.49388335358699287 0.49689600064675077 0.49770166051017795 0.49788335358699287 0.5008960006467508 9 
5.695224191153 0.49369909545091484 0.49386546723442665 0.49690343054083974 0.49769909545091484 0.49786546723442665 0.5009034305408397 9 
5.6715548563947 0.4936966496203669 0.49384754687930144 0.49691079009154576 0.4976966496203669 0.49784754687930144 0.5009107900915457 9 
5.6480930437119 0.49369418559188827 0.4938296295837477 0.49691812482410597 0.49769418559188827 0.4978296295837477 0.5009181248241059 9 
5.6248335895041 0.493691641195343 0.49381173119393174 0.49692542892609604 0.497691641195343 0.49781173119393174 0.500925428926096 9 
5.6017761687059 0.4936890546597499 0.4937938277519151 0.4969326656796537 0.4976890546597499 0.4977938277519151 0.5009326656796537 9 
5.5789179892623 0.4936864210872966 0.49377597309234 0.49693981733900233 0.4976864210872966 0.49777597309234 0.5009398173390023 9 
5.5562560161217 0.49368374737567167 0.49375825183267447 0.49694687046024033 0.49768374737567167 0.49775825183267447 0.5009468704602403 9 
5.5337854228291 0.49368106007086754 0.49374067179529 0.49695389629460723 0.49768106007086754 0.49774067179529 0.5009538962946072 9 
5.5115060388609 0.4936784298885432 0.49372316988732207 0.4969608408791026 0.4976784298885432 0.49772316988732207 0.5009608408791025 9 
5.4894152752971 0.4936757810064745 0.4937057591680023 0.49696769373760574 0.4976757810064745 0.4977057591680023 0.5009676937376057 9 
5.4675119108343 0.4936731673608376 0.4936884542979539 0.49697441685393734 0.4976731673608376 0.4976884542979539 0.5009744168539373 9 
5.4457879751101 0.49367069156002097 0.4936712136238814 0.496981004782353 0.497670691560021 0.4976712136238814 0.500981004782353 9 
5.4242453092699 0.4936682436822289 0.4936539838854655 0.49698749301692197 0.4976682436822289 0.4976539838854655 0.5009874930169219 9 
5.4028815699382 0.4936657702288309 0.493636803248519 0.4969939629217379 0.4976657702288309 0.497636803248519 0.5009939629217379 9 
5.3816941738065 0.4936633821699115 0.49361967142626195 0.49700038765331755 0.4976633821699115 0.49761967142626196 0.5010003876533176 9 
5.3606783469176 0.4936610287172754 0.4936025652939582 0.49700676506642555 0.4976610287172754 0.4976025652939582 0.5010067650664255 9 
5.3398340521709 0.49365861879102463 0.49358544627908885 0.49701306328174033 0.49765861879102463 0.49758544627908885 0.5010130632817403 9 
5.3191593268739 0.49365619238292796 0.4935684081920975 0.49701929978322656 0.49765619238292796 0.4975684081920975 0.5010192997832266 9 
5.2986520611968 0.49365373399736895 0.49355147832275015 0.4970254177378475 0.49765373399736895 0.49755147832275015 0.5010254177378475 9 
5.2783060981075 0.49365121133935114 0.4935346125680832 0.49703150719592326 0.49765121133935114 0.4975346125680832 0.5010315071959233 9 
5.2581243704102 0.4936486966143708 0.4935178245054048 0.49703750411583236 0.4976486966143708 0.4975178245054048 0.5010375041158324 9 
5.2381037238371 0.493646257812875 0.4935012045948084 0.4970433776582433 0.497646257812875 0.4975012045948084 0.5010433776582432 9 
5.2182421123361 0.4936439648437685 0.4934846855562541 0.4970491800999604 0.4976439648437685 0.4974846855562541 0.5010491800999604 9 
5.1985364939115 0.49364182439527754 0.49346817856873515 0.4970549015323537 0.49764182439527754 0.49746817856873515 0.5010549015323537 9 
5.1789841577134 0.4936398103349337 0.4934516603381892 0.49706048410011844 0.4976398103349337 0.4974516603381892 0.5010604841001184 9 
5.1595868281205 0.49363788312359064 0.4934351002534722 0.49706601275429163 0.49763788312359064 0.4974351002534722 0.5010660127542916 9 
5.1403388120609 0.4936358321562522 0.49341846219721575 0.497071492647137 0.4976358321562522 0.49741846219721575 0.501071492647137 9 
5.1212401815966 0.4936337641190764 0.4934019631828162 0.4970769542931887 0.4976337641190764 0.4974019631828162 0.5010769542931887 9 
5.1022863601411 0.4936317413202498 0.49338549229014683 0.49708233246012834 0.4976317413202498 0.49738549229014684 0.5010823324601283 9 
5.0834781626041 0.49362963479250527 0.493369185998975 0.497087617852432 0.49762963479250527 0.497369185998975 0.5010876178524319 9 
5.0648120456155 0.4936276361396377 0.49335301829243455 0.4970927610776588 0.49762763613963773 0.49735301829243456 0.5010927610776588 9 
5.0462899568069 0.4936257767292855 0.49333673247508614 0.4970977711053661 0.4976257767292855 0.49733673247508614 0.5010977711053661 9 
5.027907003054 0.49362396211578685 0.49332049120508986 0.49710275584428104 0.49762396211578686 0.49732049120508987 0.501102755844281 9 
5.0096613111284 0.49362223097982183 0.4933043003378983 0.49710760124156217 0.49762223097982183 0.4973043003378983 0.5011076012415622 9 
4.9915537094735 0.49362061965969534 0.4932881035005423 0.4971122744103609 0.49762061965969534 0.4972881035005423 0.5011122744103609 9 
4.9735796746086 0.4936189439133232 0.49327190133454524 0.49711682999048207 0.49761894391332323 0.49727190133454524 0.501116829990482 9 
4.9557404757496 0.49361724031462056 0.49325580007003766 0.4971212578680972 0.49761724031462057 0.49725580007003767 0.5011212578680971 9 
4.9380310525019 0.49361566625335235 0.49323992403676714 0.4971255185626381 0.49761566625335235 0.49723992403676714 0.5011255185626381 9 
4.9204520263699 0.4936142555122119 0.49322407330051016 0.4971295694920456 0.4976142555122119 0.49722407330051016 0.5011295694920456 9 
4.9030022186814 0.4936129965704759 0.4932080947932661 0.49713351730295385 0.4976129965704759 0.4972080947932661 0.5011335173029539 9 
4.8856801172535 0.4936117973117612 0.49319210213782017 0.4971373370000054 0.4976117973117612 0.49719210213782017 0.5011373370000054 9 
4.8684836794612 0.4936106787810641 0.4931761879607019 0.4971409285182894 0.49761067878106413 0.4971761879607019 0.5011409285182894 9 
4.8514096704994 0.49360965166114124 0.49316036236514565 0.4971442448142215 0.49760965166114124 0.49716036236514566 0.5011442448142215 9 
4.834459003746 0.49360865107599433 0.49314460375809516 0.49714727236390055 0.49760865107599433 0.49714460375809516 0.5011472723639006 9 
4.8176302606012 0.49360779417501754 0.493128808839202 0.4971501262483143 0.49760779417501755 0.497128808839202 0.5011501262483142 9 
4.8009220447965 0.493606930485062 0.4931130201576516 0.4971527016015111 0.497606930485062 0.49711302015765163 0.501152701601511 9 
4.784331787004 0.49360623647861984 0.4930972206599604 0.49715495040684493 0.49760623647861985 0.4970972206599604 0.5011549504068449 9 
4.7678576311648 0.49360564329145185 0.49308143128215703 0.4971569027505139 0.49760564329145185 0.49708143128215704 0.5011569027505138 9 
4.7514999721025 0.4936049832000002 0.49306570130325494 0.4971585481289596 0.4976049832000002 0.49706570130325495 0.5011585481289595 9 
4.7352574981467 0.49360426392997964 0.49305007965879744 0.497159750075476 0.49760426392997964 0.49705007965879744 0.501159750075476 9 
4.719128917842 0.4936036178598948 0.4930345384826198 0.4971605401094231 0.4976036178598948 0.4970345384826198 0.5011605401094231 9 
4.7031114062749 0.49360317461575054 0.4930189645052552 0.4971611460799373 0.49760317461575054 0.4970189645052552 0.5011611460799372 9 
4.6872039085764 0.49360265082246685 0.49300339252245545 0.497161399594073 0.49760265082246685 0.49700339252245546 0.501161399594073 9 
4.6714065757758 0.4936021528917945 0.49298786668122363 0.4971612235035187 0.4976021528917945 0.49698786668122363 0.5011612235035187 9 
4.6557181930564 0.49360173577058497 0.492972297305794 0.49716062408732675 0.497601735770585 0.496972297305794 0.5011606240873268 9 
4.6401375639397 0.4936013323059316 0.4929568335382912 0.49715963122826734 0.4976013323059316 0.4969568335382912 0.5011596312282673 9 
4.6246618908247 0.4936011136013577 0.49294169171418145 0.49715852657481013 0.4976011136013577 0.49694169171418145 0.5011585265748101 9 
4.609290322647 0.4936007300655254 0.4929267363538881 0.49715811567082696 0.4976007300655254 0.4969267363538881 0.5011581156708269 9 
4.5940230530324 0.49359968448282315 0.4929116149696531 0.4971584215385684 0.49759968448282316 0.4969116149696531 0.5011584215385684 9 
4.5788589550727 0.49359826519176636 0.49289627239078593 0.49715922966030285 0.49759826519176636 0.49689627239078593 0.5011592296603028 9 
4.5637969185282 0.49359659698392955 0.49288050895760915 0.49716055040359575 0.49759659698392955 0.49688050895760916 0.5011605504035958 9 
4.5488344688364 0.49359463319571784 0.4928643147087135 0.49716248755866754 0.49759463319571784 0.4968643147087135 0.5011624875586675 9 
4.5339703389387 0.4935922606806266 0.49284782242992514 0.49716499540399633 0.4975922606806266 0.49684782242992515 0.5011649954039963 9 
4.5192050641501 0.4935894268277098 0.49283111106783467 0.4971680986107217 0.4975894268277098 0.4968311110678347 0.5011680986107216 9 
4.5045375975085 0.49358611891247073 0.49281425403991813 0.49717178573968634 0.49758611891247073 0.49681425403991814 0.5011717857396863 9 
4.4899669072332 0.49358238904025303 0.4927972881540742 0.49717600533053874 0.49758238904025304 0.4967972881540742 0.5011760053305387 9 
4.4754911514238 0.4935782966701841 0.49278028901583887 0.4971807954397142 0.4975782966701841 0.49678028901583887 0.5011807954397142 9 
4.4611080022545 0.4935737989410435 0.4927633365450923 0.4971861746271735 0.4975737989410435 0.4967633365450923 0.5011861746271735 9 
4.4468186496149 0.4935687774496037 0.49274653087490294 0.4971921482313529 0.4975687774496037 0.49674653087490295 0.5011921482313528 9 
4.4326221193866 0.49356330579931923 0.49273004512313184 0.49719862663660797 0.49756330579931923 0.49673004512313185 0.501198626636608 9 
4.4185174513027 0.49355760427777384 0.4927141531023609 0.497205597864771 0.49755760427777385 0.4967141531023609 0.5012055978647709 9 
4.4045036986985 0.4935517518175686 0.492698959294206 0.497213024993179 0.4975517518175686 0.496698959294206 0.501213024993179 9 
4.3905769868197 0.4935458746870694 0.492684385889425 0.49722064557185264 0.4975458746870694 0.496684385889425 0.5012206455718526 9 
4.3767393017845 0.49353988543404703 0.49267017169947597 0.49722814990674064 0.49753988543404704 0.49667017169947597 0.5012281499067406 9 
4.3629897980136 0.49353370667895125 0.49265605343530705 0.497235492682749 0.49753370667895125 0.49665605343530705 0.501235492682749 9 
4.3493275805421 0.49352746864063773 0.4926418931431523 0.49724277141180007 0.49752746864063774 0.4966418931431523 0.5012427714118001 9 
4.3357517668425 0.49352113551571297 0.4926274704985813 0.4972500523691026 0.497521135515713 0.4966274704985813 0.5012500523691026 9 
4.3222597483625 0.4935148373676024 0.4926128618349989 0.4972575599960721 0.4975148373676024 0.4966128618349989 0.501257559996072 9 
4.3088511357715 0.49350882549460323 0.4925980227232668 0.4972655765991733 0.49750882549460324 0.4965980227232668 0.5012655765991733 9 
4.2955263781795 0.49350302548361646 0.4925830057972835 0.4972737892316891 0.49750302548361647 0.4965830057972835 0.5012737892316891 9 
4.2822846403544 0.493497427670948 0.49256779707447246 0.49728217461518825 0.497497427670948 0.49656779707447246 0.5012821746151882 9 
4.2691250984564 0.49349222972159473 0.49255237591288903 0.4972907013859408 0.49749222972159474 0.49655237591288903 0.5012907013859408 9 
4.256046765488 0.4934873274457063 0.4925368238951729 0.4972995616333134 0.4974873274457063 0.4965368238951729 0.5012995616333134 9 
4.2430461473216 0.49348254194212576 0.4925211424193076 0.4973086793571667 0.49748254194212577 0.4965211424193076 0.5013086793571667 9 
4.230125346118 0.493477928445085 0.4925052425138708 0.4973179475465388 0.497477928445085 0.4965052425138708 0.5013179475465388 9 
4.2172835813756 0.4934734993015113 0.4924890774956813 0.4973274163199919 0.4974734993015113 0.49648907749568133 0.5013274163199919 9 
4.2045200830444 0.4934693942594999 0.4924727793617288 0.4973370292917252 0.49746939425949993 0.4964727793617288 0.5013370292917252 9 
4.1918340913492 0.49346540228705493 0.4924563831841498 0.49734668501798956 0.49746540228705494 0.4964563831841498 0.5013466850179895 9 
4.1792235471624 0.49346153350877947 0.4924398425526423 0.4973562961163104 0.4974615335087795 0.4964398425526423 0.5013562961163104 9 
4.1666872780132 0.4934577753171954 0.49242311351193385 0.4973660423817357 0.4974577753171954 0.49642311351193386 0.5013660423817357 9 
4.1542263217858 0.49345421955805857 0.49240627635884326 0.4973759448593158 0.4974542195580586 0.49640627635884327 0.5013759448593158 9 
4.1418399578098 0.49345073878959583 0.4923894150521545 0.49738598480723384 0.49745073878959584 0.4963894150521545 0.5013859848072338 9 
4.1295274748596 0.49344722029979526 0.49237259298694586 0.4973960296085567 0.49744722029979527 0.49637259298694586 0.5013960296085567 9 
4.1172881709967 0.49344362925448976 0.4923556906634849 0.4974060646155773 0.49744362925448976 0.4963556906634849 0.5014060646155772 9 
4.1051192542267 0.49343997314758126 0.49233866631473083 0.4974161808018016 0.49743997314758126 0.49633866631473084 0.5014161808018016 9 
4.0930211737232 0.49343644303299605 0.4923215361779322 0.49742639592730487 0.49743644303299606 0.4963215361779322 0.5014263959273049 9 
4.0809942459588 0.4934330585385764 0.49230427393626414 0.49743669918408 0.4974330585385764 0.49630427393626414 0.50143669918408 9 
4.0690378043587 0.4934297178695785 0.4922868843569614 0.4974471529734931 0.4974297178695785 0.4962868843569614 0.5014471529734931 9 
4.0571511909009 0.49342630908507973 0.49226933903080927 0.49745759695482406 0.49742630908507973 0.4962693390308093 0.5014575969548241 9 
4.0453337559766 0.49342282536778115 0.492251728419165 0.49746806142456346 0.49742282536778115 0.496251728419165 0.5014680614245635 9 
4.0335823263733 0.49341934229765916 0.49223408348758735 0.49747862053578423 0.49741934229765916 0.49623408348758735 0.5014786205357842 9 
4.021898250315 0.4934158499091911 0.4922163606291623 0.4974892596983394 0.4974158499091911 0.4962163606291623 0.5014892596983394 9 
4.0102814779793 0.4934123644484753 0.49219853764454885 0.49749998952520996 0.4974123644484753 0.49619853764454885 0.5014999895252099 9 
3.9987324166792 0.49340891173410106 0.4921806900756516 0.49751078974972385 0.49740891173410107 0.4961806900756516 0.5015107897497239 9 
