col1 col2 col3 col4 col5 col6 col7 col8
8.1330643194892 0.4944162974171752 0.49578062560943764 0.4967571118874497 0.4974162974171752 0.49878062560943764 0.4997571118874497 9
8.0818843214791 0.4944125875026276 0.4957578817799549 0.49676790193926385 0.4974125875026276 0.4987578817799549 0.49976790193926385 9
8.0314148869044 0.4944088972076587 0.4957352204700233 0.49677864897805896 0.4974088972076587 0.4987352204700233 0.49977864897805896 9
7.9816419161148 0.4944052265125102 0.4957126425771941 0.4967893526522447 0.4974052265125102 0.4987126425771941 0.4997893526522447 9
7.9325417101846 0.49440157444941113 0.49569014337000306 0.4968000151761683 0.49740157444941113 0.49869014337000306 0.4998000151761683 9
7.8841093256458 0.49439794139379356 0.49566772656119873 0.49681063472370474 0.49739794139379356 0.49866772656119873 0.49981063472370474 9
7.8363256870345 0.49439432706839015 0.4956453902205734 0.49682121184572187 0.49739432706839015 0.4986453902205734 0.49982121184572187 9
7.7891789670368 0.49439073139833306 0.4956231339044162 0.49683174663634827 0.49739073139833306 0.4986231339044162 0.4998317466363483 9
7.7426543516668 0.49438715416757056 0.4956009568822909 0.49684223907612907 0.49738715416757057 0.4986009568822909 0.49984223907612907 9
7.6967390981526 0.4943835951513424 0.4955788584449173 0.49685268935112165 0.4973835951513424 0.4985788584449173 0.49985268935112165 9
7.6514215382762 0.49438005482025027 0.4955568382771258 0.4968630974216857 0.4973800548202503 0.4985568382771258 0.4998630974216857 9
7.6066870985632 0.4943765331018422 0.4955348958372102 0.49687346329149257 0.4973765331018422 0.4985348958372102 0.49987346329149257 9
7.56252588351 0.49437302969051217 0.49551303097039734 0.4968837871065989 0.49737302969051217 0.49851303097039734 0.4998837871065989 9
7.5189257900861 0.49436954447366993 0.49549124330251487 0.49689406906138606 0.49736954447366993 0.4984912433025149 0.49989406906138606 9
7.4758742805379 0.49436607756306544 0.49546953247855796 0.4969043090923844 0.49736607756306545 0.49846953247855796 0.4999043090923844 9
7.4333621571324 0.49436262900328426 0.4954478979646261 0.49691450718383595 0.49736262900328426 0.49844789796462613 0.49991450718383595 9
7.3913774665521 0.4943591989412739 0.4954263394453138 0.4969246631408249 0.4973591989412739 0.4984263394453138 0.4999246631408249 9
7.349909823956 0.49435578779001 0.4954048566652422 0.49693477709302475 0.49735578779001 0.4984048566652422 0.49993477709302475 9
7.3089502830204 0.49435239618199955 0.49538344977198473 0.49694484866288763 0.49735239618199956 0.49838344977198473 0.49994484866288763 9
7.2684872391571 0.49434902522320195 0.49536211855087214 0.49695487763741225 0.49734902522320196 0.49836211855087215 0.49995487763741225 9
7.2285121024239 0.4943456761074614 0.4953408622412277 0.49696486375468 0.4973456761074614 0.4983408622412277 0.49996486375468 9
7.1890162272408 0.49434234948503725 0.4953196789185451 0.4969748065244493 0.49734234948503725 0.4983196789185451 0.4999748065244493 9
7.1499884119886 0.49433904443454313 0.49529856648767856 0.49698470491171937 0.49733904443454313 0.49829856648767856 0.49998470491171937 9
7.1114215058699 0.49433575924238593 0.49527752355044224 0.49699455877453563 0.49733575924238593 0.49827752355044225 0.49999455877453564 9
7.0733072276286 0.4943324875981846 0.49525655040921285 0.4970043646445889 0.4973324875981846 0.49825655040921285 0.5000043646445889 9
7.0356348473542 0.49432922726672684 0.4952356461458363 0.4970141229999389 0.49732922726672685 0.4982356461458363 0.5000141229999389 9
6.9984018395066 0.4943259788904193 0.49521481119490024 0.49702383471063366 0.4973259788904193 0.49821481119490024 0.5000238347106336 9
6.9615897368687 0.4943227408753076 0.49519404027963604 0.49703350346445224 0.4973227408753076 0.49819404027963604 0.5000335034644522 9
6.9251989919202 0.4943195146770148 0.49517334022397136 0.49704312753058105 0.4973195146770148 0.49817334022397136 0.500043127530581 9
6.889220717047 0.4943163021994121 0.49515270822028884 0.49705270932300033 0.4973163021994121 0.49815270822028884 0.5000527093230003 9
6.8536476043573 0.49431310556561947 0.49513214422549023 0.4970622501918501 0.4973131055656195 0.49813214422549024 0.50006225019185 9
6.8184701284878 0.4943099278796384 0.495111649454362 0.4970717490652545 0.4973099278796384 0.498111649454362 0.5000717490652544 9
6.7836833043465 0.4943067932565555 0.4950911845956849 0.49708116408635555 0.4973067932565555 0.4980911845956849 0.5000811640863555 9
6.7492804580935 0.4943036618833017 0.4950708104517243 0.4970905602807035 0.4973036618833017 0.4980708104517243 0.5000905602807034 9
6.7152528236759 0.494300540822612 0.4950505100439392 0.49709991305861617 0.497300540822612 0.4980505100439392 0.5000999130586161 9
6.6815954030677 0.4942974380686082 0.49503026668328926 0.4971091999792064 0.4972974380686082 0.49803026668328926 0.5001091999792063 9
6.6483022721564 0.49429433676555307 0.49501011478186085 0.4971184574613075 0.49729433676555307 0.49801011478186086 0.5001184574613075 9
6.6153655461906 0.49429125199967056 0.4949900365655981 0.4971276647067598 0.49729125199967056 0.4979900365655981 0.5001276647067597 9
6.58277983259 0.49428818924549656 0.4949700256182678 0.49713682565232914 0.49728818924549656 0.4979700256182678 0.5001368256523291 9
6.5505400847295 0.4942851545638497 0.4949500835690095 0.49714594473710444 0.4972851545638497 0.4979500835690095 0.5001459447371044 9
6.5186394340621 0.49428216280571796 0.4949301936655991 0.497155008634625 0.49728216280571796 0.4979301936655991 0.5001550086346249 9
6.4870717002914 0.49427921567703514 0.49491034485597996 0.49716399959248075 0.49727921567703515 0.49791034485597996 0.5001639995924807 9
6.455832854524 0.4942762302738897 0.4948905769313552 0.49717298705261864 0.49727623027388973 0.4978905769313552 0.5001729870526186 9
6.4249171923139 0.4942732548461367 0.4948709000417048 0.4971819234735351 0.4972732548461367 0.4978709000417048 0.5001819234735351 9
6.394317339037 0.4942703681744926 0.49485129649224435 0.49719072954873517 0.4972703681744926 0.49785129649224436 0.5001907295487351 9
6.3640304364049 0.49426750079240006 0.4948317760840588 0.49719950094801796 0.49726750079240006 0.4978317760840588 0.5001995009480179 9
6.3340513962328 0.4942645889742277 0.49481231171919093 0.49720831654578496 0.4972645889742277 0.49781231171919094 0.5002083165457849 9
6.3043733543713 0.4942617026719034 0.49479289427372924 0.49721706929380577 0.4972617026719034 0.49779289427372925 0.5002170692938057 9
6.2749926621466 0.49425889749047186 0.49477354430654863 0.49722570475712485 0.49725889749047186 0.49777354430654863 0.5002257047571248 9
6.2459052693099 0.49425613371373334 0.4947543025161791 0.4972342708082243 0.49725613371373334 0.4977543025161791 0.5002342708082242 9
6.2171057683393 0.494253354632421 0.4947351327564604 0.49724283119855833 0.497253354632421 0.4977351327564604 0.5002428311985583 9
6.1885885138638 0.49425056978682425 0.4947160302954342 0.49725132505695296 0.49725056978682425 0.4977160302954342 0.5002513250569529 9
6.1603509286601 0.49424785338951055 0.4946970000730251 0.4972597049707486 0.49724785338951055 0.4976970000730251 0.5002597049707486 9
6.1323886514927 0.4942451144423835 0.49467801831188396 0.4972680965756093 0.4972451144423835 0.49767801831188396 0.5002680965756092 9
6.104695379329 0.4942423619597392 0.494659106568451 0.4972764629353034 0.4972423619597392 0.497659106568451 0.5002764629353034 9
6.0772684074498 0.49423964338916565 0.4946402807803707 0.49728473125442757 0.49723964338916565 0.4976402807803707 0.5002847312544275 9
6.0501042425386 0.4942369294176249 0.49462150735624405 0.49729297025069535 0.49723692941762493 0.49762150735624405 0.5002929702506953 9
6.0231983798081 0.49423411941048845 0.4946028066890409 0.49730126550533565 0.49723411941048845 0.4976028066890409 0.5003012655053356 9
5.9965475703719 0.49423134896895904 0.49458426146135903 0.49730945365837914 0.49723134896895904 0.49758426146135903 0.5003094536583791 9
5.9701432208965 0.494228498169268 0.4945657157151476 0.49731767109435915 0.497228498169268 0.4975657157151476 0.5003176710943591 9
5.9439884934335 0.4942257016251744 0.4945472202147675 0.49732581172741525 0.4972257016251744 0.4975472202147675 0.5003258117274152 9
5.9180759873356 0.4942229319459561 0.49452878386208 0.49733387522451494 0.4972229319459561 0.49752878386208 0.5003338752245149 9
5.89240226686 0.4942201972475608 0.4945104310027502 0.4973418648898397 0.4972201972475608 0.4975104310027502 0.5003418648898397 9
5.8669650638089 0.49421750784265667 0.4944921513558069 0.49734979139589724 0.49721750784265667 0.4974921513558069 0.5003497913958972 9
5.8417609124107 0.4942148795719814 0.49447391250494693 0.49735764442341784 0.4972148795719814 0.49747391250494694 0.5003576444234178 9
5.8167842956069 0.49421228453901994 0.4944556972432179 0.4973654331273933 0.49721228453901994 0.4974556972432179 0.5003654331273932 9
5.7920334747095 0.4942096592816441 0.49443749067152243 0.49737315622772443 0.4972096592816441 0.49743749067152243 0.5003731562277244 9
5.767505751253 0.49420697304033145 0.4944193624182095 0.4973808309727566 0.49720697304033146 0.4974193624182095 0.5003808309727565 9
5.7431979262941 0.4942043050609152 0.49440130944516103 0.49738843569051133 0.49720430506091523 0.49740130944516103 0.5003884356905113 9
5.7191042306574 0.49420166051017794 0.49438335358699287 0.49739600064675077 0.49720166051017795 0.49738335358699287 0.5003960006467507 9
5.695224191153 0.49419909545091484 0.49436546723442665 0.49740343054083974 0.49719909545091484 0.49736546723442665 0.5004034305408397 9
5.6715548563947 0.4941966496203669 0.49434754687930144 0.4974107900915457 0.4971966496203669 0.49734754687930144 0.5004107900915457 9
5.6480930437119 0.49419418559188827 0.4943296295837477 0.4974181248241059 0.49719418559188827 0.4973296295837477 0.5004181248241059 9
5.6248335895041 0.494191641195343 0.49431173119393174 0.49742542892609604 0.497191641195343 0.49731173119393174 0.500425428926096 9
5.6017761687059 0.4941890546597499 0.4942938277519151 0.49743266567965366 0.4971890546597499 0.4972938277519151 0.5004326656796536 9
5.5789179892623 0.4941864210872966 0.49427597309234 0.4974398173390023 0.4971864210872966 0.49727597309234 0.5004398173390022 9
5.5562560161217 0.49418374737567167 0.49425825183267447 0.49744687046024033 0.49718374737567167 0.49725825183267447 0.5004468704602403 9
5.5337854228291 0.49418106007086754 0.49424067179529 0.4974538962946072 0.49718106007086754 0.49724067179529 0.5004538962946071 9
5.5115060388609 0.4941784298885432 0.49422316988732207 0.49746084087910253 0.4971784298885432 0.49722316988732207 0.5004608408791025 9
5.4894152752971 0.4941757810064745 0.4942057591680023 0.49746769373760574 0.4971757810064745 0.4972057591680023 0.5004676937376057 9
5.4675119108343 0.4941731673608376 0.4941884542979539 0.4974744168539373 0.4971731673608376 0.4971884542979539 0.5004744168539372 9
5.4457879751101 0.49417069156002097 0.4941712136238814 0.49748100478235296 0.49717069156002097 0.4971712136238814 0.5004810047823529 9
5.4242453092699 0.4941682436822289 0.4941539838854655 0.4974874930169219 0.4971682436822289 0.4971539838854655 0.5004874930169219 9
5.4028815699382 0.4941657702288309 0.494136803248519 0.4974939629217379 0.4971657702288309 0.497136803248519 0.5004939629217379 9
5.3816941738065 0.4941633821699115 0.49411967142626195 0.49750038765331756 0.4971633821699115 0.49711967142626196 0.5005003876533175 9
5.3606783469176 0.4941610287172754 0.4941025652939582 0.4975067650664255 0.4971610287172754 0.4971025652939582 0.5005067650664254 9
5.3398340521709 0.49415861879102463 0.49408544627908885 0.49751306328174033 0.49715861879102463 0.49708544627908885 0.5005130632817403 9
5.3191593268739 0.49415619238292796 0.4940684081920975 0.49751929978322657 0.49715619238292796 0.4970684081920975 0.5005192997832265 9
5.2986520611968 0.49415373399736895 0.49405147832275015 0.4975254177378475 0.49715373399736895 0.49705147832275015 0.5005254177378474 9
5.2783060981075 0.49415121133935114 0.4940346125680832 0.49753150719592326 0.49715121133935114 0.4970346125680832 0.5005315071959232 9
5.2581243704102 0.4941486966143708 0.4940178245054048 0.49753750411583236 0.4971486966143708 0.4970178245054048 0.5005375041158323 9
5.2381037238371 0.494146257812875 0.4940012045948084 0.49754337765824325 0.497146257812875 0.4970012045948084 0.5005433776582432 9
5.2182421123361 0.4941439648437685 0.4939846855562541 0.49754918009996035 0.4971439648437685 0.4969846855562541 0.5005491800999603 9
5.1985364939115 0.49414182439527754 0.49396817856873515 0.49755490153235366 0.49714182439527754 0.49696817856873515 0.5005549015323536 9
5.1789841577134 0.4941398103349337 0.4939516603381892 0.4975604841001184 0.4971398103349337 0.4969516603381892 0.5005604841001183 9
5.1595868281205 0.49413788312359064 0.4939351002534722 0.49756601275429163 0.49713788312359064 0.4969351002534722 0.5005660127542916 9
5.1403388120609 0.4941358321562522 0.49391846219721575 0.497571492647137 0.4971358321562522 0.49691846219721575 0.500571492647137 9
5.1212401815966 0.4941337641190764 0.4939019631828162 0.49757695429318866 0.4971337641190764 0.4969019631828162 0.5005769542931886 9
5.1022863601411 0.4941317413202498 0.49388549229014683 0.49758233246012834 0.4971317413202498 0.49688549229014684 0.5005823324601283 9
5.0834781626041 0.49412963479250527 0.493869185998975 0.49758761785243194 0.49712963479250527 0.496869185998975 0.5005876178524319 9
5.0648120456155 0.4941276361396377 0.49385301829243455 0.49759276107765876 0.49712763613963773 0.49685301829243456 0.5005927610776587 9
5.0462899568069 0.4941257767292855 0.49383673247508614 0.4975977711053661 0.4971257767292855 0.49683673247508614 0.5005977711053661 9
5.027907003054 0.49412396211578685 0.49382049120508986 0.497602755844281 0.49712396211578685 0.49682049120508986 0.5006027558442809 9
5.0096613111284 0.49412223097982183 0.4938043003378983 0.49760760124156217 0.49712223097982183 0.4968043003378983 0.5006076012415621 9
4.9915537094735 0.49412061965969534 0.4937881035005423 0.4976122744103609 0.49712061965969534 0.4967881035005423 0.5006122744103608 9
4.9735796746086 0.4941189439133232 0.49377190133454524 0.497616829990482 0.49711894391332323 0.49677190133454524 0.500616829990482 9
4.9557404757496 0.49411724031462056 0.49375580007003766 0.49762125786809713 0.49711724031462057 0.49675580007003767 0.5006212578680971 9
4.9380310525019 0.49411566625335235 0.49373992403676714 0.4976255185626381 0.49711566625335235 0.49673992403676714 0.500625518562638 9
4.9204520263699 0.4941142555122119 0.49372407330051016 0.49762956949204556 0.4971142555122119 0.49672407330051016 0.5006295694920455 9
4.9030022186814 0.4941129965704759 0.4937080947932661 0.49763351730295385 0.4971129965704759 0.4967080947932661 0.5006335173029538 9
4.8856801172535 0.4941117973117612 0.49369210213782017 0.4976373370000054 0.4971117973117612 0.49669210213782017 0.5006373370000053 9
4.8684836794612 0.4941106787810641 0.4936761879607019 0.4976409285182894 0.49711067878106413 0.4966761879607019 0.5006409285182893 9
4.8514096704994 0.49410965166114124 0.49366036236514566 0.4976442448142215 0.49710965166114124 0.49666036236514566 0.5006442448142214 9
4.834459003746 0.49410865107599433 0.49364460375809516 0.49764727236390055 0.49710865107599433 0.49664460375809516 0.5006472723639005 9
4.8176302606012 0.49410779417501755 0.493628808839202 0.49765012624831423 0.49710779417501755 0.496628808839202 0.5006501262483142 9
4.8009220447965 0.494106930485062 0.4936130201576516 0.49765270160151104 0.497106930485062 0.49661302015765163 0.500652701601511 9
4.784331787004 0.49410623647861984 0.4935972206599604 0.4976549504068449 0.49710623647861985 0.4965972206599604 0.5006549504068448 9
4.7678576311648 0.49410564329145185 0.49358143128215703 0.49765690275051383 0.49710564329145185 0.49658143128215704 0.5006569027505138 9
4.7514999721025 0.4941049832000002 0.49356570130325494 0.49765854812895954 0.4971049832000002 0.49656570130325495 0.5006585481289595 9
4.7352574981467 0.49410426392997964 0.49355007965879744 0.49765975007547597 0.49710426392997964 0.49655007965879744 0.5006597500754759 9
4.719128917842 0.4941036178598948 0.4935345384826198 0.4976605401094231 0.4971036178598948 0.4965345384826198 0.5006605401094231 9
4.7031114062749 0.49410317461575054 0.4935189645052552 0.4976611460799372 0.49710317461575054 0.4965189645052552 0.5006611460799372 9
4.6872039085764 0.49410265082246685 0.49350339252245545 0.497661399594073 0.49710265082246685 0.49650339252245546 0.500661399594073 9
4.6714065757758 0.4941021528917945 0.49348786668122363 0.49766122350351866 0.4971021528917945 0.49648786668122363 0.5006612235035186 9
4.6557181930564 0.49410173577058497 0.493472297305794 0.49766062408732675 0.497101735770585 0.496472297305794 0.5006606240873267 9
4.6401375639397 0.4941013323059316 0.4934568335382912 0.49765963122826734 0.4971013323059316 0.4964568335382912 0.5006596312282673 9
4.6246618908247 0.4941011136013577 0.49344169171418145 0.4976585265748101 0.4971011136013577 0.49644169171418145 0.50065852657481 9
4.609290322647 0.4941007300655254 0.4934267363538881 0.4976581156708269 0.4971007300655254 0.4964267363538881 0.5006581156708269 9
4.5940230530324 0.49409968448282315 0.4934116149696531 0.4976584215385684 0.49709968448282316 0.4964116149696531 0.5006584215385683 9
4.5788589550727 0.49409826519176636 0.49339627239078593 0.4976592296603028 0.49709826519176636 0.49639627239078593 0.5006592296603027 9
4.5637969185282 0.49409659698392955 0.49338050895760915 0.49766055040359575 0.49709659698392955 0.49638050895760916 0.5006605504035957 9
4.5488344688364 0.49409463319571784 0.4933643147087135 0.49766248755866754 0.49709463319571784 0.4963643147087135 0.5006624875586675 9
4.5339703389387 0.4940922606806266 0.49334782242992514 0.4976649954039963 0.4970922606806266 0.49634782242992515 0.5006649954039962 9
4.5192050641501 0.4940894268277098 0.49333111106783467 0.49766809861072164 0.4970894268277098 0.4963311110678347 0.5006680986107216 9
4.5045375975085 0.49408611891247073 0.49331425403991813 0.49767178573968635 0.49708611891247073 0.49631425403991813 0.5006717857396863 9
4.4899669072332 0.49408238904025303 0.4932972881540742 0.49767600533053874 0.49708238904025304 0.4962972881540742 0.5006760053305387 9
4.4754911514238 0.4940782966701841 0.49328028901583887 0.49768079543971416 0.4970782966701841 0.49628028901583887 0.5006807954397141 9
4.4611080022545 0.4940737989410435 0.4932633365450923 0.4976861746271735 0.4970737989410435 0.4962633365450923 0.5006861746271735 9
4.4468186496149 0.4940687774496037 0.49324653087490294 0.4976921482313528 0.4970687774496037 0.49624653087490295 0.5006921482313528 9
4.4326221193866 0.49406330579931923 0.49323004512313184 0.49769862663660797 0.49706330579931923 0.49623004512313185 0.5006986266366079 9
4.4185174513027 0.49405760427777384 0.4932141531023609 0.4977055978647709 0.49705760427777385 0.4962141531023609 0.5007055978647709 9
4.4045036986985 0.4940517518175686 0.493198959294206 0.497713024993179 0.4970517518175686 0.496198959294206 0.5007130249931789 9
4.3905769868197 0.4940458746870694 0.493184385889425 0.49772064557185264 0.4970458746870694 0.496184385889425 0.5007206455718526 9
4.3767393017845 0.49403988543404703 0.49317017169947597 0.4977281499067406 0.49703988543404704 0.49617017169947597 0.5007281499067405 9
4.3629897980136 0.49403370667895125 0.49315605343530705 0.497735492682749 0.49703370667895125 0.49615605343530705 0.500735492682749 9
4.3493275805421 0.49402746864063773 0.4931418931431523 0.49774277141180007 0.49702746864063774 0.4961418931431523 0.5007427714118 9
4.3357517668425 0.494021135515713 0.4931274704985813 0.4977500523691026 0.497021135515713 0.4961274704985813 0.5007500523691025 9
4.3222597483625 0.4940148373676024 0.4931128618349989 0.497757559996072 0.4970148373676024 0.4961128618349989 0.500757559996072 9
4.3088511357715 0.49400882549460323 0.4930980227232668 0.49776557659917325 0.49700882549460323 0.4960980227232668 0.5007655765991732 9
4.2955263781795 0.49400302548361646 0.4930830057972835 0.4977737892316891 0.49700302548361647 0.4960830057972835 0.500773789231689 9
4.2822846403544 0.493997427670948 0.49306779707447246 0.4977821746151882 0.496997427670948 0.49606779707447246 0.5007821746151881 9
4.2691250984564 0.49399222972159473 0.49305237591288903 0.4977907013859408 0.49699222972159474 0.49605237591288903 0.5007907013859407 9
4.256046765488 0.4939873274457063 0.4930368238951729 0.49779956163331335 0.4969873274457063 0.4960368238951729 0.5007995616333133 9
4.2430461473216 0.49398254194212576 0.4930211424193076 0.4978086793571667 0.49698254194212577 0.4960211424193076 0.5008086793571667 9
4.230125346118 0.493977928445085 0.4930052425138708 0.4978179475465388 0.496977928445085 0.4960052425138708 0.5008179475465387 9
4.2172835813756 0.4939734993015113 0.4929890774956813 0.4978274163199919 0.4969734993015113 0.49598907749568133 0.5008274163199918 9
4.2045200830444 0.4939693942594999 0.4929727793617288 0.4978370292917252 0.49696939425949993 0.4959727793617288 0.5008370292917251 9
4.1918340913492 0.49396540228705493 0.4929563831841498 0.4978466850179895 0.49696540228705494 0.4959563831841498 0.5008466850179895 9
4.1792235471624 0.49396153350877947 0.4929398425526423 0.4978562961163104 0.4969615335087795 0.4959398425526423 0.5008562961163103 9
4.1666872780132 0.4939577753171954 0.49292311351193385 0.49786604238173565 0.4969577753171954 0.49592311351193386 0.5008660423817356 9
4.1542263217858 0.49395421955805857 0.49290627635884326 0.4978759448593158 0.4969542195580586 0.49590627635884327 0.5008759448593157 9
4.1418399578098 0.49395073878959583 0.4928894150521545 0.49788598480723384 0.49695073878959584 0.4958894150521545 0.5008859848072338 9
4.1295274748596 0.49394722029979526 0.49287259298694586 0.49789602960855667 0.49694722029979527 0.49587259298694586 0.5008960296085566 9
4.1172881709967 0.49394362925448976 0.4928556906634849 0.49790606461557724 0.49694362925448976 0.4958556906634849 0.5009060646155772 9
4.1051192542267 0.49393997314758126 0.49283866631473083 0.4979161808018016 0.49693997314758126 0.49583866631473084 0.5009161808018016 9
4.0930211737232 0.49393644303299605 0.4928215361779322 0.49792639592730487 0.49693644303299606 0.4958215361779322 0.5009263959273048 9
4.0809942459588 0.4939330585385764 0.49280427393626414 0.49793669918407996 0.4969330585385764 0.49580427393626414 0.5009366991840799 9
4.0690378043587 0.4939297178695785 0.4927868843569614 0.49794715297349307 0.4969297178695785 0.4957868843569614 0.500947152973493 9
4.0571511909009 0.49392630908507973 0.4927693390308093 0.49795759695482406 0.49692630908507973 0.4957693390308093 0.500957596954824 9
4.0453337559766 0.49392282536778115 0.492751728419165 0.49796806142456346 0.49692282536778115 0.495751728419165 0.5009680614245634 9
4.0335823263733 0.49391934229765916 0.49273408348758735 0.4979786205357842 0.49691934229765916 0.49573408348758735 0.5009786205357841 9
4.021898250315 0.4939158499091911 0.4927163606291623 0.49798925969833935 0.4969158499091911 0.4957163606291623 0.5009892596983393 9
4.0102814779793 0.4939123644484753 0.49269853764454885 0.4979999895252099 0.4969123644484753 0.49569853764454885 0.5009999895252099 9
3.9987324166792 0.49390891173410106 0.4926806900756516 0.49801078974972385 0.49690891173410107 0.4956806900756516 0.5010107897497238 9
3.9872473818901 0.4939055728169147 0.4926627975820601 0.4980216630201563 0.4969055728169147 0.4956627975820601 0.5010216630201563 9
3.975828846378 0.49390235714287434 0.4926449610641519 0.4980326161325906 0.49690235714287434 0.4956449610641519 0.5010326161325905 9
3.9644725959655 0.4938991067597434 0.4926271991408156 0.4980435547109247 0.4968991067597434 0.4956271991408156 0.5010435547109247 9
3.9531801297653 0.49389583671714954 0.49260944492482833 0.49805440237532345 0.49689583671714954 0.49560944492482834 0.5010544023753234 9
3.9419514004454 0.4938925825763545 0.49259167556206374 0.4980652667370093 0.4968925825763545 0.49559167556206374 0.5010652667370092 9
3.9307858349441 0.49388942748390924 0.4925738663227996 0.49807609880100595 0.49688942748390924 0.4955738663227996 0.5010760988010059 9
3.9196828672572 0.4938863242761012 0.4925559616214039 0.49808688765472425 0.4968863242761012 0.4955559616214039 0.5010868876547242 9
3.9086419383279 0.49388335788851523 0.4925379529914189 0.49809773505317206 0.49688335788851523 0.4955379529914189 0.501097735053172 9
3.8976602239897 0.49388060679174506 0.4925199291431448 0.4981086570148718 0.49688060679174506 0.4955199291431448 0.5011086570148717 9
3.8867385970595 0.49387797483076556 0.49250194499016914 0.49811961943166944 0.49687797483076557 0.49550194499016914 0.5011196194316694 9
3.8758773965664 0.4938752634484945 0.4924838921518493 0.4981306646011033 0.4968752634484945 0.4954838921518493 0.5011306646011032 9
3.8650760899298 0.4938724316973435 0.49246577105170053 0.4981417774507311 0.4968724316973435 0.49546577105170053 0.5011417774507311 9
3.8543341509986 0.4938695636772989 0.4924476520653515 0.49815292529186833 0.4968695636772989 0.4954476520653515 0.5011529252918683 9
3.8436510599535 0.49386660866979 0.4924294680893039 0.49816408171614585 0.49686660866979 0.4954294680893039 0.5011640817161458 9
3.833024754667 0.4938636335050029 0.4924112393266589 0.49817519148751893 0.4968636335050029 0.4954112393266589 0.5011751914875189 9
3.8224546730326 0.49386073524934826 0.49239296468058574 0.4981862906259061 0.49686073524934826 0.49539296468058575 0.501186290625906 9
3.8119419408224 0.493857949213767 0.4923746242018951 0.4981974323784409 0.496857949213767 0.4953746242018951 0.5011974323784408 9
3.8014860623499 0.49385521439081875 0.4923562719310765 0.49820858220561653 0.49685521439081876 0.4953562719310765 0.5012085822056165 9
3.7910865477977 0.4938524748959209 0.49233785568274613 0.49821964266704216 0.4968524748959209 0.49533785568274613 0.5012196426670421 9
3.7807429131294 0.4938498359569172 0.49231942745638263 0.49823067884890354 0.49684983595691723 0.49531942745638263 0.5012306788489035 9
3.7704542734784 0.4938472927825783 0.4923009616673929 0.4982417671046457 0.4968472927825783 0.4953009616673929 0.5012417671046456 9
3.7602177883086 0.4938448072420415 0.49228238511606914 0.49825283784624946 0.4968448072420415 0.49528238511606915 0.5012528378462494 9
3.7500357884639 0.4938423008594063 0.4922637836361121 0.49826391323966507 0.4968423008594063 0.4952637836361121 0.501263913239665 9
3.7399078119443 0.4938397697156144 0.49224524555979365 0.49827500443036027 0.4968397697156144 0.49524524555979366 0.5012750044303602 9
3.7298334021165 0.49383724521890526 0.4922267445232205 0.4982860764091292 0.49683724521890527 0.4952267445232205 0.5012860764091291 9
3.7198121076345 0.49383468183778256 0.49220835995103973 0.4982970632963503 0.49683468183778257 0.49520835995103973 0.5012970632963503 9
3.7098434823625 0.49383215408829134 0.4921902848620317 0.4983080729347675 0.49683215408829134 0.4951902848620317 0.5013080729347674 9
3.6999250456339 0.49382973453351703 0.4921723787111239 0.4983190461607027 0.49682973453351703 0.4951723787111239 0.5013190461607027 9
3.6900572514729 0.4938275113108804 0.492154557071677 0.4983300038656631 0.4968275113108804 0.495154557071677 0.5013300038656631 9
3.6802408418972 0.49382525879731165 0.4921368065125901 0.49834104258937545 0.49682525879731165 0.4951368065125901 0.5013410425893754 9
3.6704753906334 0.4938229279741146 0.4921191139110488 0.4983520128027024 0.4968229279741146 0.4951191139110488 0.5013520128027024 9
3.6607604762527 0.493820503309096 0.49210144490383917 0.49836292278755373 0.496820503309096 0.49510144490383917 0.5013629227875537 9
3.6510956821011 0.4938180546020094 0.4920839039844072 0.49837363987275024 0.4968180546020094 0.4950839039844072 0.5013736398727502 9
3.6414805597078 0.49381560887210496 0.4920665127406021 0.49838416310242845 0.49681560887210496 0.4950665127406021 0.5013841631024284 9
3.6319115503565 0.49381313796648263 0.4920491223121152 0.49839458242324325 0.49681313796648263 0.4950491223121152 0.5013945824232432 9
3.6223914623408 0.49381072298433826 0.4920316483267293 0.4984049518136087 0.49681072298433826 0.4950316483267293 0.5014049518136087 9
3.6129198972098 0.49380819305812507 0.4920140766594555 0.4984154496484127 0.49680819305812507 0.4950140766594555 0.5014154496484127 9
3.6034964609584 0.49380564762930623 0.49199640070858847 0.4984260291156692 0.49680564762930624 0.49499640070858847 0.5014260291156691 9
3.5941207639651 0.49380324743203247 0.4919786451902285 0.49843663625369766 0.49680324743203247 0.4949786451902285 0.5014366362536976 9
3.5847924209296 0.4938009282426331 0.4919609525775086 0.49844728828315105 0.4968009282426331 0.4949609525775086 0.501447288283151 9
3.575510232622 0.493798658148387 0.49194330836556105 0.49845795335097604 0.49679865814838703 0.49494330836556105 0.501457953350976 9
3.5662722191411 0.4937963373405231 0.49192572407265994 0.4984685133864299 0.4967963373405231 0.49492572407265994 0.5014685133864298 9
3.5570804517714 0.4937940740196079 0.491908207641794 0.49847896992361046 0.4967940740196079 0.494908207641794 0.5014789699236104 9
3.5479345616864 0.4937917930002 0.49189076571294593 0.4984894244594997 0.4967917930002 0.49489076571294593 0.5014894244594996 9
3.5388341840899 0.4937894538427132 0.491873243418471 0.49849992347089206 0.4967894538427132 0.494873243418471 0.501499923470892 9
3.5297789581599 0.4937871215945 0.4918557170462269 0.49851038496686767 0.4967871215945 0.4948557170462269 0.5015103849668676 9
3.5207685269939 0.4937848679878185 0.491838178480813 0.49852084745907416 0.4967848679878185 0.494838178480813 0.5015208474590741 9
3.5118013802506 0.49378270645028066 0.4918205996731347 0.49853142071418094 0.49678270645028066 0.4948205996731347 0.5015314207141809 9
3.5028762255762 0.4937807062555514 0.49180294251167134 0.49854211846427726 0.49678070625555143 0.49480294251167134 0.5015421184642772 9
3.4939951268027 0.49377872108371346 0.4917852986117417 0.49855285434325275 0.49677872108371346 0.4947852986117417 0.5015528543432527 9
3.4851568825282 0.4937767105265181 0.491767720049844 0.4985636567220651 0.4967767105265181 0.494767720049844 0.501563656722065 9
3.4763620139467 0.49377466294420413 0.4917501387712953 0.49857451116133017 0.49677466294420414 0.4947501387712953 0.5015745111613301 9
3.467609899811 0.49377250934665484 0.4917326908908341 0.49858535830545686 0.49677250934665484 0.4947326908908341 0.5015853583054568 9
3.4589002090205 0.49377025205160513 0.4917153667867934 0.4985961920740222 0.49677025205160513 0.4947153667867934 0.5015961920740222 9
3.4502315763407 0.4937680332473025 0.4916981058176593 0.4986070734598063 0.4967680332473025 0.49469810581765933 0.5016070734598063 9
3.4416024736124 0.49376586152251123 0.4916807853131083 0.4986179700096251 0.49676586152251123 0.49468078531310833 0.501617970009625 9
3.4330148438295 0.49376365076903006 0.4916634568330089 0.49862881365668216 0.49676365076903006 0.4946634568330089 0.5016288136566821 9
3.4244683694379 0.49376141597546586 0.491646190138756 0.4986395685006643 0.49676141597546586 0.494646190138756 0.5016395685006643 9
3.4159627362152 0.4937591050115537 0.4916290167758611 0.49865023651412516 0.4967591050115537 0.49462901677586113 0.5016502365141251 9
3.4074976332263 0.49375674149303783 0.49161188392348387 0.49866082096117353 0.49675674149303783 0.4946118839234839 0.5016608209611735 9
3.3990727527795 0.4937544042075497 0.4915947872395773 0.4986713318794919 0.4967544042075497 0.4945947872395773 0.5016713318794919 9
3.3906873492335 0.4937521090951325 0.4915776831282271 0.4986818717993137 0.4967521090951325 0.4945776831282271 0.5016818717993137 9
3.3823386996526 0.4937498558352689 0.49156058571804884 0.49869243582572814 0.4967498558352689 0.49456058571804884 0.5016924358257281 9
3.3740293903981 0.4937476372448035 0.49154345872451966 0.4987030246368301 0.4967476372448035 0.49454345872451966 0.50170302463683 9
3.3657591261373 0.4937454297487164 0.4915263354125842 0.4987136688184633 0.4967454297487164 0.49452633541258423 0.5017136688184632 9
3.3575276145752 0.4937432454294736 0.49150927917288567 0.4987243392488044 0.4967432454294736 0.4945092791728857 0.5017243392488043 9
3.3493345664152 0.4937410847879373 0.4914922250178108 0.4987350174197653 0.4967410847879373 0.4944922250178108 0.5017350174197652 9
3.34117969532 0.4937389365276108 0.4914751481302008 0.4987456957238266 0.4967389365276108 0.4944751481302008 0.5017456957238265 9
3.3330627178729 0.4937367960038285 0.4914580560319802 0.49875641577014335 0.49673679600382853 0.4944580560319802 0.5017564157701433 9
3.3249806737144 0.49373465879128786 0.4914409588030052 0.49876719460815316 0.49673465879128786 0.4944409588030052 0.5017671946081531 9
3.3169353347487 0.493732572096854 0.49142380505425126 0.4987780332266943 0.496732572096854 0.49442380505425126 0.5017780332266942 9
3.3089270777267 0.4937305528851576 0.49140661104312544 0.49878893844488276 0.4967305528851576 0.49440661104312544 0.5017889384448827 9
3.3009556303579 0.49372861814903957 0.49138940717198826 0.49879990148267833 0.49672861814903957 0.49438940717198826 0.5017999014826783 9
3.2930207230915 0.4937267309230144 0.49137220420004657 0.4988109866822626 0.4967267309230144 0.49437220420004657 0.5018109866822625 9
3.2851220890813 0.4937249675370967 0.49135501041544327 0.498822146051112 0.4967249675370967 0.4943550104154433 0.501822146051112 9
3.2772594641517 0.4937232745923724 0.4913378237177713 0.498833330058486 0.4967232745923724 0.4943378237177713 0.501833330058486 9
3.2694314870768 0.49372159054014 0.4913205216844197 0.4988444866236414 0.49672159054014 0.4943205216844197 0.5018444866236413 9
3.2616367572483 0.4937199306553417 0.49130318436706893 0.4988556038059931 0.4967199306553417 0.49430318436706894 0.501855603805993 9
3.2538772808452 0.4937182728622635 0.4912858600558138 0.4988666919105967 0.4967182728622635 0.4942858600558138 0.5018666919105966 9
3.2461528038593 0.49371655208240556 0.4912685510317985 0.4988777552430967 0.49671655208240556 0.4942685510317985 0.5018777552430966 9
3.23846307479 0.4937147725389841 0.49125131809991834 0.49888879935747305 0.4967147725389841 0.49425131809991835 0.501888799357473 9
3.2308078446135 0.4937130517717052 0.4912341275247269 0.49889986157540817 0.4967130517717052 0.4942341275247269 0.5018998615754081 9
3.2231868667511 0.4937114115681812 0.491217020782193 0.4989109185077895 0.4967114115681812 0.494217020782193 0.5019109185077895 9
3.2155998970397 0.4937098498366194 0.491199937918827 0.49892200390950686 0.4967098498366194 0.494199937918827 0.5019220039095068 9
3.2080443372893 0.49370828289055685 0.4911827709765718 0.4989331581637913 0.49670828289055685 0.4941827709765718 0.5019331581637912 9
3.2005213069074 0.4937066892066214 0.4911655204247715 0.49894440999110296 0.4967066892066214 0.4941655204247715 0.5019444099911029 9
3.1930315872069 0.49370507881495107 0.4911482082897479 0.4989557210986267 0.4967050788149511 0.4941482082897479 0.5019557210986266 9
3.1855749432158 0.4937034736258867 0.4911308690274521 0.49896709470245076 0.4967034736258867 0.4941308690274521 0.5019670947024507 9
3.1781511422332 0.4937018818306956 0.4911134247206443 0.4989785033850825 0.4967018818306956 0.4941134247206443 0.5019785033850824 9
3.1707599538021 0.4937003317811592 0.4910958867080661 0.4989899727294111 0.4967003317811592 0.4940958867080661 0.501989972729411 9
3.1634011496809 0.49369889934159134 0.4910782923681991 0.49900149355753515 0.49669889934159134 0.4940782923681991 0.5020014935575351 9
3.1560745038175 0.493697502656915 0.49106063792922994 0.499013044196634 0.496697502656915 0.49406063792922994 0.502013044196634 9
3.148776689342 0.4936960917119208 0.4910428928544388 0.499024574659275 0.4966960917119208 0.4940428928544388 0.502024574659275 9
3.1415103200926 0.4936946438766215 0.49102510227341967 0.4990361659146419 0.4966946438766215 0.49402510227341967 0.5020361659146418 9
3.1342754643171 0.49369316745634795 0.49100727783152553 0.49904779001871485 0.49669316745634795 0.49400727783152554 0.5020477900187148 9
3.1270719042894 0.4936916889604655 0.49098942611401036 0.49905948949377815 0.4966916889604655 0.49398942611401037 0.5020594894937781 9
3.119899424345 0.4936902034009705 0.49097153977706715 0.4990712618693956 0.4966902034009705 0.49397153977706715 0.5020712618693955 9
3.1127578108557 0.4936886790444536 0.4909535888861975 0.49908308142956 0.49668867904445363 0.4939535888861975 0.5020830814295599 9
3.1056468522058 0.493687126626015 0.49093554431249453 0.4990949785854844 0.496687126626015 0.49393554431249453 0.5020949785854844 9
3.0985663387676 0.4936855949021391 0.49091743235987806 0.49910692962064246 0.4966855949021391 0.49391743235987806 0.5021069296206424 9
3.0915127408727 0.49368407973488404 0.49089923764685434 0.4991189329437728 0.49668407973488404 0.49389923764685434 0.5021189329437727 9
3.0844891067424 0.4936826570771393 0.4908809618496283 0.49913101312694746 0.4966826570771393 0.4938809618496283 0.5021310131269474 9
3.0774953208457 0.49368134959199006 0.49086258793280263 0.4991431396348323 0.49668134959199006 0.49386258793280263 0.5021431396348323 9
3.0705311811127 0.4936801659615475 0.4908441257005762 0.499155301398061 0.4966801659615475 0.4938441257005762 0.502155301398061 9
3.0635964873479 0.49367911109858703 0.49082558869162707 0.4991675345686349 0.49667911109858703 0.49382558869162707 0.5021675345686348 9
3.0566910412088 0.4936781730939388 0.4908070005656206 0.499179861146071 0.4966781730939388 0.4938070005656206 0.5021798611460709 9
3.0498146461836 0.49367729187119974 0.4907883458084846 0.4991922996680224 0.49667729187119974 0.49378834580848463 0.5021922996680224 9
3.0429671075699 0.49367639286205167 0.49076958039729396 0.4992048185240983 0.4966763928620517 0.49376958039729396 0.5022048185240983 9
3.0361452383258 0.4936754758405429 0.49075066787042626 0.4992174143693389 0.4966754758405429 0.49375066787042626 0.5022174143693389 9
3.029351422556 0.4936745609103042 0.4907315763048685 0.49923005754380795 0.4966745609103042 0.4937315763048685 0.5022300575438079 9
3.0225859096847 0.4936735921483734 0.49071229001340955 0.49924275685074865 0.4966735921483734 0.49371229001340955 0.5022427568507486 9
3.0158485118826 0.49367256617312755 0.4906928097240057 0.49925553802876715 0.49667256617312755 0.4936928097240057 0.5022555380287671 9
3.0091390430286 0.4936714619309726 0.49067309920889796 0.49926841115114257 0.4966714619309726 0.49367309920889796 0.5022684111511425 9
3.0024573186901 0.49367024826581046 0.49065318209474607 0.49928142650681834 0.49667024826581047 0.49365318209474607 0.5022814265068183 9
2.9958034010342 0.49366890328874014 0.49063303624921484 0.4992945756801281 0.49666890328874014 0.49363303624921484 0.502294575680128 9
2.9891763741313 0.4936674364449112 0.490612647604139 0.49930784730690175 0.4966674364449112 0.493612647604139 0.5023078473069017 9
2.9825746953267 0.4936658728614338 0.4905920107474249 0.4993212458628355 0.4966658728614338 0.4935920107474249 0.5023212458628354 9
2.9759986987166 0.49366422723141024 0.49057109643870805 0.49933477647260077 0.49666422723141024 0.49357109643870806 0.5023347764726007 9
2.9694495688274 0.4936624997295554 0.49054986593825917 0.49934841423410176 0.4966624997295554 0.49354986593825917 0.5023484142341017 9
2.9629271308074 0.4936606708395858 0.4905283032576505 0.4993621347278337 0.4966606708395858 0.4935283032576505 0.5023621347278336 9
2.9564312113642 0.4936587398823612 0.4905064132822361 0.49937595280772723 0.4966587398823612 0.4935064132822361 0.5023759528077272 9
2.9499616387477 0.49365667742899744 0.49048420488764943 0.4993898363047817 0.49665667742899744 0.49348420488764944 0.5023898363047816 9
2.9435182427319 0.493654461430523 0.49046168061491163 0.4994037490051025 0.496654461430523 0.49346168061491164 0.5024037490051024 9
2.9371008545982 0.4936520855013961 0.49043885622971034 0.4994176435288818 0.4966520855013961 0.49343885622971034 0.5024176435288817 9
2.9307086966298 0.4936495117848312 0.49041573923516274 0.49943146262173715 0.4966495117848312 0.49341573923516274 0.5024314626217371 9
2.9243393557459 0.49364673462894254 0.4903923589411272 0.49944516467029304 0.49664673462894254 0.4933923589411272 0.502445164670293 9
2.9179955449637 0.49364373734116723 0.4903687362337285 0.4994587223691623 0.49664373734116724 0.4933687362337285 0.5024587223691622 9
2.9116771012796 0.49364049564757917 0.49034487521136616 0.4994721374499473 0.49664049564757917 0.49334487521136616 0.5024721374499472 9
2.9053838631164 0.4936369510628942 0.4903207571010752 0.49948545263317906 0.4966369510628942 0.4933207571010752 0.502485452633179 9
2.8991156703071 0.4936330799293025 0.49029638312522444 0.499498708530458 0.4966330799293025 0.49329638312522445 0.502498708530458 9
2.8928723640798 0.4936288713886246 0.49027175683329055 0.4995118943400135 0.4966288713886246 0.49327175683329055 0.5025118943400134 9
2.8866537870416 0.49362431244384475 0.4902468693327239 0.49952498521816396 0.49662431244384475 0.4932468693327239 0.5025249852181639 9
2.8804597831642 0.49361930995631603 0.49022174468778396 0.4995379205175226 0.49661930995631604 0.49322174468778396 0.5025379205175226 9
2.8742881909077 0.4936138409103834 0.4901963835933058 0.49955068033975286 0.4966138409103834 0.4931963835933058 0.5025506803397528 9
2.8681393894119 0.4936077805599675 0.49017080964918563 0.49956321155478683 0.4966077805599675 0.49317080964918564 0.5025632115547868 9
2.8620147201978 0.49360104530282534 0.49014507790950784 0.4995754492258048 0.49660104530282534 0.49314507790950785 0.5025754492258048 9
2.8559140324041 0.4935936510596929 0.4901192971476914 0.49958730044274097 0.4965936510596929 0.4931192971476914 0.5025873004427409 9
2.8498371764622 0.4935856416255889 0.49009362204574847 0.49959866496576816 0.4965856416255889 0.49309362204574847 0.5025986649657681 9
2.8437840040818 0.4935771023754952 0.4900683503118777 0.4996094176927897 0.4965771023754952 0.4930683503118777 0.5026094176927897 9
2.837754368237 0.4935681904988011 0.4900436591149696 0.49961948309625465 0.4965681904988011 0.4930436591149696 0.5026194830962546 9
2.8317481231531 0.4935591983135797 0.4900197944246979 0.4996288502337221 0.4965591983135797 0.4930197944246979 0.5026288502337221 9
2.8257651242924 0.4935503135543522 0.4899968450204037 0.49963748586849305 0.4965503135543522 0.4929968450204037 0.502637485868493 9
2.8198024174793 0.49354148135032183 0.48997470979946695 0.49964536525692654 0.49654148135032183 0.49297470979946695 0.5026453652569265 9
2.8138619846925 0.4935326669291255 0.4899533224863656 0.49965254522047037 0.4965326669291255 0.4929533224863656 0.5026525452204703 9
2.8079443906796 0.4935238763340914 0.48993262156786155 0.4996590402263577 0.4965238763340914 0.49293262156786155 0.5026590402263577 9
2.8020494955847 0.49351519888268097 0.4899125427439464 0.49966494190302807 0.496515198882681 0.4929125427439464 0.502664941903028 9
2.7961771607254 0.49350671142680946 0.48989301742245234 0.49967031063424466 0.49650671142680947 0.49289301742245234 0.5026703106342446 9
2.7903272485808 0.4934984159161936 0.4898740328774483 0.4996751540648601 0.4964984159161936 0.4928740328774483 0.5026751540648601 9
2.7844996227786 0.4934903152350247 0.48985554898752703 0.4996794840362914 0.4964903152350247 0.49285554898752704 0.5026794840362914 9
2.7786941480832 0.49348244426074794 0.48983763501342853 0.499683395006809 0.49648244426074795 0.49283763501342853 0.5026833950068089 9
2.7729106903838 0.49347483776713114 0.4898203157817726 0.4996869408917774 0.49647483776713114 0.4928203157817726 0.5026869408917773 9
2.7671461137324 0.49346748132268703 0.4898035742654418 0.49969008997875547 0.49646748132268703 0.4928035742654418 0.5026900899787554 9
2.7614027747164 0.49346040874692837 0.48978737598825334 0.49969297030654 0.49646040874692837 0.49278737598825334 0.5026929703065399 9
2.755681075595 0.49345371019990814 0.48977167815675837 0.49969565263778964 0.49645371019990814 0.4927716781567584 0.5026956526377896 9
2.7499814536001 0.4934473764726729 0.4897564569669329 0.49969823035248834 0.4964473764726729 0.4927564569669329 0.5026982303524883 9
2.7443020786027 0.4934414021482406 0.48974172169833063 0.49970068947125906 0.4964414021482406 0.49274172169833064 0.502700689471259 9
2.7386445243154 0.4934357868705979 0.48972747356697677 0.4997030427140036 0.4964357868705979 0.49272747356697677 0.5027030427140036 9
2.7330080967851 0.4934306493538757 0.48971371167314665 0.4997052475761227 0.4964306493538757 0.49271371167314665 0.5027052475761227 9
2.7273926704128 0.4934260034290229 0.4897004515011287 0.49970734568002656 0.4964260034290229 0.4927004515011287 0.5027073456800265 9
2.7217981205674 0.4934218982108428 0.48968769764237813 0.4997094172575453 0.4964218982108428 0.49268769764237813 0.5027094172575453 9
2.7162217622248 0.49341831031560524 0.48967525149734825 0.49971154375543186 0.49641831031560524 0.49267525149734825 0.5027115437554318 9
2.710665055125 0.4934150115102721 0.4896627519720629 0.49971386172320925 0.4964150115102721 0.4926627519720629 0.5027138617232092 9
2.7051288750561 0.4934118102200001 0.4896499607892861 0.49971628475324353 0.4964118102200001 0.4926499607892861 0.5027162847532435 9
2.699613101252 0.49340860972063527 0.4896367799491374 0.4997188757759106 0.4964086097206353 0.4926367799491374 0.5027188757759106 9
2.6941176139201 0.4934052526191678 0.48962336493358743 0.499721561551801 0.4964052526191678 0.49262336493358744 0.5027215615518009 9
2.6886422942316 0.49340183087832246 0.4896098682736248 0.4997242763095882 0.49640183087832246 0.4926098682736248 0.5027242763095882 9
2.6831870243116 0.4933983947963021 0.4895964948202842 0.49972693374080585 0.4963983947963021 0.4925964948202842 0.5027269337408058 9
2.6777516872294 0.49339502454197615 0.48958328195116246 0.49972957651555766 0.49639502454197615 0.49258328195116247 0.5027295765155576 9
2.6723361669889 0.4933917754931172 0.48957038663267893 0.49973204831876256 0.4963917754931172 0.49257038663267894 0.5027320483187625 9
2.6669388861383 0.49338858039726063 0.4895577748747173 0.4997344310727178 0.49638858039726064 0.4925577748747173 0.5027344310727178 9
2.6615590885918 0.49338544999977124 0.4895453752617684 0.49973671624056243 0.49638544999977124 0.4925453752617684 0.5027367162405624 9
2.6561987835508 0.49338240474922745 0.4895333259881124 0.4997388151703039 0.49638240474922746 0.4925333259881124 0.5027388151703038 9
2.6508578585405 0.4933794366235491 0.4895216002903416 0.4997407076335914 0.4963794366235491 0.4925216002903416 0.5027407076335914 9
2.6455362019753 0.49337658101312337 0.4895101031460876 0.4997423798908938 0.4963765810131234 0.4925101031460876 0.5027423798908938 9
2.6402337031506 0.4933738784498691 0.4894988638806446 0.49974395230245167 0.4963738784498691 0.4924988638806446 0.5027439523024516 9
2.6349502522329 0.49337129593712614 0.4894878496930255 0.4997454871606221 0.49637129593712614 0.4924878496930255 0.5027454871606221 9
2.6296857402522 0.4933688583110487 0.489476969952972 0.4997470221488712 0.4963688583110487 0.492476969952972 0.5027470221488711 9
2.6244400590924 0.49336656336753915 0.48946620704432764 0.49974856190664 0.49636656336753915 0.49246620704432764 0.50274856190664 9
2.6192131014838 0.4933643404181695 0.4894555225205267 0.4997501773466528 0.4963643404181695 0.4924555225205267 0.5027501773466527 9
2.6140014850298 0.49336213642087695 0.48944482407909956 0.4997519789304145 0.49636213642087695 0.49244482407909956 0.5027519789304145 9
2.6088080779502 0.4933599227924465 0.48943411823905414 0.49975393927218065 0.4963599227924465 0.49243411823905414 0.5027539392721806 9
2.6036330954259 0.4933576663062214 0.4894234155815609 0.49975595285213686 0.4963576663062214 0.4924234155815609 0.5027559528521368 9
2.5984764333688 0.4933553692528176 0.4894126530101626 0.4997580638158949 0.4963553692528176 0.4924126530101626 0.5027580638158948 9
2.5933379884962 0.4933530069489328 0.4894018148155594 0.49976016878029633 0.4963530069489328 0.4924018148155594 0.5027601687802963 9
2.5882176583238 0.4933505725269118 0.4893909192937885 0.4997622722487572 0.4963505725269118 0.4923909192937885 0.5027622722487571 9
2.5831153411572 0.4933480436380163 0.4893799740324651 0.49976440016761453 0.4963480436380163 0.4923799740324651 0.5027644001676145 9
2.5780309360845 0.49334542175264395 0.48936897596032686 0.4997665348927402 0.49634542175264396 0.49236897596032686 0.5027665348927401 9
2.5729643429684 0.49334270293079396 0.48935792143996315 0.49976872627216334 0.49634270293079397 0.49235792143996315 0.5027687262721633 9
2.5679146480014 0.49333986764764 0.48934677570128066 0.49977093845075365 0.49633986764764 0.49234677570128066 0.5027709384507536 9
2.5628797707525 0.4933368927822793 0.4893355392538671 0.4997731611252429 0.4963368927822793 0.4923355392538671 0.5027731611252428 9
2.5578624272738 0.4933337949649726 0.48932423122559204 0.4997754615682662 0.4963337949649726 0.49232423122559205 0.5027754615682661 9
2.5528625203371 0.49333061008814866 0.489312845830252 0.4997778503844444 0.49633061008814866 0.492312845830252 0.5027778503844443 9
2.5478799534532 0.4933273201254268 0.4893013598467448 0.4997802966899659 0.4963273201254268 0.4923013598467448 0.5027802966899658 9
2.5429146308645 0.49332396141164914 0.48928975272146336 0.49978279101747675 0.49632396141164914 0.49228975272146336 0.5027827910174767 9
2.5379664575381 0.4933205546385139 0.48927801292212275 0.4997853143081144 0.4963205546385139 0.49227801292212275 0.5027853143081144 9
2.5330353391588 0.4933170787580838 0.48926615570753257 0.4997878991143094 0.4963170787580838 0.49226615570753257 0.5027878991143093 9
2.5281211821226 0.4933135036022747 0.4892541870997746 0.4997905241605454 0.4963135036022747 0.4922541870997746 0.5027905241605454 9
2.5232238935291 0.49330978833223066 0.48924210881189745 0.49979318260198174 0.49630978833223066 0.49224210881189745 0.5027931826019817 9
2.5183421205572 0.49330585828718787 0.489229951465874 0.49979588453520457 0.4963058582871879 0.492229951465874 0.5027958845352045 9
2.5134746641511 0.49330172757072926 0.489217775728527 0.4997986516234391 0.49630172757072927 0.492217775728527 0.5027986516234391 9
2.5086238190324 0.4932973664417686 0.4892055858026153 0.49980150354304737 0.4962973664417686 0.4922055858026153 0.5028015035430473 9
2.5037894949392 0.49329280241343654 0.489193375065101 0.4998044326745064 0.49629280241343654 0.492193375065101 0.5028044326745064 9
2.498971980488 0.4932880301999246 0.4891811665571696 0.49980743645030073 0.4962880301999246 0.4921811665571696 0.5028074364503007 9
2.4941700520989 0.49328301745722636 0.4891689372727364 0.49981052617754856 0.49628301745722636 0.4921689372727364 0.5028105261775485 9
2.4893847562387 0.49327777821084373 0.4891566333244739 0.499813708490991 0.49627777821084373 0.4921566333244739 0.5028137084909909 9
2.4846156269772 0.49327230734725425 0.4891442008785676 0.49981702051581406 0.49627230734725425 0.4921442008785676 0.502817020515814 9
2.4798625773882 0.4932666463970511 0.48913161817123874 0.49982046852550593 0.4962666463970511 0.49213161817123874 0.5028204685255059 9
2.4751255211488 0.493260848275951 0.48911888619923444 0.4998240286963556 0.496260848275951 0.49211888619923444 0.5028240286963556 9
2.4704033768435 0.49325497926839657 0.4891059287623006 0.4998276803883071 0.49625497926839657 0.4921059287623006 0.502827680388307 9
2.4656944006766 0.49324904633305977 0.48909273641122497 0.4998314387297033 0.4962490463330598 0.492092736411225 0.5028314387297033 9
2.4610011798267 0.4932430808788874 0.48907935739775793 0.49983526935837025 0.4962430808788874 0.49207935739775793 0.5028352693583702 9
2.4563236303683 0.4932371006997753 0.48906584144518256 0.4998392063005727 0.4962371006997753 0.49206584144518256 0.5028392063005727 9
2.4516616689885 0.49323112159782306 0.4890522005696025 0.4998433079874319 0.49623112159782307 0.4920522005696025 0.5028433079874318 9
2.4470152129813 0.49322514204434187 0.4890384233022499 0.49984756966284677 0.49622514204434187 0.4920384233022499 0.5028475696628467 9
2.4423841802423 0.4932191880406718 0.4890244971230705 0.4998520265984217 0.4962191880406718 0.4920244971230705 0.5028520265984217 9
2.4377684892625 0.49321325427810436 0.48901041009966906 0.4998566846206362 0.49621325427810437 0.49201041009966906 0.5028566846206362 9
2.4331680591237 0.4932073355255535 0.488996206133139 0.4998615205215758 0.4962073355255535 0.491996206133139 0.5028615205215757 9
2.4285828094924 0.4932014581352503 0.4889818628280743 0.49986649164329217 0.4962014581352503 0.4919818628280743 0.5028664916432921 9
2.4240126606144 0.4931956354312678 0.48896738709118315 0.499871580240477 0.4961956354312678 0.49196738709118315 0.502871580240477 9
2.4194538637356 0.4931898308791058 0.48895280732983376 0.4998768255746477 0.4961898308791058 0.49195280732983376 0.5028768255746476 9
2.4149100214878 0.49318407643296436 0.4889381425218049 0.49988217117483796 0.49618407643296436 0.4919381425218049 0.5028821711748379 9
2.410381060985 0.49317836980388163 0.4889234231523414 0.49988765058288825 0.49617836980388164 0.4919234231523414 0.5028876505828882 9
2.4058669046354 0.4931726915406063 0.48890863334519435 0.4998932768363545 0.4961726915406063 0.49190863334519436 0.5028932768363544 9
2.4013674754014 0.4931670134501351 0.48889374858985746 0.4998990429941021 0.4961670134501351 0.49189374858985746 0.502899042994102 9
2.396882696795 0.49316138007993426 0.4888788149867372 0.4999049470559909 0.49616138007993427 0.4918788149867372 0.5029049470559909 9
2.3924124928724 0.4931558140204358 0.4888638299831476 0.4999109919013169 0.4961558140204358 0.4918638299831476 0.5029109919013168 9
2.3879567882293 0.49315028882316936 0.48884880517695944 0.49991717294530674 0.49615028882316936 0.49184880517695945 0.5029171729453067 9
2.3835155079961 0.4931447902249407 0.48883375593733863 0.4999234368311218 0.4961447902249407 0.49183375593733863 0.5029234368311217 9
2.3790885778331 0.4931393204884627 0.48881866039594923 0.49992975702275616 0.4961393204884627 0.49181866039594924 0.5029297570227561 9
2.3746739909273 0.4931339033927256 0.4888034848669323 0.4999360905486964 0.4961339033927256 0.4918034848669323 0.5029360905486964 9
2.3702718540797 0.49312853457869693 0.4887882788363694 0.4999424196344005 0.49612853457869693 0.4917882788363694 0.5029424196344005 9
2.365883864053 0.49312318947637984 0.48877305874480415 0.4999487414056733 0.49612318947637984 0.49177305874480415 0.5029487414056732 9
2.361509948479 0.4931178480880402 0.48875780298963833 0.49995504603366786 0.4961178480880402 0.49175780298963834 0.5029550460336678 9
2.357150035497 0.4931125469997915 0.4887425621952005 0.49996130151786483 0.4961125469997915 0.4917425621952005 0.5029613015178648 9
2.3528040537491 0.4931072358242879 0.4887274281001035 0.4999675132089599 0.4961072358242879 0.4917274281001035 0.5029675132089598 9
2.3484719323754 0.49310187638195035 0.48871232081050064 0.4999736525399529 0.49610187638195036 0.49171232081050065 0.5029736525399529 9
2.3441536010102 0.4930965133994963 0.4886972123818934 0.49997977860494897 0.4960965133994963 0.4916972123818934 0.5029797786049489 9
2.3398489897773 0.4930911498793109 0.4886821182338032 0.4999859085335641 0.4960911498793109 0.4916821182338032 0.5029859085335641 9
2.3355580292858 0.4930857790553498 0.4886670043827557 0.4999919977904768 0.4960857790553498 0.4916670043827557 0.5029919977904768 9
2.3312806506255 0.49308041448999473 0.4886518870202982 0.4999980429223086 0.49608041448999474 0.4916518870202982 0.5029980429223085 9
2.3270136617715 0.49307502084228966 0.4886367547990889 0.5000040333994028 0.49607502084228966 0.4916367547990889 0.5030040333994027 9
2.3227595414562 0.49306958744178747 0.48862161320353364 0.5000099421582259 0.4960695874417875 0.49162161320353365 0.5030099421582258 9
2.3185188154561 0.49306417484206577 0.4886064616091335 0.5000157771554137 0.4960641748420658 0.4916064616091335 0.5030157771554136 9
2.3142914166462 0.4930587843235645 0.4885912777479085 0.5000215422903374 0.4960587843235645 0.4915912777479085 0.5030215422903372 9
2.3100772783626 0.49305343712535865 0.4885761535056788 0.5000272983498205 0.49605343712535865 0.4915761535056788 0.5030272983498204 9
2.3058763343982 0.4930481561978155 0.4885611212473734 0.5000330011329766 0.4960481561978155 0.4915611212473734 0.5030330011329764 9
2.3016885189989 0.4930430188968423 0.48854616216480173 0.5000386143616437 0.4960430188968423 0.49154616216480174 0.5030386143616435 9
2.2975137668596 0.4930380382243628 0.48853122164641144 0.5000442091416992 0.4960380382243628 0.49153122164641144 0.5030442091416991 9
2.2933520131206 0.4930332016661366 0.48851629371168354 0.5000497826408499 0.4960332016661366 0.49151629371168354 0.5030497826408498 9
2.2892031933632 0.49302848959413903 0.48850137048569264 0.5000553599988957 0.49602848959413903 0.49150137048569265 0.5030553599988956 9
2.2850672436064 0.49302386576726026 0.4884864984564642 0.5000608959392934 0.49602386576726026 0.4914864984564642 0.5030608959392933 9
2.2809405558184 0.4930192231978933 0.4884716296542404 0.5000663844462288 0.4960192231978933 0.4914716296542404 0.5030663844462286 9
2.2768264373691 0.49301457067533544 0.4884567473918003 0.5000717775935725 0.49601457067533544 0.4914567473918003 0.5030717775935724 9
2.2727250156917 0.49301000168373404 0.4884418359937131 0.5000770884505027 0.49601000168373405 0.4914418359937131 0.5030770884505026 9
2.2686362284241 0.4930055402592033 0.48842693164604895 0.500082366248849 0.4960055402592033 0.49142693164604895 0.503082366248849 9
2.2645600136242 0.4930011484511865 0.48841199810851676 0.5000876247978799 0.4960011484511865 0.49141199810851677 0.5030876247978798 9
2.2604963097658 0.492996788111569 0.4883970275303951 0.500092848287154 0.495996788111569 0.4913970275303951 0.5030928482871538 9
2.2564450557355 0.4929924469810192 0.4883819629679872 0.5000980178178355 0.4959924469810192 0.4913819629679872 0.5030980178178354 9
2.2524061908289 0.4929881018183319 0.4883667528651714 0.5001031437473855 0.4959881018183319 0.4913667528651714 0.5031031437473854 9
2.2483798948754 0.4929837683148945 0.48835141204660865 0.5001082549614764 0.4959837683148945 0.49135141204660865 0.5031082549614763 9
2.2443653875696 0.49297949217340964 0.488335972440521 0.5001133581534472 0.49597949217340964 0.491335972440521 0.503113358153447 9
2.2403633298703 0.4929753385115356 0.48832042177894885 0.5001184878276573 0.4959753385115356 0.49132042177894886 0.5031184878276572 9
2.2363702512927 0.4929712486059166 0.4883048037718226 0.5001235873837544 0.4959712486059166 0.4913048037718226 0.5031235873837543 9
2.2323886957508 0.49296713166546113 0.4882891651534495 0.5001286510371838 0.49596713166546114 0.4912891651534495 0.5031286510371837 9
2.228419189411 0.4929629889182155 0.48827346450623754 0.5001337262868615 0.4959629889182155 0.49127346450623754 0.5031337262868614 9
2.2244616742465 0.49295881361935695 0.48825770827455495 0.5001387718568089 0.49595881361935695 0.49125770827455495 0.5031387718568088 9
2.2205160926137 0.49295456257749937 0.4882419294022323 0.5001437323201878 0.49595456257749937 0.4912419294022323 0.5031437323201877 9
2.2165823872486 0.49295025370773554 0.4882261214103663 0.5001486796920442 0.49595025370773554 0.4912261214103663 0.5031486796920441 9
2.2126605012635 0.49294592490109823 0.48821028255641374 0.5001536209170401 0.49594592490109823 0.49121028255641375 0.50315362091704 9
2.2087503781445 0.49294160070478543 0.48819438351623495 0.5001585246872442 0.49594160070478543 0.49119438351623496 0.5031585246872441 9
2.2048519617476 0.4929372952227679 0.48817847768553657 0.5001634465148803 0.4959372952227679 0.4911784776855366 0.5031634465148802 9
2.2009651962963 0.49293301209258217 0.48816258895583614 0.5001683609845339 0.49593301209258217 0.49116258895583614 0.5031683609845338 9
2.197090026378 0.4929287339221677 0.4881467371555376 0.500173263755349 0.4959287339221677 0.4911467371555376 0.5031732637553489 9
2.1932244201332 0.4929244517012201 0.48813089271366117 0.500178112826189 0.4959244517012201 0.49113089271366117 0.5031781128261889 9
2.1893685122466 0.4929201887641824 0.48811500976718436 0.5001828202129124 0.4959201887641824 0.49111500976718436 0.5031828202129123 9
2.1855240515174 0.49291598719978214 0.4880991098119903 0.5001874134470866 0.49591598719978214 0.4910991098119903 0.5031874134470865 9
2.1816909838723 0.4929117903938467 0.4880832057057185 0.5001919543359692 0.4959117903938467 0.4910832057057185 0.5031919543359691 9
2.1778692555878 0.4929076012621917 0.4880673249436018 0.5001964836442493 0.4959076012621917 0.4910673249436018 0.5031964836442492 9
2.1740588132877 0.49290345298138244 0.4880515636167524 0.5002009975576754 0.49590345298138244 0.4910515636167524 0.5032009975576753 9
2.1702596039401 0.4928993802031032 0.4880359683634891 0.5002055386494368 0.4958993802031032 0.4910359683634891 0.5032055386494367 9
2.1664715748545 0.4928953409150915 0.48802051502164245 0.5002101288984606 0.4958953409150915 0.49102051502164246 0.5032101288984605 9
2.162694673679 0.4928913289803408 0.48800520441697276 0.5002147666178938 0.49589132898034083 0.49100520441697276 0.5032147666178937 9
2.1589288483977 0.4928873508255255 0.4879899758159965 0.5002194135900375 0.4958873508255255 0.4909899758159965 0.5032194135900374 9
2.1551740473277 0.4928834025094821 0.4879748209837341 0.5002240484085445 0.4958834025094821 0.49097482098373413 0.5032240484085444 9
2.1514302191168 0.4928794823701014 0.4879597200248395 0.5002286529371165 0.4958794823701014 0.4909597200248395 0.5032286529371164 9
2.1476935887478 0.49287558037033774 0.48794461658420263 0.500233256627296 0.49587558037033774 0.49094461658420263 0.5032332566272959 9
2.1439677772138 0.49287170092506805 0.487929527020627 0.500237921325056 0.49587170092506805 0.490929527020627 0.5032379213250558 9
2.1402528018799 0.49286782329877216 0.48791445753730506 0.5002426297275179 0.49586782329877216 0.49091445753730506 0.5032426297275178 9
2.1365486126047 0.4928639714220232 0.48789941877308174 0.5002473874136566 0.4958639714220232 0.49089941877308174 0.5032473874136565 9
2.1328551595646 0.4928600960360894 0.487884434696487 0.5002521293445427 0.4958600960360894 0.490884434696487 0.5032521293445426 9
2.1291723932513 0.49285623264996653 0.48786946405266957 0.5002568083148807 0.49585623264996653 0.49086946405266957 0.5032568083148806 9
2.1255002644696 0.49285236586427866 0.4878545118183709 0.5002614441278179 0.49585236586427867 0.4908545118183709 0.5032614441278178 9
2.1218387243342 0.4928485152743517 0.4878395982816315 0.5002660637312334 0.4958485152743517 0.4908395982816315 0.5032660637312333 9
2.118187724268 0.49284466000004645 0.4878247398836631 0.5002706225209523 0.49584466000004646 0.4908247398836631 0.5032706225209522 9
2.1145472159991 0.4928407696251859 0.4878098784617717 0.5002750976145295 0.4958407696251859 0.4908098784617717 0.5032750976145294 9
2.1109171515583 0.4928368786040692 0.4877950073998746 0.50027951945265 0.4958368786040692 0.4907950073998746 0.5032795194526499 9
2.1072966550091 0.4928330005960667 0.48778016795496554 0.5002838611978326 0.4958330005960667 0.49078016795496554 0.5032838611978325 9
2.1036835284525 0.49282915353870044 0.48776529446055683 0.5002881446138747 0.49582915353870044 0.49076529446055683 0.5032881446138746 9
2.1000807188935 0.49282536686788225 0.487750412150443 0.500292403245833 0.49582536686788226 0.490750412150443 0.5032924032458329 9
2.0964881794689 0.49282160709377215 0.48773548783413906 0.5002966411769804 0.49582160709377215 0.49073548783413906 0.5032966411769803 9
2.0929058636071 0.4928178600912837 0.48772054506115814 0.5003008602941884 0.4958178600912837 0.49072054506115814 0.5033008602941883 9
2.0893337250261 0.49281415528414035 0.48770561361634074 0.5003051195984396 0.49581415528414036 0.49070561361634074 0.5033051195984395 9
2.0857717177306 0.492810485746795 0.48769073782986017 0.5003093893053865 0.495810485746795 0.49069073782986017 0.5033093893053864 9
2.0822197960104 0.49280688872793993 0.4876758865453573 0.5003135903501565 0.49580688872793993 0.4906758865453573 0.5033135903501564 9
2.0786779144378 0.4928033652444095 0.4876610493345637 0.5003178095823361 0.4958033652444095 0.4906610493345637 0.503317809582336 9
2.0751460278654 0.492799871342787 0.4876462483538566 0.5003220248617294 0.495799871342787 0.4906462483538566 0.5033220248617293 9
2.0716240914239 0.49279639765796135 0.48763148478935087 0.5003262548921598 0.49579639765796135 0.49063148478935087 0.5033262548921597 9
2.0681120605201 0.4927929462082217 0.48761675405413246 0.5003305393217607 0.49579294620822173 0.49061675405413246 0.5033305393217606 9
2.0646090298741 0.49278951090040624 0.48760208140227984 0.5003348524249374 0.49578951090040624 0.49060208140227984 0.5033348524249373 9
2.0611128517163 0.4927860885209598 0.48758746087585286 0.5003392205222026 0.4957860885209598 0.49058746087585287 0.5033392205222025 9
2.0576264620118 0.49278265370643476 0.48757291291813476 0.5003436530745351 0.49578265370643476 0.49057291291813476 0.503343653074535 9
2.0541498171705 0.4927792184010787 0.4875584452427986 0.5003481862408856 0.4957792184010787 0.4905584452427986 0.5033481862408855 9
2.0506828738688 0.49277577383848586 0.48754403551633513 0.500352711547192 0.49577577383848587 0.49054403551633513 0.5033527115471919 9
2.0472255890465 0.4927722966635703 0.48752967217352194 0.5003572665367798 0.4957722966635703 0.49052967217352195 0.5033572665367797 9
2.0437779199054 0.4927688000948635 0.48751536356653313 0.5003618323310492 0.4957688000948635 0.49051536356653314 0.5033618323310491 9
2.0403398239073 0.4927652632282302 0.48750106539861815 0.5003663828665884 0.4957652632282302 0.49050106539861815 0.5033663828665883 9
2.0369112587715 0.4927616843190671 0.4874867516805442 0.500370863584551 0.4957616843190671 0.4904867516805442 0.5033708635845509 9
2.0334921824735 0.4927581029507385 0.48747240713867174 0.5003752893843799 0.4957581029507385 0.49047240713867174 0.5033752893843798 9
2.0300825532424 0.49275446711116044 0.48745802791108983 0.5003796641857307 0.49575446711116045 0.49045802791108983 0.5033796641857305 9
2.0266823295594 0.4927507374856545 0.48744361553467375 0.5003840390952285 0.4957507374856545 0.49044361553467375 0.5033840390952284 9
2.0232914664964 0.49274692965935946 0.48742915522607655 0.500388430153219 0.49574692965935946 0.49042915522607655 0.5033884301532189 9
2.0199060829107 0.4927430894375242 0.48741465087314556 0.5003928321549902 0.4957430894375242 0.49041465087314556 0.5033928321549901 9
2.0165299966681 0.4927392192038488 0.4874001140837553 0.5003972215208693 0.4957392192038488 0.4904001140837553 0.5033972215208692 9
2.0131631671614 0.49273533240824186 0.4873855631615827 0.5004016291857714 0.49573533240824186 0.4903855631615827 0.5034016291857712 9
2.009805554027 0.49273140659090303 0.48737102223344475 0.5004060610495837 0.49573140659090303 0.49037102223344475 0.5034060610495836 9
2.0064571171418 0.4927274510580709 0.48735648298262957 0.5004105396987119 0.4957274510580709 0.49035648298262957 0.5034105396987117 9
2.0031178166226 0.49272348722487186 0.48734195831696137 0.5004150557586563 0.49572348722487186 0.49034195831696137 0.5034150557586562 9
