8.133064319489 0.506913455597 0.480368142656 0.489224057267 0.509913455597 0.483368142656 0.492224057267 9
8.081884321479 0.506905857073 0.480339055622 0.489236964818 0.509905857073 0.483339055622 0.492236964818 9
8.031414886904 0.506898265960 0.480310162658 0.489249818559 0.509898265960 0.483310162658 0.492249818559 9
7.981641916115 0.506890652504 0.480281410795 0.489262753301 0.509890652504 0.483281410795 0.492262753301 9
7.932541710185 0.506882981598 0.480252786773 0.489275440589 0.509882981598 0.483252786773 0.492275440589 9
7.884109325646 0.506875470372 0.480224165953 0.489288193961 0.509875470372 0.483224165953 0.492288193961 9
7.836325687034 0.506867948798 0.480195672131 0.489300957593 0.509867948798 0.483195672131 0.492300957593 9
7.789178967037 0.506860461453 0.480167323455 0.489313614963 0.509860461453 0.483167323455 0.492313614963 9
7.742654351667 0.506852954797 0.480138904221 0.489326159484 0.509852954797 0.483138904221 0.492326159484 9
7.696739098153 0.506845521810 0.480110465234 0.489338755643 0.509845521810 0.483110465234 0.492338755643 9
7.651421538276 0.506838185242 0.480081985661 0.489351523224 0.509838185242 0.483081985661 0.492351523224 9
7.606687098563 0.506830868222 0.480053825740 0.489364398606 0.509830868222 0.483053825740 0.492364398606 9
7.562525883510 0.506823632969 0.480025790487 0.489377143517 0.509823632969 0.483025790487 0.492377143517 9
7.518925790086 0.506816485421 0.479997827221 0.489389976229 0.509816485421 0.482997827221 0.492389976229 9
7.475874280538 0.506809408762 0.479970172925 0.489402721708 0.509809408762 0.482970172925 0.492402721708 9
7.433362157132 0.506802287794 0.479942613461 0.489415429242 0.509802287794 0.482942613461 0.492415429242 9
7.391377466552 0.506795244671 0.479915017031 0.489428090915 0.509795244671 0.482915017031 0.492428090915 9
7.349909823956 0.506788193811 0.479887501474 0.489440847935 0.509788193811 0.482887501474 0.492440847935 9
7.308950283020 0.506781169087 0.479860030144 0.489453589356 0.509781169087 0.482860030144 0.492453589356 9
7.268487239157 0.506774127465 0.479832577463 0.489466355744 0.509774127465 0.482832577463 0.492466355744 9
7.228512102424 0.506767126996 0.479805271700 0.489479256740 0.509767126996 0.482805271700 0.492479256740 9
7.189016227241 0.506760162158 0.479778129641 0.489492052261 0.509760162158 0.482778129641 0.492492052261 9
7.149988411989 0.506753268864 0.479750960151 0.489504805368 0.509753268864 0.482750960151 0.492504805368 9
7.111421505870 0.506746310893 0.479723964877 0.489517787676 0.509746310893 0.482723964877 0.492517787676 9
7.073307227629 0.506739491613 0.479697381030 0.489530768011 0.509739491613 0.482697381030 0.492530768011 9
7.035634847354 0.506732753706 0.479670740870 0.489543431305 0.509732753706 0.482670740870 0.492543431305 9
6.998401839507 0.506725956075 0.479644032354 0.489556169273 0.509725956075 0.482644032354 0.492556169273 9
6.961589736869 0.506719219287 0.479617293915 0.489568983910 0.509719219287 0.482617293915 0.492568983910 9
6.925198991920 0.506712499630 0.479590545436 0.489581912586 0.509712499630 0.482590545436 0.492581912586 9
6.889220717047 0.506705677352 0.479563949996 0.489594802068 0.509705677352 0.482563949996 0.492594802068 9
6.853647604357 0.506698945679 0.479537398114 0.489607654350 0.509698945679 0.482537398114 0.492607654350 9
6.818470128488 0.506692412464 0.479510930367 0.489620626769 0.509692412464 0.482510930367 0.492620626769 9
6.783683304346 0.506685886389 0.479484763380 0.489633622707 0.509685886389 0.482484763380 0.492633622707 9
6.749280458093 0.506679367047 0.479458765954 0.489646641616 0.509679367047 0.482458765954 0.492646641616 9
6.715252823676 0.506672942479 0.479432833644 0.489659792872 0.509672942479 0.482432833644 0.492659792872 9
6.681595403068 0.506666555102 0.479407048420 0.489673236810 0.509666555102 0.482407048420 0.492673236810 9
6.648302272156 0.506660179306 0.479381497485 0.489686718021 0.509660179306 0.482381497485 0.492686718021 9
6.615365546191 0.506653862591 0.479356038567 0.489700297942 0.509653862591 0.482356038567 0.492700297942 9
6.582779832590 0.506647599493 0.479330510400 0.489713759990 0.509647599493 0.482330510400 0.492713759990 9
6.550540084729 0.506641205158 0.479304949288 0.489727294468 0.509641205158 0.482304949288 0.492727294468 9
6.518639434062 0.506634859883 0.479279406434 0.489740953132 0.509634859883 0.482279406434 0.492740953132 9
6.487071700291 0.506628526707 0.479253939996 0.489754709362 0.509628526707 0.482253939996 0.492754709362 9
6.455832854524 0.506622162700 0.479228549804 0.489768491218 0.509622162700 0.482228549804 0.492768491218 9
6.424917192314 0.506615599785 0.479203395618 0.489782322624 0.509615599785 0.482203395618 0.492782322624 9
6.394317339037 0.506609025020 0.479178348372 0.489796330877 0.509609025020 0.482178348372 0.492796330877 9
6.364030436405 0.506602464962 0.479153346757 0.489810425642 0.509602464962 0.482153346757 0.492810425642 9
6.334051396233 0.506595818837 0.479128411249 0.489824518055 0.509595818837 0.482128411249 0.492824518055 9
6.304373354371 0.506589212609 0.479103458826 0.489838554860 0.509589212609 0.482103458826 0.492838554860 9
6.274992662147 0.506582478899 0.479078476765 0.489852525315 0.509582478899 0.482078476765 0.492852525315 9
6.245905269310 0.506575799432 0.479053576987 0.489866453371 0.509575799432 0.482053576987 0.492866453371 9
6.217105768339 0.506569027433 0.479028674796 0.489880363374 0.509569027433 0.482028674796 0.492880363374 9
6.188588513864 0.506562199384 0.479003742703 0.489894318858 0.509562199384 0.482003742703 0.492894318858 9
6.160350928660 0.506555272546 0.478978894146 0.489908338168 0.509555272546 0.481978894146 0.492908338168 9
6.132388651493 0.506548135884 0.478954189949 0.489922306239 0.509548135884 0.481954189949 0.492922306239 9
6.104695379329 0.506541013212 0.478929393410 0.489936138829 0.509541013212 0.481929393410 0.492936138829 9
6.077268407450 0.506533762784 0.478904393613 0.489949951195 0.509533762784 0.481904393613 0.492949951195 9
6.050104242539 0.506526462353 0.478879345564 0.489963810823 0.509526462353 0.481879345564 0.492963810823 9
6.023198379808 0.506519102889 0.478854259835 0.489977847905 0.509519102889 0.481854259835 0.492977847905 9
5.996547570372 0.506511803844 0.478829151706 0.489992034182 0.509511803844 0.481829151706 0.492992034182 9
5.970143220897 0.506504517886 0.478804129902 0.490006308450 0.509504517886 0.481804129902 0.493006308450 9
5.943988493434 0.506497105619 0.478779195248 0.490020582675 0.509497105619 0.481779195248 0.493020582675 9
5.918075987336 0.506489630014 0.478754459980 0.490034779269 0.509489630014 0.481754459980 0.493034779269 9
5.892402266860 0.506482233207 0.478729782673 0.490048912080 0.509482233207 0.481729782673 0.493048912080 9
5.866965063809 0.506474859601 0.478705192222 0.490063054765 0.509474859601 0.481705192222 0.493063054765 9
5.841760912411 0.506467393622 0.478680675348 0.490077174606 0.509467393622 0.481680675348 0.493077174606 9
5.816784295607 0.506459825920 0.478656204247 0.490091182217 0.509459825920 0.481656204247 0.493091182217 9
5.792033474710 0.506452142060 0.478631593297 0.490105071233 0.509452142060 0.481631593297 0.493105071233 9
5.767505751253 0.506444465786 0.478606781783 0.490119029753 0.509444465786 0.481606781783 0.493119029753 9
5.743197926294 0.506436920561 0.478581876384 0.490133001291 0.509436920561 0.481581876384 0.493133001291 9
5.719104230657 0.506429405473 0.478556985254 0.490146966146 0.509429405473 0.481556985254 0.493146966146 9
5.695224191153 0.506421976699 0.478532096371 0.490160948001 0.509421976699 0.481532096371 0.493160948001 9
5.671554856395 0.506414512210 0.478507376597 0.490174967825 0.509414512210 0.481507376597 0.493174967825 9
5.648093043712 0.506407005217 0.478482777007 0.490189059421 0.509407005217 0.481482777007 0.493189059421 9
5.624833589504 0.506399504076 0.478458174517 0.490203167942 0.509399504076 0.481458174517 0.493203167942 9
5.601776168706 0.506391999436 0.478433568172 0.490217414745 0.509391999436 0.481433568172 0.493217414745 9
5.578917989262 0.506384557043 0.478409052056 0.490231715925 0.509384557043 0.481409052056 0.493231715925 9
5.556256016122 0.506377127422 0.478384659215 0.490246114371 0.509377127422 0.481384659215 0.493246114371 9
5.533785422829 0.506369750846 0.478360246567 0.490260549482 0.509369750846 0.481360246567 0.493260549482 9
5.511506038861 0.506362436612 0.478335883962 0.490275006111 0.509362436612 0.481335883962 0.493275006111 9
5.489415275297 0.506354964573 0.478311640087 0.490289598518 0.509354964573 0.481311640087 0.493289598518 9
5.467510451984 0.506347417131 0.478287614633 0.490304352361 0.509347417131 0.481287614633 0.493304352361 9
5.445786602353 0.506339958601 0.478263715233 0.490319249086 0.509339958601 0.481263715233 0.493319249086 9
5.424243921684 0.506332724238 0.478239943234 0.490334521836 0.509332724238 0.481239943234 0.493334521836 9
5.402880005716 0.506325578930 0.478216458587 0.490350076362 0.509325578930 0.481216458587 0.493350076362 9
5.381692493832 0.506318543686 0.478193105338 0.490365957554 0.509318543686 0.481193105338 0.493365957554 9
5.360676548593 0.506311601169 0.478169929174 0.490382288875 0.509311601169 0.481169929174 0.493382288875 9
5.339832190306 0.506304928354 0.478147114406 0.490399028046 0.509304928354 0.481147114406 0.493399028046 9
5.319157437492 0.506298294126 0.478124480785 0.490416279462 0.509298294126 0.481124480785 0.493416279462 9
5.298650093882 0.506291385014 0.478101374775 0.490432355265 0.509291385014 0.481101374775 0.493432355265 9
5.278306098303 0.506284123712 0.478077470724 0.490446748472 0.509284123712 0.481077470724 0.493446748472 9
5.258124370410 0.506276338175 0.478052904950 0.490460204352 0.509276338175 0.481052904950 0.493460204352 9
5.238103723837 0.506268235868 0.478027596334 0.490473088722 0.509268235868 0.481027596334 0.493473088722 9
5.218242112336 0.506260166055 0.478001718993 0.490485428587 0.509260166055 0.481001718993 0.493485428587 9
5.198536493911 0.506252179722 0.477975382684 0.490497349064 0.509252179722 0.480975382684 0.493497349064 9
5.178984157713 0.506244192360 0.477948286654 0.490508768107 0.509244192360 0.480948286654 0.493508768107 9
5.159584958801 0.506236348541 0.477921085090 0.490520037111 0.509236348541 0.480921085090 0.493520037111 9
5.140336988119 0.506228399584 0.477894015195 0.490531237969 0.509228399584 0.480894015195 0.493531237969 9
5.121238369173 0.506220163914 0.477866734154 0.490542239317 0.509220163914 0.480866734154 0.493542239317 9
5.102284538842 0.506211423128 0.477839198222 0.490552976260 0.509211423128 0.480839198222 0.493552976260 9
5.083476321968 0.506202446106 0.477811363254 0.490563309500 0.509202446106 0.480811363254 0.493563309500 9
5.064812045798 0.506194092915 0.477783273449 0.490573297779 0.509194092915 0.480783273449 0.493573297779 9
5.046289956807 0.506186788769 0.477755348893 0.490582903687 0.509186788769 0.480755348893 0.493582903687 9
5.027907003054 0.506179985621 0.477727639544 0.490592077803 0.509179985621 0.480727639544 0.493592077803 9
5.009661311128 0.506173466086 0.477699984651 0.490600884719 0.509173466086 0.480699984651 0.493600884719 9
4.991553709474 0.506167264054 0.477672501497 0.490609552257 0.509167264054 0.480672501497 0.493609552257 9
4.973579674609 0.506161731555 0.477645187241 0.490617848574 0.509161731555 0.480645187241 0.493617848574 9
4.955740475750 0.506156681986 0.477618259131 0.490625884912 0.509156681986 0.480618259131 0.493625884912 9
4.938031052502 0.506151854581 0.477591688039 0.490633947487 0.509151854581 0.480591688039 0.493633947487 9
4.920452026370 0.506147058945 0.477565669128 0.490641980724 0.509147058945 0.480565669128 0.493641980724 9
4.903002218681 0.506142430298 0.477540194736 0.490650061522 0.509142430298 0.480540194736 0.493650061522 9
4.885680117254 0.506138060789 0.477515240384 0.490657999945 0.509138060789 0.480515240384 0.493657999945 9
4.868483679461 0.506134026496 0.477490570222 0.490665733182 0.509134026496 0.480490570222 0.493665733182 9
4.851409670499 0.506130079022 0.477466234784 0.490673368426 0.509130079022 0.480466234784 0.493673368426 9
4.834459003746 0.506126252954 0.477442319851 0.490681073953 0.509126252954 0.480442319851 0.493681073953 9
4.817630260601 0.506122530395 0.477418732720 0.490688938054 0.509122530395 0.480418732720 0.493688938054 9
4.800922044796 0.506118574631 0.477395374078 0.490696880300 0.509118574631 0.480395374078 0.493696880300 9
4.784331787004 0.506114294254 0.477372131891 0.490704785113 0.509114294254 0.480372131891 0.493704785113 9
4.767857631165 0.506109868061 0.477349023315 0.490712625849 0.509109868061 0.480349023315 0.493712625849 9
4.751499972102 0.506105374122 0.477326016027 0.490720460802 0.509105374122 0.480326016027 0.493720460802 9
4.735257498147 0.506100712942 0.477303101843 0.490728224499 0.509100712942 0.480303101843 0.493728224499 9
4.719128917842 0.506095822183 0.477280160331 0.490735904314 0.509095822183 0.480280160331 0.493735904314 9
4.703111406275 0.506090727403 0.477257357819 0.490743849737 0.509090727403 0.480257357819 0.493743849737 9
4.687203908576 0.506085667407 0.477234706135 0.490752230903 0.509085667407 0.480234706135 0.493752230903 9
4.671406575776 0.506080709650 0.477212103280 0.490760720509 0.509080709650 0.480212103280 0.493760720509 9
4.655718193056 0.506075687752 0.477189541641 0.490769170436 0.509075687752 0.480189541641 0.493769170436 9
4.640137563940 0.506070345240 0.477167126138 0.490777789611 0.509070345240 0.480167126138 0.493777789611 9
4.624661890825 0.506064543243 0.477144911120 0.490786665602 0.509064543243 0.480144911120 0.493786665602 9
4.609290322647 0.506058629525 0.477122929778 0.490795497051 0.509058629525 0.480122929778 0.493795497051 9
4.594023053032 0.506052714019 0.477101170379 0.490804382919 0.509052714019 0.480101170379 0.493804382919 9
4.578858955073 0.506046682349 0.477079527763 0.490813403705 0.509046682349 0.480079527763 0.493813403705 9
4.563796918528 0.506040609079 0.477057717327 0.490822546300 0.509040609079 0.480057717327 0.493822546300 9
4.548834468836 0.506034522225 0.477035865678 0.490832159167 0.509034522225 0.480035865678 0.493832159167 9
4.533970338939 0.506028398256 0.477013910629 0.490842069547 0.509028398256 0.480013910629 0.493842069547 9
4.519205064150 0.506022339354 0.476991757332 0.490851918695 0.509022339354 0.479991757332 0.493851918695 9
4.504537597508 0.506016281882 0.476969357041 0.490861789242 0.509016281882 0.479969357041 0.493861789242 9
4.489966907233 0.506009971998 0.476946828631 0.490871652635 0.509009971998 0.479946828631 0.493871652635 9
4.475491151424 0.506003333942 0.476924236173 0.490881456806 0.509003333942 0.479924236173 0.493881456806 9
4.461108002254 0.505996603715 0.476901438390 0.490891136439 0.508996603715 0.479901438390 0.493891136439 9
4.446818649615 0.505989920480 0.476878446032 0.490900697667 0.508989920480 0.479878446032 0.493900697667 9
4.432622119387 0.505983377398 0.476855304832 0.490910338845 0.508983377398 0.479855304832 0.493910338845 9
4.418517451303 0.505976847129 0.476832077945 0.490920057968 0.508976847129 0.479832077945 0.493920057968 9
4.404503698699 0.505970317517 0.476808426402 0.490929825804 0.508970317517 0.479808426402 0.493929825804 9
4.390576986820 0.505963806928 0.476784391478 0.490939573276 0.508963806928 0.479784391478 0.493939573276 9
4.376739301785 0.505957482234 0.476760037856 0.490949331505 0.508957482234 0.479760037856 0.493949331505 9
4.362989798014 0.505951232332 0.476735571603 0.490959232401 0.508951232332 0.479735571603 0.493959232401 9
4.349327580542 0.505945001394 0.476711120189 0.490969272564 0.508945001394 0.479711120189 0.493969272564 9
4.335751766842 0.505938860941 0.476686926407 0.490979019372 0.508938860941 0.479686926407 0.493979019372 9
4.322259748362 0.505932815569 0.476663021585 0.490988474946 0.508932815569 0.479663021585 0.493988474946 9
4.308851135771 0.505927087977 0.476639135969 0.490997894211 0.508927087977 0.479639135969 0.493997894211 9
4.295526378179 0.505921547271 0.476615100907 0.491007447840 0.508921547271 0.479615100907 0.494007447840 9
4.282284640354 0.505916021728 0.476590923818 0.491017006935 0.508916021728 0.479590923818 0.494017006935 9
4.269125098456 0.505910302642 0.476566535065 0.491026415565 0.508910302642 0.479566535065 0.494026415565 9
4.256046765488 0.505904393274 0.476542080411 0.491035652279 0.508904393274 0.479542080411 0.494035652279 9
4.243046147322 0.505898544583 0.476517402564 0.491045017843 0.508898544583 0.479517402564 0.494045017843 9
4.230125346118 0.505892491713 0.476492765875 0.491054307889 0.508892491713 0.479492765875 0.494054307889 9
4.217283581376 0.505886404211 0.476468274875 0.491063481401 0.508886404211 0.479468274875 0.494063481401 9
4.204520083044 0.505880576044 0.476443981280 0.491072548353 0.508880576044 0.479443981280 0.494072548353 9
4.191834091349 0.505875083679 0.476419785181 0.491081462165 0.508875083679 0.479419785181 0.494081462165 9
4.179223547162 0.505869880790 0.476395445468 0.491090190246 0.508869880790 0.479395445468 0.494090190246 9
4.166687278013 0.505864835918 0.476371028672 0.491098750394 0.508864835918 0.479371028672 0.494098750394 9
4.154226321786 0.505859867840 0.476346653883 0.491107201002 0.508859867840 0.479346653883 0.494107201002 9
4.141839957810 0.505854889095 0.476322338394 0.491115532032 0.508854889095 0.479322338394 0.494115532032 9
4.129527474860 0.505849982587 0.476298059971 0.491123750258 0.508849982587 0.479298059971 0.494123750258 9
4.117288170997 0.505845102532 0.476273864961 0.491131863967 0.508845102532 0.479273864961 0.494131863967 9
4.105119254227 0.505840110206 0.476249774249 0.491139858097 0.508840110206 0.479249774249 0.494139858097 9
4.093021173723 0.505834968445 0.476225813375 0.491147872507 0.508834968445 0.479225813375 0.494147872507 9
4.080994245959 0.505829780119 0.476201999797 0.491155865902 0.508829780119 0.479201999797 0.494155865902 9
4.069037804359 0.505824595463 0.476178226565 0.491163706723 0.508824595463 0.479178226565 0.494163706723 9
4.057151190901 0.505819525017 0.476154693598 0.491171525273 0.508819525017 0.479154693598 0.494171525273 9
4.045333755977 0.505814656728 0.476131436592 0.491179226089 0.508814656728 0.479131436592 0.494179226089 9
4.033582326373 0.505809775574 0.476108274619 0.491186908664 0.508809775574 0.479108274619 0.494186908664 9
4.021898250315 0.505805005311 0.476085183611 0.491194386512 0.508805005311 0.479085183611 0.494194386512 9
4.010281477979 0.505800325148 0.476062074818 0.491201748340 0.508800325148 0.479062074818 0.494201748340 9
3.998732416679 0.505795570863 0.476039075362 0.491209139018 0.508795570863 0.479039075362 0.494209139018 9
3.987247381890 0.505790759885 0.476016261485 0.491216419519 0.508790759885 0.479016261485 0.494216419519 9
3.975828846378 0.505785783163 0.475993683275 0.491223552326 0.508785783163 0.478993683275 0.494223552326 9
3.964472595965 0.505780744764 0.475971425097 0.491230593276 0.508780744764 0.478971425097 0.494230593276 9
3.953180129765 0.505775636144 0.475949436697 0.491237556399 0.508775636144 0.478949436697 0.494237556399 9
3.941951400445 0.505770444514 0.475927696029 0.491244450211 0.508770444514 0.478927696029 0.494244450211 9
3.930785834944 0.505765282580 0.475906106840 0.491251114712 0.508765282580 0.478906106840 0.494251114712 9
3.919682867257 0.505760151090 0.475884599441 0.491257673870 0.508760151091 0.478884599441 0.494257673870 9
3.908641938328 0.505754957727 0.475863038119 0.491264113688 0.508754957727 0.478863038119 0.494264113688 9
3.897660223990 0.505749602195 0.475841474320 0.491270575722 0.508749602195 0.478841474320 0.494270575722 9
3.886738597059 0.505744088741 0.475819859277 0.491277167592 0.508744088741 0.478819859277 0.494277167592 9
3.875877396566 0.505738576035 0.475798084959 0.491283837892 0.508738576035 0.478798084959 0.494283837892 9
3.865076089930 0.505733240801 0.475776234039 0.491290635111 0.508733240801 0.478776234039 0.494290635111 9
3.854334150999 0.505728005046 0.475754306010 0.491297614178 0.508728005046 0.478754306010 0.494297614178 9
3.843651059953 0.505722736717 0.475732232791 0.491304809918 0.508722736717 0.478732232791 0.494304809918 9
3.833024754667 0.505717431148 0.475710081773 0.491312173274 0.508717431148 0.478710081773 0.494312173274 9
3.822454673033 0.505712148873 0.475687739447 0.491319616119 0.508712148873 0.478687739447 0.494319616119 9
3.811941940822 0.505706804196 0.475665257325 0.491327043356 0.508706804196 0.478665257325 0.494327043356 9
3.801486062350 0.505701318510 0.475642702632 0.491334549375 0.508701318510 0.478642702632 0.494334549375 9
3.791086547798 0.505695619837 0.475620115471 0.491342112235 0.508695619837 0.478620115471 0.494342112235 9
3.780742913129 0.505689691641 0.475597566417 0.491349728056 0.508689691641 0.478597566417 0.494349728056 9
3.770454273478 0.505683598925 0.475575160655 0.491357364475 0.508683598925 0.478575160655 0.494357364475 9
3.760217788309 0.505677365815 0.475552807377 0.491365093336 0.508677365815 0.478552807377 0.494365093336 9
3.750035788464 0.505670925942 0.475530365696 0.491372880127 0.508670925942 0.478530365696 0.494372880127 9
3.739907811944 0.505664470483 0.475507756822 0.491380622888 0.508664470483 0.478507756822 0.494380622888 9
3.729833402116 0.505658022733 0.475485015682 0.491388354451 0.508658022733 0.478485015682 0.494388354451 9
3.719812107635 0.505651633883 0.475462187849 0.491396086518 0.508651633883 0.478462187849 0.494396086518 9
3.709843482362 0.505645254547 0.475439160261 0.491403901064 0.508645254547 0.478439160261 0.494403901064 9
3.699925045634 0.505639020669 0.475415983127 0.491411764159 0.508639020669 0.478415983127 0.494411764159 9
3.690057251473 0.505632880370 0.475392820928 0.491419581051 0.508632880370 0.478392820928 0.494419581051 9
3.680240841897 0.505626921435 0.475369910610 0.491427260549 0.508626921435 0.478369910610 0.494427260549 9
3.670475390633 0.505621194659 0.475347265050 0.491434797033 0.508621194659 0.478347265050 0.494434797033 9
3.660760476253 0.505615751100 0.475324870956 0.491442318669 0.508615751100 0.478324870956 0.494442318669 9
3.651095682101 0.505610520540 0.475302609055 0.491449725880 0.508610520540 0.478302609055 0.494449725880 9
3.641480559708 0.505605263031 0.475280473921 0.491456911389 0.508605263031 0.478280473921 0.494456911389 9
3.631911550357 0.505600069377 0.475258477533 0.491464008840 0.508600069377 0.478258477533 0.494464008840 9
3.622391462341 0.505594944905 0.475236470998 0.491471063374 0.508594944905 0.478236470998 0.494471063374 9
3.612919897210 0.505589975552 0.475214394030 0.491478257339 0.508589975552 0.478214394030 0.494478257339 9
3.603496460958 0.505584987626 0.475192288359 0.491485593644 0.508584987626 0.478192288359 0.494485593644 9
3.594120763965 0.505579810023 0.475170278547 0.491492860292 0.508579810023 0.478170278547 0.494492860292 9
3.584792420930 0.505574566886 0.475148293649 0.491500074991 0.508574566886 0.478148293649 0.494500074991 9
3.575510232622 0.505569323692 0.475126408308 0.491507162128 0.508569323692 0.478126408308 0.494507162128 9
3.566272219141 0.505564088038 0.475104678076 0.491514199940 0.508564088038 0.478104678076 0.494514199940 9
3.557080451771 0.505558843113 0.475083090146 0.491521104507 0.508558843113 0.478083090146 0.494521104507 9
3.547934561686 0.505553479488 0.475061558975 0.491528009524 0.508553479488 0.478061558975 0.494528009524 9
3.538834184090 0.505548073060 0.475039860854 0.491535009914 0.508548073060 0.478039860854 0.494535009914 9
3.529778958160 0.505542632858 0.475017982655 0.491541936632 0.508542632858 0.478017982655 0.494541936632 9
3.520768526994 0.505537293767 0.474996032345 0.491548742542 0.508537293767 0.477996032345 0.494548742542 9
3.511801380251 0.505532016765 0.474973940054 0.491555496799 0.508532016765 0.477973940054 0.494555496799 9
3.502876225576 0.505526650314 0.474952018207 0.491562387146 0.508526650314 0.477952018207 0.494562387146 9
3.493995126803 0.505521157590 0.474930251254 0.491569437955 0.508521157590 0.477930251254 0.494569437955 9
3.485156882528 0.505515690228 0.474908579846 0.491576519100 0.508515690228 0.477908579846 0.494576519100 9
3.476362013947 0.505510319664 0.474886997187 0.491583512569 0.508510319664 0.477886997187 0.494583512569 9
3.467609899811 0.505505006936 0.474865560433 0.491590538957 0.508505006936 0.477865560433 0.494590538957 9
3.458900209020 0.505499745539 0.474844154191 0.491597459056 0.508499745539 0.477844154191 0.494597459056 9
3.450231576341 0.505494601061 0.474822784533 0.491604147896 0.508494601061 0.477822784533 0.494604147896 9
3.441602473612 0.505489521474 0.474801504660 0.491610722471 0.508489521474 0.477801504660 0.494610722471 9
3.433014843830 0.505484568512 0.474780247210 0.491617227357 0.508484568512 0.477780247210 0.494617227357 9
3.424468369438 0.505479755997 0.474759003474 0.491623683877 0.508479755997 0.477759003474 0.494623683877 9
3.415962736215 0.505474931006 0.474737695720 0.491630187172 0.508474931006 0.477737695720 0.494630187172 9
3.407497633226 0.505470072046 0.474716365515 0.491636618039 0.508470072046 0.477716365515 0.494636618039 9
3.399072752779 0.505465205373 0.474695114205 0.491643085404 0.508465205373 0.477695114205 0.494643085404 9
3.390687349234 0.505460305591 0.474673991450 0.491649554887 0.508460305591 0.477673991450 0.494649554887 9
3.382338699653 0.505455197307 0.474652827551 0.491655993098 0.508455197307 0.477652827551 0.494655993098 9
3.374029390398 0.505449865195 0.474631510522 0.491662583738 0.508449865195 0.477631510522 0.494662583738 9
3.365759126137 0.505444430697 0.474610052667 0.491669272520 0.508444430697 0.477610052667 0.494669272520 9
3.357527614575 0.505438861791 0.474588760536 0.491676128941 0.508438861791 0.477588760536 0.494676128941 9
3.349334566415 0.505433269027 0.474567671496 0.491683067389 0.508433269027 0.477567671496 0.494683067389 9
3.341179695320 0.505427872102 0.474546572122 0.491689922595 0.508427872102 0.477546572122 0.494689922595 9
3.333062717873 0.505422591416 0.474525581974 0.491696762192 0.508422591416 0.477525581974 0.494696762192 9
3.324980673714 0.505417358864 0.474504768818 0.491703673856 0.508417358864 0.477504768818 0.494703673856 9
3.316935334749 0.505412292789 0.474483991824 0.491710726540 0.508412292789 0.477483991824 0.494710726540 9
3.308927077727 0.505407237399 0.474463279366 0.491717813424 0.508407237399 0.477463279366 0.494717813424 9
3.300955630358 0.505402212777 0.474442660753 0.491724982730 0.508402212777 0.477442660753 0.494724982730 9
3.293020723091 0.505397382538 0.474422124730 0.491732263677 0.508397382538 0.477422124730 0.494732263677 9
3.285122089081 0.505392626237 0.474401717849 0.491739592133 0.508392626237 0.477401717849 0.494739592133 9
3.277259464152 0.505387788869 0.474381212724 0.491746940819 0.508387788869 0.477381212724 0.494746940819 9
3.269431487077 0.505382863681 0.474360780874 0.491754260134 0.508382863681 0.477360780874 0.494754260134 9
3.261636757248 0.505377843283 0.474340379103 0.491761464559 0.508377843283 0.477340379103 0.494761464559 9
3.253877280845 0.505372715225 0.474320123370 0.491768506971 0.508372715225 0.477320123370 0.494768506971 9
3.246152803859 0.505367488824 0.474299929124 0.491775311543 0.508367488824 0.477299929124 0.494775311543 9
3.238463074790 0.505362135607 0.474279952715 0.491782106237 0.508362135607 0.477279952715 0.494782106237 9
3.230807844614 0.505356653019 0.474259985906 0.491788986278 0.508356653019 0.477259985906 0.494788986278 9
3.223186866751 0.505351146739 0.474240156331 0.491795832611 0.508351146739 0.477240156331 0.494795832611 9
3.215599897040 0.505345678377 0.474220324238 0.491802664781 0.508345678377 0.477220324238 0.494802664781 9
3.208044337289 0.505340248213 0.474200367536 0.491809615749 0.508340248213 0.477200367536 0.494809615749 9
3.200521306907 0.505334902592 0.474180323144 0.491816706582 0.508334902592 0.477180323144 0.494816706582 9
3.193031587207 0.505329671758 0.474160298367 0.491823840524 0.508329671758 0.477160298367 0.494823840524 9
3.185574943216 0.505324536587 0.474140398813 0.491831041212 0.508324536587 0.477140398813 0.494831041212 9
3.178151142233 0.505319473630 0.474120529540 0.491838240142 0.508319473630 0.477120529540 0.494838240142 9
3.170759953802 0.505314418154 0.474100696311 0.491845399927 0.508314418154 0.477100696311 0.494845399927 9
3.163401149681 0.505309503439 0.474080923244 0.491852522846 0.508309503439 0.477080923244 0.494852522846 9
3.156074503817 0.505304728619 0.474061127047 0.491859536362 0.508304728619 0.477061127047 0.494859536362 9
3.148776689342 0.505299996130 0.474041240711 0.491866687535 0.508299996130 0.477041240711 0.494866687535 9
3.141510320093 0.505295247124 0.474021329715 0.491873953410 0.508295247124 0.477021329715 0.494873953410 9
3.134275464317 0.505290418887 0.474001237217 0.491881173861 0.508290418887 0.477001237217 0.494881173861 9
3.127071904289 0.505285465681 0.473981055865 0.491888430543 0.508285465681 0.476981055865 0.494888430543 9
3.119899424345 0.505280327874 0.473960904011 0.491895627545 0.508280327874 0.476960904011 0.494895627545 9
3.112757810856 0.505275034840 0.473940875686 0.491902635255 0.508275034840 0.476940875686 0.494902635255 9
3.105646852206 0.505269662121 0.473920706239 0.491909613479 0.508269662121 0.476920706239 0.494909613479 9
3.098566338768 0.505264203995 0.473900480542 0.491916764186 0.508264203995 0.476900480542 0.494916764186 9
3.091512740873 0.505258698581 0.473880323587 0.491923953023 0.508258698581 0.476880323587 0.494923953023 9
3.084489106742 0.505253090008 0.473860093096 0.491931233447 0.508253090008 0.476860093096 0.494931233447 9
3.077495320846 0.505247444749 0.473839592729 0.491938618466 0.508247444749 0.476839592729 0.494938618466 9
3.070531181113 0.505241814863 0.473818997286 0.491946125657 0.508241814863 0.476818997286 0.494946125657 9
3.063596487348 0.505236258136 0.473798444126 0.491953756136 0.508236258136 0.476798444126 0.494953756136 9
3.056691041209 0.505230768804 0.473777994125 0.491961482891 0.508230768804 0.476777994125 0.494961482891 9
3.049814646184 0.505225306912 0.473757572434 0.491969260226 0.508225306912 0.476757572434 0.494969260226 9
3.042967107570 0.505219923496 0.473737181287 0.491977052085 0.508219923496 0.476737181287 0.494977052085 9
3.036145238326 0.505214495471 0.473716713304 0.491984862187 0.508214495471 0.476716713304 0.494984862187 9
3.029351422556 0.505209072700 0.473696153400 0.491992582887 0.508209072700 0.476696153400 0.494992582887 9
3.022585909685 0.505203574362 0.473675494825 0.492000219359 0.508203574362 0.476675494825 0.495000219359 9
3.015848511883 0.505198042440 0.473654731598 0.492007838758 0.508198042440 0.476654731598 0.495007838758 9
3.009139043029 0.505192439252 0.473633925325 0.492015335819 0.508192439252 0.476633925325 0.495015335819 9
3.002457318690 0.505186819184 0.473613126914 0.492022799065 0.508186819184 0.476613126914 0.495022799065 9
2.995803401034 0.505181198032 0.473592338360 0.492030231127 0.508181198032 0.476592338360 0.495030231127 9
2.989176374131 0.505175579078 0.473571547653 0.492037660693 0.508175579078 0.476571547653 0.495037660693 9
2.982574695327 0.505169935708 0.473550818024 0.492044999857 0.508169935708 0.476550818024 0.495044999857 9
2.975998698717 0.505164331077 0.473530005754 0.492052290412 0.508164331077 0.476530005754 0.495052290412 9
2.969449568827 0.505158764188 0.473509102007 0.492059434821 0.508158764188 0.476509102007 0.495059434821 9
2.962927130807 0.505153191982 0.473488367951 0.492066426585 0.508153191982 0.476488367951 0.495066426585 9
2.956431211364 0.505147584838 0.473467661628 0.492073377073 0.508147584838 0.476467661628 0.495073377073 9
2.949961638748 0.505141976404 0.473447111779 0.492080332457 0.508141976404 0.476447111779 0.495080332457 9
2.943518242732 0.505136567069 0.473426533380 0.492087317869 0.508136567069 0.476426533380 0.495087317869 9
2.937100854598 0.505131429170 0.473405989712 0.492094458679 0.508131429170 0.476405989712 0.495094458679 9
2.930708696630 0.505126299237 0.473385484466 0.492101723092 0.508126299237 0.476385484466 0.495101723092 9
2.924339355746 0.505121184032 0.473365003161 0.492109154710 0.508121184032 0.476365003161 0.495109154710 9
2.917995544964 0.505116190035 0.473344484046 0.492116643917 0.508116190035 0.476344484046 0.495116643917 9
2.911677101280 0.505111288832 0.473323884588 0.492124173798 0.508111288832 0.476323884588 0.495124173798 9
2.905383863116 0.505106426263 0.473303292594 0.492131649387 0.508106426263 0.476303292594 0.495131649387 9
2.899115670307 0.505101571756 0.473282718912 0.492139029166 0.508101571756 0.476282718912 0.495139029166 9
2.892872364080 0.505096654394 0.473262209460 0.492146350585 0.508096654394 0.476262209460 0.495146350585 9
2.886653787042 0.505091625994 0.473241772253 0.492153644918 0.508091625994 0.476241772253 0.495153644918 9
2.880459783164 0.505086505679 0.473221376318 0.492160814501 0.508086505679 0.476221376318 0.495160814501 9
2.874288190908 0.505081320326 0.473200952658 0.492167807070 0.508081320326 0.476200952658 0.495167807070 9
2.868139389412 0.505076125423 0.473180493227 0.492174663423 0.508076125423 0.476180493227 0.495174663423 9
2.862014720198 0.505070911468 0.473160143635 0.492181518122 0.508070911468 0.476160143635 0.495181518122 9
2.855914032404 0.505065699967 0.473139973281 0.492188291577 0.508065699967 0.476139973281 0.495188291577 9
2.849837176462 0.505060391980 0.473119879118 0.492194947658 0.508060391980 0.476119879118 0.495194947658 9
2.843784004082 0.505055083587 0.473099758574 0.492201610258 0.508055083587 0.476099758574 0.495201610258 9
2.837754368237 0.505049774533 0.473079524447 0.492208318147 0.508049774533 0.476079524447 0.495208318147 9
2.831748123153 0.505044469034 0.473059192475 0.492215049862 0.508044469034 0.476059192475 0.495215049862 9
2.825765124292 0.505039201320 0.473038804145 0.492221825847 0.508039201320 0.476038804145 0.495221825847 9
2.819802417479 0.505033877616 0.473018431562 0.492228748532 0.508033877616 0.476018431562 0.495228748532 9
2.813861984693 0.505028576079 0.472998148022 0.492235813145 0.508028576079 0.475998148022 0.495235813145 9
2.807944390680 0.505023330798 0.472977864861 0.492242996297 0.508023330798 0.475977864861 0.495242996297 9
2.802049495585 0.505018211289 0.472957581113 0.492250240541 0.508018211289 0.475957581113 0.495250240541 9
2.796177160725 0.505013254006 0.472937235909 0.492257577260 0.508013254006 0.475937235909 0.495257577260 9
2.790327248581 0.505008387297 0.472916814650 0.492264971056 0.508008387297 0.475916814650 0.495264971056 9
2.784499622779 0.505003540421 0.472896284043 0.492272297224 0.508003540421 0.475896284043 0.495272297224 9
2.778694148083 0.504998606434 0.472875748661 0.492279603726 0.507998606434 0.475875748661 0.495279603726 9
2.772910690384 0.504993604402 0.472855258013 0.492286895496 0.507993604402 0.475855258013 0.495286895496 9
2.767146113732 0.504988654195 0.472835008039 0.492294091959 0.507988654195 0.475835008039 0.495294091959 9
2.761402774716 0.504983704453 0.472814776169 0.492301041137 0.507983704453 0.475814776169 0.495301041137 9
2.755681075595 0.504978639606 0.472794549466 0.492307857206 0.507978639606 0.475794549466 0.495307857206 9
2.749981453600 0.504973488657 0.472774317055 0.492314624764 0.507973488657 0.475774317055 0.495314624764 9
2.744302078603 0.504968280618 0.472754012646 0.492321377826 0.507968280618 0.475754012646 0.495321377826 9
2.738644524315 0.504963008450 0.472733610443 0.492328236495 0.507963008450 0.475733610443 0.495328236495 9
2.733008096785 0.504957695476 0.472713238994 0.492335181714 0.507957695476 0.475713238994 0.495335181714 9
2.727392670413 0.504952318346 0.472692905753 0.492342093009 0.507952318346 0.475692905753 0.495342093009 9
2.721798120567 0.504946918418 0.472672647464 0.492348884101 0.507946918418 0.475672647464 0.495348884101 9
2.716221762225 0.504941546902 0.472652608037 0.492355653095 0.507941546902 0.475652608037 0.495355653095 9
2.710665055125 0.504936219513 0.472632663901 0.492362497773 0.507936219513 0.475632663901 0.495362497773 9
2.705128875056 0.504930956722 0.472612675350 0.492369371819 0.507930956722 0.475612675350 0.495369371819 9
2.699613101252 0.504925855309 0.472592677964 0.492376277948 0.507925855309 0.475592677964 0.495376277948 9
2.694117613920 0.504922074712 0.472575122062 0.492383811056 0.507922074712 0.475575122062 0.495383811056 9
2.688642294232 0.504917312342 0.472555430410 0.492391013891 0.507917312342 0.475555430410 0.495391013891 9
2.683187024312 0.504912624167 0.472535679149 0.492398143667 0.507912624167 0.475535679149 0.495398143667 9
2.677751687230 0.504907862418 0.472515856720 0.492405238475 0.507907862418 0.475515856720 0.495405238475 9
2.672336166989 0.504903024628 0.472495974952 0.492412363763 0.507903024628 0.475495974952 0.495412363763 9
2.666938886138 0.504898146758 0.472476155926 0.492419507412 0.507898146758 0.475476155926 0.495419507412 9
2.661559088592 0.504893230755 0.472456361231 0.492426623471 0.507893230755 0.475456361231 0.495426623471 9
2.656198783551 0.504888213411 0.472436595086 0.492433638702 0.507888213411 0.475436595086 0.495433638702 9
2.650857858541 0.504883071697 0.472416881850 0.492440559947 0.507883071697 0.475416881850 0.495440559947 9
2.645536201975 0.504877817223 0.472397197997 0.492447409277 0.507877817223 0.475397197997 0.495447409277 9
2.640233703151 0.504872454054 0.472377515258 0.492454200016 0.507872454054 0.475377515258 0.495454200016 9
2.634950252233 0.504866998238 0.472357902103 0.492460952682 0.507866998238 0.475357902103 0.495460952682 9
2.629685740252 0.504861452607 0.472338301793 0.492467620171 0.507861452607 0.475338301793 0.495467620171 9
2.624440059093 0.504855880318 0.472318671288 0.492474324085 0.507855880318 0.475318671288 0.495474324085 9
2.619213101484 0.504850356118 0.472299005398 0.492481127197 0.507850356118 0.475299005398 0.495481127197 9
2.614001485030 0.504844852646 0.472279197155 0.492488076761 0.507844852646 0.475279197155 0.495488076761 9
2.608808077950 0.504839505038 0.472259321324 0.492495125615 0.507839505038 0.475259321324 0.495495125615 9
2.603633095426 0.504834278058 0.472239466660 0.492502137219 0.507834278058 0.475239466660 0.495502137219 9
2.598476433369 0.504829182943 0.472219636538 0.492509122342 0.507829182943 0.475219636538 0.495509122342 9
2.593337988496 0.504824176990 0.472199946303 0.492516135406 0.507824176990 0.475199946303 0.495516135406 9
2.588217658324 0.504819210045 0.472180347340 0.492523135662 0.507819210045 0.475180347340 0.495523135662 9
2.583115341157 0.504814294945 0.472160801038 0.492530114473 0.507814294945 0.475160801038 0.495530114473 9
2.578030936085 0.504809475898 0.472141296776 0.492537046762 0.507809475898 0.475141296776 0.495537046762 9
2.572964342969 0.504804708491 0.472121799921 0.492543964020 0.507804708491 0.475121799921 0.495543964020 9
2.567914648002 0.504799973494 0.472102296526 0.492550899639 0.507799973494 0.475102296526 0.495550899639 9
2.562879770753 0.504795193292 0.472082641334 0.492557859133 0.507795193292 0.475082641334 0.495557859133 9
2.557862427274 0.504790254601 0.472062893238 0.492564850188 0.507790254601 0.475062893238 0.495564850188 9
2.552862520337 0.504785199639 0.472043119344 0.492571964716 0.507785199639 0.475043119344 0.495571964716 9
2.547879953453 0.504780177615 0.472023290330 0.492579131550 0.507780177615 0.475023290330 0.495579131550 9
2.542914630865 0.504775174606 0.472003390848 0.492586346263 0.507775174606 0.475003390848 0.495586346263 9
2.537966457538 0.504770221116 0.471983395536 0.492593537584 0.507770221116 0.474983395536 0.495593537584 9
2.533035339159 0.504765296074 0.471963381249 0.492600736618 0.507765296074 0.474963381249 0.495600736618 9
2.528121182123 0.504760348433 0.471943355116 0.492607956573 0.507760348434 0.474943355116 0.495607956573 9
2.523223893529 0.504755366618 0.471923361085 0.492615176558 0.507755366618 0.474923361085 0.495615176558 9
2.518342120557 0.504750347409 0.471903383484 0.492622352890 0.507750347409 0.474903383484 0.495622352890 9
2.513474664151 0.504745278660 0.471883378768 0.492629479525 0.507745278660 0.474883378768 0.495629479525 9
2.508623819033 0.504740171783 0.471863356415 0.492636534623 0.507740171783 0.474863356415 0.495636534623 9
2.503789494939 0.504735069743 0.471843349321 0.492643511496 0.507735069743 0.474843349321 0.495643511496 9
2.498971980488 0.504729990684 0.471823435311 0.492650412828 0.507729990684 0.474823435311 0.495650412828 9
2.494170052099 0.504724898755 0.471803599511 0.492657270689 0.507724898755 0.474803599511 0.495657270689 9
2.489384756239 0.504719773596 0.471783842821 0.492664118713 0.507719773596 0.474783842821 0.495664118713 9
2.484615626977 0.504714614443 0.471764119830 0.492670934824 0.507714614443 0.474764119830 0.495670934824 9
2.479862577388 0.504709419727 0.471744440034 0.492677726895 0.507709419727 0.474744440034 0.495677726895 9
2.475125521149 0.504704249574 0.471724776394 0.492684537188 0.507704249574 0.474724776394 0.495684537188 9
2.470403376844 0.504699036360 0.471705094376 0.492691338994 0.507699036360 0.474705094376 0.495691338994 9
2.465694400677 0.504693799507 0.471685331368 0.492698195486 0.507693799507 0.474685331368 0.495698195486 9
2.461001179827 0.504688585922 0.471665510460 0.492705119234 0.507688585922 0.474665510460 0.495705119234 9
2.456323630368 0.504683413294 0.471645605901 0.492712039324 0.507683413294 0.474645605901 0.495712039324 9
2.451661668989 0.504678279552 0.471625630419 0.492718895083 0.507678279552 0.474625630419 0.495718895083 9
2.447015212981 0.504673175211 0.471605723164 0.492725693120 0.507673175211 0.474605723164 0.495725693120 9
2.442384180242 0.504668094039 0.471585902116 0.492732449797 0.507668094039 0.474585902116 0.495732449797 9
2.437768489263 0.504663002559 0.471566123930 0.492739148897 0.507663002559 0.474566123930 0.495739148897 9
2.433168059124 0.504657846788 0.471546442536 0.492745772774 0.507657846788 0.474546442536 0.495745772774 9
2.428582809492 0.504652711953 0.471526772047 0.492752365091 0.507652711953 0.474526772047 0.495752365091 9
2.424012660614 0.504647578226 0.471507099501 0.492758967038 0.507647578226 0.474507099501 0.495758967038 9
2.419453863736 0.504642438013 0.471487455691 0.492765620326 0.507642438013 0.474487455691 0.495765620326 9
2.414910021488 0.504637304097 0.471467808684 0.492772239831 0.507637304097 0.474467808684 0.495772239831 9
2.410381060985 0.504632248957 0.471448210939 0.492778898540 0.507632248957 0.474448210939 0.495778898540 9
2.405866904635 0.504627213121 0.471428699864 0.492785650626 0.507627213121 0.474428699864 0.495785650626 9
2.401367475401 0.504622190306 0.471409321608 0.492792512313 0.507622190306 0.474409321608 0.495792512313 9
2.396882696795 0.504617125043 0.471390076947 0.492799462425 0.507617125043 0.474390076947 0.495799462425 9
2.392412492872 0.504612027048 0.471370876387 0.492806429467 0.507612027048 0.474370876387 0.495806429467 9
2.387956788229 0.504606899536 0.471351677368 0.492813358239 0.507606899536 0.474351677368 0.495813358239 9
2.383515507996 0.504601766257 0.471332468452 0.492820261349 0.507601766257 0.474332468452 0.495820261349 9
2.379088577833 0.504596616848 0.471313255009 0.492827169954 0.507596616848 0.474313255009 0.495827169954 9
2.374673990927 0.504591381791 0.471294000436 0.492834127451 0.507591381791 0.474294000436 0.495834127451 9
2.370271854080 0.504586088232 0.471274667781 0.492841086478 0.507586088232 0.474274667781 0.495841086478 9
2.365883864053 0.504580693374 0.471255230638 0.492848010834 0.507580693374 0.474255230638 0.495848010834 9
2.361509948479 0.504575243234 0.471235723442 0.492854876214 0.507575243234 0.474235723442 0.495854876214 9
2.357150035497 0.504569805353 0.471216139283 0.492861643243 0.507569805353 0.474216139283 0.495861643243 9
2.352804053749 0.504564359777 0.471196494034 0.492868269446 0.507564359777 0.474196494034 0.495868269446 9
2.348471932375 0.504558945957 0.471176950446 0.492874758995 0.507558945957 0.474176950446 0.495874758995 9
2.344153601010 0.504553592170 0.471157575227 0.492881135498 0.507553592170 0.474157575227 0.495881135498 9
2.339848989777 0.504548352774 0.471138192174 0.492887410693 0.507548352774 0.474138192174 0.495887410693 9
2.335558029286 0.504543236655 0.471118716642 0.492893640557 0.507543236655 0.474118716642 0.495893640557 9
2.331280650626 0.504538254363 0.471099144170 0.492899858688 0.507538254363 0.474099144170 0.495899858688 9
2.327013661771 0.504533356310 0.471079530704 0.492906062292 0.507533356310 0.474079530704 0.495906062292 9
2.322759541456 0.504528464551 0.471059907113 0.492912338242 0.507528464551 0.474059907113 0.495912338242 9
2.318518815456 0.504523608657 0.471040264492 0.492918694782 0.507523608657 0.474040264492 0.495918694782 9
2.314291416646 0.504518832696 0.471020668927 0.492925103684 0.507518832696 0.474020668927 0.495925103684 9
2.310077278363 0.504514125187 0.471001142759 0.492931542606 0.507514125187 0.474001142759 0.495931542606 9
2.305876334398 0.504509449336 0.470981750077 0.492938013867 0.507509449336 0.473981750077 0.495938013867 9
2.301688518999 0.504504794971 0.470962418151 0.492944530738 0.507504794971 0.473962418151 0.495944530738 9
2.297513766860 0.504500118100 0.470943118477 0.492951051270 0.507500118100 0.473943118477 0.495951051270 9
2.293352013121 0.504495400967 0.470923811581 0.492957555124 0.507495400967 0.473923811581 0.495957555124 9
2.289203193363 0.504490633927 0.470904462157 0.492964060384 0.507490633927 0.473904462157 0.495964060384 9
2.285067243606 0.504485795158 0.470885091653 0.492970581628 0.507485795158 0.473885091653 0.495970581628 9
2.280940555818 0.504480919000 0.470865798565 0.492977134994 0.507480919000 0.473865798565 0.495977134994 9
2.276826437369 0.504475975510 0.470846540584 0.492983688842 0.507475975510 0.473846540584 0.495983688842 9
2.272725015692 0.504470951688 0.470827319321 0.492990241057 0.507470951688 0.473827319321 0.495990241057 9
2.268636228424 0.504465862015 0.470808164067 0.492996865233 0.507465862015 0.473808164067 0.495996865233 9
2.264560013624 0.504460687347 0.470788975745 0.493003510477 0.507460687347 0.473788975745 0.496003510477 9
2.260496309766 0.504455430786 0.470769701089 0.493010175240 0.507455430786 0.473769701089 0.496010175240 9
2.256445055736 0.504450014655 0.470750391433 0.493016932226 0.507450014655 0.473750391433 0.496016932226 9
2.252406190829 0.504444573105 0.470731129393 0.493023644591 0.507444573105 0.473731129393 0.496023644591 9
2.248379894875 0.504439132177 0.470711875786 0.493030284343 0.507439132177 0.473711875786 0.496030284343 9
2.244365387570 0.504433703223 0.470692547830 0.493036870834 0.507433703223 0.473692547830 0.496036870834 9
2.240363329870 0.504428313466 0.470673164186 0.493043356493 0.507428313466 0.473673164186 0.496043356493 9
2.236370251293 0.504422956465 0.470653793124 0.493049821711 0.507422956465 0.473653793124 0.496049821711 9
2.232388695751 0.504417640646 0.470634413968 0.493056265901 0.507417640646 0.473634413968 0.496056265901 9
2.228419189411 0.504412371044 0.470615028535 0.493062679396 0.507412371044 0.473615028535 0.496062679396 9
2.224461674247 0.504407155512 0.470595595845 0.493068947112 0.507407155512 0.473595595845 0.496068947112 9
2.220516092614 0.504401967686 0.470576074400 0.493075124082 0.507401967686 0.473576074400 0.496075124082 9
2.216582387249 0.504396857372 0.470556503004 0.493081233238 0.507396857372 0.473556503004 0.496081233238 9
2.212660501264 0.504391774828 0.470536918419 0.493087324621 0.507391774828 0.473536918419 0.496087324621 9
2.208750378144 0.504386745889 0.470517372511 0.493093435875 0.507386745889 0.473517372511 0.496093435875 9
2.204851961748 0.504381774053 0.470497879869 0.493099588315 0.507381774053 0.473497879869 0.496099588315 9
2.200965196296 0.504376871522 0.470478437646 0.493105760462 0.507376871522 0.473478437646 0.496105760462 9
2.197090026378 0.504372008467 0.470458988511 0.493112010653 0.507372008467 0.473458988511 0.496112010653 9
2.193224420133 0.504367127848 0.470439485574 0.493118381489 0.507367127848 0.473439485574 0.496118381489 9
2.189368512247 0.504362237391 0.470420047854 0.493124826356 0.507362237391 0.473420047854 0.496124826356 9
2.185524051517 0.504357325865 0.470400704955 0.493131303766 0.507357325865 0.473400704955 0.496131303766 9
2.181690983872 0.504352346610 0.470381410234 0.493137823207 0.507352346610 0.473381410234 0.496137823207 9
2.177869255588 0.504347267054 0.470362158778 0.493144358033 0.507347267054 0.473362158778 0.496144358033 9
2.174058813288 0.504342131494 0.470343012798 0.493150884999 0.507342131494 0.473343012798 0.496150884999 9
2.170259603940 0.504336959468 0.470323931506 0.493157394806 0.507336959468 0.473323931506 0.496157394806 9
2.166471574855 0.504331762793 0.470304897018 0.493163862237 0.507331762793 0.473304897018 0.496163862237 9
2.162694673679 0.504326566314 0.470285895345 0.493170239674 0.507326566314 0.473285895345 0.496170239674 9
2.158928848398 0.504321399974 0.470266911942 0.493176549806 0.507321399974 0.473266911942 0.496176549806 9
2.155174047328 0.504316266455 0.470247889130 0.493182808054 0.507316266455 0.473247889130 0.496182808054 9
2.151430219117 0.504311138724 0.470228823762 0.493189023634 0.507311138724 0.473228823762 0.496189023634 9
2.147693588748 0.504306068294 0.470209758404 0.493195213739 0.507306068294 0.473209758404 0.496195213739 9
2.143967777214 0.504301040555 0.470190647850 0.493201389570 0.507301040555 0.473190647850 0.496201389570 9
2.140252801880 0.504296060806 0.470171454916 0.493207578553 0.507296060806 0.473171454916 0.496207578553 9
2.136548612605 0.504291127601 0.470152168943 0.493213837314 0.507291127601 0.473152168943 0.496213837314 9
2.132855159565 0.504286210537 0.470132775250 0.493220140174 0.507286210537 0.473132775250 0.496220140174 9
2.129172393251 0.504281271997 0.470113311160 0.493226470138 0.507281271997 0.473113311160 0.496226470138 9
2.125500264470 0.504276288061 0.470093791078 0.493232792304 0.507276288061 0.473093791078 0.496232792304 9
2.121838724334 0.504271280565 0.470074234881 0.493239080341 0.507271280565 0.473074234881 0.496239080341 9
2.118187724268 0.504266262758 0.470054707050 0.493245316436 0.507266262758 0.473054707050 0.496245316436 9
2.114547215999 0.504261131282 0.470035243079 0.493251550582 0.507261131282 0.473035243079 0.496251550582 9
2.110917151558 0.504255909469 0.470015852439 0.493257811191 0.507255909469 0.473015852439 0.496257811191 9
2.107296655009 0.504250636176 0.469996574393 0.493264075981 0.507250636176 0.472996574393 0.496264075981 9
2.103683528453 0.504245313516 0.469977360652 0.493270290254 0.507245313516 0.472977360652 0.496270290254 9
2.100080718894 0.504240008904 0.469958219865 0.493276486736 0.507240008904 0.472958219865 0.496276486736 9
2.096488179469 0.504234692799 0.469939166762 0.493282647931 0.507234692799 0.472939166762 0.496282647931 9
2.092905863607 0.504229321721 0.469920136318 0.493288807945 0.507229321721 0.472920136318 0.496288807945 9
2.089333725026 0.504223842139 0.469901163668 0.493295039692 0.507223842139 0.472901163668 0.496295039692 9
2.085771717731 0.504218255664 0.469882273256 0.493301380641 0.507218255664 0.472882273256 0.496301380641 9
2.082219796010 0.504212644554 0.469863397458 0.493307819625 0.507212644554 0.472863397458 0.496307819625 9
2.078677914438 0.504207034579 0.469844487406 0.493314324795 0.507207034579 0.472844487406 0.496314324795 9
2.075146027865 0.504201446515 0.469825587354 0.493320896646 0.507201446515 0.472825587354 0.496320896646 9
2.071624091424 0.504195910847 0.469806676549 0.493327536000 0.507195910847 0.472806676549 0.496327536000 9
2.068112060520 0.504190405220 0.469787700493 0.493334220229 0.507190405220 0.472787700493 0.496334220229 9
2.064609029874 0.504184952037 0.469768596215 0.493340861149 0.507184952037 0.472768596215 0.496340861149 9
2.061112851716 0.504179543140 0.469749394897 0.493347423875 0.507179543140 0.472749394897 0.496347423875 9
2.057626462012 0.504174196315 0.469730113836 0.493353951669 0.507174196315 0.472730113836 0.496353951669 9
2.054149817170 0.504168881373 0.469710832192 0.493360447755 0.507168881373 0.472710832192 0.496360447755 9
2.050682873869 0.504163586178 0.469691539161 0.493366878169 0.507163586178 0.472691539161 0.496366878169 9
2.047225589047 0.504158304107 0.469672239588 0.493373227901 0.507158304107 0.472672239588 0.496373227901 9
2.043777919905 0.504153011791 0.469652973330 0.493379510870 0.507153011791 0.472652973330 0.496379510870 9
2.040339823907 0.504147676058 0.469633768132 0.493385714059 0.507147676058 0.472633768132 0.496385714059 9
2.036911258772 0.504142325017 0.469614595721 0.493391836348 0.507142325017 0.472614595721 0.496391836348 9
2.033492182474 0.504136996792 0.469595438716 0.493397923636 0.507136996792 0.472595438716 0.496397923636 9
2.030082553242 0.504131681262 0.469576326503 0.493403982140 0.507131681262 0.472576326503 0.496403982140 9
2.026682329559 0.504126337559 0.469557245430 0.493409944996 0.507126337559 0.472557245430 0.496409944996 9
2.023291466496 0.504120927822 0.469538208376 0.493415835988 0.507120927822 0.472538208376 0.496415835988 9
2.019906082911 0.504115491897 0.469519189056 0.493421674320 0.507115491897 0.472519189056 0.496421674320 9
2.016529996668 0.504110024319 0.469500177674 0.493427477887 0.507110024319 0.472500177674 0.496427477887 9
2.013163167161 0.504104516373 0.469481115217 0.493433223600 0.507104516373 0.472481115217 0.496433223600 9
2.009805554027 0.504099023923 0.469462021348 0.493438991630 0.507099023923 0.472462021348 0.496438991630 9
2.006457117142 0.504093548767 0.469442917027 0.493444800434 0.507093548767 0.472442917027 0.496444800434 9
2.003117816623 0.504088028520 0.469423746213 0.493450602795 0.507088028520 0.472423746213 0.496450602795 9
