7.2285121024239 0.4945835640603083 0.4956741384522477 0.49627893728029115 0.4975835640603083 0.49867413845224773 0.49927893728029116 9
7.0356348473542 0.4945573710045869 0.49555913957927733 0.4963438279646715 0.4975573710045869 0.49855913957927733 0.4993438279646715 9
6.8536476043573 0.49453152755236374 0.49544568561437685 0.49640803704978725 0.49753152755236374 0.49844568561437685 0.49940803704978726 9
6.6815954030677 0.49450601113419196 0.49533371874363624 0.49647159952914643 0.49750601113419196 0.49833371874363624 0.49947159952914644 9
6.5186394340621 0.4944807971333656 0.49522314021602437 0.49653457178230087 0.4974807971333656 0.4982231402160244 0.4995345717823009 9
6.3640304364049 0.4944558810636109 0.49511388934703854 0.4965969831629449 0.4974558810636109 0.49811388934703854 0.49959698316294493 9
6.2171057683393 0.4944312884221705 0.4950059014182227 0.49665883663445676 0.4974312884221705 0.4980059014182227 0.49965883663445676 9
6.0772684074498 0.49440694069716246 0.49489909603707394 0.49672015494513816 0.49740694069716246 0.49789909603707394 0.49972015494513816 9
5.9439884934335 0.4943829135875662 0.49479351344969086 0.49678090416738674 0.4973829135875662 0.49779351344969086 0.49978090416738674 9
5.8167842956069 0.49435916276330844 0.49468914864793884 0.4968411910733685 0.49735916276330844 0.49768914864793884 0.4998411910733685 9
5.695224191153 0.49433568379238463 0.4945857985233371 0.49690102899856775 0.49733568379238463 0.4975857985233371 0.49990102899856775 9
5.5789179892623 0.4943123934879942 0.4944834530910667 0.4969605152878692 0.4973123934879942 0.49748345309106673 0.4999605152878692 9
5.4675119108343 0.49428932404584053 0.49438212747075516 0.49701951738853284 0.49728932404584053 0.49738212747075516 0.5000195173885328 9
5.3606783469176 0.49426655096977673 0.49428168413263734 0.4970781624871957 0.49726655096977673 0.49728168413263735 0.5000781624871957 9
5.2581243704102 0.494244009164841 0.4941822825280853 0.49713639060928455 0.497244009164841 0.49718228252808533 0.5001363906092845 9
5.1595868281205 0.4942218359361852 0.4940838863936427 0.4971940810378224 0.4972218359361852 0.4970838863936427 0.5001940810378224 9
5.0648120456155 0.4941999248738023 0.493986454752225 0.4972514395864655 0.4971999248738023 0.496986454752225 0.5002514395864655 9
4.9735796746086 0.49417822195190353 0.4938898467900166 0.49730855808191793 0.49717822195190353 0.4968898467900166 0.5003085580819179 9
4.8856801172535 0.49415665710706014 0.4937942927365266 0.4973655452891147 0.49715665710706014 0.4967942927365266 0.5003655452891147 9
4.8009220447965 0.4941354069553819 0.4936994845694595 0.49742220357497396 0.4971354069553819 0.4966994845694595 0.5004222035749739 9
4.719128917842 0.49411442022358554 0.49360537931790527 0.4974784270719511 0.49711442022358554 0.49660537931790527 0.5004784270719511 9
4.6401375639397 0.4940939337373808 0.4935119121653389 0.4975343932047189 0.4970939337373808 0.4965119121653389 0.5005343932047189 9
4.5637969185282 0.4940734847659447 0.4934194560559744 0.4975900030978317 0.4970734847659447 0.49641945605597443 0.5005900030978316 9
4.4899669072332 0.49405331393210333 0.4933277755566607 0.4976453659136502 0.49705331393210334 0.4963277755566607 0.5006453659136502 9
4.4185174513027 0.49403344269623806 0.49323699790617276 0.49770045338366237 0.49703344269623806 0.49623699790617276 0.5007004533836623 9
4.3493275805421 0.49401369719872235 0.4931471861569225 0.4977557519501608 0.49701369719872235 0.4961471861569225 0.5007557519501608 9
4.2822846403544 0.49399376636610615 0.49305793345995513 0.49781144900433794 0.49699376636610615 0.49605793345995514 0.5008114490043379 9
4.2172835813756 0.4939745676016142 0.4929685969674781 0.49786647755011265 0.4969745676016142 0.4959685969674781 0.5008664775501126 9
4.1542263217858 0.4939567105760311 0.49287937688618755 0.49792089836027353 0.4969567105760311 0.49587937688618755 0.5009208983602735 9
4.0930211737232 0.4939394403439414 0.49279045375420094 0.4979750651018077 0.4969394403439414 0.49579045375420094 0.5009750651018077 9
4.0335823263733 0.49392268199319084 0.4927018720851064 0.49802954674232996 0.49692268199319084 0.4957018720851064 0.5010295467423299 9
3.975828846378 0.49390639576504747 0.49261423559559364 0.4980838508914652 0.49690639576504747 0.49561423559559364 0.5010838508914651 9
3.9196828672572 0.49389043958702716 0.4925273297115653 0.49813775765233126 0.49689043958702717 0.4955273297115653 0.5011377576523313 9
3.8650760899298 0.4938749150765585 0.49244065908244117 0.49819148167907373 0.4968749150765585 0.49544065908244117 0.5011914816790737 9
3.8119419408224 0.49385965617883254 0.49235396700497464 0.4982445847536422 0.49685965617883254 0.49535396700497464 0.5012445847536422 9
3.7602177883086 0.4938450102372294 0.4922671658535552 0.49829738584643546 0.4968450102372294 0.4952671658535552 0.5012973858464355 9
3.7098434823625 0.4938309678401128 0.4921799701034099 0.498350166016907 0.4968309678401128 0.4951799701034099 0.501350166016907 9
3.6607604762527 0.4938179834014963 0.49209336314922125 0.49840319444738695 0.4968179834014963 0.49509336314922125 0.5014031944473869 9
3.6129198972098 0.49380505161243415 0.4920069629444641 0.49845553270958826 0.49680505161243416 0.4950069629444641 0.5014555327095882 9
3.5662722191411 0.4937926379525496 0.4919206747008457 0.49850775194818936 0.4967926379525496 0.4949206747008457 0.5015077519481893 9
3.5207685269939 0.49378048722795226 0.4918346753312474 0.4985597898594281 0.49678048722795226 0.4948346753312474 0.5015597898594281 9
3.4763620139467 0.493768851291085 0.4917489197699048 0.498611943578076 0.496768851291085 0.4947489197699048 0.5016119435780759 9
3.4330148438295 0.4937580110761662 0.4916629208808399 0.498664345058856 0.4967580110761662 0.4946629208808399 0.5016643450588559 9
3.3906873492335 0.4937477435525265 0.4915766682497657 0.49871710131660246 0.4967477435525265 0.4945766682497657 0.5017171013166024 9
3.3493345664152 0.4937379936240468 0.4914903298374169 0.49877055301610534 0.4967379936240468 0.4944903298374169 0.5017705530161053 9
3.3089270777267 0.4937287250537213 0.49140389488358616 0.49882508257544816 0.4967287250537213 0.49440389488358616 0.5018250825754481 9
3.2694314870768 0.4937197899297895 0.4913170043344173 0.498880360643075 0.4967197899297895 0.4943170043344173 0.501880360643075 9
3.2308078446135 0.49371142558136916 0.49122958099912634 0.49893571255322505 0.49671142558136916 0.49422958099912634 0.501935712553225 9
3.1930315872069 0.4937031166230719 0.49114147824914717 0.4989915095832849 0.4967031166230719 0.49414147824914717 0.5019915095832849 9
3.1560745038175 0.4936950473748075 0.4910521578597654 0.4990482939532393 0.4966950473748075 0.4940521578597654 0.5020482939532392 9
3.119899424345 0.49368689534270666 0.4909616478677894 0.4991055062930087 0.49668689534270666 0.4939616478677894 0.5021055062930087 9
3.0844891067424 0.4936786000270204 0.49086983685880964 0.4991632237692432 0.4966786000270204 0.49386983685880964 0.5021632237692432 9
3.0498146461836 0.49367044060092613 0.4907761651243735 0.49922160438170166 0.49667044060092613 0.4937761651243735 0.5022216043817016 9
3.0158485118826 0.4936622155459995 0.4906799166844488 0.4992805068052208 0.4966622155459995 0.4936799166844488 0.5022805068052207 9
2.9825746953267 0.49365301573988046 0.4905802182855243 0.499340145175258 0.49665301573988047 0.4935802182855243 0.5023401451752579 9
2.9499616387477 0.4936422789166862 0.49047594709756137 0.4994007346460804 0.4966422789166862 0.4934759470975614 0.5024007346460804 9
2.9179955449637 0.49362880846626206 0.4903664396001806 0.4994611599332009 0.49662880846626206 0.4933664396001806 0.5024611599332008 9
2.8866537870416 0.49361088406689213 0.4902525924164548 0.49951958283161263 0.49661088406689213 0.4932525924164548 0.5025195828316126 9
2.8559140324041 0.4935858384734722 0.49013492490628346 0.4995739605645922 0.4965858384734722 0.49313492490628347 0.5025739605645921 9
2.8257651242924 0.49355310048447976 0.4900207811414953 0.4996186685157105 0.49655310048447976 0.4930207811414953 0.5026186685157105 9
2.7961771607254 0.4935197819147579 0.4899184860673238 0.49965076658519697 0.49651978191475793 0.4929184860673238 0.5026507665851969 9
2.7671461137324 0.49348865006903175 0.4898263946777152 0.49967247135721454 0.49648865006903176 0.4928263946777152 0.5026724713572145 9
2.7386445243154 0.4934616857500344 0.48974403012170525 0.49968770677815283 0.4964616857500344 0.49274403012170526 0.5026877067781528 9
2.710665055125 0.4934406014629335 0.48967070278753394 0.49970054507263145 0.4964406014629335 0.49267070278753394 0.5027005450726314 9
2.6831870243116 0.4934204963543708 0.4895989483768422 0.49971408044713067 0.4964204963543708 0.4925989483768422 0.5027140804471306 9
2.6561987835508 0.49340033088162133 0.48953081719795105 0.4997266538337533 0.49640033088162133 0.49253081719795105 0.5027266538337533 9
2.6296857402522 0.49338184175280897 0.48946884595959356 0.4997374712103148 0.49638184175280897 0.49246884595959356 0.5027374712103148 9
2.6036330954259 0.4933648076621887 0.4894107591991455 0.49974890516034026 0.4963648076621887 0.4924107591991455 0.5027489051603402 9
2.5780309360845 0.4933472063694673 0.4893538577718136 0.49976207100172293 0.4963472063694673 0.4923538577718136 0.5027620710017229 9
2.5528625203371 0.49332815025311555 0.48929705976600074 0.4997768010618108 0.49632815025311555 0.49229705976600074 0.5027768010618108 9
2.5281211821226 0.4933074852890492 0.48923978623156844 0.49979312553010585 0.4963074852890492 0.49223978623156844 0.5027931255301058 9
2.5037894949392 0.4932844506971563 0.4891814115138273 0.4998109157430693 0.4962844506971563 0.4921814115138273 0.5028109157430692 9
2.4798625773882 0.49325810289012045 0.48912127648211556 0.4998303558296599 0.49625810289012046 0.49212127648211557 0.5028303558296598 9
2.4563236303683 0.49322951320578745 0.4890573893929594 0.499852453035685 0.49622951320578745 0.4920573893929594 0.5028524530356849 9
2.4331680591237 0.4932005118238419 0.4889895010789146 0.4998775232756327 0.4962005118238419 0.4919895010789146 0.5028775232756326 9
2.410381060985 0.49317217398834706 0.48891835140612855 0.4999049044618528 0.49617217398834706 0.49191835140612855 0.5029049044618528 9
2.3879567882293 0.4931445299394159 0.4888453511627617 0.49993412935461395 0.4961445299394159 0.4918453511627617 0.5029341293546139 9
2.365883864053 0.49311769045705506 0.48877163143136904 0.49996456785853277 0.49611769045705506 0.49177163143136904 0.5029645678585327 9
2.3441536010102 0.4930914730174754 0.4886973478003222 0.49999437940933683 0.4960914730174754 0.4916973478003222 0.5029943794093368 9
2.3227595414562 0.49306612368961106 0.488622830768817 0.5000231984030626 0.49606612368961106 0.491622830768817 0.5030231984030625 9
2.3016885189989 0.49304169056714614 0.4885480232758465 0.5000507250553357 0.49604169056714614 0.4915480232758465 0.5030507250553355 9
2.2809405558184 0.49301856299189084 0.4884733860256719 0.5000774567162346 0.49601856299189084 0.4914733860256719 0.5030774567162345 9
2.2604963097658 0.4929966853419028 0.48839832419171786 0.5001027507554904 0.4959966853419028 0.49139832419171786 0.5031027507554903 9
2.2403633298703 0.4929756714108394 0.4883220906989374 0.500126646024647 0.4959756714108394 0.4913220906989374 0.5031266460246469 9
2.2205160926137 0.49295496652528353 0.48824466956202334 0.5001497920572191 0.49595496652528354 0.49124466956202334 0.503149792057219 9
2.2009651962963 0.4929342250936197 0.48816700613395725 0.5001726931837088 0.49593422509361973 0.49116700613395725 0.5031726931837087 9
2.1816909838723 0.4929137200815638 0.48808925640847567 0.5001951276560297 0.4959137200815638 0.49108925640847567 0.5031951276560296 9
2.162694673679 0.49289399715404253 0.4880118580489222 0.5002173067191075 0.49589399715404253 0.4910118580489222 0.5032173067191074 9
2.1439677772138 0.49287484486045297 0.4879354206527515 0.5002391458255839 0.49587484486045297 0.4909354206527515 0.5032391458255838 9
2.1255002644696 0.49285597309662255 0.4878594555606895 0.5002608646836294 0.49585597309662255 0.4908594555606895 0.5032608646836293 9
2.1072966550091 0.4928368856657209 0.48778388374647136 0.5002823860729739 0.49583688566572093 0.49078388374647136 0.5032823860729738 9
2.0893337250261 0.4928181632174518 0.4877084198083815 0.500304102101128 0.4958181632174518 0.4907084198083815 0.5033041021011279 9
2.0716240914239 0.49280005548091593 0.48763315849342503 0.5003264111545652 0.49580005548091594 0.49063315849342504 0.5033264111545651 9
2.0541498171705 0.49278231100059094 0.48755846936637376 0.5003494473610345 0.49578231100059095 0.49055846936637376 0.5033494473610344 9
2.0369112587715 0.49276449636398956 0.4874847048177432 0.5003728694268502 0.49576449636398956 0.4904847048177432 0.5033728694268501 9
2.0199060829107 0.49274607689859157 0.48741120607151 0.500395693529921 0.49574607689859157 0.49041120607151 0.5033956935299209 9
2.0031178166226 0.4927268888719942 0.4873378396485378 0.5004181212485702 0.4957268888719942 0.4903378396485378 0.5034181212485701 9
1.9865569801153 0.49270699187161926 0.48726496561285493 0.5004405168318147 0.49570699187161926 0.49026496561285493 0.5034405168318146 9
1.9702050756596 0.49268665196872913 0.48719267288223983 0.5004629554277992 0.49568665196872913 0.49019267288223983 0.5034629554277991 9
1.9540657071817 0.4926662446532027 0.4871210730748536 0.5004854009592585 0.4956662446532027 0.4901210730748536 0.5034854009592584 9
1.938136648356 0.4926459787023859 0.4870504293289492 0.500507718622947 0.4956459787023859 0.4900504293289492 0.5035077186229469 9
1.9224007921581 0.49262596971899947 0.4869808061332444 0.5005293093190339 0.49562596971899947 0.4899808061332444 0.5035293093190338 9
1.9068700776571 0.49260602358307953 0.4869122043091196 0.5005502672048148 0.49560602358307954 0.4899122043091196 0.5035502672048147 9
1.8915289753794 0.4925857370463208 0.486844577933699 0.5005706736364391 0.4955857370463208 0.489844577933699 0.503570673636439 9
1.8763768243287 0.49256506447303083 0.4867775108903008 0.5005906308159043 0.49556506447303084 0.4897775108903008 0.5035906308159042 9
1.8614178324832 0.4925443264592244 0.48671094482360233 0.5006100138940617 0.4955443264592244 0.48971094482360233 0.5036100138940616 9
1.8466297229898 0.4925238442690775 0.48664486871690604 0.5006284827178789 0.49552384426907753 0.48964486871690605 0.5036284827178787 9
1.8320263549433 0.4925035938088621 0.4865796165959361 0.5006461511110276 0.4955035938088621 0.48957961659593613 0.5036461511110275 9
1.8176000527713 0.49248382703856863 0.4865151970897153 0.500663233132436 0.49548382703856864 0.4895151970897153 0.5036632331324359 9
1.8033379206087 0.4924644035421995 0.4864512433275089 0.500679559798657 0.4954644035421995 0.4894512433275089 0.5036795597986569 9
1.7892511815579 0.4924457099907921 0.4863873878747523 0.5006942188863018 0.4954457099907921 0.4893873878747523 0.5036942188863017 9
1.7753261677977 0.4924288558840101 0.4863230247953986 0.5007072974965345 0.4954288558840101 0.4893230247953986 0.5037072974965344 9
1.761560629877 0.4924147696276745 0.4862573369206685 0.500720075221579 0.4954147696276745 0.48925733692066853 0.5037200752215789 9
1.7479609256718 0.4924026925222918 0.48619013189290555 0.5007335081844005 0.4954026925222918 0.48919013189290556 0.5037335081844004 9
1.7345092417347 0.4923920659942777 0.48612146451171173 0.5007476341090982 0.4953920659942777 0.48912146451171173 0.5037476341090981 9
1.7212121567632 0.49238224911424927 0.4860516782790978 0.5007623049657061 0.4953822491142493 0.4890516782790978 0.503762304965706 9
1.7080719440777 0.4923730724091918 0.48598088036592 0.5007776316838911 0.4953730724091918 0.48898088036592 0.503777631683891 9
1.6950680242388 0.4923644206207119 0.485909379607977 0.5007938535093246 0.4953644206207119 0.488909379607977 0.5037938535093245 9
1.6822133561144 0.4923559540051598 0.48583723446763244 0.5008110865022753 0.4953559540051598 0.48883723446763244 0.5038110865022752 9
1.6695073277921 0.4923472358072276 0.48576442853740337 0.5008295601784066 0.4953472358072276 0.4887644285374034 0.5038295601784065 9
1.6569273962798 0.4923379073610676 0.48569087479426937 0.5008493607982355 0.4953379073610676 0.48869087479426937 0.5038493607982354 9
1.6444910161562 0.4923275202110068 0.48561688958831534 0.5008705956479312 0.4953275202110068 0.48861688958831534 0.5038705956479311 9
1.6321946255881 0.49231610620862193 0.4855428058128648 0.5008931472448895 0.49531610620862193 0.4885428058128648 0.5038931472448894 9
1.62001780188 0.49230404610713846 0.4854687570778752 0.5009165270917806 0.49530404610713846 0.4884687570778752 0.5039165270917805 9
1.6079773123506 0.4922915018969839 0.4853944530520011 0.5009402152078195 0.4952915018969839 0.4883944530520011 0.5039402152078194 9
1.5960697495899 0.49227858757055065 0.4853198989170588 0.50096405591274 0.49527858757055065 0.4883198989170588 0.5039640559127399 9
1.5842747430506 0.4922656849896792 0.48524505710721283 0.5009880368600654 0.4952656849896792 0.48824505710721283 0.5039880368600653 9
1.5726093216002 0.4922533189534498 0.4851697068426453 0.5010123081436327 0.4952533189534498 0.4881697068426453 0.5040123081436326 9
1.5610712373767 0.4922419113438048 0.4850935049605866 0.501037195774949 0.4952419113438048 0.4880935049605866 0.5040371957749489 9
1.5496383298163 0.49223144849931627 0.4850167933137478 0.5010641378564995 0.4952314484993163 0.4880167933137478 0.5040641378564994 9
1.5383285891043 0.49222118345211996 0.48494108975151345 0.5010943177214029 0.49522118345211996 0.48794108975151346 0.5040943177214028 9
1.5271400537988 0.4922111659230336 0.48486735265880077 0.5011264521742091 0.4952111659230336 0.48786735265880077 0.504126452174209 9
1.5160528783925 0.4922019540999579 0.4847962514046153 0.5011588281198901 0.4952019540999579 0.4877962514046153 0.50415882811989 9
1.5050807412801 0.4921929177310569 0.4847279762793864 0.5011910006165281 0.4951929177310569 0.4877279762793864 0.504191000616528 9
1.4942240935915 0.4921839170291798 0.48466148966803524 0.5012229313525866 0.4951839170291798 0.48766148966803524 0.5042229313525864 9
1.4834665515608 0.49217478770322703 0.48459591539080793 0.5012544590601293 0.49517478770322704 0.48759591539080793 0.5042544590601292 9
1.4728151390856 0.4921651278877711 0.4845304844213384 0.5012849994741453 0.4951651278877711 0.4875304844213384 0.5042849994741452 9
1.4622738809786 0.4921547541735589 0.4844645703764509 0.5013147273769218 0.4951547541735589 0.4874645703764509 0.5043147273769217 9
1.4518310361173 0.49214356256118563 0.48439789755374557 0.5013440973005678 0.49514356256118564 0.4873978975537456 0.5043440973005677 9
1.4414845668672 0.49213167061037083 0.48433065093986255 0.5013735191226788 0.49513167061037083 0.48733065093986255 0.5043735191226787 9
1.4312432664527 0.49211899996759517 0.4842632253665451 0.5014033488596688 0.4951189999675952 0.4872632253665451 0.5044033488596686 9
1.4211012529703 0.49210558401186755 0.48419606062285686 0.5014334944395141 0.49510558401186755 0.48719606062285686 0.504433494439514 9
1.4110449525174 0.4920916755513948 0.4841295339979091 0.501463674525068 0.4950916755513948 0.4871295339979091 0.5044636745250679 9
1.4010891565851 0.49207758483281083 0.48406394165554656 0.5014937028013066 0.49507758483281084 0.48706394165554656 0.5044937028013065 9
1.3912322805527 0.49206364672930125 0.483999117722562 0.501523373905132 0.49506364672930125 0.486999117722562 0.5045233739051319 9
1.3814551152875 0.49204986754017993 0.48393497474393554 0.501552394082762 0.49504986754017993 0.48693497474393554 0.5045523940827619 9
1.3717712703841 0.49203605737307904 0.48387109638631076 0.5015807009971952 0.49503605737307904 0.48687109638631076 0.5045807009971951 9
1.3621820708512 0.4920220949472751 0.4838074605329326 0.5016084545268369 0.4950220949472751 0.4868074605329326 0.5046084545268368 9
1.3526765380818 0.4920080882135649 0.48374442820743235 0.5016357554131154 0.4950080882135649 0.48674442820743236 0.5046357554131153 9
1.3432519191701 0.49199389823501255 0.4836823477284031 0.5016625124574714 0.49499389823501255 0.4866823477284031 0.5046625124574713 9
1.3339179363398 0.4919789203189922 0.4836215146878902 0.501688507027278 0.4949789203189922 0.4866215146878902 0.5046885070272779 9
1.324673161468 0.4919628953921935 0.48356225985513535 0.501713407256423 0.4949628953921935 0.48656225985513535 0.5047134072564229 9
1.3154958073268 0.4919459889337662 0.4835040617139101 0.5017374002741389 0.4949459889337662 0.4865040617139101 0.5047374002741388 9
1.3064053249374 0.49192954536039574 0.4834459410336677 0.5017603296234648 0.49492954536039574 0.48644594103366773 0.5047603296234647 9
1.2974004178884 0.49191403850934573 0.4833867855664954 0.5017825424426736 0.49491403850934573 0.4863867855664954 0.5047825424426735 9
1.2884698516169 0.4918993452798744 0.4833263430835245 0.5018043866203853 0.4948993452798744 0.4863263430835245 0.5048043866203852 9
1.2796118402072 0.49188538739177656 0.4832655470987017 0.5018258074087283 0.49488538739177657 0.4862655470987017 0.5048258074087282 9
1.270835938634 0.49187167190844533 0.4832051818803046 0.501846692921175 0.49487167190844533 0.4862051818803046 0.5048466929211749 9
1.2621409472563 0.49185770850905675 0.4831455447167678 0.5018669846822201 0.49485770850905675 0.4861455447167678 0.50486698468222 9
1.2535070823777 0.4918432641797085 0.48308691449696406 0.5018863940524628 0.4948432641797085 0.48608691449696406 0.5048863940524627 9
1.2449499965101 0.4918288096543003 0.48302905519499767 0.5019047897225729 0.4948288096543003 0.4860290551949977 0.5049047897225728 9
1.2364706250644 0.4918148918274837 0.4829718860506008 0.5019221367380308 0.4948148918274837 0.4859718860506008 0.5049221367380307 9
1.2280625035863 0.49180160060146455 0.4829150745194681 0.501938599004588 0.49480160060146455 0.4859150745194681 0.5049385990045879 9
1.2197146171396 0.49178841767358583 0.48285853861298483 0.5019542643941795 0.49478841767358583 0.48585853861298484 0.5049542643941793 9
1.2114414343101 0.49177555504794335 0.4828023988980772 0.5019695420080958 0.49477555504794335 0.4858023988980772 0.5049695420080957 9
1.2032419020105 0.49176311447983173 0.48274680405563025 0.5019847766640884 0.49476311447983173 0.48574680405563025 0.5049847766640883 9
1.1951035044915 0.4917507810455311 0.48269159657154587 0.5019998738362186 0.4947507810455311 0.48569159657154587 0.5049998738362185 9
1.187027597808 0.4917380759239452 0.4826364993999326 0.5020151994538279 0.4947380759239452 0.4856364993999326 0.5050151994538278 9
1.1790225576037 0.49172486938106263 0.48258171710533554 0.5020307087681148 0.49472486938106264 0.48558171710533554 0.5050307087681147 9
1.1710874045616 0.49171139694896654 0.48252731800805654 0.5020463569407453 0.49471139694896654 0.48552731800805654 0.5050463569407452 9
1.163204862878 0.4916980175448686 0.4824730386410357 0.5020620876414279 0.4946980175448686 0.4854730386410357 0.5050620876414278 9
1.1553860403806 0.4916848467179658 0.4824190425820294 0.5020779754960839 0.4946848467179658 0.4854190425820294 0.5050779754960838 9
1.1476345268922 0.49167196451067513 0.4823651188778536 0.5020939146178077 0.49467196451067513 0.4853651188778536 0.5050939146178076 9
1.1399494101804 0.4916593134780629 0.4823110352069641 0.5021097040803273 0.4946593134780629 0.4853110352069641 0.5051097040803272 9
1.1323099557988 0.49164639556349676 0.4822567899523326 0.5021255012401199 0.49464639556349677 0.4852567899523326 0.5051255012401198 9
1.1247343871304 0.49163331824865103 0.4822025425395689 0.5021418555744772 0.49463331824865103 0.4852025425395689 0.5051418555744771 9
1.1172228244152 0.4916200042100878 0.48214859827492695 0.5021589186110391 0.4946200042100878 0.48514859827492696 0.505158918611039 9
1.1097732043061 0.49160642818279987 0.482095348025365 0.5021765932161758 0.4946064281827999 0.485095348025365 0.5051765932161757 9
1.1023662839011 0.4915929554104578 0.48204289110378884 0.5021948488583241 0.4945929554104578 0.48504289110378884 0.505194848858324 9
1.0950211080468 0.49157976073847914 0.4819909304235921 0.5022139447521438 0.49457976073847915 0.4849909304235921 0.5052139447521437 9
1.087736866972 0.49156649357977705 0.48193914128594384 0.5022339371773599 0.49456649357977706 0.48493914128594384 0.5052339371773598 9
1.0805106987643 0.4915526607164618 0.4818873219540027 0.5022545638802907 0.4945526607164618 0.4848873219540027 0.5052545638802906 9
1.0733251055509 0.49153844335321584 0.4818351327261514 0.5022758057018005 0.49453844335321584 0.4848351327261514 0.5052758057018004 9
1.0661983452518 0.49152391356511727 0.481782554707497 0.5022970432264757 0.49452391356511727 0.484782554707497 0.5052970432264756 9
1.0591296602921 0.49150962838519907 0.4817296356009957 0.5023176517810595 0.4945096283851991 0.4847296356009957 0.5053176517810594 9
1.0521167440013 0.4914959002340015 0.48167610017778056 0.502337697546399 0.49449590023400153 0.48467610017778057 0.5053376975463989 9
1.0451411098288 0.4914825853878858 0.4816216858179612 0.5023575258549046 0.4944825853878858 0.4846216858179612 0.5053575258549045 9
1.0382215950154 0.491469577379255 0.4815663793840799 0.502377627900348 0.494469577379255 0.4845663793840799 0.5053776279003479 9
1.0313574897767 0.49145678505656726 0.48151035244734625 0.5023983181207046 0.49445678505656726 0.48451035244734625 0.5053983181207045 9
1.0245480965424 0.4914441537593314 0.48145389858533755 0.502419429785698 0.49444415375933143 0.48445389858533755 0.5054194297856979 9
1.017772123598 0.4914317659850226 0.4813973692618037 0.5024406232853643 0.4944317659850226 0.4843973692618037 0.5054406232853642 9
1.0110494227456 0.49141975947016675 0.48134091439958954 0.502461544300421 0.49441975947016675 0.48434091439958954 0.5054615443004209 9
1.0043796431622 0.491408408419228 0.4812846281721827 0.5024820114496167 0.494408408419228 0.4842846281721827 0.5054820114496166 9
0.99776213014756 0.49139761417685934 0.48122847643860606 0.5025019147577848 0.49439761417685935 0.48422847643860606 0.5055019147577847 9
0.99117884850799 0.4913872179486128 0.48117232050844017 0.5025212264252015 0.4943872179486128 0.48417232050844017 0.5055212264252014 9
0.98464320697157 0.4913772081285535 0.48111599160360563 0.5025400487763774 0.4943772081285535 0.48411599160360563 0.5055400487763773 9
0.9781581612632 0.4913676299530596 0.48105925849490805 0.502558487305836 0.4943676299530596 0.48405925849490805 0.5055584873058359 9
0.97172309608538 0.4913580741434532 0.4810019234559986 0.5025767152377625 0.49435807414345323 0.48400192345599863 0.5055767152377624 9
0.96532462436675 0.4913484065610258 0.4809443984282683 0.5025948238908273 0.4943484065610258 0.4839443984282683 0.5055948238908272 9
0.95896690887525 0.4913386225476964 0.48088694582857017 0.5026130321085882 0.4943386225476964 0.48388694582857017 0.5056130321085881 9
0.95265761347778 0.4913290763460006 0.4808298733361556 0.5026311656985665 0.4943290763460006 0.4838298733361556 0.5056311656985664 9
0.9463961591362 0.491319773648501 0.4807732135630754 0.5026490682300992 0.494319773648501 0.4837732135630754 0.5056490682300991 9
0.94017521578782 0.49131072154236144 0.48071694007483257 0.5026666995554191 0.49431072154236144 0.48371694007483257 0.505666699555419 9
0.93398686439024 0.49130172214372 0.48066108984711453 0.5026838416835291 0.49430172214372 0.48366108984711453 0.505683841683529 9
0.92784489517301 0.49129256780410185 0.48060559836266903 0.5027005601691997 0.49429256780410186 0.48360559836266903 0.5057005601691996 9
0.92174876251733 0.49128356612293533 0.4805501886179448 0.5027169588028156 0.49428356612293534 0.4835501886179448 0.5057169588028155 9
0.9156979295318 0.4912747060375415 0.4804946688417671 0.5027330319200674 0.4942747060375415 0.4834946688417671 0.5057330319200672 9
0.90967159627416 0.4912659647010437 0.4804390938589019 0.502749077471106 0.4942659647010437 0.4834390938589019 0.5057490774711059 9
0.90368904444951 0.4912572119555192 0.4803835297375092 0.5027650853649968 0.4942572119555192 0.4833835297375092 0.5057650853649966 9
0.89775044918019 0.4912483246565443 0.4803280067801935 0.5027810837760575 0.4942483246565443 0.4833280067801935 0.5057810837760573 9
0.89185530379715 0.4912392339742375 0.4802725730046232 0.5027970650988808 0.4942392339742375 0.48327257300462323 0.5057970650988807 9
0.88599164389828 0.491229994691115 0.4802172815221314 0.5028129795842009 0.494229994691115 0.4832172815221314 0.5058129795842008 9
0.88016107610262 0.4912207542580921 0.4801621730150606 0.5028287525520835 0.4942207542580921 0.4831621730150606 0.5058287525520834 9
0.87437269983301 0.49121174454817057 0.48010716029135286 0.5028442729153811 0.4942117445481706 0.48310716029135287 0.505844272915381 9
0.86862603635505 0.49120319339372087 0.4800522811017288 0.5028595154920855 0.4942031933937209 0.4830522811017288 0.5058595154920854 9
0.86291940878337 0.4911951150468334 0.47999783250084344 0.5028743535869673 0.4941951150468334 0.48299783250084344 0.5058743535869672 9
0.85723383087515 0.4911875407600652 0.47994401184774543 0.5028886124248558 0.4941875407600652 0.48294401184774544 0.5058886124248557 9
0.85158878579305 0.49118084412771784 0.4798907777566802 0.5029025340038761 0.49418084412771784 0.4828907777566802 0.505902534003876 9
0.84598382066627 0.4911752561030558 0.4798379735736272 0.5029165890681029 0.4941752561030558 0.4828379735736272 0.5059165890681028 9
0.84041848950037 0.49117059811168934 0.47978564472173557 0.5029313219211619 0.49417059811168934 0.4827856447217356 0.5059313219211617 9
0.83488183833337 0.4911667450538869 0.4797334923214258 0.5029465667843226 0.4941667450538869 0.4827334923214258 0.5059465667843225 9
0.82937363510042 0.4911633202418869 0.4796814565642002 0.5029623871691068 0.4941633202418869 0.4826814565642002 0.5059623871691067 9
0.82390397556094 0.4911596936903875 0.4796294884513195 0.5029785911058048 0.4941596936903875 0.4826294884513195 0.5059785911058047 9
0.81847243723053 0.4911556068275303 0.479577725772952 0.5029952122520298 0.4941556068275303 0.482577725772952 0.5059952122520297 9
0.81307860391699 0.4911511039449498 0.47952600750080804 0.5030123003918312 0.4941511039449498 0.48252600750080804 0.5060123003918311 9
0.80770371043444 0.49114611820209086 0.4794741495456547 0.5030298103224677 0.49414611820209087 0.4824741495456547 0.5060298103224676 9
0.80236332596868 0.49114074366314975 0.4794222110590809 0.5030476789376845 0.49414074366314975 0.4824222110590809 0.5060476789376844 9
0.79705963784577 0.49113520739989475 0.47937023325372047 0.5030659713351887 0.49413520739989475 0.48237023325372047 0.5060659713351886 9
0.79179225128407 0.4911295217639949 0.4793182324207105 0.5030846570219062 0.4941295217639949 0.4823182324207105 0.5060846570219061 9
0.78655689761214 0.49112364009318293 0.47926648102152636 0.5031032808839286 0.49412364009318294 0.48226648102152636 0.5061032808839285 9
0.78134009393393 0.4911173756195008 0.4792152566191389 0.5031218137723111 0.4941173756195008 0.4822152566191389 0.506121813772311 9
0.7761586433676 0.491110654850092 0.47916432677227666 0.503140264974904 0.494110654850092 0.48216432677227666 0.5061402649749039 9
0.77101217103574 0.49110355879872203 0.4791135614472166 0.5031586079477873 0.49410355879872203 0.4821135614472166 0.5061586079477872 9
0.76590030745976 0.4910960945770638 0.47906307041025453 0.503176971859205 0.4940960945770638 0.48206307041025453 0.5061769718592048 9
0.76081379885244 0.4910883119691256 0.47901293037878306 0.5031954890695877 0.4940883119691256 0.48201293037878307 0.5061954890695876 9
0.755749279941 0.49108004095605967 0.4789630700182375 0.5032140256160476 0.4940800409560597 0.4819630700182375 0.5062140256160474 9
0.75071849047525 0.4910711557720057 0.4789132517607039 0.5032324973766142 0.4940711557720057 0.4819132517607039 0.5062324973766141 9
0.74572107916104 0.4910618900657702 0.4788634401386581 0.5032510529504557 0.4940618900657702 0.4818634401386581 0.5062510529504556 9
0.74075669967216 0.49105241430823016 0.47881396495100603 0.5032694377932011 0.49405241430823016 0.48181396495100604 0.506269437793201 9
0.73581255833548 0.4910428572395228 0.4787649098517037 0.5032878146135716 0.4940428572395228 0.4817649098517037 0.5062878146135715 9
0.73089250075317 0.4910332815935865 0.47871610043184404 0.5033063084553104 0.4940332815935865 0.48171610043184404 0.5063063084553103 9
0.7260046588948 0.4910237183598583 0.4786675775726596 0.5033247121123451 0.4940237183598583 0.4816675775726596 0.506324712112345 9
0.72114870307506 0.4910137530403018 0.47861931687313203 0.5033428354293122 0.4940137530403018 0.48161931687313203 0.5063428354293121 9
0.71632430818874 0.49100356401075695 0.4785712509999872 0.5033608397573739 0.49400356401075696 0.4815712509999872 0.5063608397573738 9
0.71151657636678 0.4909933441108618 0.4785232620838487 0.5033789615926213 0.4939933441108618 0.4815232620838487 0.5063789615926212 9
0.70673367790418 0.4909831452109659 0.4784752456334838 0.5033973556936429 0.4939831452109659 0.4814752456334838 0.5063973556936427 9
0.7019815821568 0.4909730062401116 0.4784272855180179 0.5034157712271493 0.4939730062401116 0.4814272855180179 0.5064157712271492 9
0.69725997927213 0.4909628824097804 0.47837922730520843 0.5034341319071021 0.4939628824097804 0.48137922730520843 0.506434131907102 9
0.69256856362776 0.49095279031288347 0.4783309919225279 0.5034522089552134 0.49395279031288347 0.48133099192252793 0.5064522089552133 9
0.68789175956347 0.4909428191626032 0.4782826781694774 0.5034698530885306 0.4939428191626032 0.4812826781694774 0.5064698530885305 9
0.68323919580981 0.4909329918240809 0.47823436559964533 0.5034873312688516 0.4939329918240809 0.48123436559964533 0.5064873312688515 9
0.67861611416933 0.49092330488363045 0.4781861271137125 0.503505025724599 0.49392330488363045 0.4811861271137125 0.5065050257245989 9
0.67402222302142 0.4909134783802386 0.4781382102189755 0.5035227495586869 0.4939134783802386 0.4811382102189755 0.5065227495586868 9
0.66945723465923 0.4909034642686619 0.47809053953294794 0.5035405780098037 0.4939034642686619 0.48109053953294795 0.5065405780098036 9
0.66490631270708 0.4908932466071291 0.4780428437779498 0.5035585319633692 0.4938932466071291 0.4810428437779498 0.5065585319633691 9
0.66037769796949 0.49088275725443087 0.47799497273869035 0.5035765479570923 0.49388275725443087 0.48099497273869035 0.5065765479570922 9
0.65587732966094 0.49087208586803066 0.4779471655707585 0.5035944800812164 0.49387208586803066 0.4809471655707585 0.5065944800812163 9
0.65140493294704 0.4908614264764687 0.4778995754391384 0.5036123026198324 0.4938614264764687 0.4808995754391384 0.5066123026198323 9
0.64696023662064 0.49085093954625064 0.47785214166767437 0.503630174886022 0.49385093954625064 0.48085214166767437 0.5066301748860219 9
0.64253055102091 0.49084063404793077 0.47780481402629726 0.5036480814194702 0.49384063404793077 0.48080481402629727 0.50664808141947 9
0.63811990308989 0.49083035802005315 0.47775749667513295 0.5036658077466264 0.49383035802005315 0.48075749667513296 0.5066658077466263 9
0.63373634405731 0.49082005090990316 0.4777101565429277 0.5036834387181574 0.49382005090990316 0.4807101565429277 0.5066834387181572 9
0.62937961456704 0.4908096744024003 0.4776627977538089 0.5037008843525047 0.4938096744024003 0.4806627977538089 0.5067008843525046 9
0.62504945863016 0.49079917951612045 0.4776155740946229 0.5037182430413073 0.49379917951612046 0.4806155740946229 0.5067182430413072 9
0.62073673052047 0.49078862909394355 0.47756842094420177 0.5037354855405131 0.49378862909394355 0.48056842094420177 0.506735485540513 9
0.61643843884477 0.4907780898960526 0.4775213564701227 0.5037525975885898 0.4937780898960526 0.48052135647012273 0.5067525975885897 9
0.61216615056918 0.49076740490959675 0.4774744211452336 0.5037694359406103 0.49376740490959675 0.4804744211452336 0.5067694359406102 9
0.60791962063034 0.4907565382429162 0.47742763064915955 0.5037860871565629 0.4937565382429162 0.48042763064915955 0.5067860871565628 9
0.60369860709579 0.4907457422509255 0.47738084090717137 0.5038029853914171 0.4937457422509255 0.48038084090717137 0.506802985391417 9
0.59949892837847 0.4907351804731958 0.4773342349681713 0.5038201920122447 0.4937351804731958 0.4803342349681713 0.5068201920122446 9
0.59530769128217 0.490724982741484 0.47728793250927465 0.5038374618330254 0.493724982741484 0.48028793250927465 0.5068374618330252 9
0.59114147255701 0.49071492232108677 0.47724191301634006 0.5038546362486912 0.49371492232108677 0.48024191301634006 0.5068546362486911 9
0.58700000636993 0.49070492591521364 0.47719586845605017 0.5038715401236953 0.49370492591521364 0.48019586845605017 0.5068715401236952 9
0.58288306378981 0.4906949225768079 0.4771495302376204 0.5038880952026261 0.4936949225768079 0.4801495302376204 0.506888095202626 9
0.57879041875505 0.490684958302094 0.47710295845924205 0.503904336026827 0.493684958302094 0.48010295845924206 0.5069043360268269 9
0.57470366814489 0.490675203588357 0.4770562121117617 0.5039204916458895 0.493675203588357 0.4800562121117617 0.5069204916458894 9
0.57063862948489 0.4906656604093109 0.47700951338572445 0.5039367293147823 0.4936656604093109 0.48000951338572445 0.5069367293147822 9
0.56659739802974 0.49065613914587664 0.47696317715559633 0.5039532046952799 0.49365613914587664 0.47996317715559633 0.5069532046952798 9
0.5625797568898 0.4906466303816272 0.47691717875181217 0.5039696412986595 0.4936466303816272 0.47991717875181217 0.5069696412986594 9
0.55858549185246 0.4906371614201315 0.47687137660792045 0.5039859081261774 0.4936371614201315 0.47987137660792045 0.5069859081261773 9
0.55460387458862 0.4906277387614751 0.4768258153327367 0.5040021941012919 0.4936277387614751 0.4798258153327367 0.5070021941012918 9
0.55063541498816 0.4906183763516182 0.47678035570047955 0.5040185185240612 0.4936183763516182 0.47978035570047955 0.5070185185240611 9
0.54668987322863 0.4906090916102657 0.47673516069021743 0.5040347677945701 0.4936090916102657 0.47973516069021743 0.50703476779457 9
0.54276704358739 0.4905999165890408 0.47669029516043476 0.5040508440628825 0.4935999165890408 0.47969029516043477 0.5070508440628824 9
0.53886672284287 0.4905907852320437 0.47664596457597613 0.5040668175789365 0.4935907852320437 0.47964596457597614 0.5070668175789363 9
0.53498719997053 0.49058155656825186 0.47660222390075757 0.5040827972675959 0.49358155656825187 0.4796022239007576 0.5070827972675958 9
0.5311109857619 0.49057237506929213 0.4765591505579196 0.504098912106566 0.49357237506929214 0.4795591505579196 0.5070989121065659 9
0.52725685190228 0.4905632553228735 0.4765167106561081 0.5041154130973862 0.4935632553228735 0.4795167106561081 0.5071154130973861 9
0.52342460303801 0.4905543201780566 0.47647462082281955 0.5041322416869674 0.4935543201780566 0.47947462082281955 0.5071322416869672 9
0.51961404615548 0.490545603169038 0.47643298588323607 0.5041491042335481 0.493545603169038 0.4794329858832361 0.507149104233548 9
0.5158249905458 0.49053736626385974 0.4763914899544307 0.5041658100207281 0.49353736626385974 0.4793914899544307 0.507165810020728 9
0.51204576013561 0.49052960809841545 0.47634985117987294 0.5041823035149546 0.49352960809841545 0.47934985117987294 0.5071823035149545 9
0.50827899671714 0.4905220408309421 0.4763079224058897 0.5041987261783871 0.4935220408309421 0.4793079224058897 0.507198726178387 9
0.5045333385741 0.49051456192940973 0.47626568933464003 0.5042151101418434 0.49351456192940973 0.47926568933464003 0.5072151101418433 9
0.50080860218497 0.49050705256005905 0.47622339148671916 0.5042318168878176 0.49350705256005906 0.47922339148671916 0.5072318168878175 9
0.49710460618806 0.4904997851451609 0.4761810121804816 0.5042490153023893 0.4934997851451609 0.4791810121804816 0.5072490153023892 9
0.4934211713495 0.49049290467825746 0.476138558328247 0.5042664659930268 0.49349290467825746 0.479138558328247 0.5072664659930267 9
0.48973812198337 0.4904863607113478 0.47609590055061274 0.5042840111845033 0.4934863607113478 0.47909590055061274 0.5072840111845032 9
0.48607528823301 0.49048018246686 0.476053035126859 0.5043015796278109 0.49348018246686 0.479053035126859 0.5073015796278108 9
0.48243264939993 0.49047429587197644 0.47601000113637826 0.504319169793522 0.49347429587197644 0.47901000113637826 0.5073191697935219 9
0.47881003282615 0.4904685349312078 0.47596696100148256 0.5043364766592542 0.4934685349312078 0.47896696100148256 0.5073364766592541 9
0.47520726785087 0.4904628849790638 0.47592371551889984 0.5043535419250478 0.4934628849790638 0.47892371551889984 0.5073535419250477 9
0.47161711020906 0.49045727844111703 0.47588020187311364 0.5043704040197478 0.49345727844111703 0.47888020187311364 0.5073704040197476 9
0.46803354276327 0.49045148169276737 0.47583644116341517 0.5043872290617761 0.49345148169276737 0.47883644116341517 0.507387229061776 9
0.4644694837705 0.49044544848983285 0.4757925530643218 0.5044040263271299 0.49344544848983285 0.4787925530643218 0.5074040263271298 9
0.46092476868649 0.49043909490785953 0.47574866367005003 0.5044207861805478 0.49343909490785953 0.47874866367005003 0.5074207861805476 9
0.45739923484396 0.4904325037370724 0.47570485190318923 0.5044376315018402 0.4934325037370724 0.47870485190318923 0.5074376315018401 9
0.45389272142566 0.4904257807276574 0.475661157395455 0.5044545004501964 0.4934257807276574 0.478661157395455 0.5074545004501962 9
0.4503921703702 0.4904191231609037 0.4756178053064226 0.5044713454021147 0.4934191231609037 0.4786178053064226 0.5074713454021146 9
0.44690336479448 0.4904126080804014 0.4755747645746998 0.5044880566009065 0.4934126080804014 0.47857476457469983 0.5074880566009063 9
0.44343326183886 0.49040621058917494 0.47553197936507446 0.5045046881867432 0.49340621058917494 0.47853197936507447 0.5075046881867431 9
0.43998170629732 0.4903998831582754 0.47548936099754463 0.5045212065387363 0.4933998831582754 0.47848936099754463 0.5075212065387362 9
0.43654854470516 0.4903933940342274 0.47544686438756834 0.5045377814218723 0.4933933940342274 0.47844686438756834 0.5075377814218722 9
0.43313362531434 0.49038672797414906 0.47540438377358113 0.5045543574004409 0.49338672797414906 0.47840438377358113 0.5075543574004407 9
0.42971944748369 0.49037973280675706 0.47536188230675824 0.5045708262172953 0.49337973280675707 0.47836188230675825 0.5075708262172952 9
0.42632084331433 0.4903723316997556 0.47531941927041366 0.5045871322359693 0.4933723316997556 0.47831941927041366 0.5075871322359692 9
0.42294018680497 0.4903646389173325 0.47527696673475683 0.504603308766411 0.4933646389173325 0.47827696673475684 0.5076033087664109 9
0.41957733136241 0.49035684890264924 0.47523454968362183 0.5046193341791732 0.49335684890264925 0.47823454968362183 0.507619334179173 9
0.41623213201158 0.4903491862716731 0.4751924145538483 0.5046353330357697 0.4933491862716731 0.4781924145538483 0.5076353330357696 9
0.41290371974497 0.49034173558638805 0.475150870217297 0.5046512531389792 0.49334173558638805 0.478150870217297 0.5076512531389791 9
0.40957366550905 0.49033473072111644 0.47510979744114407 0.5046670674649822 0.49333473072111644 0.47810979744114407 0.5076670674649821 9
0.40626099099231 0.4903281545659008 0.4750688615924283 0.5046827732612127 0.4933281545659008 0.4780688615924283 0.5076827732612126 9
0.40296555603012 0.4903216814669044 0.4750277348955716 0.5046983940851665 0.4933216814669044 0.4780277348955716 0.5076983940851664 9
0.39968725611483 0.49031507293043647 0.47498649674681265 0.5047139406030083 0.49331507293043647 0.47798649674681265 0.5077139406030082 9
0.39642585172503 0.49030829103274526 0.4749449602754145 0.5047292139693321 0.49330829103274526 0.4779449602754145 0.507729213969332 9
0.39317864538299 0.49030110449897646 0.4749031234795551 0.5047442718665373 0.49330110449897646 0.4779031234795551 0.5077442718665371 9
0.38993118762219 0.4902936503570005 0.47486128260391386 0.5047594355571772 0.4932936503570005 0.47786128260391386 0.5077594355571771 9
0.38670043722657 0.4902860262490267 0.4748196356754046 0.504774686849007 0.4932860262490267 0.4778196356754046 0.5077746868490068 9
0.38348626149441 0.49027834277961435 0.4747780884119553 0.504790019756525 0.49327834277961435 0.4777780884119553 0.5077900197565249 9
0.38028852914721 0.49027061372381553 0.47473667854809626 0.504805512171202 0.49327061372381553 0.47773667854809626 0.5078055121712018 9
0.3771071103105 0.4902629801883922 0.4746953791436407 0.5048211339118601 0.4932629801883922 0.4776953791436407 0.50782113391186 9
0.37393854797486 0.49025542043272274 0.47465423650186117 0.5048369306848076 0.49325542043272275 0.4776542365018612 0.5078369306848075 9
0.37076988654209 0.4902479309149262 0.47461333238464415 0.5048529359352874 0.4932479309149262 0.47761333238464415 0.5078529359352872 9
0.3676173005825 0.4902405163269159 0.4745726353612421 0.5048692244607684 0.4932405163269159 0.4775726353612421 0.5078692244607683 9
0.36448066430596 0.4902330174039163 0.4745321111274819 0.5048856809685002 0.4932330174039163 0.4775321111274819 0.5078856809685001 9
0.36135985325087 0.4902253726278058 0.4744916940426811 0.5049022398699714 0.4932253726278058 0.4774916940426811 0.5079022398699713 9
0.35825474426651 0.49021744273716505 0.474451594589933 0.5049187244092457 0.49321744273716506 0.477451594589933 0.5079187244092456 9
0.35516246164489 0.4902092446832377 0.47441183039244944 0.5049351297495479 0.4932092446832377 0.47741183039244944 0.5079351297495478 9
0.35206902679766 0.49020092740235927 0.47437230868333663 0.5049514077646461 0.49320092740235927 0.47737230868333663 0.507951407764646 9
0.34899107293883 0.49019256395056654 0.4743330248836834 0.504967609964908 0.49319256395056654 0.4773330248836834 0.5079676099649079 9
0.34592848069459 0.4901841270059733 0.4742937801570112 0.5049837515845047 0.4931841270059733 0.4772937801570112 0.5079837515845046 9
0.3428811319199 0.49017567904800985 0.4742546904854425 0.504999794850861 0.49317567904800985 0.4772546904854425 0.5079997948508609 9
0.33984890970431 0.4901670669821697 0.4742156625647752 0.505015739401088 0.4931670669821697 0.4772156625647752 0.5080157394010879 9
0.33683072234148 0.4901583204426011 0.4741765844732687 0.5050314382880352 0.4931583204426011 0.4771765844732687 0.5080314382880351 9
0.3338091576531 0.49014956076155597 0.4741375833833992 0.5050469118805826 0.49314956076155597 0.4771375833833992 0.5080469118805825 9
0.33080251410347 0.4901407781992262 0.47409864569891463 0.5050620744170072 0.4931407781992262 0.47709864569891464 0.5080620744170071 9
0.32781067826433 0.4901321232407689 0.47405973069795215 0.5050770463407722 0.4931321232407689 0.47705973069795216 0.5080770463407721 9
0.32483353787018 0.4901235777977748 0.47402099554163546 0.50509189445235 0.4931235777977748 0.47702099554163546 0.5080918944523499 9
0.32187098180335 0.4901152055609715 0.47398236445253256 0.5051066028172951 0.4931152055609715 0.47698236445253256 0.508106602817295 9
0.31892290007921 0.4901070181628474 0.47394378697681494 0.5051211238439597 0.4931070181628474 0.47694378697681494 0.5081211238439596 9
0.31597201556788 0.49009889122874356 0.47390524035329507 0.5051354135242189 0.49309889122874356 0.47690524035329507 0.5081354135242188 9
0.31303355575339 0.4900905160387538 0.4738669106642109 0.5051495039058727 0.4930905160387538 0.4768669106642109 0.5081495039058725 9
0.31010938142934 0.49008182890963925 0.47382875607902825 0.5051632674588435 0.49308182890963925 0.47682875607902825 0.5081632674588434 9
0.30719938579194 0.49007307368259584 0.4737905346693307 0.505176831091202 0.49307307368259584 0.4767905346693307 0.5081768310912019 9
0.30430346311374 0.49006437311492773 0.47375227812041526 0.5051902857121537 0.49306437311492773 0.47675227812041526 0.5081902857121536 9
0.30142150872997 0.4900555973114848 0.47371389039335576 0.5052037826932957 0.4930555973114848 0.47671389039335577 0.5082037826932956 9
0.29854043520423 0.4900467491571117 0.47367542233332277 0.5052173749945318 0.4930467491571117 0.4766754223333228 0.5082173749945317 9
0.29566721380967 0.49003794533465833 0.47363687409253935 0.5052309291465389 0.49303794533465833 0.47663687409253935 0.5082309291465388 9
0.29280778508781 0.49002934998828757 0.47359821942343566 0.5052444529904729 0.49302934998828757 0.47659821942343567 0.5082444529904728 9
0.28996204732044 0.4900211771112002 0.47355968367485607 0.5052577005169058 0.4930211771112002 0.47655968367485607 0.5082577005169057 9
0.28712989980004 0.49001329850370623 0.4735214349812131 0.5052706077083925 0.49301329850370623 0.4765214349812131 0.5082706077083924 9
0.28431124281708 0.49000563832595606 0.4734835371048279 0.5052832236703211 0.49300563832595606 0.4764835371048279 0.508283223670321 9
0.28149826811256 0.4899982263457476 0.4734458898106974 0.5052956032070121 0.4929982263457476 0.4764458898106974 0.508295603207012 9
0.27868750831942 0.4899911433316885 0.4734083918409702 0.5053079578072163 0.4929911433316885 0.4764083918409702 0.5083079578072162 9
0.27589007570068 0.4899843977533623 0.47337092680135695 0.5053204853365477 0.4929843977533623 0.47637092680135695 0.5083204853365476 9
0.27310587327917 0.48997794180583026 0.47333343055470617 0.5053331162359357 0.49297794180583027 0.47633343055470617 0.5083331162359356 9
0.27033480502798 0.4899715321921327 0.47329599053295757 0.5053456657016685 0.4929715321921327 0.47629599053295757 0.5083456657016684 9
0.26757677585878 0.48996516595462236 0.4732586231595628 0.5053580848388269 0.49296516595462236 0.4762586231595628 0.5083580848388268 9
0.26483030832789 0.48995883558129694 0.4732214177750569 0.5053704639436464 0.49295883558129694 0.4762214177750569 0.5083704639436463 9
0.26207939013998 0.4899526379659931 0.4731842337706996 0.5053827739435941 0.4929526379659931 0.4761842337706996 0.508382773943594 9
0.25934135903983 0.489946620871366 0.4731468746870408 0.5053951716768725 0.492946620871366 0.4761468746870408 0.5083951716768724 9
0.25661612247527 0.4899406879203587 0.47310946517764124 0.5054077463865666 0.4929406879203587 0.47610946517764124 0.5084077463865665 9
0.25390358878878 0.4899347363785698 0.4730720606224544 0.505420463539369 0.4929347363785698 0.4760720606224544 0.5084204635393689 9
0.25120366720661 0.48992889176088006 0.4730347347347598 0.5054332099297467 0.49292889176088006 0.4760347347347598 0.5084332099297466 9
0.24851626782811 0.4899232210420538 0.47299744600987126 0.5054460044071524 0.4929232210420538 0.47599744600987126 0.5084460044071523 9
0.2458286737454 0.48991773437623604 0.47296017067653195 0.5054587144161905 0.49291773437623604 0.47596017067653196 0.5084587144161904 9
0.24314759395484 0.48991237545320737 0.472923062274322 0.5054713598243223 0.4929123754532074 0.475923062274322 0.5084713598243222 9
0.24047889640992 0.48990708919191195 0.4728860251106676 0.5054839654618476 0.49290708919191195 0.4758860251106676 0.5084839654618475 9
0.23782249353653 0.4899016718303923 0.4728490614428719 0.5054964638783848 0.4929016718303923 0.4758490614428719 0.5084964638783847 9
0.23517829859383 0.4898960002094668 0.4728120968870424 0.5055087302998601 0.4928960002094668 0.4758120968870424 0.50850873029986 9
0.23254622566424 0.4898902245482685 0.47277506689830884 0.5055210044305188 0.49289022454826853 0.47577506689830884 0.5085210044305187 9
0.22992197556892 0.48988445684326504 0.4727381126594718 0.5055333685233766 0.49288445684326504 0.4757381126594718 0.5085333685233765 9
0.22729553158174 0.48987872851580266 0.4727013507193975 0.5055456871149253 0.49287872851580267 0.4757013507193975 0.5085456871149252 9
0.22468107933831 0.489872937084906 0.47266481114373854 0.505558102820597 0.492872937084906 0.47566481114373854 0.5085581028205969 9
0.22207853508494 0.4898671458616456 0.4726283701785926 0.5055707462018938 0.4928671458616456 0.4756283701785926 0.5085707462018937 9
0.21948781585449 0.48986141067714567 0.47259201778525783 0.5055836407061167 0.4928614106771457 0.47559201778525784 0.5085836407061166 9
0.21690883945709 0.48985585633604745 0.47255585703040737 0.5055966688970535 0.49285585633604745 0.47555585703040737 0.5085966688970534 9
0.21434152447097 0.48985040372886185 0.47251982125552766 0.5056097797952549 0.49285040372886185 0.47551982125552766 0.5086097797952548 9
0.21177265948111 0.4898450170100318 0.4724838849398387 0.5056228652985344 0.4928450170100318 0.47548388493983873 0.5086228652985343 9
0.20921028317714 0.48983966407089113 0.472447977098059 0.5056358505747106 0.49283966407089114 0.475447977098059 0.5086358505747105 9
0.20665944827107 0.4898342279977631 0.47241206933887075 0.5056486776774136 0.4928342279977631 0.47541206933887076 0.5086486776774135 9
0.20412007533074 0.489828720191128 0.4723760756212932 0.5056613581323907 0.492828720191128 0.4753760756212932 0.5086613581323906 9
0.20159208565867 0.4898230745350348 0.4723399911803089 0.5056739348355707 0.4928230745350348 0.4753399911803089 0.5086739348355706 9
0.19907540128273 0.48981740348027036 0.4723037653022112 0.5056865659430925 0.49281740348027037 0.4753037653022112 0.5086865659430924 9
0.19656715024957 0.489811809051977 0.4722674237553053 0.5056992718218579 0.492811809051977 0.4752674237553053 0.5086992718218578 9
0.19405479681231 0.48980623362587267 0.4722311394600983 0.5057120307167349 0.49280623362587267 0.4752311394600983 0.5087120307167348 9
0.1915536369477 0.48980061242714756 0.4721950782457464 0.505724796767766 0.49280061242714757 0.4751950782457464 0.5087247967677659 9
0.18906359453835 0.4897951148219355 0.4721590794873422 0.5057376017497666 0.4927951148219355 0.4751590794873422 0.5087376017497665 9
0.18658459416215 0.48978971912979163 0.472123280183572 0.5057503828812845 0.49278971912979164 0.475123280183572 0.5087503828812844 9
0.18411656108423 0.4897844200169056 0.4720877044674534 0.5057631242729173 0.4927844200169056 0.4750877044674534 0.5087631242729171 9
0.18165942124917 0.48977923235692616 0.4720523083274185 0.5057758163360848 0.49277923235692617 0.4750523083274185 0.5087758163360847 9
0.17920353940811 0.4897740512903934 0.4720171046817679 0.5057884790320634 0.4927740512903934 0.4750171046817679 0.5087884790320633 9
0.17675012791305 0.4897688017320558 0.4719819610429934 0.5058010973582788 0.4927688017320558 0.4749819610429934 0.5088010973582787 9
0.1743075067069 0.48976351670446505 0.4719468914563469 0.5058136988298233 0.49276351670446505 0.4749468914563469 0.5088136988298232 9
0.17187560344244 0.48975823688979747 0.47191184094985483 0.5058262708076108 0.4927582368897975 0.47491184094985484 0.5088262708076107 9
0.16945434642363 0.4897528413560836 0.47187682127659364 0.5058387357161545 0.4927528413560836 0.47487682127659364 0.5088387357161543 9
0.16704366459831 0.48974738673208157 0.4718418977757322 0.5058511945230683 0.49274738673208157 0.4748418977757322 0.5088511945230682 9
0.16464348755087 0.4897419933577941 0.4718070590689209 0.5058637060167559 0.4927419933577941 0.4748070590689209 0.5088637060167558 9
0.16223852842817 0.4897366385772504 0.4717721955910139 0.5058762698238991 0.4927366385772504 0.4747721955910139 0.508876269823899 9
0.15984151885138 0.48973120608021414 0.4717372468292589 0.5058888287284851 0.49273120608021415 0.4747372468292589 0.508888828728485 9
0.15745491917309 0.48972568748893275 0.4717022831313305 0.505901321534965 0.49272568748893275 0.4747022831313305 0.5089013215349649 9
0.15507866055336 0.4897201988979494 0.4716672937042765 0.5059138311578634 0.4927201988979494 0.4746672937042765 0.5089138311578633 9
0.15271267476302 0.48971474721124403 0.4716323677441781 0.5059264009050012 0.49271474721124403 0.4746323677441781 0.5089264009050011 9
0.15035689417693 0.4897093429161439 0.4715976946116216 0.5059390782978943 0.4927093429161439 0.4745976946116216 0.5089390782978942 9
0.14800898700831 0.48970408339281707 0.4715633967741198 0.5059518341168437 0.49270408339281707 0.4745633967741198 0.5089518341168436 9
0.14565587306759 0.4896989560785774 0.47152932617317245 0.5059646410842351 0.4926989560785774 0.47452932617317245 0.508964641084235 9
0.14331287601765 0.4896939599520267 0.4714953102864391 0.5059773894328191 0.4926939599520267 0.4744953102864391 0.508977389432819 9
0.14097992970544 0.48968893094313926 0.47146148035889546 0.5059900088758178 0.49268893094313926 0.47446148035889546 0.5089900088758177 9
0.13865696855798 0.48968385018079696 0.4714278499813085 0.5060026830306443 0.49268385018079697 0.4744278499813085 0.5090026830306442 9
0.13634392757594 0.4896787074511832 0.4713942988011874 0.5060154918472427 0.4926787074511832 0.4743942988011874 0.5090154918472426 9
0.13404074232739 0.4896734517319393 0.47136087800643045 0.5060281668151141 0.4926734517319393 0.47436087800643045 0.509028166815114 9
0.13174131077516 0.48966803166512196 0.47132755154404576 0.5060407163100267 0.49266803166512196 0.47432755154404577 0.5090407163100266 9
0.12944030232424 0.48966245610907044 0.4712942231959523 0.5060532642758481 0.49266245610907045 0.4742942231959523 0.509053264275848 9
0.12714906823148 0.48965672324661025 0.47126083212039566 0.5060658714678871 0.49265672324661025 0.47426083212039566 0.509065871467887 9
0.1248675454254 0.48965093097058887 0.47122744260401056 0.5060784363962394 0.4926509309705889 0.47422744260401056 0.5090784363962393 9
0.12259567137991 0.48964510348957285 0.4711940975468664 0.5060910180666427 0.49264510348957286 0.4741940975468664 0.5090910180666426 9
0.12033338410848 0.4896392368146419 0.4711609373341283 0.5061036218916224 0.4926392368146419 0.4741609373341283 0.5091036218916223 9
0.11808062215827 0.4896334512119718 0.47112804559034177 0.5061163027249245 0.49263345121197183 0.4741280455903418 0.5091163027249244 9
0.11582848747946 0.4896277553893485 0.47109537222375153 0.506128984803221 0.4926277553893485 0.47409537222375153 0.5091289848032209 9
0.11357744636189 0.4896220889362741 0.4710628417961118 0.5061416244620585 0.4926220889362741 0.4740628417961118 0.5091416244620584 9
0.1113358555934 0.4896165180016285 0.4710303843106513 0.5061542596773249 0.4926165180016285 0.4740303843106513 0.5091542596773247 9
0.10910365497959 0.4896109523370403 0.470998049375482 0.5061667917841839 0.4926109523370403 0.473998049375482 0.5091667917841838 9
0.10688078483959 0.4896053967306051 0.4709658330121384 0.5061793421872948 0.4926053967306051 0.4739658330121384 0.5091793421872947 9
0.10466718600062 0.4895999864613883 0.47093371882878976 0.5061919922310725 0.4925999864613883 0.47393371882878976 0.5091919922310724 9
0.1024627997925 0.48959475484291254 0.470901725285064 0.5062045938214693 0.49259475484291254 0.473901725285064 0.5092045938214692 9
0.10025686036899 0.48958971059850526 0.470869762950509 0.5062171949678864 0.49258971059850526 0.473869762950509 0.5092171949678863 9
0.098053770603715 0.48958475425570563 0.4708378944102634 0.5062297510635692 0.49258475425570564 0.4738378944102634 0.509229751063569 9
0.095859824411155 0.48957979715457256 0.47080605105316814 0.5062422538121659 0.49257979715457256 0.47380605105316814 0.5092422538121658 9
0.093674964286339 0.48957489257275066 0.470774286485784 0.5062546403926692 0.49257489257275067 0.473774286485784 0.5092546403926691 9
0.091499133208421 0.4895700283720374 0.47074255642646 0.5062669231068266 0.4925700283720374 0.47374255642646 0.5092669231068265 9
0.089332274635569 0.48956515300670056 0.47071097818671637 0.5062790731827752 0.49256515300670056 0.47371097818671637 0.5092790731827751 9
0.08717433249993 0.489560215377992 0.4706796466135337 0.5062912108638637 0.492560215377992 0.4736796466135337 0.5092912108638636 9
0.085013556016453 0.4895552093242051 0.47064858204735455 0.506303386250262 0.4925552093242051 0.47364858204735455 0.509303386250262 9
0.082856515389423 0.489550234060907 0.47061763069368967 0.506315612004211 0.492550234060907 0.4736176306936897 0.5093156120042109 9
0.080708327607513 0.48954529571169436 0.4705868757910904 0.5063278334737169 0.49254529571169436 0.4735868757910904 0.5093278334737168 9
0.0785689376827 0.4895404911491283 0.4705562055920954 0.506340020742498 0.4925404911491283 0.4735562055920954 0.5093400207424978 9
0.076438291083893 0.4895356389436705 0.47052566155308767 0.5063520028504678 0.49253563894367053 0.4735256615530877 0.5093520028504677 9
0.074316333732174 0.48953085422891457 0.4704952333607934 0.5063638102563909 0.49253085422891457 0.4734952333607934 0.5093638102563908 9
0.072203011996115 0.48952612545991714 0.47046483957202617 0.5063754363771741 0.49252612545991714 0.4734648395720262 0.509375436377174 9
0.070086428316421 0.4895214816503445 0.4704343555622529 0.5063869861789299 0.4925214816503445 0.4734343555622529 0.5093869861789297 9
0.067973640659976 0.4895169082841551 0.470403725460664 0.5063985950125037 0.4925169082841551 0.473403725460664 0.5093985950125036 9
0.065869430082509 0.4895123413955083 0.47037303735434555 0.5064101449595427 0.4925123413955083 0.47337303735434555 0.5094101449595426 9
0.063773743954184 0.4895077533789857 0.4703423211076884 0.5064215567236289 0.4925077533789857 0.4733423211076884 0.5094215567236288 9
0.06168653007694 0.48950306713594705 0.4703114993877564 0.5064328819365843 0.49250306713594705 0.4733114993877564 0.5094328819365842 9
0.059607736680056 0.4894982146267915 0.4702806750283977 0.5064441409217054 0.4924982146267915 0.4732806750283977 0.5094441409217053 9
0.057537312415777 0.489493215710963 0.47024992961323436 0.5064552812995533 0.492493215710963 0.47324992961323437 0.5094552812995532 9
0.055464007098896 0.489488217691928 0.47021914384121305 0.5064664263488873 0.492488217691928 0.47321914384121305 0.5094664263488872 9
0.053393775192946 0.4894832318043745 0.4701882344919502 0.506477694181824 0.4924832318043745 0.4731882344919502 0.5094776941818239 9
0.051331858561422 0.4894783442191388 0.4701572004729489 0.5064890662148539 0.4924783442191388 0.4731572004729489 0.5094890662148538 9
0.049278206785396 0.48947359466785684 0.47012609220153756 0.5065005530529288 0.49247359466785684 0.47312609220153756 0.5095005530529287 9
0.047232769858347 0.4894690747841594 0.47009494450256756 0.506512164445572 0.4924690747841594 0.47309494450256756 0.5095121644455719 9
0.04519549817217 0.4894647236126849 0.47006380757923916 0.5065237523552392 0.4924647236126849 0.47306380757923916 0.5095237523552391 9
0.043166342522939 0.4894604639939209 0.47003276312074016 0.5065351530330456 0.4924604639939209 0.47303276312074016 0.5095351530330455 9
0.041135450927477 0.48945625704075424 0.47000190961905103 0.5065464216763895 0.49245625704075424 0.47300190961905103 0.5095464216763894 9
0.039106169963565 0.4894518966511585 0.46997125491968117 0.5065575219893463 0.4924518966511585 0.47297125491968117 0.5095575219893462 9
0.037084955510589 0.4894473771236307 0.46994078513611154 0.506568521103197 0.4924473771236307 0.47294078513611154 0.5095685211031968 9
0.035071759227518 0.4894427391799094 0.4699104260457073 0.506579474386964 0.4924427391799094 0.4729104260457073 0.5095794743869639 9
0.033066533160167 0.4894379944844013 0.4698800816749714 0.506590467487689 0.4924379944844013 0.4728800816749714 0.5095904674876889 9
0.031069229737322 0.4894333099962359 0.46984978413815964 0.5066014811571815 0.4924333099962359 0.47284978413815965 0.5096014811571814 9
0.029079801766924 0.4894287926907665 0.46981951950394657 0.5066124377564605 0.4924287926907665 0.4728195195039466 0.5096124377564604 9
0.027090503696127 0.48942439919500563 0.46978918794232083 0.5066233011089859 0.49242439919500564 0.47278918794232083 0.5096233011089858 9
0.025100655251922 0.48942006647324876 0.4697588059433535 0.5066341133270481 0.49242006647324876 0.4727588059433535 0.509634113327048 9
0.023118636747731 0.48941573071255684 0.4697283121324486 0.5066448706743296 0.49241573071255684 0.4727283121324486 0.5096448706743295 9
0.021144401794749 0.4894112845206349 0.4696977058220885 0.5066555032012217 0.49241128452063493 0.4726977058220885 0.5096555032012215 9
0.019177904370932 0.4894067900826929 0.4696670066574557 0.5066660904720239 0.4924067900826929 0.4726670066574557 0.5096660904720238 9
0.017219098817372 0.48940229076479624 0.46963629608606206 0.506676753799041 0.49240229076479625 0.47263629608606206 0.5096767537990409 9
0.015267939834715 0.4893978000479177 0.46960563625408863 0.5066875242152818 0.4923978000479177 0.47260563625408863 0.5096875242152817 9
0.01331945467935 0.48939335266293665 0.46957504398840355 0.5066983352771487 0.49239335266293666 0.47257504398840355 0.5096983352771486 9
0.01136760115667 0.4893890254553741 0.46954446727850196 0.5067092452933681 0.4923890254553741 0.47254446727850197 0.509709245293368 9
0.0094233524126688 0.48938467742792 0.46951393167442024 0.5067202035259486 0.49238467742792 0.47251393167442024 0.5097202035259485 9
0.0074866638954572 0.4893802969671224 0.4694835117318669 0.5067311435820308 0.4923802969671224 0.4724835117318669 0.5097311435820306 9
0.0055574914012246 0.4893758534217181 0.46945314318375486 0.5067421365249243 0.4923758534217181 0.47245314318375486 0.5097421365249242 9
0.003635791070844 0.4893714265480674 0.4694228683073156 0.5067531106906563 0.4923714265480674 0.4724228683073156 0.5097531106906562 9
0.0017215193865132 0.4893669455783643 0.46939267109138044 0.506764173833567 0.4923669455783643 0.47239267109138044 0.5097641738335669 9
2.2204460492503e-16 0.48936283494716415 0.4693654063677194 0.5067742861082037 0.49236283494716415 0.4723654063677194 0.5097742861082036 9
