8.1330643194892 0.5064134555970325 0.4798681426561068 0.4887240572665849 0.5104134555970326 0.4838681426561068 0.4927240572665849 9
8.0818843214791 0.5064058570730126 0.4798390556219334 0.4887369648184461 0.5104058570730126 0.4838390556219334 0.4927369648184461 9
8.0314148869044 0.5063982659596692 0.47981016265771353 0.4887498185592925 0.5103982659596692 0.48381016265771354 0.4927498185592925 9
7.9816419161148 0.50639065250377 0.4797814107953986 0.48876275330117025 0.51039065250377 0.4837814107953986 0.49276275330117025 9
7.9325417101846 0.5063829815980031 0.4797527867732791 0.488775440588542 0.5103829815980031 0.4837527867732791 0.492775440588542 9
7.8841093256458 0.5063754703715818 0.47972416595255146 0.48878819396123974 0.5103754703715818 0.48372416595255147 0.49278819396123974 9
7.8363256870345 0.5063679487982311 0.4796956721305102 0.4888009575931299 0.5103679487982311 0.4836956721305102 0.4928009575931299 9
7.7891789670368 0.5063604614531192 0.4796673234552708 0.4888136149626397 0.5103604614531192 0.4836673234552708 0.4928136149626397 9
7.7426543516668 0.5063529547965279 0.4796389042209579 0.48882615948432584 0.5103529547965279 0.4836389042209579 0.49282615948432584 9
7.6967390981526 0.5063455218103845 0.479610465234195 0.48883875564251356 0.5103455218103845 0.483610465234195 0.49283875564251356 9
7.6514215382762 0.5063381852423255 0.4795819856614587 0.4888515232236698 0.5103381852423255 0.4835819856614587 0.4928515232236698 9
7.6066870985632 0.5063308682216479 0.4795538257397937 0.48886439860551906 0.5103308682216479 0.4835538257397937 0.49286439860551906 9
7.56252588351 0.506323632969426 0.4795257904874536 0.48887714351695605 0.510323632969426 0.4835257904874536 0.49287714351695605 9
7.5189257900861 0.5063164854207238 0.4794978272206552 0.48888997622872155 0.5103164854207238 0.4834978272206552 0.49288997622872155 9
7.4758742805379 0.5063094087623786 0.47947017292499144 0.48890272170817434 0.5103094087623786 0.48347017292499145 0.49290272170817434 9
7.4333621571324 0.5063022877937539 0.4794426134614886 0.4889154292419342 0.5103022877937539 0.4834426134614886 0.4929154292419342 9
7.3913774665521 0.5062952446707548 0.47941501703059103 0.4889280909145747 0.5102952446707548 0.48341501703059103 0.4929280909145747 9
7.349909823956 0.5062881938108382 0.4793875014743891 0.48894084793490694 0.5102881938108382 0.4833875014743891 0.49294084793490694 9
7.3089502830204 0.5062811690867253 0.4793600301442729 0.488953589356341 0.5102811690867253 0.4833600301442729 0.492953589356341 9
7.2684872391571 0.506274127465405 0.47933257746318025 0.48896635574385305 0.510274127465405 0.48333257746318026 0.49296635574385306 9
7.2285121024239 0.5062671269957709 0.4793052716998796 0.48897925674047377 0.5102671269957709 0.4833052716998796 0.49297925674047377 9
7.1890162272408 0.5062601621582756 0.4792781296405044 0.48899205226070785 0.5102601621582756 0.48327812964050443 0.49299205226070786 9
7.1499884119886 0.50625326886428 0.47925096015054 0.4890048053675066 0.51025326886428 0.48325096015054 0.4930048053675066 9
7.1114215058699 0.506246310893079 0.47922396487749275 0.48901778767571724 0.510246310893079 0.48322396487749275 0.49301778767571725 9
7.0733072276286 0.5062394916133607 0.47919738103034737 0.48903076801053835 0.5102394916133607 0.4831973810303474 0.49303076801053836 9
7.0356348473542 0.5062327537058692 0.4791707408699562 0.4890434313053587 0.5102327537058692 0.4831707408699562 0.4930434313053587 9
6.9984018395066 0.5062259560749391 0.4791440323540921 0.4890561692727455 0.5102259560749391 0.4831440323540921 0.4930561692727455 9
6.9615897368687 0.5062192192870788 0.4791172939152448 0.4890689839104157 0.5102192192870788 0.4831172939152448 0.4930689839104157 9
6.9251989919202 0.5062124996295332 0.4790905454362298 0.48908191258580935 0.5102124996295332 0.4830905454362298 0.49308191258580936 9
6.889220717047 0.5062056773517694 0.47906394999584384 0.4890948020684042 0.5102056773517694 0.48306394999584384 0.4930948020684042 9
6.8536476043573 0.5061989456790903 0.4790373981135556 0.48910765434951675 0.5101989456790903 0.4830373981135556 0.49310765434951676 9
6.8184701284878 0.5061924124639976 0.4790109303667292 0.48912062676936086 0.5101924124639976 0.4830109303667292 0.49312062676936086 9
6.7836833043465 0.5061858863889063 0.4789847633801576 0.48913362270653415 0.5101858863889063 0.4829847633801576 0.49313362270653416 9
6.7492804580935 0.5061793670471854 0.4789587659537599 0.4891466416163926 0.5101793670471854 0.4829587659537599 0.4931466416163926 9
6.7152528236759 0.5061729424792858 0.47893283364359224 0.48915979287218453 0.5101729424792858 0.48293283364359224 0.49315979287218453 9
6.6815954030677 0.5061665551023586 0.4789070484196106 0.48917323680964425 0.5101665551023586 0.48290704841961063 0.49317323680964426 9
6.6483022721564 0.5061601793062172 0.4788814974848576 0.48918671802128694 0.5101601793062172 0.4828814974848576 0.49318671802128694 9
6.6153655461906 0.5061538625908982 0.47885603856747655 0.4892002979420974 0.5101538625908982 0.48285603856747655 0.4932002979420974 9
6.58277983259 0.506147599492946 0.4788305104003193 0.48921375999014033 0.510147599492946 0.4828305104003193 0.49321375999014033 9
6.5505400847295 0.5061412051578746 0.47880494928837203 0.48922729446771507 0.5101412051578746 0.48280494928837203 0.49322729446771507 9
6.5186394340621 0.5061348598831348 0.4787794064341273 0.4892409531319571 0.5101348598831348 0.4827794064341273 0.4932409531319571 9
6.4870717002914 0.506128526707173 0.47875393999601035 0.48925470936233 0.510128526707173 0.48275393999601035 0.49325470936233 9
6.455832854524 0.5061221626995962 0.4787285498035174 0.4892684912183203 0.5101221626995962 0.4827285498035174 0.4932684912183203 9
6.4249171923139 0.5061155997846507 0.4787033956175188 0.48928232262373555 0.5101155997846507 0.4827033956175188 0.49328232262373556 9
6.394317339037 0.5061090250200692 0.47867834837227485 0.4892963308767565 0.5101090250200692 0.48267834837227486 0.4932963308767565 9
6.3640304364049 0.5061024649616028 0.4786533467569385 0.48931042564192373 0.5101024649616028 0.4826533467569385 0.49331042564192373 9
6.3340513962328 0.506095818837365 0.47862841124856176 0.4893245180552785 0.510095818837365 0.48262841124856176 0.4933245180552785 9
6.3043733543713 0.5060892126090973 0.47860345882644334 0.48933855485999983 0.5100892126090973 0.48260345882644334 0.49333855485999983 9
6.2749926621466 0.5060824788993553 0.47857847676469406 0.48935252531511486 0.5100824788993553 0.48257847676469406 0.49335252531511486 9
6.2459052693099 0.5060757994316935 0.47855357698731327 0.4893664533714205 0.5100757994316935 0.48255357698731327 0.4933664533714205 9
6.2171057683393 0.5060690274334966 0.4785286747959861 0.48938036337443835 0.5100690274334966 0.4825286747959861 0.49338036337443836 9
6.1885885138638 0.5060621993835162 0.47850374270252366 0.4893943188581496 0.5100621993835162 0.48250374270252366 0.4933943188581496 9
6.1603509286601 0.5060552725458066 0.4784788941464034 0.4894083381679245 0.5100552725458066 0.4824788941464034 0.4934083381679245 9
6.1323886514927 0.5060481358843716 0.4784541899485932 0.4894223062385583 0.5100481358843716 0.4824541899485932 0.4934223062385583 9
6.104695379329 0.5060410132121913 0.47842939340966306 0.4894361388291778 0.5100410132121913 0.48242939340966307 0.4934361388291778 9
6.0772684074498 0.5060337627840363 0.47840439361310744 0.4894499511954558 0.5100337627840363 0.48240439361310744 0.4934499511954558 9
6.0501042425386 0.5060264623525951 0.4783793455640663 0.4894638108226771 0.5100264623525951 0.4823793455640663 0.4934638108226771 9
6.0231983798081 0.5060191028890748 0.47835425983522667 0.48947784790547594 0.5100191028890748 0.4823542598352267 0.49347784790547594 9
5.9965475703719 0.5060118038444854 0.47832915170613555 0.4894920341817256 0.5100118038444854 0.48232915170613555 0.4934920341817256 9
5.9701432208965 0.5060045178862465 0.4783041299017319 0.48950630844969806 0.5100045178862465 0.4823041299017319 0.49350630844969806 9
5.9439884934335 0.5059971056192958 0.47827919524765816 0.48952058267453585 0.5099971056192958 0.48227919524765817 0.49352058267453586 9
5.9180759873356 0.5059896300136942 0.47825445997996296 0.489534779269384 0.5099896300136942 0.48225445997996297 0.493534779269384 9
5.89240226686 0.5059822332074404 0.4782297826727076 0.4895489120798705 0.5099822332074404 0.4822297826727076 0.4935489120798705 9
5.8669650638089 0.505974859600887 0.47820519222227714 0.4895630547645895 0.509974859600887 0.48220519222227715 0.4935630547645895 9
5.8417609124107 0.5059673936222338 0.47818067534796876 0.48957717460636757 0.5099673936222338 0.48218067534796877 0.4935771746063676 9
5.8167842956069 0.5059598259197755 0.47815620424727573 0.48959118221705183 0.5099598259197755 0.48215620424727573 0.49359118221705184 9
5.7920334747095 0.5059521420601897 0.4781315932972629 0.4896050712325116 0.5099521420601897 0.4821315932972629 0.4936050712325116 9
5.767505751253 0.5059444657864395 0.47810678178342386 0.48961902975346583 0.5099444657864395 0.48210678178342387 0.49361902975346583 9
5.7431979262941 0.5059369205605575 0.4780818763842237 0.4896330012913998 0.5099369205605575 0.48208187638422373 0.4936330012913998 9
5.7191042306574 0.505929405473031 0.4780569852537143 0.48964696614598757 0.509929405473031 0.4820569852537143 0.4936469661459876 9
5.695224191153 0.5059219766987507 0.4780320963710972 0.4896609480014202 0.5099219766987507 0.48203209637109723 0.4936609480014202 9
5.6715548563947 0.505914512209835 0.4780073765966303 0.4896749678249293 0.509914512209835 0.4820073765966303 0.4936749678249293 9
5.6480930437119 0.5059070052169733 0.4779827770071867 0.48968905942077784 0.5099070052169733 0.4819827770071867 0.49368905942077784 9
5.6248335895041 0.5058995040758988 0.4779581745167949 0.4897031679422188 0.5098995040758988 0.4819581745167949 0.4937031679422188 9
5.6017761687059 0.5058919994356014 0.47793356817178223 0.4897174147452555 0.5098919994356014 0.48193356817178223 0.4937174147452555 9
5.5789179892623 0.5058845570434203 0.47790905205600087 0.4897317159246 0.5098845570434203 0.4819090520560009 0.4937317159246 9
5.5562560161217 0.5058771274221634 0.47788465921458767 0.48974611437086846 0.5098771274221634 0.4818846592145877 0.49374611437086846 9
5.5337854228291 0.5058697508461785 0.4778602465665145 0.48976054948193176 0.5098697508461785 0.4818602465665145 0.49376054948193177 9
5.5115060388609 0.5058624366124577 0.4778358839615648 0.48977500611103275 0.5098624366124577 0.4818358839615648 0.49377500611103275 9
5.4894152752971 0.5058549645732191 0.4778116400868762 0.4897895985183317 0.5098549645732191 0.4818116400868762 0.4937895985183317 9
5.4675104519837 0.5058474171306284 0.47778761463309244 0.48980435236079467 0.5098474171306284 0.48178761463309244 0.4938043523607947 9
5.4457866023531 0.5058399586013751 0.47776371523340233 0.4898192490864673 0.5098399586013751 0.48176371523340233 0.4938192490864673 9
5.4242439216841 0.5058327242380044 0.47773994323406266 0.48983452183617127 0.5098327242380044 0.48173994323406266 0.49383452183617127 9
5.4028800057157 0.5058255789301658 0.477716458586967 0.48985007636238026 0.5098255789301658 0.481716458586967 0.49385007636238026 9
5.3816924938323 0.505818543686219 0.4776931053376196 0.4898659575538625 0.509818543686219 0.4816931053376196 0.4938659575538625 9
5.3606765485932 0.5058116011694155 0.47766992917356027 0.4898822888754229 0.5098116011694155 0.4816699291735603 0.4938822888754229 9
5.3398321903059 0.5058049283542833 0.4776471144064435 0.4898990280460595 0.5098049283542833 0.4816471144064435 0.4938990280460595 9
5.3191574374925 0.5057982941264124 0.47762448078525765 0.489916279462322 0.5097982941264124 0.48162448078525766 0.493916279462322 9
5.2986500938818 0.5057913850142166 0.47760137477504594 0.4899323552653965 0.5097913850142166 0.48160137477504594 0.4939323552653965 9
5.2783060983026 0.505784123711788 0.47757747072407186 0.4899467484715139 0.509784123711788 0.48157747072407187 0.49394674847151393 9
5.2581243704102 0.5057763381745428 0.47755290494962876 0.4899602043515847 0.5097763381745428 0.48155290494962877 0.4939602043515847 9
5.2381037238371 0.5057682358680677 0.47752759633354935 0.4899730887216976 0.5097682358680677 0.48152759633354936 0.4939730887216976 9
5.2182421123361 0.5057601660546965 0.47750171899302957 0.48998542858746486 0.5097601660546965 0.48150171899302957 0.49398542858746486 9
5.1985364939115 0.5057521797216891 0.47747538268404616 0.48999734906366166 0.5097521797216891 0.48147538268404616 0.49399734906366166 9
5.1789841577134 0.5057441923600977 0.47744828665410044 0.4900087681068396 0.5097441923600977 0.48144828665410044 0.4940087681068396 9
5.1595849588013 0.5057363485408805 0.4774210850902 0.49002003711127845 0.5097363485408805 0.4814210850902 0.49402003711127845 9
5.1403369881188 0.5057283995836833 0.4773940151954946 0.49003123796901726 0.5097283995836833 0.48139401519549463 0.49403123796901727 9
5.1212383691729 0.505720163913813 0.47736673415408065 0.49004223931734586 0.509720163913813 0.48136673415408066 0.49404223931734587 9
5.1022845388415 0.5057114231276794 0.47733919822244036 0.4900529762603082 0.5097114231276794 0.48133919822244037 0.4940529762603082 9
5.0834763219681 0.5057024461055334 0.4773113632537045 0.49006330949992966 0.5097024461055334 0.4813113632537045 0.49406330949992966 9
5.0648120457982 0.5056940929147345 0.4772832734489997 0.4900732977794878 0.5096940929147346 0.4812832734489997 0.49407329777948783 9
5.0462899568069 0.5056867887690959 0.4772553488926031 0.490082903687176 0.5096867887690959 0.48125534889260313 0.494082903687176 9
5.027907003054 0.5056799856207727 0.47722763954413777 0.49009207780341973 0.5096799856207727 0.4812276395441378 0.49409207780341974 9
5.0096613111284 0.5056734660859942 0.4771999846512695 0.4901008847191899 0.5096734660859942 0.4811999846512695 0.4941008847191899 9
4.9915537094735 0.5056672640537372 0.47717250149706375 0.49010955225694125 0.5096672640537372 0.48117250149706375 0.49410955225694125 9
4.9735796746086 0.5056617315548736 0.4771451872409136 0.4901178485735372 0.5096617315548736 0.4811451872409136 0.4941178485735372 9
4.9557404757496 0.5056566819855765 0.47711825913062084 0.49012588491170583 0.5096566819855765 0.48111825913062084 0.49412588491170584 9
4.9380310525019 0.5056518545812664 0.477091688038508 0.4901339474867064 0.5096518545812664 0.481091688038508 0.4941339474867064 9
4.9204520263699 0.5056470589446949 0.47706566912811077 0.49014198072410786 0.5096470589446949 0.4810656691281108 0.49414198072410787 9
4.9030022186814 0.505642430297643 0.47704019473565107 0.4901500615223307 0.509642430297643 0.48104019473565107 0.4941500615223307 9
4.8856801172535 0.5056380607886546 0.47701524038367027 0.49015799994516046 0.5096380607886546 0.4810152403836703 0.49415799994516046 9
4.8684836794612 0.5056340264962872 0.4769905702223817 0.490165733182244 0.5096340264962872 0.48099057022238173 0.494165733182244 9
4.8514096704994 0.5056300790215196 0.4769662347838203 0.4901733684257398 0.5096300790215196 0.4809662347838203 0.4941733684257398 9
4.834459003746 0.5056262529543997 0.47694231985147306 0.49018107395264127 0.5096262529543997 0.48094231985147307 0.49418107395264127 9
4.8176302606012 0.5056225303946744 0.4769187327203307 0.49018893805383545 0.5096225303946744 0.4809187327203307 0.49418893805383546 9
4.8009220447965 0.5056185746311502 0.4768953740775839 0.49019688029985303 0.5096185746311502 0.4808953740775839 0.49419688029985304 9
4.784331787004 0.5056142942544236 0.476872131891105 0.4902047851129582 0.5096142942544236 0.480872131891105 0.4942047851129582 9
4.7678576311648 0.5056098680614104 0.47684902331455203 0.4902126258491694 0.5096098680614104 0.48084902331455204 0.4942126258491694 9
4.7514999721025 0.5056053741219019 0.47682601602744973 0.49022046080213916 0.5096053741219019 0.48082601602744973 0.49422046080213916 9
4.7352574981467 0.5056007129421067 0.47680310184258096 0.49022822449887166 0.5096007129421067 0.48080310184258096 0.49422822449887166 9
4.719128917842 0.505595822183039 0.4767801603306937 0.490235904313707 0.509595822183039 0.4807801603306937 0.494235904313707 9
4.7031114062749 0.5055907274027935 0.47675735781912865 0.49024384973720503 0.5095907274027935 0.48075735781912865 0.49424384973720503 9
4.6872039085764 0.5055856674072207 0.47673470613474533 0.49025223090301756 0.5095856674072207 0.48073470613474534 0.49425223090301756 9
4.6714065757758 0.5055807096495226 0.47671210328031177 0.49026072050910324 0.5095807096495226 0.4807121032803118 0.49426072050910325 9
4.6557181930564 0.5055756877516483 0.47668954164066546 0.4902691704355951 0.5095756877516483 0.48068954164066546 0.4942691704355951 9
4.6401375639397 0.5055703452399967 0.4766671261381108 0.490277789610684 0.5095703452399967 0.4806671261381108 0.494277789610684 9
4.6246618908247 0.5055645432432616 0.4766449111198054 0.49028666560237 0.5095645432432616 0.4806449111198054 0.49428666560237 9
4.609290322647 0.5055586295249167 0.476622929777549 0.49029549705139874 0.5095586295249167 0.480622929777549 0.49429549705139875 9
4.5940230530324 0.5055527140186274 0.47660117037889227 0.490304382918863 0.5095527140186275 0.4806011703788923 0.49430438291886303 9
4.5788589550727 0.5055466823490197 0.47657952776299406 0.49031340370488063 0.5095466823490197 0.48057952776299406 0.49431340370488064 9
4.5637969185282 0.5055406090785424 0.476557717326633 0.49032254629992744 0.5095406090785424 0.480557717326633 0.49432254629992745 9
4.5488344688364 0.5055345222245721 0.47653586567809464 0.4903321591667643 0.5095345222245721 0.48053586567809464 0.4943321591667643 9
4.5339703389387 0.5055283982556443 0.47651391062926757 0.4903420695465706 0.5095283982556443 0.48051391062926757 0.4943420695465706 9
4.5192050641501 0.5055223393544934 0.47649175733193705 0.4903519186953253 0.5095223393544934 0.48049175733193705 0.4943519186953253 9
4.5045375975085 0.5055162818815251 0.4764693570409957 0.4903617892419257 0.5095162818815251 0.4804693570409957 0.4943617892419257 9
4.4899669072332 0.5055099719977605 0.47644682863099663 0.4903716526351543 0.5095099719977605 0.48044682863099664 0.4943716526351543 9
4.4754911514238 0.5055033339424362 0.47642423617278984 0.4903814568055141 0.5095033339424362 0.48042423617278984 0.4943814568055141 9
4.4611080022545 0.5054966037151456 0.47640143839015375 0.4903911364391748 0.5094966037151456 0.48040143839015376 0.4943911364391748 9
4.4468186496149 0.5054899204798243 0.4763784460319943 0.4904006976668483 0.5094899204798243 0.4803784460319943 0.4944006976668483 9
4.4326221193866 0.5054833773976412 0.47635530483202343 0.4904103388453566 0.5094833773976412 0.48035530483202343 0.4944103388453566 9
4.4185174513027 0.5054768471294949 0.47633207794506144 0.49042005796798693 0.5094768471294949 0.48033207794506144 0.49442005796798694 9
4.4045036986985 0.5054703175170406 0.47630842640215837 0.490429825803741 0.5094703175170406 0.4803084264021584 0.494429825803741 9
4.3905769868197 0.5054638069276803 0.47628439147801005 0.4904395732757496 0.5094638069276803 0.48028439147801005 0.4944395732757496 9
4.3767393017845 0.5054574822343506 0.4762600378560279 0.49044933150458103 0.5094574822343506 0.4802600378560279 0.49444933150458104 9
4.3629897980136 0.5054512323322087 0.47623557160292734 0.4904592324006697 0.5094512323322087 0.48023557160292735 0.4944592324006697 9
4.3493275805421 0.5054450013942706 0.4762111201890669 0.49046927256443984 0.5094450013942706 0.4802111201890669 0.49446927256443984 9
4.3357517668425 0.5054388609410398 0.47618692640663013 0.49047901937187777 0.5094388609410399 0.48018692640663013 0.49447901937187777 9
4.3222597483625 0.5054328155694382 0.47616302158530427 0.4904884749457311 0.5094328155694382 0.4801630215853043 0.4944884749457311 9
4.3088511357715 0.5054270879772759 0.47613913596853363 0.49049789421061946 0.5094270879772759 0.48013913596853364 0.49449789421061946 9
4.2955263781795 0.5054215472712755 0.4761151009067195 0.4905074478395139 0.5094215472712755 0.4801151009067195 0.4945074478395139 9
4.2822846403544 0.5054160217275654 0.4760909238184755 0.49051700693536204 0.5094160217275654 0.4800909238184755 0.49451700693536205 9
4.2691250984564 0.5054103026423403 0.47606653506469804 0.49052641556452736 0.5094103026423403 0.48006653506469804 0.49452641556452737 9
4.256046765488 0.5054043932744609 0.4760420804109778 0.49053565227948126 0.5094043932744609 0.4800420804109778 0.49453565227948126 9
4.2430461473216 0.505398544583111 0.47601740256369535 0.49054501784251586 0.509398544583111 0.48001740256369535 0.49454501784251587 9
4.230125346118 0.5053924917129039 0.4759927658753104 0.49055430788894894 0.5093924917129039 0.4799927658753104 0.49455430788894894 9
4.2172835813756 0.505386404210818 0.47596827487527676 0.4905634814005357 0.509386404210818 0.47996827487527677 0.4945634814005357 9
4.2045200830444 0.5053805760442229 0.47594398128015375 0.4905725483534485 0.5093805760442229 0.47994398128015375 0.4945725483534485 9
4.1918340913492 0.5053750836790085 0.47591978518126066 0.4905814621650876 0.5093750836790085 0.47991978518126066 0.4945814621650876 9
4.1792235471624 0.5053698807903753 0.4758954454680126 0.49059019024621303 0.5093698807903753 0.4798954454680126 0.49459019024621304 9
4.1666872780132 0.5053648359177522 0.47587102867208747 0.49059875039396456 0.5093648359177522 0.4798710286720875 0.49459875039396456 9
4.1542263217858 0.5053598678397998 0.4758466538827267 0.49060720100229316 0.5093598678397998 0.4798466538827267 0.49460720100229316 9
4.1418399578098 0.5053548890950194 0.4758223383940593 0.49061553203194797 0.5093548890950194 0.4798223383940593 0.49461553203194797 9
4.1295274748596 0.5053499825865583 0.4757980599712098 0.4906237502584215 0.5093499825865583 0.4797980599712098 0.4946237502584215 9
4.1172881709967 0.5053451025322077 0.47577386496078766 0.490631863966844 0.5093451025322077 0.47977386496078767 0.494631863966844 9
4.1051192542267 0.505340110205997 0.47574977424884807 0.49063985809732513 0.509340110205997 0.47974977424884807 0.49463985809732514 9
4.0930211737232 0.5053349684454564 0.47572581337517933 0.49064787250736414 0.5093349684454564 0.47972581337517933 0.49464787250736414 9
4.0809942459588 0.5053297801187581 0.4757019997972264 0.49065586590166965 0.5093297801187581 0.4797019997972264 0.49465586590166966 9
4.0690378043587 0.505324595463159 0.4756782265653428 0.49066370672337345 0.509324595463159 0.4796782265653428 0.49466370672337345 9
4.0571511909009 0.505319525016718 0.47565469359786544 0.4906715252728754 0.509319525016718 0.47965469359786544 0.4946715252728754 9
4.0453337559766 0.5053146567279841 0.475631436591649 0.4906792260891657 0.5093146567279841 0.47963143659164903 0.4946792260891657 9
4.0335823263733 0.5053097755739624 0.4756082746186024 0.49068690866415804 0.5093097755739624 0.4796082746186024 0.49468690866415804 9
4.021898250315 0.5053050053107438 0.4755851836111356 0.4906943865121617 0.5093050053107439 0.4795851836111356 0.4946943865121617 9
4.0102814779793 0.5053003251483719 0.47556207481816043 0.49070174834040164 0.5093003251483719 0.47956207481816043 0.49470174834040165 9
3.9987324166792 0.5052955708633277 0.47553907536188567 0.4907091390179433 0.5092955708633277 0.47953907536188567 0.4947091390179433 9
3.9872473818901 0.5052907598851294 0.4755162614852659 0.4907164195193136 0.5092907598851294 0.4795162614852659 0.4947164195193136 9
3.975828846378 0.5052857831632169 0.47549368327538505 0.4907235523259947 0.5092857831632169 0.47949368327538505 0.4947235523259947 9
3.9644725959655 0.5052807447635108 0.47547142509654766 0.4907305932757758 0.5092807447635108 0.47947142509654767 0.4947305932757758 9
3.9531801297653 0.5052756361440752 0.47544943669663425 0.49073755639885547 0.5092756361440752 0.47944943669663426 0.49473755639885547 9
3.9419514004454 0.5052704445142157 0.47542769602906537 0.49074445021073326 0.5092704445142157 0.4794276960290654 0.49474445021073327 9
3.9307858349441 0.5052652825800026 0.4754061068396515 0.49075111471193733 0.5092652825800026 0.4794061068396515 0.49475111471193733 9
3.9196828672572 0.5052601510905 0.4753845994409055 0.49075767387017716 0.5092601510905 0.4793845994409055 0.49475767387017716 9
3.9086419383279 0.505254957726655 0.47536303811934777 0.49076411368822576 0.509254957726655 0.4793630381193478 0.49476411368822576 9
3.8976602239897 0.5052496021946116 0.4753414743196018 0.4907705757224533 0.5092496021946116 0.4793414743196018 0.4947705757224533 9
3.8867385970595 0.5052440887408669 0.47531985927724857 0.49077716759159457 0.5092440887408669 0.47931985927724857 0.49477716759159457 9
3.8758773965664 0.5052385760349264 0.4752980849593901 0.4907838378919198 0.5092385760349264 0.4792980849593901 0.4947838378919198 9
3.8650760899298 0.505233240801454 0.4752762340392763 0.49079063511121584 0.509233240801454 0.4792762340392763 0.49479063511121585 9
3.8543341509986 0.5052280050462676 0.4752543060102715 0.4907976141775624 0.5092280050462676 0.4792543060102715 0.4947976141775624 9
3.8436510599535 0.5052227367168615 0.475232232790538 0.4908048099179341 0.5092227367168615 0.479232232790538 0.49480480991793413 9
3.833024754667 0.5052174311479882 0.4752100817726739 0.4908121732741205 0.5092174311479882 0.4792100817726739 0.4948121732741205 9
3.8224546730326 0.5052121488732798 0.47518773944658876 0.4908196161191983 0.5092121488732798 0.47918773944658877 0.4948196161191983 9
3.8119419408224 0.5052068041957474 0.47516525732464043 0.49082704335637445 0.5092068041957474 0.47916525732464044 0.49482704335637445 9
3.8014860623499 0.5052013185104074 0.47514270263240316 0.49083454937484494 0.5092013185104074 0.47914270263240316 0.49483454937484495 9
3.7910865477977 0.5051956198366583 0.4751201154711747 0.4908421122350545 0.5091956198366583 0.4791201154711747 0.4948421122350545 9
3.7807429131294 0.5051896916411749 0.47509756641674156 0.49084972805626775 0.5091896916411749 0.47909756641674156 0.49484972805626776 9
3.7704542734784 0.5051835989252235 0.47507516065484495 0.4908573644745004 0.5091835989252235 0.47907516065484496 0.4948573644745004 9
3.7602177883086 0.505177365814828 0.4750528073765398 0.49086509333586686 0.509177365814828 0.4790528073765398 0.49486509333586687 9
3.7500357884639 0.5051709259423329 0.47503036569639295 0.4908728801265923 0.5091709259423329 0.47903036569639296 0.4948728801265923 9
3.7399078119443 0.5051644704830792 0.47500775682183854 0.49088062288791395 0.5091644704830792 0.47900775682183855 0.49488062288791396 9
3.7298334021165 0.5051580227325483 0.474985015682384 0.49088835445103735 0.5091580227325483 0.478985015682384 0.49488835445103735 9
3.7198121076345 0.5051516338825311 0.474962187849159 0.49089608651792077 0.5091516338825312 0.478962187849159 0.4948960865179208 9
3.7098434823625 0.5051452545465838 0.47493916026145033 0.4909039010642963 0.5091452545465838 0.47893916026145034 0.4949039010642963 9
3.6999250456339 0.5051390206692001 0.47491598312659433 0.490911764159116 0.5091390206692001 0.47891598312659434 0.49491176415911603 9
3.6900572514729 0.505132880370387 0.4748928209278896 0.49091958105087097 0.509132880370387 0.4788928209278896 0.49491958105087097 9
3.6802408418972 0.5051269214353004 0.47486991060988226 0.4909272605493072 0.5091269214353004 0.47886991060988227 0.4949272605493072 9
3.6704753906334 0.5051211946592647 0.47484726504968006 0.49093479703297954 0.5091211946592648 0.47884726504968006 0.49493479703297955 9
3.6607604762527 0.5051157511002529 0.47482487095615666 0.4909423186692623 0.5091157511002529 0.47882487095615667 0.4949423186692623 9
3.6510956821011 0.5051105205399107 0.47480260905496724 0.49094972588034136 0.5091105205399107 0.47880260905496724 0.49494972588034136 9
3.6414805597078 0.5051052630309686 0.4747804739210342 0.49095691138944186 0.5091052630309686 0.4787804739210342 0.49495691138944187 9
3.6319115503565 0.5051000693773067 0.4747584775326098 0.4909640088399643 0.5091000693773067 0.4787584775326098 0.49496400883996433 9
3.6223914623408 0.5050949449053488 0.4747364709978153 0.49097106337410995 0.5090949449053488 0.4787364709978153 0.49497106337410995 9
3.6129198972098 0.5050899755519407 0.4747143940302 0.4909782573389991 0.5090899755519407 0.4787143940302 0.4949782573389991 9
3.6034964609584 0.505084987625914 0.47469228835929594 0.4909855936443625 0.509084987625914 0.47869228835929595 0.4949855936443625 9
3.5941207639651 0.5050798100231993 0.4746702785468138 0.49099286029157885 0.5090798100231994 0.4786702785468138 0.49499286029157885 9
3.5847924209296 0.5050745668859979 0.47464829364924654 0.4910000749912857 0.509074566885998 0.47864829364924655 0.4950000749912857 9
3.575510232622 0.5050693236921452 0.47462640830808894 0.49100716212821005 0.5090693236921452 0.47862640830808895 0.49500716212821005 9
3.5662722191411 0.5050640880375711 0.47460467807603296 0.4910141999398923 0.5090640880375711 0.47860467807603296 0.4950141999398923 9
3.5570804517714 0.5050588431127252 0.4745830901462812 0.49102110450704345 0.5090588431127252 0.4785830901462812 0.49502110450704345 9
3.5479345616864 0.5050534794879984 0.47456155897512725 0.49102800952411774 0.5090534794879984 0.47856155897512725 0.49502800952411774 9
3.5388341840899 0.5050480730601039 0.47453986085412836 0.4910350099144254 0.5090480730601039 0.47853986085412836 0.4950350099144254 9
3.5297789581599 0.505042632858134 0.47451798265476003 0.49104193663195694 0.509042632858134 0.47851798265476003 0.49504193663195695 9
3.5207685269939 0.5050372937669801 0.47449603234496124 0.49104874254247893 0.5090372937669801 0.47849603234496124 0.49504874254247894 9
3.5118013802506 0.5050320167648126 0.4744739400539818 0.49105549679878713 0.5090320167648126 0.4784739400539818 0.49505549679878713 9
3.5028762255762 0.5050266503141474 0.4744520182065281 0.4910623871459574 0.5090266503141474 0.4784520182065281 0.4950623871459574 9
3.4939951268027 0.5050211575897982 0.4744302512539072 0.49106943795525815 0.5090211575897982 0.4784302512539072 0.49506943795525815 9
3.4851568825282 0.5050156902282348 0.4744085798459632 0.4910765191002176 0.5090156902282348 0.4784085798459632 0.4950765191002176 9
3.4763620139467 0.5050103196640056 0.47438699718743066 0.4910835125691368 0.5090103196640056 0.47838699718743066 0.4950835125691368 9
3.467609899811 0.5050050069363962 0.4743655604327811 0.49109053895660804 0.5090050069363962 0.4783655604327811 0.49509053895660804 9
3.4589002090205 0.5049997455393611 0.4743441541905023 0.49109745905606883 0.5089997455393611 0.4783441541905023 0.49509745905606883 9
3.4502315763407 0.5049946010610359 0.47432278453297566 0.49110414789592394 0.5089946010610359 0.47832278453297566 0.49510414789592394 9
3.4416024736124 0.5049895214742947 0.474301504659582 0.4911107224713141 0.5089895214742947 0.478301504659582 0.4951107224713141 9
3.4330148438295 0.5049845685122581 0.47428024721042306 0.4911172273573229 0.5089845685122582 0.47828024721042306 0.4951172273573229 9
3.4244683694379 0.5049797559971771 0.47425900347394406 0.49112368387686645 0.5089797559971772 0.47825900347394407 0.49512368387686645 9
3.4159627362152 0.5049749310060733 0.4742376957200372 0.4911301871723493 0.5089749310060733 0.4782376957200372 0.4951301871723493 9
3.4074976332263 0.5049700720461927 0.47421636551506957 0.4911366180390573 0.5089700720461927 0.4782163655150696 0.4951366180390573 9
3.3990727527795 0.5049652053734772 0.4741951142047019 0.49114308540447416 0.5089652053734772 0.4781951142047019 0.49514308540447416 9
3.3906873492335 0.5049603055907939 0.47417399144995154 0.49114955488669704 0.5089603055907939 0.47817399144995154 0.49514955488669704 9
3.3823386996526 0.5049551973066458 0.47415282755077703 0.491155993097734 0.5089551973066458 0.47815282755077704 0.495155993097734 9
3.3740293903981 0.5049498651954997 0.47413151052212876 0.49116258373816174 0.5089498651954997 0.47813151052212877 0.49516258373816174 9
3.3657591261373 0.5049444306968605 0.474110052667213 0.4911692725198489 0.5089444306968605 0.478110052667213 0.4951692725198489 9
3.3575276145752 0.5049388617910495 0.4740887605361888 0.49117612894120016 0.5089388617910495 0.4780887605361888 0.49517612894120017 9
3.3493345664152 0.5049332690265629 0.4740676714961421 0.4911830673889275 0.5089332690265629 0.4780676714961421 0.4951830673889275 9
3.34117969532 0.5049278721021608 0.47404657212176465 0.4911899225951916 0.5089278721021608 0.47804657212176466 0.4951899225951916 9
3.3330627178729 0.5049225914155132 0.4740255819743662 0.49119676219217917 0.5089225914155132 0.4780255819743662 0.4951967621921792 9
3.3249806737144 0.5049173588636373 0.4740047688178205 0.49120367385644054 0.5089173588636373 0.4780047688178205 0.49520367385644054 9
3.3169353347487 0.5049122927885509 0.47398399182420714 0.4912107265402661 0.5089122927885509 0.47798399182420714 0.4952107265402661 9
3.3089270777267 0.5049072373987291 0.47396327936649807 0.4912178134239681 0.5089072373987291 0.4779632793664981 0.4952178134239681 9
3.3009556303579 0.5049022127766056 0.47394266075280667 0.49122498273028603 0.5089022127766056 0.47794266075280667 0.49522498273028603 9
3.2930207230915 0.5048973825380119 0.47392212473013096 0.49123226367705 0.5088973825380119 0.47792212473013096 0.49523226367705 9
3.2851220890813 0.5048926262374586 0.4739017178487982 0.4912395921329014 0.5088926262374586 0.4779017178487982 0.4952395921329014 9
3.2772594641517 0.5048877888685748 0.4738812127238497 0.4912469408186916 0.5088877888685748 0.4778812127238497 0.4952469408186916 9
3.2694314870768 0.504882863680886 0.47386078087418665 0.491254260134444 0.508882863680886 0.47786078087418665 0.495254260134444 9
3.2616367572483 0.5048778432831982 0.47384037910259036 0.49126146455883496 0.5088778432831982 0.47784037910259036 0.49526146455883496 9
3.2538772808452 0.5048727152247737 0.47382012337015317 0.491268506971273 0.5088727152247737 0.47782012337015317 0.495268506971273 9
3.2461528038593 0.5048674888241956 0.4737999291241225 0.4912753115434235 0.5088674888241956 0.4777999291241225 0.4952753115434235 9
3.23846307479 0.5048621356069644 0.4737799527145495 0.49128210623741475 0.5088621356069644 0.4777799527145495 0.49528210623741475 9
3.2308078446135 0.5048566530193833 0.47375998590551505 0.4912889862779707 0.5088566530193833 0.47775998590551505 0.4952889862779707 9
3.2231868667511 0.504851146739411 0.47374015633100625 0.49129583261056586 0.508851146739411 0.47774015633100625 0.49529583261056587 9
3.2155998970397 0.5048456783766213 0.4737203242378742 0.4913026647813934 0.5088456783766213 0.4777203242378742 0.4953026647813934 9
3.2080443372893 0.5048402482126191 0.47370036753649 0.49130961574905657 0.5088402482126191 0.47770036753649 0.4953096157490566 9
3.2005213069074 0.5048349025922025 0.4736803231437993 0.4913167065816069 0.5088349025922025 0.4776803231437993 0.4953167065816069 9
3.1930315872069 0.5048296717575628 0.47366029836722356 0.49132384052396855 0.5088296717575628 0.47766029836722357 0.49532384052396855 9
3.1855749432158 0.5048245365873774 0.47364039881343173 0.4913310412119318 0.5088245365873774 0.47764039881343173 0.4953310412119318 9
3.1781511422332 0.5048194736295378 0.4736205295403132 0.4913382401416762 0.5088194736295378 0.4776205295403132 0.4953382401416762 9
3.1707599538021 0.5048144181540355 0.4736006963107042 0.4913453999265514 0.5088144181540355 0.4776006963107042 0.4953453999265514 9
3.1634011496809 0.5048095034388382 0.4735809232436737 0.4913525228461262 0.5088095034388382 0.4775809232436737 0.4953525228461262 9
3.1560745038175 0.50480472861909 0.4735611270469627 0.49135953636173696 0.50880472861909 0.4775611270469627 0.49535953636173696 9
3.148776689342 0.5047999961303593 0.4735412407114098 0.4913666875345571 0.5087999961303593 0.4775412407114098 0.4953666875345571 9
3.1415103200926 0.5047952471240895 0.47352132971501837 0.49137395340991846 0.5087952471240895 0.47752132971501837 0.49537395340991847 9
3.1342754643171 0.5047904188867831 0.473501237216576 0.4913811738614821 0.5087904188867831 0.477501237216576 0.4953811738614821 9
3.1270719042894 0.5047854656808162 0.47348105586468736 0.49138843054251136 0.5087854656808162 0.47748105586468736 0.49538843054251136 9
3.119899424345 0.5047803278742665 0.4734609040112183 0.49139562754548366 0.5087803278742665 0.4774609040112183 0.49539562754548366 9
3.1127578108557 0.5047750348402049 0.473440875685922 0.49140263525470373 0.5087750348402049 0.47744087568592203 0.49540263525470374 9
3.1056468522058 0.504769662120749 0.4734207062391898 0.49140961347861484 0.508769662120749 0.4774207062391898 0.49540961347861484 9
3.0985663387676 0.5047642039952424 0.47340048054177336 0.49141676418599917 0.5087642039952424 0.47740048054177336 0.49541676418599917 9
3.0915127408727 0.5047586985814551 0.4733803235873552 0.4914239530225358 0.5087586985814551 0.4773803235873552 0.4954239530225358 9
3.0844891067424 0.5047530900078563 0.4733600930956356 0.4914312334473544 0.5087530900078563 0.4773600930956356 0.4954312334473544 9
3.0774953208457 0.5047474447491511 0.4733395927292247 0.4914386184658015 0.5087474447491511 0.4773395927292247 0.4954386184658015 9
3.0705311811127 0.5047418148627764 0.47331899728611343 0.49144612565653045 0.5087418148627764 0.47731899728611343 0.49544612565653046 9
3.0635964873479 0.5047362581361106 0.4732984441255265 0.49145375613573633 0.5087362581361106 0.4772984441255265 0.49545375613573633 9
3.0566910412088 0.5047307688043219 0.47327799412513255 0.4914614828908506 0.5087307688043219 0.47727799412513255 0.4954614828908506 9
3.0498146461836 0.5047253069122931 0.4732575724341796 0.4914692602264807 0.5087253069122931 0.4772575724341796 0.4954692602264807 9
3.0429671075699 0.5047199234959476 0.47323718128676084 0.49147705208483433 0.5087199234959476 0.47723718128676085 0.49547705208483434 9
3.0361452383258 0.504714495470592 0.47321671330359016 0.4914848621873253 0.508714495470592 0.47721671330359017 0.4954848621873253 9
3.029351422556 0.5047090726999993 0.473196153400463 0.49149258288720843 0.5087090726999993 0.477196153400463 0.49549258288720843 9
3.0225859096847 0.5047035743618927 0.47317549482532884 0.49150021935883265 0.5087035743618927 0.47717549482532884 0.49550021935883265 9
3.0158485118826 0.5046980424404705 0.4731547315980911 0.4915078387584795 0.5086980424404705 0.47715473159809113 0.4955078387584795 9
3.0091390430286 0.5046924392522956 0.47313392532536364 0.4915153358194548 0.5086924392522956 0.47713392532536364 0.4955153358194548 9
3.0024573186901 0.5046868191838146 0.47311312691386476 0.4915227990652337 0.5086868191838146 0.47711312691386476 0.4955227990652337 9
2.9958034010342 0.5046811980317124 0.47309233836000425 0.4915302311266591 0.5086811980317124 0.47709233836000425 0.4955302311266591 9
2.9891763741313 0.5046755790776833 0.47307154765329906 0.4915376606930925 0.5086755790776833 0.47707154765329907 0.4955376606930925 9
2.9825746953267 0.5046699357075229 0.47305081802441057 0.49154499985680583 0.508669935707523 0.4770508180244106 0.49554499985680583 9
2.9759986987166 0.504664331077115 0.4730300057538374 0.49155229041223397 0.508664331077115 0.4770300057538374 0.495552290412234 9
2.9694495688273 0.5046587641880995 0.47300910200718665 0.49155943482148745 0.5086587641880995 0.47700910200718666 0.49555943482148745 9
2.9629271308073 0.5046531919821764 0.47298836795115884 0.49156642658506006 0.5086531919821764 0.47698836795115884 0.49556642658506006 9
2.9564312113642 0.5046475848380414 0.4729676616280768 0.4915733770728734 0.5086475848380414 0.4769676616280768 0.4955733770728734 9
2.9499616387477 0.504641976403558 0.4729471117790649 0.49158033245685867 0.508641976403558 0.4769471117790649 0.4955803324568587 9
2.9435182427319 0.5046365670694829 0.4729265333803922 0.49158731786876625 0.5086365670694829 0.4769265333803922 0.49558731786876625 9
2.9371008545982 0.504631429170439 0.4729059897117428 0.49159445867887447 0.508631429170439 0.4769059897117428 0.49559445867887447 9
2.9307086966298 0.5046262992369505 0.47288548446600026 0.4916017230917806 0.5086262992369505 0.47688548446600026 0.4956017230917806 9
2.9243393557459 0.5046211840321838 0.4728650031607032 0.49160915470955074 0.5086211840321838 0.4768650031607032 0.49560915470955075 9
2.9179955449637 0.504616190034561 0.47284448404618273 0.4916166439171354 0.508616190034561 0.47684448404618274 0.4956166439171354 9
2.9116771012796 0.5046112888317006 0.47282388458812497 0.49162417379816586 0.5086112888317006 0.47682388458812497 0.49562417379816587 9
2.9053838631164 0.5046064262626024 0.4728032925937592 0.4916316493870507 0.5086064262626024 0.4768032925937592 0.4956316493870507 9
2.8991156703071 0.5046015717556093 0.4727827189121406 0.4916390291660199 0.5086015717556093 0.4767827189121406 0.49563902916601993 9
2.8928723640798 0.5045966543944644 0.47276220945955166 0.49164635058542544 0.5085966543944644 0.47676220945955167 0.49564635058542544 9
2.8866537870416 0.5045916259936054 0.47274177225341 0.4916536449183073 0.5085916259936054 0.47674177225341 0.4956536449183073 9
2.8804597831642 0.5045865056785649 0.4727213763175032 0.49166081450083343 0.5085865056785649 0.4767213763175032 0.49566081450083344 9
2.8742881909077 0.5045813203258054 0.47270095265813117 0.4916678070701215 0.5085813203258054 0.47670095265813117 0.4956678070701215 9
2.8681393894119 0.5045761254227337 0.4726804932274324 0.49167466342264776 0.5085761254227337 0.4766804932274324 0.49567466342264777 9
2.8620147201978 0.5045709114681278 0.4726601436348672 0.49168151812234173 0.5085709114681278 0.4766601436348672 0.49568151812234174 9
2.8559140324041 0.504565699967147 0.47263997328130736 0.49168829157656496 0.508565699967147 0.47663997328130736 0.49568829157656497 9
2.8498371764622 0.5045603919804406 0.4726198791184555 0.49169494765839805 0.5085603919804406 0.4766198791184555 0.49569494765839806 9
2.8437840040818 0.5045550835867055 0.4725997585742027 0.4917016102584229 0.5085550835867055 0.4765997585742027 0.4957016102584229 9
2.837754368237 0.5045497745327205 0.472579524447294 0.491708318147311 0.5085497745327205 0.476579524447294 0.495708318147311 9
2.8317481231531 0.504544469034257 0.47255919247537775 0.4917150498618591 0.508544469034257 0.47655919247537776 0.4957150498618591 9
2.8257651242924 0.5045392013198151 0.4725388041454314 0.49172182584661167 0.5085392013198151 0.4765388041454314 0.4957218258466117 9
2.8198024174793 0.5045338776164047 0.47251843156186546 0.49172874853151377 0.5085338776164047 0.47651843156186546 0.4957287485315138 9
2.8138619846925 0.5045285760791605 0.47249814802238227 0.49173581314511106 0.5085285760791605 0.4764981480223823 0.49573581314511106 9
2.8079443906796 0.5045233307975199 0.47247786486056276 0.4917429962968224 0.5085233307975199 0.47647786486056276 0.4957429962968224 9
2.8020494955847 0.5045182112886146 0.472457581113261 0.49175024054065164 0.5085182112886146 0.47645758111326103 0.49575024054065164 9
2.7961771607254 0.5045132540055985 0.4724372359092017 0.4917575772598265 0.5085132540055985 0.47643723590920173 0.4957575772598265 9
2.7903272485808 0.5045083872972702 0.47241681465011615 0.49176497105588574 0.5085083872972702 0.47641681465011615 0.49576497105588574 9
2.7844996227786 0.5045035404207002 0.4723962840425611 0.49177229722439464 0.5085035404207002 0.4763962840425611 0.49577229722439464 9
2.7786941480832 0.5044986064342721 0.47237574866072174 0.4917796037264516 0.5084986064342721 0.47637574866072174 0.4957796037264516 9
2.7729106903838 0.5044936044016852 0.47235525801264244 0.49178689549623233 0.5084936044016852 0.47635525801264245 0.49578689549623234 9
2.7671461137324 0.5044886541945178 0.4723350080387852 0.49179409195912993 0.5084886541945178 0.4763350080387852 0.49579409195912993 9
2.7614027747164 0.5044837044527447 0.4723147761685738 0.4918010411371939 0.5084837044527447 0.4763147761685738 0.4958010411371939 9
2.755681075595 0.5044786396060688 0.4722945494658924 0.49180785720595427 0.5084786396060688 0.4762945494658924 0.49580785720595427 9
2.7499814536001 0.504473488656793 0.47227431705462963 0.4918146247636999 0.508473488656793 0.47627431705462964 0.4958146247636999 9
2.7443020786027 0.5044682806180462 0.4722540126455011 0.4918213778257497 0.5084682806180462 0.4762540126455011 0.4958213778257497 9
2.7386445243154 0.5044630084504023 0.4722336104434754 0.49182823649495966 0.5084630084504023 0.4762336104434754 0.49582823649495966 9
2.7330080967851 0.5044576954759992 0.47221323899440476 0.4918351817137153 0.5084576954759992 0.47621323899440476 0.4958351817137153 9
2.7273926704128 0.5044523183461734 0.4721929057528522 0.4918420930090211 0.5084523183461734 0.4761929057528522 0.4958420930090211 9
2.7217981205674 0.5044469184178907 0.47217264746427245 0.49184888410118344 0.5084469184178907 0.47617264746427246 0.49584888410118344 9
2.7162217622248 0.5044415469020116 0.4721526080366763 0.4918556530954373 0.5084415469020116 0.4761526080366763 0.4958556530954373 9
2.710665055125 0.5044362195131499 0.47213266390083347 0.4918624977733079 0.5084362195131499 0.4761326639008335 0.49586249777330793 9
2.7051288750561 0.5044309567216189 0.4721126753502646 0.49186937181945356 0.5084309567216189 0.4761126753502646 0.49586937181945356 9
2.699613101252 0.5044258553085317 0.47209267796357174 0.491876277948293 0.5084258553085317 0.47609267796357174 0.495876277948293 9
2.6941176139202 0.5044220747119249 0.47207512206246804 0.4918838110557901 0.5084220747119249 0.47607512206246805 0.4958838110557901 9
2.6886422942317 0.5044173123418076 0.4720554304101209 0.49189101389133577 0.5084173123418076 0.4760554304101209 0.4958910138913358 9
2.6831870243117 0.5044126241669674 0.4720356791492443 0.4918981436673081 0.5084126241669674 0.47603567914924433 0.4958981436673081 9
2.6777516872295 0.5044078624178726 0.47201585672034685 0.49190523847465956 0.5084078624178726 0.47601585672034685 0.49590523847465956 9
2.672336166989 0.5044030246282941 0.47199597495219475 0.49191236376286507 0.5084030246282941 0.47599597495219476 0.49591236376286507 9
2.6669388861384 0.5043981467577857 0.47197615592592873 0.4919195074120948 0.5083981467577857 0.47597615592592873 0.4959195074120948 9
2.661559088592 0.504393230754922 0.47195636123114476 0.491926623471041 0.508393230754922 0.47595636123114476 0.495926623471041 9
2.6561987835509 0.5043882134107901 0.4719365950859165 0.4919336387022579 0.5083882134107901 0.4759365950859165 0.49593363870225793 9
2.6508578585406 0.5043830716966168 0.4719168818497566 0.49194055994721914 0.5083830716966168 0.4759168818497566 0.49594055994721914 9
2.6455362019754 0.5043778172226809 0.47189719799718344 0.49194740927725716 0.5083778172226809 0.47589719799718344 0.49594740927725717 9
2.6402337031507 0.5043724540540244 0.4718775152583618 0.49195420001573315 0.5083724540540244 0.4758775152583618 0.49595420001573315 9
2.634950252233 0.5043669982381553 0.4718579021030894 0.4919609526823766 0.5083669982381553 0.4758579021030894 0.4959609526823766 9
2.6296857402523 0.5043614526072678 0.471838301793174 0.49196762017098256 0.5083614526072678 0.475838301793174 0.49596762017098256 9
2.6244400590926 0.5043558803175563 0.4718186712881238 0.49197432408463043 0.5083558803175563 0.47581867128812383 0.49597432408463044 9
2.6192131014839 0.504350356118325 0.47179900539848785 0.49198112719672743 0.508350356118325 0.47579900539848785 0.49598112719672743 9
2.6140014850299 0.5043448526457804 0.4717791971547538 0.4919880767614982 0.5083448526457804 0.4757791971547538 0.4959880767614982 9
2.6088080779503 0.5043395050376913 0.47175932132435866 0.49199512561501124 0.5083395050376913 0.47575932132435866 0.49599512561501125 9
2.603633095426 0.5043342780575829 0.47173946666022787 0.4920021372193496 0.5083342780575829 0.47573946666022787 0.4960021372193496 9
2.5984764333689 0.5043291829433487 0.47171963653826193 0.4920091223420268 0.5083291829433487 0.47571963653826194 0.4960091223420268 9
2.5933379884963 0.5043241769895562 0.4716999463032469 0.4920161354063323 0.5083241769895562 0.4756999463032469 0.4960161354063323 9
2.5882176583239 0.5043192100453453 0.4716803473399332 0.49202313566245426 0.5083192100453453 0.4756803473399332 0.49602313566245426 9
2.5831153411573 0.5043142949448691 0.4716608010383895 0.4920301144732627 0.5083142949448691 0.4756608010383895 0.49603011447326273 9
2.5780309360846 0.5043094758984491 0.47164129677640654 0.49203704676164334 0.5083094758984491 0.47564129677640654 0.49603704676164334 9
2.5729643429685 0.5043047084905525 0.471621799921202 0.49204396401992057 0.5083047084905525 0.475621799921202 0.49604396401992057 9
2.5679146480015 0.5042999734937231 0.47160229652583074 0.4920508996393391 0.5082999734937231 0.47560229652583075 0.4960508996393391 9
2.5628797707526 0.5042951932920072 0.47158264133369565 0.4920578591327823 0.5082951932920072 0.47558264133369565 0.49605785913278233 9
2.5578624272739 0.5042902546011894 0.4715628932384184 0.4920648501880943 0.5082902546011894 0.4755628932384184 0.4960648501880943 9
2.5528625203372 0.5042851996385663 0.47154311934385895 0.49207196471559855 0.5082851996385663 0.47554311934385896 0.49607196471559856 9
2.5478799534533 0.5042801776150481 0.4715232903301247 0.4920791315498276 0.5082801776150481 0.4755232903301247 0.4960791315498276 9
2.5429146308646 0.5042751746063455 0.4715033908475863 0.49208634626300035 0.5082751746063455 0.4755033908475863 0.49608634626300036 9
2.5379664575382 0.5042702211158007 0.47148339553584706 0.49209353758448926 0.5082702211158007 0.47548339553584706 0.49609353758448926 9
2.5330353391589 0.504265296073516 0.471463381248554 0.4921007366175277 0.508265296073516 0.47546338124855403 0.4961007366175277 9
2.5281211821227 0.5042603484335 0.47144335511570523 0.49210795657292183 0.5082603484335 0.47544335511570524 0.49610795657292184 9
2.5232238935292 0.5042553666180454 0.4714233610850021 0.49211517655768316 0.5082553666180454 0.4754233610850021 0.49611517655768317 9
2.5183421205573 0.5042503474092132 0.4714033834840547 0.4921223528899572 0.5082503474092132 0.4754033834840547 0.4961223528899572 9
2.5134746641512 0.5042452786601636 0.47138337876841596 0.49212947952539354 0.5082452786601636 0.47538337876841597 0.49612947952539355 9
2.5086238190325 0.504240171782697 0.4713633564148058 0.4921365346234378 0.508240171782697 0.4753633564148058 0.4961365346234378 9
2.5037894949393 0.5042350697427447 0.4713433493214358 0.49214351149614866 0.5082350697427447 0.4753433493214358 0.49614351149614866 9
2.4989719804881 0.5042299906842852 0.47132343531063303 0.4921504128278306 0.5082299906842852 0.47532343531063304 0.4961504128278306 9
2.494170052099 0.5042248987553395 0.47130359951084133 0.4921572706889716 0.5082248987553395 0.47530359951084133 0.4961572706889716 9
2.4893847562388 0.5042197735956667 0.4712838428207257 0.4921641187131941 0.5082197735956667 0.4752838428207257 0.4961641187131941 9
2.4846156269773 0.5042146144427079 0.4712641198303743 0.49217093482369456 0.5082146144427079 0.4752641198303743 0.49617093482369456 9
2.4798625773883 0.5042094197271453 0.47124444003353433 0.49217772689457345 0.5082094197271453 0.47524444003353433 0.49617772689457346 9
2.4751255211489 0.5042042495740506 0.4712247763943033 0.49218453718777533 0.5082042495740506 0.4752247763943033 0.49618453718777533 9
2.4704033768436 0.5041990363600474 0.4712050943756882 0.492191338994371 0.5081990363600474 0.4752050943756882 0.496191338994371 9
2.4656944006767 0.5041937995069596 0.4711853313679061 0.49219819548581134 0.5081937995069596 0.4751853313679061 0.49619819548581134 9
2.4610011798268 0.5041885859218982 0.47116551046007743 0.4922051192340161 0.5081885859218982 0.47516551046007743 0.4962051192340161 9
2.4563236303684 0.5041834132935327 0.4711456059013889 0.492212039324361 0.5081834132935327 0.4751456059013889 0.496212039324361 9
2.4516616689886 0.504178279551962 0.47112563041891553 0.49221889508304334 0.508178279551962 0.47512563041891553 0.49621889508304334 9
2.4470152129814 0.5041731752111118 0.47110572316365046 0.492225693119561 0.5081731752111118 0.47510572316365046 0.496225693119561 9
2.4423841802423 0.504168094038991 0.47108590211561774 0.4922324497965178 0.508168094038991 0.47508590211561774 0.4962324497965178 9
2.4377684892626 0.504163002558946 0.47106612392980923 0.4922391488965405 0.508163002558946 0.47506612392980924 0.4962391488965405 9
2.4331680591238 0.5041578467884464 0.4710464425362122 0.4922457727742363 0.5081578467884464 0.4750464425362122 0.4962457727742363 9
2.4285828094924 0.5041527119527932 0.4710267720468914 0.4922523650905214 0.5081527119527932 0.4750267720468914 0.4962523650905214 9
2.4240126606145 0.5041475782257138 0.47100709950122926 0.4922589670375665 0.5081475782257138 0.47500709950122927 0.4962589670375665 9
2.4194538637357 0.5041424380126351 0.4709874556906136 0.49226562032587057 0.5081424380126351 0.4749874556906136 0.49626562032587057 9
2.4149100214879 0.5041373040972468 0.47096780868370813 0.49227223983071683 0.5081373040972468 0.47496780868370814 0.49627223983071683 9
2.4103810609851 0.5041322489570028 0.4709482109390415 0.4922788985401541 0.5081322489570028 0.4749482109390415 0.4962788985401541 9
2.4058669046355 0.5041272131206639 0.47092869986371944 0.49228565062563323 0.5081272131206639 0.47492869986371944 0.49628565062563323 9
2.4013674754015 0.5041221903059895 0.47090932160810145 0.4922925123131839 0.5081221903059895 0.47490932160810145 0.4962925123131839 9
2.3968826967951 0.5041171250430206 0.47089007694717955 0.4922994624253621 0.5081171250430206 0.47489007694717955 0.4962994624253621 9
2.3924124928724 0.5041120270481547 0.470870876386866 0.4923064294673807 0.5081120270481547 0.474870876386866 0.4963064294673807 9
2.3879567882293 0.5041068995358661 0.4708516773675226 0.4923133582388244 0.5081068995358661 0.4748516773675226 0.4963133582388244 9
2.3835155079961 0.5041017662570865 0.47083246845210364 0.4923202613492962 0.5081017662570865 0.47483246845210364 0.4963202613492962 9
2.3790885778331 0.5040966168479104 0.4708132550087675 0.4923271699540908 0.5080966168479104 0.4748132550087675 0.4963271699540908 9
2.3746739909273 0.5040913817911201 0.47079400043566155 0.4923341274512413 0.5080913817911201 0.47479400043566156 0.4963341274512413 9
2.3702718540797 0.5040860882319871 0.47077466778147653 0.49234108647848224 0.5080860882319871 0.47477466778147653 0.49634108647848224 9
2.365883864053 0.5040806933743567 0.47075523063809055 0.49234801083431257 0.5080806933743567 0.47475523063809055 0.49634801083431257 9
2.361509948479 0.5040752432336045 0.47073572344228953 0.49235487621398816 0.5080752432336045 0.47473572344228954 0.49635487621398816 9
2.357150035497 0.5040698053529945 0.47071613928297956 0.49236164324271225 0.5080698053529945 0.47471613928297957 0.49636164324271226 9
2.3528040537491 0.5040643597769371 0.4706964940340909 0.4923682694462169 0.5080643597769371 0.4746964940340909 0.4963682694462169 9
2.3484719323754 0.5040589459567482 0.4706769504455389 0.4923747589950267 0.5080589459567482 0.4746769504455389 0.4963747589950267 9
2.3441536010102 0.5040535921695831 0.47065757522730306 0.4923811354977684 0.5080535921695831 0.47465757522730306 0.4963811354977684 9
2.3398489897773 0.5040483527736936 0.47063819217397673 0.49238741069347447 0.5080483527736936 0.47463819217397674 0.4963874106934745 9
2.3355580292858 0.5040432366553456 0.4706187166415847 0.4923936405565984 0.5080432366553456 0.4746187166415847 0.4963936405565984 9
2.3312806506255 0.5040382543632062 0.4705991441701158 0.49239985868788716 0.5080382543632062 0.4745991441701158 0.49639985868788716 9
2.3270136617715 0.504033356309847 0.4705795307036227 0.49240606229213063 0.508033356309847 0.4745795307036227 0.49640606229213063 9
2.3227595414562 0.5040284645509338 0.4705599071129724 0.4924123382415293 0.5080284645509338 0.4745599071129724 0.4964123382415293 9
2.3185188154561 0.5040236086569799 0.4705402644922766 0.492418694782032 0.5080236086569799 0.4745402644922766 0.496418694782032 9
2.3142914166462 0.5040188326960208 0.4705206689265342 0.4924251036836505 0.5080188326960208 0.4745206689265342 0.4964251036836505 9
2.3100772783626 0.5040141251874849 0.47050114275868443 0.49243154260628363 0.5080141251874849 0.47450114275868444 0.49643154260628364 9
2.3058763343982 0.5040094493357846 0.47048175007651555 0.49243801386657715 0.5080094493357846 0.47448175007651555 0.49643801386657715 9
2.3016885189989 0.504004794971201 0.4704624181510613 0.49244453073767874 0.508004794971201 0.4744624181510613 0.49644453073767875 9
2.2975137668596 0.5040001180996235 0.4704431184769069 0.4924510512701588 0.5080001180996235 0.4744431184769069 0.4964510512701588 9
2.2933520131206 0.5039954009671375 0.4704238115813517 0.49245755512398254 0.5079954009671375 0.4744238115813517 0.49645755512398254 9
2.2892031933632 0.503990633927114 0.4704044621571745 0.49246406038416113 0.507990633927114 0.4744044621571745 0.49646406038416113 9
2.2850672436064 0.5039857951580515 0.4703850916531741 0.49247058162790947 0.5079857951580515 0.4743850916531741 0.49647058162790947 9
2.2809405558184 0.5039809190001657 0.4703657985646168 0.4924771349940508 0.5079809190001657 0.4743657985646168 0.49647713499405083 9
2.2768264373691 0.503975975509769 0.4703465405835847 0.49248368884234567 0.507975975509769 0.4743465405835847 0.49648368884234567 9
2.2727250156917 0.5039709516880531 0.47032731932094546 0.4924902410568021 0.5079709516880531 0.47432731932094546 0.4964902410568021 9
2.2686362284241 0.5039658620149174 0.4703081640668805 0.49249686523250513 0.5079658620149174 0.4743081640668805 0.49649686523250514 9
2.2645600136242 0.5039606873474922 0.47028897574545314 0.4925035104768183 0.5079606873474922 0.47428897574545315 0.4965035104768183 9
2.2604963097658 0.5039554307858384 0.4702697010889886 0.4925101752395749 0.5079554307858384 0.4742697010889886 0.4965101752395749 9
2.2564450557355 0.5039500146545247 0.47025039143276937 0.49251693222561005 0.5079500146545247 0.47425039143276937 0.49651693222561005 9
2.2524061908289 0.5039445731046247 0.47023112939264833 0.4925236445907505 0.5079445731046247 0.47423112939264833 0.4965236445907505 9
2.2483798948754 0.5039391321772183 0.47021187578570467 0.49253028434334134 0.5079391321772183 0.4742118757857047 0.49653028434334134 9
2.2443653875696 0.5039337032231986 0.47019254783001946 0.49253687083405956 0.5079337032231986 0.47419254783001946 0.49653687083405956 9
2.2403633298703 0.5039283134663722 0.47017316418636884 0.4925433564932111 0.5079283134663722 0.47417316418636885 0.49654335649321113 9
2.2363702512927 0.5039229564649974 0.47015379312392064 0.49254982171054 0.5079229564649974 0.47415379312392064 0.49654982171054 9
2.2323886957508 0.5039176406464738 0.47013441396810296 0.4925562659008117 0.5079176406464738 0.47413441396810296 0.4965562659008117 9
2.228419189411 0.5039123710440309 0.47011502853460585 0.49256267939596404 0.5079123710440309 0.47411502853460585 0.49656267939596405 9
2.2244616742465 0.5039071555124324 0.4700955958448606 0.4925689471118997 0.5079071555124324 0.4740955958448606 0.4965689471118997 9
2.2205160926137 0.5039019676857599 0.470076074400349 0.49257512408151416 0.5079019676857599 0.474076074400349 0.49657512408151416 9
2.2165823872486 0.5038968573717177 0.47005650300406304 0.49258123323811165 0.5078968573717177 0.47405650300406305 0.49658123323811165 9
2.2126605012635 0.5038917748278223 0.4700369184185716 0.49258732462080596 0.5078917748278223 0.4740369184185716 0.49658732462080596 9
2.2087503781445 0.5038867458891899 0.4700173725110316 0.4925934358747788 0.5078867458891899 0.4740173725110316 0.4965934358747788 9
2.2048519617476 0.503881774052725 0.4699978798691346 0.4925995883145637 0.507881774052725 0.4739978798691346 0.4965995883145637 9
2.2009651962963 0.5038768715220824 0.4699784376461375 0.4926057604616483 0.5078768715220824 0.4739784376461375 0.4966057604616483 9
2.197090026378 0.5038720084672588 0.46995898851129825 0.4926120106530216 0.5078720084672588 0.47395898851129825 0.49661201065302163 9
2.1932244201332 0.5038671278475423 0.46993948557414794 0.49261838148892484 0.5078671278475423 0.47393948557414795 0.49661838148892484 9
2.1893685122466 0.5038622373906951 0.46992004785394526 0.49262482635595545 0.5078622373906951 0.47392004785394526 0.49662482635595545 9
2.1855240515174 0.5038573258654404 0.46990070495474295 0.4926313037656539 0.5078573258654404 0.47390070495474296 0.4966313037656539 9
2.1816909838723 0.5038523466099066 0.46988141023427255 0.4926378232068274 0.5078523466099066 0.47388141023427255 0.4966378232068274 9
2.1778692555878 0.5038472670535836 0.4698621587783503 0.4926443580334758 0.5078472670535836 0.4738621587783503 0.4966443580334758 9
2.1740588132877 0.5038421314940001 0.4698430127979742 0.4926508849987227 0.5078421314940001 0.4738430127979742 0.49665088499872273 9
2.1702596039401 0.503836959468149 0.46982393150564733 0.49265739480649123 0.507836959468149 0.47382393150564733 0.49665739480649124 9
2.1664715748545 0.5038317627931358 0.4698048970180248 0.49266386223749253 0.5078317627931358 0.4738048970180248 0.49666386223749254 9
2.162694673679 0.5038265663137054 0.46978589534512794 0.49267023967395945 0.5078265663137054 0.47378589534512794 0.49667023967395946 9
2.1589288483977 0.5038213999743559 0.4697669119424062 0.4926765498064311 0.5078213999743559 0.4737669119424062 0.4966765498064311 9
2.1551740473277 0.5038162664547877 0.46974788912998905 0.4926828080543342 0.5078162664547877 0.47374788912998905 0.4966828080543342 9
2.1514302191168 0.5038111387240708 0.469728823762328 0.4926890236336088 0.5078111387240708 0.473728823762328 0.4966890236336088 9
2.1476935887478 0.5038060682940322 0.4697097584039491 0.49269521373949293 0.5078060682940322 0.4737097584039491 0.49669521373949294 9
2.1439677772138 0.5038010405546752 0.4696906478497447 0.49270138956990533 0.5078010405546752 0.4736906478497447 0.49670138956990534 9
2.1402528018799 0.5037960608055233 0.4696714549155467 0.49270757855324926 0.5077960608055233 0.4736714549155467 0.49670757855324926 9
2.1365486126047 0.5037911276012695 0.46965216894302064 0.49271383731372936 0.5077911276012695 0.47365216894302065 0.49671383731372937 9
2.1328551595646 0.5037862105367878 0.4696327752503351 0.49272014017414917 0.5077862105367879 0.4736327752503351 0.49672014017414917 9
2.1291723932513 0.503781271996993 0.46961331116042926 0.492726470138433 0.507781271996993 0.47361331116042926 0.496726470138433 9
2.1255002644696 0.5037762880606939 0.4695937910779999 0.49273279230400524 0.5077762880606939 0.4735937910779999 0.49673279230400524 9
2.1218387243342 0.5037712805651335 0.46957423488060823 0.4927390803412925 0.5077712805651335 0.47357423488060824 0.4967390803412925 9
2.118187724268 0.5037662627578399 0.4695547070504031 0.4927453164359076 0.5077662627578399 0.4735547070504031 0.4967453164359076 9
2.1145472159991 0.5037611312816112 0.4695352430789787 0.4927515505824755 0.5077611312816112 0.4735352430789787 0.4967515505824755 9
2.1109171515583 0.5037559094688916 0.46951585243948823 0.4927578111906768 0.5077559094688916 0.47351585243948824 0.4967578111906768 9
2.1072966550091 0.5037506361757056 0.4694965743930514 0.4927640759805983 0.5077506361757056 0.47349657439305143 0.4967640759805983 9
2.1036835284525 0.5037453135159365 0.46947736065219503 0.4927702902540812 0.5077453135159365 0.47347736065219503 0.4967702902540812 9
2.1000807188935 0.5037400089035259 0.46945821986506486 0.49277648673588104 0.5077400089035259 0.47345821986506487 0.49677648673588104 9
2.0964881794689 0.5037346927994081 0.46943916676183056 0.49278264793083415 0.5077346927994081 0.47343916676183057 0.49678264793083415 9
2.0929058636071 0.5037293217213753 0.46942013631815876 0.49278880794513086 0.5077293217213753 0.47342013631815877 0.49678880794513086 9
2.0893337250261 0.503723842138534 0.46940116366810364 0.4927950396923703 0.507723842138534 0.47340116366810364 0.4967950396923703 9
2.0857717177306 0.5037182556642706 0.469382273256441 0.492801380641057 0.5077182556642706 0.473382273256441 0.496801380641057 9
2.0822197960104 0.5037126445540443 0.4693633974581683 0.49280781962539044 0.5077126445540443 0.4733633974581683 0.49680781962539045 9
2.0786779144378 0.5037070345794479 0.46934448740550894 0.4928143247945564 0.5077070345794479 0.47334448740550894 0.4968143247945564 9
2.0751460278654 0.503701446514837 0.4693255873541231 0.49282089664594353 0.507701446514837 0.4733255873541231 0.49682089664594353 9
2.0716240914239 0.5036959108472093 0.46930667654856617 0.49282753600032464 0.5076959108472093 0.4733066765485662 0.49682753600032464 9
2.0681120605201 0.5036904052199206 0.4692877004927123 0.49283422022851087 0.5076904052199206 0.4732877004927123 0.49683422022851087 9
2.0646090298741 0.503684952037276 0.4692685962153806 0.4928408611490588 0.507684952037276 0.4732685962153806 0.4968408611490588 9
2.0611128517163 0.5036795431396494 0.46924939489749357 0.4928474238753157 0.5076795431396494 0.47324939489749357 0.4968474238753157 9
2.0576264620118 0.5036741963146265 0.4692301138357394 0.4928539516694208 0.5076741963146265 0.47323011383573943 0.4968539516694208 9
2.0541498171705 0.5036688813734225 0.4692108321916112 0.4928604477553184 0.5076688813734225 0.4732108321916112 0.4968604477553184 9
2.0506828738688 0.5036635861776825 0.46919153916079487 0.4928668781690958 0.5076635861776825 0.47319153916079487 0.4968668781690958 9
2.0472255890465 0.5036583041069675 0.46917223958820914 0.4928732279013959 0.5076583041069676 0.47317223958820914 0.49687322790139593 9
2.0437779199054 0.5036530117908179 0.4691529733298353 0.49287951086993453 0.5076530117908179 0.4731529733298353 0.49687951086993454 9
2.0403398239073 0.5036476760584734 0.46913376813220237 0.4928857140590345 0.5076476760584734 0.47313376813220237 0.4968857140590345 9
2.0369112587715 0.5036423250165103 0.46911459572072634 0.49289183634797323 0.5076423250165103 0.47311459572072634 0.49689183634797324 9
2.0334921824735 0.5036369967921639 0.46909543871551956 0.4928979236364773 0.5076369967921639 0.47309543871551957 0.4968979236364773 9
2.0300825532424 0.5036316812624723 0.46907632650347636 0.49290398213999675 0.5076316812624723 0.47307632650347636 0.49690398213999676 9
2.0266823295594 0.5036263375594444 0.46905724543012633 0.4929099449961687 0.5076263375594444 0.47305724543012634 0.4969099449961687 9
2.0232914664964 0.5036209278223561 0.46903820837588395 0.49291583598823085 0.5076209278223561 0.47303820837588395 0.49691583598823086 9
2.0199060829107 0.503615491897255 0.4690191890561224 0.4929216743195082 0.507615491897255 0.4730191890561224 0.4969216743195082 9
2.0165299966681 0.5036100243188786 0.4690001776744163 0.4929274778874882 0.5076100243188786 0.4730001776744163 0.4969274778874882 9
2.0131631671614 0.5036045163728331 0.4689811152168859 0.49293322360019376 0.5076045163728331 0.4729811152168859 0.49693322360019376 9
2.009805554027 0.5035990239226107 0.4689620213475529 0.49293899162950916 0.5075990239226107 0.4729620213475529 0.49693899162950916 9
2.0064571171418 0.5035935487673112 0.4689429170269216 0.49294480043405253 0.5075935487673112 0.4729429170269216 0.49694480043405254 9
2.0031178166226 0.5035880285203217 0.46892374621276567 0.492950602794917 0.5075880285203217 0.47292374621276567 0.496950602794917 9
