8.1330643194892 0.506413472852448 0.4798680640651286 0.4887241296923506 0.510413472852448 0.4838680640651286 0.4927241296923506 9
8.0818843214791 0.5064058138913988 0.4798390562119479 0.48873702208081776 0.5104058138913988 0.4838390562119479 0.49273702208081777 9
8.0314148869044 0.5063981694441875 0.4798100731814125 0.48874994945043004 0.5103981694441875 0.4838100731814125 0.49274994945043005 9
7.9816419161148 0.5063905368706162 0.4797812678023574 0.48876279246760185 0.5103905368706162 0.4837812678023574 0.49276279246760185 9
7.9325417101846 0.506382876335872 0.4797525831895152 0.48877550748376636 0.510382876335872 0.4837525831895152 0.49277550748376636 9
7.8841093256458 0.5063753822907064 0.4797238801284187 0.4887882400282813 0.5103753822907064 0.4837238801284187 0.4927882400282813 9
7.8363256870345 0.5063679805331232 0.47969537956763597 0.48880100937434356 0.5103679805331232 0.483695379567636 0.49280100937434357 9
7.7891789670368 0.506360474313819 0.47966719552098835 0.48881373794077576 0.510360474313819 0.48366719552098836 0.49281373794077576 9
7.7426543516668 0.5063529809491378 0.4796390651228208 0.4888261874365158 0.5103529809491378 0.4836390651228208 0.4928261874365158 9
7.6967390981526 0.5063454983372043 0.47961067978032956 0.4888385976794653 0.5103454983372043 0.48361067978032957 0.4928385976794653 9
7.6514215382762 0.506338071237669 0.4795824105584548 0.48885114748789815 0.510338071237669 0.4835824105584548 0.49285114748789816 9
7.6066870985632 0.5063308415479805 0.47955412257845825 0.4888638376996909 0.5103308415479805 0.48355412257845826 0.4928638376996909 9
7.56252588351 0.5063236375685536 0.4795261689196018 0.4888767310748049 0.5103236375685536 0.4835261689196018 0.4928767310748049 9
7.5189257900861 0.5063165113629183 0.4794985436362666 0.488889493514438 0.5103165113629183 0.4834985436362666 0.492889493514438 9
7.4758742805379 0.5063094296646996 0.47947092405580516 0.4889020056619529 0.5103094296646996 0.48347092405580516 0.4929020056619529 9
7.4333621571324 0.5063022384693318 0.479443254649892 0.4889145789727609 0.5103022384693318 0.483443254649892 0.4929145789727609 9
7.3913774665521 0.5062951297381145 0.47941572952470524 0.4889272749743588 0.5102951297381145 0.48341572952470524 0.4929272749743588 9
7.349909823956 0.5062880366461074 0.47938827011519325 0.48894001471040416 0.5102880366461074 0.48338827011519325 0.49294001471040416 9
7.3089502830204 0.5062809282232525 0.47936079712096635 0.488952590648728 0.5102809282232526 0.48336079712096636 0.492952590648728 9
7.2684872391571 0.5062739007815565 0.4793333142947489 0.48896528540468304 0.5102739007815565 0.4833333142947489 0.49296528540468304 9
7.2285121024239 0.5062669820452972 0.4793061164396877 0.48897811388604606 0.5102669820452972 0.4833061164396877 0.49297811388604607 9
7.1890162272408 0.5062600453430559 0.47927896192090164 0.4889908929827344 0.5102600453430559 0.48327896192090164 0.4929908929827344 9
7.1499884119886 0.5062531000433275 0.47925174920144425 0.48900355695837877 0.5102531000433275 0.48325174920144426 0.4930035569583788 9
7.1114215058699 0.5062461853515993 0.47922460487215734 0.48901637209335086 0.5102461853515993 0.48322460487215735 0.49301637209335086 9
7.0733072276286 0.5062393332070038 0.47919776704505923 0.4890291720065277 0.5102393332070038 0.48319776704505923 0.4930291720065277 9
7.0356348473542 0.5062325372280828 0.47917093862932353 0.4890419816329475 0.5102325372280828 0.48317093862932353 0.4930419816329475 9
6.9984018395066 0.5062257563079108 0.4791442995851693 0.489054879336839 0.5102257563079108 0.4831442995851693 0.493054879336839 9
6.9615897368687 0.5062189714909536 0.4791177711471132 0.4890676882299637 0.5102189714909536 0.4831177711471132 0.4930676882299637 9
6.9251989919202 0.5062122118213143 0.4790911853147314 0.4890804156244156 0.5102122118213143 0.4830911853147314 0.4930804156244156 9
6.889220717047 0.5062056428667749 0.4790646191501301 0.48909318965563786 0.5102056428667749 0.4830646191501301 0.49309318965563786 9
6.8536476043573 0.5061991163861624 0.47903821955102294 0.4891060908861862 0.5101991163861624 0.48303821955102294 0.4931060908861862 9
6.8184701284878 0.5061926131196379 0.4790118642948721 0.48911905139603373 0.5101926131196379 0.4830118642948721 0.49311905139603374 9
6.7836833043465 0.5061860441331746 0.47898557845270784 0.48913209759524223 0.5101860441331746 0.48298557845270784 0.49313209759524224 9
6.7492804580935 0.5061795531682316 0.4789595647261724 0.48914513068046006 0.5101795531682316 0.4829595647261724 0.49314513068046006 9
6.7152528236759 0.5061730524908503 0.47893374952889806 0.48915809440448993 0.5101730524908503 0.48293374952889806 0.49315809440448993 9
6.6815954030677 0.5061665960194489 0.47890788682491714 0.4891711910847171 0.5101665960194489 0.48290788682491714 0.49317119108471713 9
6.6483022721564 0.5061601053769608 0.4788820666113781 0.4891845573598463 0.5101601053769608 0.4828820666113781 0.4931845573598463 9
6.6153655461906 0.5061536161088949 0.4788563382402895 0.489198063766683 0.5101536161088949 0.4828563382402895 0.493198063766683 9
6.58277983259 0.506147138256806 0.4788307087164568 0.48921153652110144 0.510147138256806 0.4828307087164568 0.49321153652110145 9
6.5505400847295 0.5061406536267388 0.47880514165165733 0.48922494196264954 0.5101406536267388 0.48280514165165733 0.49322494196264954 9
6.5186394340621 0.5061341299592628 0.4787795449793806 0.48923837218398836 0.5101341299592628 0.4827795449793806 0.49323837218398836 9
6.4870717002914 0.5061275288142804 0.4787539900828989 0.4892520218625039 0.5101275288142804 0.4827539900828989 0.4932520218625039 9
6.455832854524 0.5061210207848016 0.47872860450850757 0.48926584087125463 0.5101210207848016 0.4827286045085076 0.49326584087125463 9
6.4249171923139 0.5061144939075048 0.47870342563664037 0.48927974869657687 0.5101144939075049 0.48270342563664037 0.49327974869657687 9
6.394317339037 0.506107983640079 0.4786783935721005 0.489293715721144 0.510107983640079 0.4826783935721005 0.493293715721144 9
6.3640304364049 0.5061013937591159 0.4786533730878676 0.4893076339782516 0.5101013937591159 0.4826533730878676 0.4933076339782516 9
6.3340513962328 0.5060945941270976 0.47862824677077836 0.48932146299887885 0.5100945941270976 0.48262824677077837 0.49332146299887886 9
6.3043733543713 0.5060878725874491 0.47860309501055043 0.4893353159040193 0.5100878725874491 0.48260309501055043 0.4933353159040193 9
6.2749926621466 0.5060810597717519 0.47857805356069205 0.48934931379209495 0.5100810597717519 0.48257805356069206 0.49334931379209496 9
6.2459052693099 0.5060743161044329 0.478553145191294 0.4893633782625572 0.5100743161044329 0.482553145191294 0.4933633782625572 9
6.2171057683393 0.5060674275794309 0.4785282693306418 0.48937741465564416 0.5100674275794309 0.4825282693306418 0.49337741465564416 9
6.1885885138638 0.5060604906502559 0.4785032587309149 0.48939129681086857 0.5100604906502559 0.48250325873091493 0.4933912968108686 9
6.1603509286601 0.5060534096127278 0.4784782030797882 0.48940516126653644 0.5100534096127278 0.4824782030797882 0.49340516126653644 9
6.1323886514927 0.5060462668541079 0.47845327703011914 0.48941905594893226 0.5100462668541079 0.48245327703011914 0.49341905594893226 9
6.104695379329 0.5060390840401223 0.478428277318565 0.48943303661161947 0.5100390840401223 0.482428277318565 0.49343303661161947 9
6.0772684074498 0.5060319084761989 0.4784031074018246 0.489447144938465 0.510031908476199 0.4824031074018246 0.493447144938465 9
6.0501042425386 0.5060247919609177 0.4783778793139853 0.4894613068554866 0.5100247919609177 0.4823778793139853 0.4934613068554866 9
6.0231983798081 0.5060176426076951 0.4783528816656079 0.4894754707705309 0.5100176426076951 0.4823528816656079 0.4934754707705309 9
5.9965475703719 0.5060103645694056 0.4783279542811852 0.48948951983881855 0.5100103645694056 0.4823279542811852 0.49348951983881856 9
5.9701432208965 0.5060030734748746 0.478303063000431 0.48950338870598203 0.5100030734748746 0.482303063000431 0.49350338870598204 9
5.9439884934335 0.5059956829107236 0.4782781349155098 0.4895172621525321 0.5099956829107236 0.4822781349155098 0.4935172621525321 9
5.9180759873356 0.5059882117736311 0.478253215636032 0.4895313160376619 0.5099882117736311 0.482253215636032 0.4935313160376619 9
5.89240226686 0.5059807983549929 0.4782281725284223 0.4895454544456845 0.5099807983549929 0.4822281725284223 0.4935454544456845 9
5.8669650638089 0.5059734680854004 0.4782032510313841 0.4895595013708372 0.5099734680854004 0.4822032510313841 0.4935595013708372 9
5.8417609124107 0.5059660591714206 0.4781784031783348 0.48957348242025045 0.5099660591714206 0.4821784031783348 0.49357348242025045 9
5.8167842956069 0.5059586379734377 0.47815380750154235 0.48958737566375665 0.5099586379734377 0.48215380750154235 0.49358737566375666 9
5.7920334747095 0.5059510985527897 0.4781294113654954 0.4896012019580943 0.5099510985527897 0.4821294113654954 0.4936012019580943 9
5.767505751253 0.5059434005550053 0.4781050497645623 0.48961509918029844 0.5099434005550053 0.4821050497645623 0.49361509918029844 9
5.7431979262941 0.5059355876860366 0.47808057331024023 0.48962904621463 0.5099355876860366 0.48208057331024023 0.49362904621463 9
5.7191042306574 0.5059277230184701 0.478055847430777 0.4896430605558376 0.5099277230184701 0.482055847430777 0.4936430605558376 9
5.695224191153 0.5059198500622301 0.4780308976644517 0.48965724907764885 0.5099198500622301 0.48203089766445173 0.49365724907764885 9
5.6715548563947 0.5059121544239855 0.47800583622331344 0.4896715851421191 0.5099121544239855 0.48200583622331344 0.4936715851421191 9
5.6480930437119 0.5059047571163319 0.4779808646262685 0.48968598436210126 0.5099047571163319 0.4819808646262685 0.49368598436210126 9
5.6248335895041 0.5058975800127407 0.4779561675573009 0.48970037598152627 0.5098975800127407 0.4819561675573009 0.4937003759815263 9
5.6017761687059 0.5058904357219495 0.4779315497535505 0.48971483897146784 0.5098904357219495 0.4819315497535505 0.49371483897146784 9
5.5789179892623 0.5058832476972647 0.47790702281949 0.4897295009985714 0.5098832476972647 0.48190702281949 0.4937295009985714 9
5.5562560161217 0.505875970928202 0.477882597476809 0.48974420826498793 0.509875970928202 0.481882597476809 0.49374420826498794 9
5.5337854228291 0.5058687597658369 0.4778584321232164 0.4897589718092673 0.5098687597658369 0.4818584321232164 0.4937589718092673 9
5.5115060388609 0.505861614777374 0.4778342554048121 0.48977373571344324 0.509861614777374 0.4818342554048121 0.49377373571344324 9
5.4894152752971 0.5058545659560361 0.47781029652620133 0.48978845104856966 0.5098545659560361 0.48181029652620133 0.49378845104856967 9
5.4675119108343 0.5058473416725099 0.4777863184927999 0.4898031926760386 0.5098473416725099 0.4817863184927999 0.4938031926760386 9
5.4457879751101 0.5058402440192664 0.4777622532520342 0.4898177572982348 0.5098402440192664 0.4817622532520342 0.4938177572982348 9
5.4242453092699 0.5058332338915343 0.4777383042146777 0.48983252185664383 0.5098332338915343 0.4817383042146777 0.49383252185664384 9
5.4028815699382 0.5058262636694684 0.47771451094391715 0.4898476893827441 0.5098262636694684 0.48171451094391715 0.4938476893827441 9
5.3816941738065 0.5058193141513363 0.47769081553550846 0.48986326349142395 0.5098193141513363 0.48169081553550847 0.49386326349142395 9
5.3606783469176 0.5058125341328589 0.4776673797911047 0.48987916128583187 0.5098125341328589 0.4816673797911047 0.49387916128583187 9
5.3398340521709 0.5058059824808983 0.47764423184573085 0.4898954450355299 0.5098059824808983 0.48164423184573085 0.4938954450355299 9
5.3191593268739 0.5057993727333733 0.47762104992647747 0.48991230259033974 0.5097993727333733 0.4816210499264775 0.49391230259033975 9
5.2986520611968 0.5057922816806331 0.47759735150087884 0.48992813921122896 0.5097922816806331 0.48159735150087885 0.49392813921122897 9
5.2783060981075 0.5057847753418289 0.47757289357402966 0.48994223995392394 0.5097847753418289 0.48157289357402966 0.49394223995392394 9
5.2581243704102 0.5057769633454972 0.4775479822578401 0.4899552425496121 0.5097769633454972 0.4815479822578401 0.4939552425496121 9
5.2381037238371 0.505769106669141 0.47752225608227467 0.48996774643479024 0.509769106669141 0.48152225608227467 0.49396774643479024 9
5.2182421123361 0.5057612790654389 0.47749592479196723 0.489980193174232 0.5097612790654389 0.48149592479196723 0.49398019317423203 9
5.1985364939115 0.5057532279371296 0.4774692302287289 0.48999244537208964 0.5097532279371296 0.4814692302287289 0.49399244537208964 9
5.1789841577134 0.505744947149991 0.47744238297840125 0.4900043785190336 0.509744947149991 0.48144238297840125 0.4940043785190336 9
5.1595868281205 0.5057366214568657 0.47741557708316373 0.4900159593713008 0.5097366214568657 0.48141557708316374 0.49401595937130083 9
5.1403388120609 0.5057281856441496 0.47738867115953937 0.4900272072414295 0.5097281856441496 0.48138867115953937 0.4940272072414295 9
5.1212401815966 0.5057198922298415 0.4773615395393378 0.4900382540992492 0.5097198922298415 0.4813615395393378 0.49403825409924923 9
5.1022863601411 0.5057114800674786 0.47733408846342457 0.49004899810421687 0.5097114800674786 0.48133408846342457 0.4940489981042169 9
5.0834781626041 0.5057029921555733 0.47730609573020194 0.49005967522636196 0.5097029921555734 0.48130609573020194 0.49405967522636196 9
5.0648120456155 0.5056946950645934 0.4772776336562473 0.49007049001769987 0.5096946950645934 0.4812776336562473 0.49407049001769987 9
5.0462899568069 0.5056872177282122 0.47724910876968263 0.4900809127857038 0.5096872177282122 0.48124910876968263 0.4940809127857038 9
5.027907003054 0.5056807510581623 0.47722118416998954 0.49009085275383346 0.5096807510581624 0.48122118416998955 0.49409085275383346 9
5.0096613111284 0.505674849994156 0.47719372678893424 0.4901002152358787 0.509674849994156 0.48119372678893424 0.4941002152358787 9
4.9915537094735 0.5056693210316864 0.4771667527390083 0.4901088700605288 0.5096693210316864 0.48116675273900833 0.4941088700605288 9
4.9735796746086 0.505663987333679 0.47714026987054553 0.49011730488591726 0.509663987333679 0.48114026987054553 0.49411730488591726 9
4.9557404757496 0.505658978087904 0.4771142302480947 0.49012561919753744 0.5096589780879041 0.4811142302480947 0.49412561919753745 9
4.9380310525019 0.5056541933075916 0.47708870985410373 0.49013376441703754 0.5096541933075917 0.48108870985410374 0.49413376441703755 9
4.9204520263699 0.5056497744057614 0.4770632612652381 0.49014171388678685 0.5096497744057614 0.48106326126523813 0.49414171388678685 9
4.9030022186814 0.5056455473694228 0.47703795344708905 0.4901494841057602 0.5096455473694228 0.48103795344708905 0.4941494841057602 9
4.8856801172535 0.5056415215490927 0.47701270770103443 0.49015697859816587 0.5096415215490927 0.48101270770103444 0.4941569785981659 9
4.8684836794612 0.5056375103551696 0.4769878474973998 0.4901645966832584 0.5096375103551696 0.4809878474973998 0.4941645966832584 9
4.8514096704994 0.5056333530594419 0.4769635552269519 0.49017260973262733 0.5096333530594419 0.4809635552269519 0.49417260973262733 9
4.834459003746 0.5056290313371653 0.4769399094155522 0.49018075225282326 0.5096290313371653 0.4809399094155522 0.49418075225282326 9
4.8176302606012 0.5056244969027038 0.47691669412337784 0.4901887609157146 0.5096244969027038 0.48091669412337784 0.4941887609157146 9
4.8009220447965 0.5056196631853758 0.476893865437669 0.49019673630463345 0.5096196631853758 0.480893865437669 0.49419673630463345 9
4.784331787004 0.505614651693744 0.47687135282911186 0.4902047882510689 0.509614651693744 0.48087135282911186 0.4942047882510689 9
4.7678576311648 0.5056096746957279 0.4768488529048447 0.49021271187570314 0.5096096746957279 0.4808488529048447 0.49421271187570315 9
4.7514999721025 0.5056048121496213 0.47682639274858934 0.49022047246671363 0.5096048121496213 0.48082639274858935 0.49422047246671363 9
4.7352574981467 0.5055999130912643 0.4768043235052715 0.49022837444438566 0.5095999130912643 0.4808043235052715 0.49422837444438567 9
4.719128917842 0.5055949830066531 0.47678220773066443 0.49023623474396505 0.5095949830066531 0.48078220773066443 0.49423623474396505 9
4.7031114062749 0.5055899336432653 0.4767600853754809 0.4902443421827022 0.5095899336432653 0.48076008537548093 0.4942443421827022 9
4.6872039085764 0.5055847376263046 0.4767380787843293 0.4902525035599323 0.5095847376263046 0.4807380787843293 0.4942525035599323 9
4.6714065757758 0.505579410075462 0.4767160859609701 0.49026055932700996 0.509579410075462 0.4807160859609701 0.49426055932700996 9
4.6557181930564 0.5055738052476476 0.47669385331363107 0.49026859293592867 0.5095738052476476 0.48069385331363107 0.4942685929359287 9
4.6401375639397 0.50556796356297 0.47667158967904855 0.49027668456370516 0.50956796356297 0.48067158967904855 0.49427668456370516 9
4.6246618908247 0.505562020514714 0.4766494546215782 0.4902849197448627 0.509562020514714 0.4806494546215782 0.4942849197448627 9
4.609290322647 0.5055559444682702 0.4766272106911647 0.4902931621745439 0.5095559444682702 0.4806272106911647 0.4942931621745439 9
4.5940230530324 0.5055499662958091 0.47660455669676655 0.4903015031632462 0.5095499662958091 0.48060455669676655 0.4943015031632462 9
4.5788589550727 0.5055441901071267 0.4765816953459202 0.49031045045814997 0.5095441901071267 0.4805816953459202 0.49431045045815 9
4.5637969185282 0.5055382240861729 0.4765586349059475 0.49031984602233425 0.5095382240861729 0.4805586349059475 0.49431984602233425 9
4.5488344688364 0.5055321004810612 0.47653538535016515 0.49032983431282623 0.5095321004810612 0.48053538535016516 0.49432983431282623 9
4.5339703389387 0.505525929168493 0.47651205380170303 0.49034012962400175 0.509525929168493 0.48051205380170303 0.49434012962400176 9
4.5192050641501 0.505520028347887 0.47648854013418396 0.4903506928951393 0.509520028347887 0.48048854013418396 0.4943506928951393 9
4.5045375975085 0.5055142538149593 0.4764650156822608 0.4903615063225926 0.5095142538149593 0.4804650156822608 0.4943615063225926 9
4.4899669072332 0.5055082559557623 0.47644149696096644 0.49037241795195813 0.5095082559557623 0.48044149696096644 0.49437241795195813 9
4.4754911514238 0.5055019328590398 0.4764179526826255 0.4903833238523384 0.5095019328590398 0.4804179526826255 0.4943833238523384 9
4.4611080022545 0.5054955262943228 0.476393991687058 0.4903940975640743 0.5094955262943228 0.480393991687058 0.4943940975640743 9
4.4468186496149 0.5054892194287851 0.47636978449695583 0.4904050226288764 0.5094892194287851 0.48036978449695583 0.4944050226288764 9
4.4326221193866 0.5054829436958053 0.47634557796491045 0.49041592020835795 0.5094829436958053 0.48034557796491045 0.49441592020835795 9
4.4185174513027 0.5054765156819786 0.4763214619342767 0.4904267172718449 0.5094765156819786 0.4803214619342767 0.4944267172718449 9
4.4045036986985 0.5054703636612419 0.47629743889852594 0.49043733832491304 0.5094703636612419 0.48029743889852594 0.49443733832491304 9
4.3905769868197 0.5054644840164179 0.47627349737135033 0.4904476113670196 0.5094644840164179 0.48027349737135033 0.4944476113670196 9
4.3767393017845 0.5054585220625482 0.47624964478540766 0.49045756425303977 0.5094585220625482 0.48024964478540766 0.49445756425303977 9
4.3629897980136 0.5054524878606266 0.4762255131888918 0.4904673497724223 0.5094524878606266 0.4802255131888918 0.4944673497724223 9
4.3493275805421 0.5054463969532582 0.47620112912373136 0.4904767756940658 0.5094463969532582 0.48020112912373136 0.4944767756940658 9
4.3357517668425 0.5054401477845808 0.47617687655819624 0.4904861803863934 0.5094401477845808 0.48017687655819624 0.4944861803863934 9
4.3222597483625 0.5054337552866003 0.47615267324947674 0.49049540534017405 0.5094337552866003 0.48015267324947675 0.49449540534017405 9
4.3088511357715 0.5054276004731241 0.4761284576204767 0.49050451431524544 0.5094276004731241 0.4801284576204767 0.49450451431524545 9
4.2955263781795 0.5054218599003494 0.47610400953489385 0.49051358259916444 0.5094218599003494 0.48010400953489385 0.49451358259916445 9
4.2822846403544 0.5054162898554097 0.4760795580096336 0.4905225785771406 0.5094162898554097 0.4800795580096336 0.4945225785771406 9
4.2691250984564 0.5054108292167621 0.47605512543572454 0.4905313545205121 0.5094108292167621 0.48005512543572454 0.4945313545205121 9
4.256046765488 0.5054054323025603 0.47603062145800906 0.49054010101145695 0.5094054323025603 0.48003062145800907 0.49454010101145696 9
4.2430461473216 0.5054002093787049 0.4760060256112039 0.4905489961640707 0.5094002093787049 0.4800060256112039 0.4945489961640707 9
4.230125346118 0.5053950792704702 0.475981531329389 0.49055793060239355 0.5093950792704702 0.479981531329389 0.49455793060239356 9
4.2172835813756 0.5053899618231084 0.4759571696545406 0.4905666433295349 0.5093899618231084 0.4799571696545406 0.4945666433295349 9
4.2045200830444 0.5053846558969051 0.47593301096176693 0.4905752686051068 0.5093846558969051 0.47993301096176694 0.4945752686051068 9
4.1918340913492 0.5053793980010401 0.475908710729098 0.4905838070207184 0.5093793980010402 0.479908710729098 0.4945838070207184 9
4.1792235471624 0.5053741083196525 0.4758843996577659 0.4905922609660252 0.5093741083196525 0.4798843996577659 0.4945922609660252 9
4.1666872780132 0.505368843291957 0.4758601357191261 0.4906006579361373 0.509368843291957 0.4798601357191261 0.4946006579361373 9
4.1542263217858 0.505363651521377 0.4758362240146252 0.4906089576104443 0.509363651521377 0.4798362240146252 0.4946089576104443 9
4.1418399578098 0.5053586557102041 0.47581293634180294 0.4906170393155916 0.5093586557102041 0.47981293634180294 0.4946170393155916 9
4.1295274748596 0.5053535253080057 0.47578989915771125 0.4906248731227403 0.5093535253080057 0.47978989915771125 0.4946248731227403 9
4.1172881709967 0.5053485233840667 0.4757670685072686 0.4906325181963805 0.5093485233840667 0.4797670685072686 0.4946325181963805 9
4.1051192542267 0.5053434216273601 0.47574419520260286 0.49064022676364044 0.5093434216273601 0.47974419520260286 0.49464022676364044 9
4.0930211737232 0.5053380966208152 0.4757210976966533 0.4906478167430784 0.5093380966208152 0.4797210976966533 0.4946478167430784 9
4.0809942459588 0.5053327708340044 0.47569784327934456 0.49065530403396157 0.5093327708340044 0.47969784327934456 0.4946553040339616 9
4.0690378043587 0.5053276184475429 0.47567449903282555 0.4906627239430927 0.5093276184475429 0.47967449903282555 0.4946627239430927 9
4.0571511909009 0.505322722957075 0.4756512180964421 0.49067020757011554 0.509322722957075 0.4796512180964421 0.49467020757011554 9
4.0453337559766 0.5053180161168258 0.4756281788658381 0.49067772387777736 0.5093180161168258 0.4796281788658381 0.49467772387777736 9
4.0335823263733 0.5053132635184605 0.4756050434205214 0.4906853622384657 0.5093132635184605 0.4796050434205214 0.4946853622384657 9
4.021898250315 0.5053083419222504 0.47558197257016366 0.4906930917749783 0.5093083419222504 0.47958197257016366 0.4946930917749783 9
4.0102814779793 0.5053033305092547 0.47555876298748057 0.4907009815522018 0.5093033305092547 0.47955876298748057 0.4947009815522018 9
