6.21710611859 0.497397 0.504843 0.486594 0.503397 0.510843 0.492594 8
6.18858959035 0.497397 0.504843 0.486532 0.503397 0.510843 0.492532 8
6.16035197582 0.497397 0.504843 0.486532 0.503397 0.510843 0.492532 8
6.13238892703 0.497351 0.504767 0.486517 0.503351 0.510767 0.492517 8
6.10469618865 0.497351 0.504736 0.486487 0.503351 0.510736 0.492487 8
6.07726959548 0.49729 0.504736 0.486548 0.50329 0.510736 0.492548 8
6.05010507006 0.49732 0.504706 0.486426 0.50332 0.510706 0.492426 8
6.02319862032 0.49732 0.504675 0.486395 0.50332 0.510675 0.492395 8
5.99654864503 0.49732 0.504645 0.486365 0.50332 0.510645 0.492365 8
5.97014439277 0.49732 0.504645 0.486334 0.50332 0.510645 0.492334 8
5.9439890382 0.49729 0.504614 0.486304 0.50329 0.510614 0.492304 8
5.91807660047 0.49729 0.504584 0.486273 0.50329 0.510584 0.492273 8
5.89240348214 0.497259 0.504553 0.486243 0.503259 0.510553 0.492243 8
5.86696615838 0.497259 0.504523 0.486212 0.503259 0.510523 0.492212 8
5.84176117534 0.497259 0.504523 0.486182 0.503259 0.510523 0.492182 8
5.81678514836 0.497229 0.504492 0.486151 0.503229 0.510492 0.492151 8
5.79203476016 0.497237 0.504469 0.486143 0.503237 0.510469 0.492143 8
5.76750675919 0.497221 0.504439 0.486098 0.503221 0.510439 0.492098 8
5.74319795799 0.497198 0.504401 0.486059 0.503198 0.510401 0.492059 8
5.71910523154 0.497206 0.504393 0.486052 0.503206 0.510393 0.492052 8
5.69522551575 0.497191 0.504362 0.486021 0.503191 0.510362 0.492021 8
5.67155580594 0.497191 0.504347 0.485991 0.503191 0.510347 0.491991 8
5.64809315541 0.497175 0.504317 0.48596 0.503175 0.510317 0.49196 8
5.62483467398 0.49716 0.504286 0.485945 0.50316 0.510286 0.491945 8
5.60177752664 0.49716 0.504271 0.485914 0.50316 0.510271 0.491914 8
5.57891893223 0.497145 0.50424 0.485884 0.503145 0.51024 0.491884 8
5.55625616212 0.497145 0.504225 0.485853 0.503145 0.510225 0.491853 8
5.53378653897 0.49713 0.504195 0.485838 0.50313 0.510195 0.491838 8
5.5115074355 0.497114 0.504164 0.485808 0.503114 0.510164 0.491808 8
5.48941627331 0.497114 0.504149 0.485777 0.503114 0.510149 0.491777 8
5.46751052172 0.497099 0.504118 0.485747 0.503099 0.510118 0.491747 8
5.44578769668 0.497088 0.504099 0.485728 0.503088 0.510099 0.491728 8
5.42424535963 0.49708 0.504076 0.485705 0.50308 0.510076 0.491705 8
5.40288111651 0.49708 0.504046 0.485682 0.50308 0.510046 0.491682 8
5.38169261666 0.497071 0.504017 0.485653 0.503071 0.510017 0.491653 8
5.36067755189 0.497056 0.504005 0.485624 0.503056 0.510005 0.491624 8
5.33983365548 0.497045 0.503986 0.485599 0.503045 0.509986 0.491599 8
5.3191587012 0.497041 0.503961 0.485578 0.503041 0.509961 0.491578 8
5.29865050248 0.49703 0.503936 0.485551 0.50303 0.509936 0.491551 8
5.27830691142 0.497022 0.503915 0.485524 0.503022 0.509915 0.491524 8
5.25812581801 0.497016 0.503892 0.485503 0.503016 0.509892 0.491503 8
5.2381051492 0.497005 0.503867 0.485477 0.503005 0.509867 0.491477 8
5.21824286815 0.496997 0.503843 0.485456 0.502997 0.509843 0.491456 8
5.19853697339 0.496988 0.503814 0.485429 0.502988 0.509814 0.491429 8
5.17898549807 0.49698 0.503791 0.485404 0.50298 0.509791 0.491404 8
5.15958650916 0.496969 0.503764 0.485378 0.502969 0.509764 0.491378 8
5.14033810674 0.496961 0.503743 0.485351 0.502961 0.509743 0.491351 8
5.1212384233 0.496949 0.503719 0.485326 0.502949 0.509719 0.491326 8
5.102285623 0.49694 0.503696 0.485301 0.50294 0.509696 0.491301 8
5.08347790102 0.496932 0.503673 0.485276 0.502932 0.509673 0.491276 8
5.06481348287 0.496923 0.503648 0.485252 0.502923 0.509648 0.491252 8
5.04629062378 0.496915 0.503625 0.485229 0.502915 0.509625 0.491229 8
5.02790760803 0.496904 0.5036 0.485204 0.502904 0.5096 0.491204 8
5.00966274837 0.496898 0.503579 0.485179 0.502898 0.509579 0.491179 8
4.99155534646 0.496887 0.503558 0.485156 0.502887 0.509558 0.491156 8
4.97358088686 0.496881 0.503536 0.485132 0.502881 0.509536 0.491132 8
4.95574064767 0.496871 0.503513 0.485109 0.502871 0.509513 0.491109 8
4.93803208824 0.496864 0.50349 0.485084 0.502864 0.50949 0.491084 8
4.92045365504 0.496856 0.503467 0.485061 0.502856 0.509467 0.491061 8
4.90300381948 0.496846 0.503444 0.485036 0.502846 0.509444 0.491036 8
4.88568107758 0.496837 0.503425 0.485013 0.502837 0.509425 0.491013 8
4.86848394941 0.496829 0.5034 0.48499 0.502829 0.5094 0.49099 8
4.85141097864 0.496822 0.503381 0.484967 0.502822 0.509381 0.490967 8
4.83446073204 0.496812 0.503356 0.484947 0.502812 0.509356 0.490947 8
4.81763179903 0.496806 0.503335 0.484927 0.502806 0.509335 0.490927 8
4.80092279121 0.496795 0.503312 0.484906 0.502795 0.509312 0.490906 8
4.78433234194 0.496785 0.503291 0.484884 0.502785 0.509291 0.490884 8
4.76785910589 0.496774 0.503267 0.484863 0.502774 0.509267 0.490863 8
4.75150175863 0.496764 0.503244 0.48484 0.502764 0.509244 0.49084 8
4.7352589962 0.496753 0.503221 0.484817 0.502753 0.509221 0.490817 8
4.71912953474 0.496742 0.503198 0.484796 0.502742 0.509198 0.490796 8
4.70311211006 0.49673 0.503175 0.484775 0.50273 0.509175 0.490775 8
4.68720547731 0.496715 0.503152 0.484752 0.502715 0.509152 0.490752 8
4.67140841054 0.496698 0.503129 0.484731 0.502698 0.509129 0.490731 8
4.65571970238 0.496682 0.503106 0.484708 0.502682 0.509106 0.490708 8
4.64013816369 0.496658 0.503047 0.484603 0.502658 0.509047 0.490603 8
4.62466262316 0.496652 0.503059 0.48466 0.502652 0.509059 0.49066 8
4.60929192703 0.496652 0.503 0.484538 0.502652 0.509 0.490538 8
4.59402493874 0.496648 0.502975 0.484504 0.502648 0.508975 0.490504 8
4.57886053856 0.496646 0.50295 0.48447 0.502646 0.50895 0.49047 8
4.56379762334 0.496639 0.502925 0.484439 0.502639 0.508925 0.490439 8
4.54883510616 0.496635 0.502902 0.484409 0.502635 0.508902 0.490409 8
4.53397191604 0.496631 0.502879 0.484376 0.502631 0.508879 0.490376 8
4.51920699764 0.496625 0.502855 0.484348 0.502625 0.508855 0.490348 8
4.50453931097 0.496618 0.502824 0.484315 0.502618 0.508824 0.490315 8
4.4899678311 0.496614 0.502809 0.484288 0.502614 0.508809 0.490288 8
4.47549154791 0.496518 0.502818 0.48438 0.502518 0.508818 0.49038 8
4.46110946578 0.496509 0.502795 0.484351 0.502509 0.508795 0.490351 8
4.44682060335 0.496499 0.502771 0.484323 0.502499 0.508771 0.490323 8
4.43262399328 0.496492 0.502746 0.484292 0.502492 0.508746 0.490292 8
4.41851868194 0.49648 0.502723 0.484264 0.50248 0.508723 0.490264 8
4.40450372922 0.496469 0.502698 0.484229 0.502469 0.508698 0.490229 8
4.39057820826 0.496459 0.502673 0.484197 0.502459 0.508673 0.490197 8
4.37674120521 0.496452 0.502651 0.484164 0.502452 0.508651 0.490164 8
4.36299181901 0.496442 0.502626 0.484134 0.502442 0.508626 0.490134 8
4.34932916116 0.496436 0.502603 0.484103 0.502436 0.508603 0.490103 8
4.3357523555 0.496427 0.50258 0.484071 0.502427 0.50858 0.490071 8
4.32226053798 0.496421 0.502557 0.484039 0.502421 0.508557 0.490039 8
4.30885285647 0.496412 0.502532 0.484008 0.502412 0.508532 0.490008 8
4.29552847053 0.496404 0.502507 0.483974 0.502404 0.508507 0.489974 8
4.28228655122 0.496396 0.502483 0.483943 0.502396 0.508483 0.489943 8
4.26912628089 0.496391 0.502458 0.483911 0.502391 0.508458 0.489911 8
4.256046853 0.496381 0.502433 0.483876 0.502381 0.508433 0.489876 8
4.24304747191 0.496377 0.502408 0.48384 0.502377 0.508408 0.48984 8
4.23012735271 0.496373 0.502382 0.483808 0.502373 0.508382 0.489808 8
4.21728572103 0.49637 0.502357 0.483773 0.50237 0.508357 0.489773 8
4.20452181286 0.49637 0.50233 0.483739 0.50237 0.50833 0.489739 8
4.19183487436 0.496372 0.502303 0.483712 0.502372 0.508303 0.489712 8
4.17922416173 0.496368 0.502279 0.483691 0.502368 0.508279 0.489691 8
4.16668894099 0.496331 0.502256 0.483657 0.502331 0.508256 0.489657 8
4.15422848784 0.496349 0.502229 0.483644 0.502349 0.508229 0.489644 8
4.14184208752 0.496316 0.502208 0.483596 0.502316 0.508208 0.489596 8
4.12952903459 0.496309 0.502183 0.483566 0.502309 0.508183 0.489566 8
4.11728863285 0.496303 0.502162 0.483541 0.502303 0.508162 0.489541 8
4.10512019513 0.496299 0.502136 0.483516 0.502299 0.508136 0.489516 8
4.09302304316 0.496286 0.502109 0.483491 0.502286 0.508109 0.489491 8
4.08099650744 0.496278 0.502086 0.483463 0.502278 0.508086 0.489463 8
4.06903992706 0.496269 0.502061 0.483436 0.502269 0.508061 0.489436 8
4.05715264959 0.496259 0.502036 0.483409 0.502259 0.508036 0.489409 8
4.04533403096 0.496249 0.502012 0.483381 0.502249 0.508012 0.489381 8
4.03358343525 0.49624 0.501987 0.483354 0.50224 0.507987 0.489354 8
4.02190023464 0.49623 0.501962 0.483325 0.50223 0.507962 0.489325 8
4.01028380925 0.496223 0.501939 0.483297 0.502223 0.507939 0.489297 8
3.99873457211 0.496215 0.501914 0.48327 0.502215 0.507914 0.48927 8
3.98724884333 0.496207 0.501891 0.483241 0.502207 0.507891 0.489241 8
3.97582910177 0.4962 0.501867 0.483215 0.5022 0.507867 0.489215 8
3.96447373261 0.496192 0.501842 0.483186 0.502192 0.507842 0.489186 8
3.95318215387 0.496187 0.501817 0.483159 0.502187 0.507817 0.489159 8
3.9419537907 0.496179 0.501792 0.483133 0.502179 0.507792 0.489133 8
3.93078807532 0.496173 0.501767 0.483106 0.502173 0.507767 0.489106 8
3.91968444696 0.496167 0.501741 0.483079 0.502167 0.507741 0.489079 8
3.90864235171 0.496158 0.501714 0.483054 0.502158 0.507714 0.489054 8
3.89766124244 0.496148 0.501691 0.48303 0.502148 0.507691 0.48903 8
3.88674057866 0.496141 0.501668 0.483003 0.502141 0.507668 0.489003 8
3.87587982647 0.496133 0.501643 0.482974 0.502133 0.507643 0.488974 8
3.86507845842 0.496125 0.501621 0.482948 0.502125 0.507621 0.488948 8
3.85433595341 0.496118 0.501596 0.482921 0.502118 0.507596 0.488921 8
3.84365179662 0.49611 0.501571 0.482894 0.50211 0.507571 0.488894 8
3.83302547938 0.496103 0.501546 0.482868 0.502103 0.507546 0.488868 8
3.82245649911 0.496095 0.501521 0.482841 0.502095 0.507521 0.488841 8
3.81194435921 0.496087 0.501497 0.482814 0.502087 0.507497 0.488814 8
3.80148856895 0.496078 0.50147 0.482789 0.502078 0.50747 0.488789 8
3.79108864344 0.49607 0.501445 0.482763 0.50207 0.507445 0.488763 8
3.78074410348 0.496061 0.50142 0.482736 0.502061 0.50742 0.488736 8
3.7704544755 0.496051 0.501395 0.482711 0.502051 0.507395 0.488711 8
3.7602192915 0.496042 0.501371 0.482684 0.502042 0.507371 0.488684 8
3.75003808891 0.496032 0.501346 0.482658 0.502032 0.507346 0.488658 8
3.73991041058 0.496022 0.501323 0.482631 0.502022 0.507323 0.488631 8
3.72983580463 0.496013 0.5013 0.482604 0.502013 0.5073 0.488604 8
3.71981382444 0.496003 0.501275 0.482578 0.502003 0.507275 0.488578 8
3.7098440285 0.495996 0.501251 0.482551 0.501996 0.507251 0.488551 8
3.6999259804 0.495986 0.501228 0.482524 0.501986 0.507228 0.488524 8
3.69005924874 0.495975 0.501203 0.482499 0.501975 0.507203 0.488499 8
3.68024340701 0.495965 0.50118 0.482475 0.501965 0.50718 0.488475 8
3.67047803359 0.495956 0.501159 0.482448 0.501956 0.507159 0.488448 8
3.66076271163 0.495944 0.501136 0.482421 0.501944 0.507136 0.488421 8
3.651097029 0.495937 0.501113 0.482396 0.501937 0.507113 0.488396 8
3.64148057822 0.495927 0.501092 0.482368 0.501927 0.507092 0.488368 8
3.63191295639 0.495918 0.501069 0.482341 0.501918 0.507069 0.488341 8
3.62239376513 0.49591 0.501048 0.482314 0.50191 0.507048 0.488314 8
3.61292261051 0.495902 0.501025 0.482288 0.501902 0.507025 0.488288 8
3.60349910299 0.495893 0.501004 0.482259 0.501893 0.507004 0.488259 8
3.59412285736 0.495885 0.500982 0.482232 0.501885 0.506982 0.488232 8
3.58479349268 0.495878 0.500959 0.482206 0.501878 0.506959 0.488206 8
3.57551063221 0.495868 0.500936 0.482179 0.501868 0.506936 0.488179 8
3.56627390335 0.49586 0.500913 0.48215 0.50186 0.506913 0.48815 8
3.55708293761 0.495853 0.50089 0.482124 0.501853 0.50689 0.488124 8
3.54793737052 0.495845 0.500865 0.482095 0.501845 0.506865 0.488095 8
3.53883684159 0.495837 0.500842 0.482068 0.501837 0.506842 0.488068 8
3.52978099426 0.495828 0.500818 0.482042 0.501828 0.506818 0.488042 8
3.52076947581 0.49582 0.500795 0.482015 0.50182 0.506795 0.488015 8
3.51180193737 0.495813 0.50077 0.481988 0.501813 0.50677 0.487988 8
3.50287803381 0.495803 0.500745 0.481962 0.501803 0.506745 0.487962 8
3.49399771037 0.495796 0.50072 0.481935 0.501796 0.50672 0.487935 8
3.4851597693 0.495788 0.500695 0.481908 0.501788 0.506695 0.487908 8
3.47636473651 0.49578 0.500671 0.481881 0.50178 0.506671 0.487881 8
3.46761199469 0.495773 0.500646 0.481855 0.501773 0.506646 0.487855 8
3.45890121678 0.495765 0.500621 0.48183 0.501765 0.506621 0.48783 8
3.45023207918 0.495757 0.500596 0.481803 0.501757 0.506596 0.487803 8
3.44160426172 0.495748 0.500572 0.481776 0.501748 0.506572 0.487776 8
3.43301744757 0.49574 0.500547 0.481752 0.50174 0.506547 0.487752 8
3.42447132326 0.495733 0.500522 0.481725 0.501733 0.506522 0.487725 8
3.41596557859 0.495723 0.500497 0.481698 0.501723 0.506497 0.487698 8
3.4074999066 0.495715 0.500472 0.481674 0.501715 0.506472 0.487674 8
3.39907400353 0.495708 0.500446 0.481647 0.501708 0.506446 0.487647 8
3.39068756876 0.4957 0.500421 0.481622 0.5017 0.506421 0.487622 8
3.38234030482 0.495691 0.500396 0.481595 0.501691 0.506396 0.487595 8
3.37403191728 0.495683 0.500371 0.481571 0.501683 0.506371 0.487571 8
3.36576211474 0.495673 0.500345 0.481544 0.501673 0.506345 0.487544 8
3.35753060882 0.495666 0.50032 0.481519 0.501666 0.50632 0.487519 8
3.34933711407 0.495658 0.500295 0.481492 0.501658 0.506295 0.487492 8
3.34118134796 0.495649 0.50027 0.481468 0.501649 0.50627 0.487468 8
3.33306303085 0.495641 0.500243 0.481441 0.501641 0.506243 0.487441 8
3.32498188593 0.495631 0.500219 0.481414 0.501631 0.506219 0.487414 8
3.31693763918 0.495624 0.500192 0.481389 0.501624 0.506192 0.487389 8
3.30893001938 0.495614 0.500167 0.481363 0.501614 0.506167 0.487363 8
3.30095875801 0.495607 0.50014 0.481336 0.501607 0.50614 0.487336 8
3.29302358927 0.495597 0.500116 0.481311 0.501597 0.506116 0.487311 8
3.28512425001 0.495588 0.500089 0.481284 0.501588 0.506089 0.487284 8
3.27726047972 0.495578 0.500064 0.48126 0.501578 0.506064 0.48726 8
3.26943202047 0.49557 0.500039 0.481235 0.50157 0.506039 0.487235 8
3.2616386169 0.495561 0.500013 0.481208 0.501561 0.506013 0.487208 8
3.25388001619 0.495551 0.499988 0.481183 0.501551 0.505988 0.487183 8
3.246155968 0.495544 0.499963 0.481157 0.501544 0.505963 0.487157 8
3.23846622448 0.495534 0.499938 0.48113 0.501534 0.505938 0.48713 8
3.2308105402 0.495527 0.499913 0.481105 0.501527 0.505913 0.487105 8
3.22318867213 0.495517 0.499889 0.481078 0.501517 0.505889 0.487078 8
3.21560037965 0.495509 0.499864 0.481054 0.501509 0.505864 0.487054 8
3.20804542444 0.495502 0.499837 0.481027 0.501502 0.505837 0.487027 8
3.20052357053 0.495494 0.499812 0.481 0.501494 0.505812 0.487 8
3.19303458422 0.495487 0.499786 0.480975 0.501487 0.505786 0.486975 8
3.1855782341 0.495479 0.499761 0.480951 0.501479 0.505761 0.486951 8
3.17815429096 0.495471 0.499736 0.480926 0.501471 0.505736 0.486926 8
3.17076252782 0.495464 0.499709 0.480903 0.501464 0.505709 0.486903 8
3.16340271985 0.495456 0.499683 0.480878 0.501456 0.505683 0.486878 8
3.1560746444 0.49545 0.499658 0.480853 0.50145 0.505658 0.486853 8
3.14877808094 0.495443 0.499629 0.480829 0.501443 0.505629 0.486829 8
3.14151281104 0.495435 0.499603 0.480804 0.501435 0.505603 0.486804 8
3.13427861833 0.495427 0.499576 0.480781 0.501427 0.505576 0.486781 8
3.1270752885 0.49542 0.499549 0.480756 0.50142 0.505549 0.486756 8
3.11990260928 0.495414 0.499522 0.480731 0.501414 0.505522 0.486731 8
3.11276037039 0.495406 0.499496 0.480706 0.501406 0.505496 0.486706 8
3.1056483635 0.495401 0.499469 0.480684 0.501401 0.505469 0.486684 8
3.09856638229 0.495393 0.49944 0.480661 0.501393 0.50544 0.486661 8
3.09151422231 0.495385 0.499414 0.480636 0.501385 0.505414 0.486636 8
3.08449168106 0.495378 0.499387 0.480613 0.501378 0.505387 0.486613 8
3.07749855791 0.49537 0.499358 0.48059 0.50137 0.505358 0.48659 8
3.07053465409 0.495363 0.499332 0.480567 0.501363 0.505332 0.486567 8
3.06359977268 0.495355 0.499305 0.480544 0.501355 0.505305 0.486544 8
3.05669371856 0.495349 0.499278 0.480521 0.501349 0.505278 0.486521 8
3.04981629843 0.495342 0.499252 0.480499 0.501342 0.505252 0.486499 8
3.04296732074 0.495334 0.499225 0.480476 0.501334 0.505225 0.486476 8
3.03614659574 0.495328 0.499198 0.480453 0.501328 0.505198 0.486453 8
3.02935393536 0.495321 0.499172 0.48043 0.501321 0.505172 0.48643 8
3.02258915329 0.495315 0.499147 0.480407 0.501315 0.505147 0.486407 8
3.01585206488 0.495307 0.49912 0.480384 0.501307 0.50512 0.486384 8
3.0091424872 0.495302 0.499093 0.480361 0.501302 0.505093 0.486361 8
3.00246023892 0.495294 0.499067 0.480338 0.501294 0.505067 0.486338 8
2.99580538563 0.495288 0.49904 0.480315 0.501288 0.50504 0.486315 8
2.98917701356 0.495281 0.499011 0.480293 0.501281 0.505011 0.486293 8
2.98257568203 0.495273 0.498985 0.48027 0.501273 0.504985 0.48627 8
2.97600097088 0.495265 0.498958 0.480249 0.501265 0.504958 0.486249 8
2.96945270684 0.49526 0.498933 0.480226 0.50126 0.504933 0.486226 8
2.96293071814 0.495252 0.498906 0.480203 0.501252 0.504906 0.486203 8
2.95643483458 0.495246 0.49888 0.48018 0.501246 0.50488 0.48618 8
2.94996488743 0.495239 0.498851 0.480159 0.501239 0.504851 0.486159 8
2.94352070948 0.495231 0.498824 0.480138 0.501231 0.504824 0.486138 8
2.93710213499 0.495223 0.498798 0.480117 0.501223 0.504798 0.486117 8
2.93070899968 0.495216 0.498769 0.480094 0.501216 0.504769 0.486094 8
2.92434114071 0.49521 0.498742 0.480071 0.50121 0.504742 0.486071 8
2.91799839668 0.495204 0.498714 0.48005 0.501204 0.504714 0.48605 8
2.9116806076 0.495197 0.498687 0.480027 0.501197 0.504687 0.486027 8
2.90538761486 0.495191 0.498657 0.480006 0.501191 0.504657 0.486006 8
2.89911926126 0.495183 0.498628 0.479985 0.501183 0.504628 0.485985 8
2.89287539095 0.495176 0.498599 0.479965 0.501176 0.504599 0.485965 8
2.88665584942 0.49517 0.498571 0.479944 0.50117 0.504571 0.485944 8
2.88046048351 0.495162 0.498542 0.479923 0.501162 0.504542 0.485923 8
2.87428914139 0.495155 0.498513 0.479902 0.501155 0.504513 0.485902 8
2.86814167251 0.495147 0.498485 0.479882 0.501147 0.504485 0.485882 8
2.86201792765 0.495139 0.498456 0.479862 0.501139 0.504456 0.485862 8
2.85591775883 0.495134 0.498428 0.479841 0.501134 0.504428 0.485841 8
2.84984101937 0.495126 0.498401 0.47982 0.501126 0.504401 0.48582 8
2.84378756381 0.495118 0.498372 0.479799 0.501118 0.504372 0.485799 8
2.83775724794 0.495111 0.498344 0.479778 0.501111 0.504344 0.485778 8
2.83174992879 0.495105 0.498315 0.479757 0.501105 0.504315 0.485757 8
2.82576546457 0.495097 0.498287 0.479736 0.501097 0.504287 0.485736 8
2.81980371471 0.49509 0.498256 0.479717 0.50109 0.504256 0.485717 8
2.81386453982 0.495084 0.498227 0.479696 0.501084 0.504227 0.485696 8
2.80794780169 0.495076 0.498195 0.479677 0.501076 0.504195 0.485677 8
2.80205336325 0.495069 0.498166 0.479659 0.501069 0.504166 0.485659 8
2.79618108859 0.495061 0.498136 0.47964 0.501061 0.504136 0.48564 8
2.79033084294 0.495054 0.498105 0.479623 0.501054 0.504105 0.485623 8
2.78450249264 0.495046 0.498077 0.479604 0.501046 0.504077 0.485604 8
2.77869590516 0.495036 0.498048 0.479587 0.501036 0.504048 0.485587 8
2.77291094905 0.495029 0.498019 0.47957 0.501029 0.504019 0.48557 8
2.76714749396 0.495021 0.497989 0.479551 0.501021 0.503989 0.485551 8
2.76140541061 0.495012 0.49796 0.479535 0.501012 0.50396 0.485535 8
2.75568457079 0.495002 0.497934 0.47952 0.501002 0.503934 0.48552 8
2.74998541481 0.494994 0.497907 0.479503 0.500994 0.503907 0.485503 8
2.7443061141 0.494987 0.497878 0.479488 0.500987 0.503878 0.485488 8
2.73864824615 0.494981 0.497955 0.479503 0.500981 0.503955 0.485503 8
2.73301111927 0.494979 0.497928 0.479469 0.500979 0.503928 0.485469 8
2.72739461045 0.494977 0.497899 0.479436 0.500977 0.503899 0.485436 8
2.72179859765 0.494975 0.497869 0.479404 0.500975 0.503869 0.485404 8
2.71622295981 0.494951 0.497754 0.479413 0.500951 0.503754 0.485413 8
2.71066757686 0.49497 0.497806 0.479341 0.50097 0.503806 0.485341 8
2.70513232968 0.494939 0.497709 0.479381 0.500939 0.503709 0.485381 8
2.69961710014 0.494964 0.497739 0.479284 0.500964 0.503739 0.485284 8
2.69412177102 0.494962 0.497707 0.479255 0.500962 0.503707 0.485255 8
2.68864622607 0.49492 0.497644 0.479329 0.50092 0.503644 0.485329 8
2.68319034997 0.494954 0.49764 0.479202 0.500954 0.50364 0.485202 8
2.6777540283 0.494952 0.497607 0.479177 0.500952 0.503607 0.485177 8
2.67233714759 0.494949 0.497573 0.479152 0.500949 0.503573 0.485152 8
2.66693959523 0.494945 0.497541 0.479131 0.500945 0.503541 0.485131 8
2.66156125953 0.494943 0.497508 0.479106 0.500943 0.503508 0.485106 8
2.65620202968 0.494941 0.497476 0.479083 0.500941 0.503476 0.485083 8
2.65086179573 0.494939 0.497443 0.47906 0.500939 0.503443 0.48506 8
2.64554044864 0.494937 0.497411 0.479038 0.500937 0.503411 0.485038 8
2.64023788017 0.494931 0.497379 0.479015 0.500931 0.503379 0.485015 8
2.63495398297 0.494928 0.497344 0.478994 0.500928 0.503344 0.484994 8
2.62968865053 0.494922 0.497312 0.478973 0.500922 0.503312 0.484973 8
2.62444177715 0.494918 0.497279 0.478952 0.500918 0.503279 0.484952 8
2.61921325797 0.494912 0.497247 0.478931 0.500912 0.503247 0.484931 8
2.61400298894 0.494907 0.497215 0.478912 0.500907 0.503215 0.484912 8
2.60881086684 0.494901 0.497182 0.478893 0.500901 0.503182 0.484893 8
2.60363678922 0.494893 0.49715 0.478874 0.500893 0.50315 0.484874 8
2.59848065444 0.494886 0.497121 0.478856 0.500886 0.503121 0.484856 8
2.59334236164 0.49488 0.497094 0.478841 0.50088 0.503094 0.484841 8
2.58822181074 0.494876 0.497068 0.478824 0.500876 0.503068 0.484824 8
2.58311890242 0.494874 0.497045 0.478807 0.500874 0.503045 0.484807 8
2.57803353814 0.494872 0.497022 0.478788 0.500872 0.503022 0.484788 8
2.57296562009 0.49487 0.496999 0.478769 0.50087 0.502999 0.484769 8
2.56791505123 0.494869 0.496976 0.47875 0.500869 0.502976 0.48475 8
2.56288173525 0.494867 0.496955 0.478732 0.500867 0.502955 0.484732 8
2.55786557658 0.494869 0.496936 0.478713 0.500869 0.502936 0.484713 8
2.55286648036 0.494869 0.496915 0.478694 0.500869 0.502915 0.484694 8
2.54788435246 0.494899 0.496843 0.478624 0.500899 0.502843 0.484624 8
2.54291909946 0.494874 0.496873 0.478658 0.500874 0.502873 0.484658 8
2.53797062865 0.494878 0.496852 0.478639 0.500878 0.502852 0.484639 8
2.53303884801 0.494882 0.496831 0.478622 0.500882 0.502831 0.484622 8
2.52812366621 0.494886 0.49681 0.478603 0.500886 0.50281 0.484603 8
2.52322499262 0.49489 0.496787 0.478586 0.50089 0.502787 0.484586 8
2.51834273727 0.494893 0.496766 0.478566 0.500893 0.502766 0.484566 8
2.51347681088 0.494895 0.496743 0.478549 0.500895 0.502743 0.484549 8
2.50862712481 0.494897 0.496721 0.478532 0.500897 0.502721 0.484532 8
2.5037935911 0.494899 0.496696 0.478515 0.500899 0.502696 0.484515 8
2.49897650109 0.494901 0.496673 0.478498 0.500901 0.502673 0.484498 8
2.49417463215 0.494903 0.496648 0.478481 0.500903 0.502648 0.484481 8
2.48938903429 0.494905 0.496623 0.478465 0.500905 0.502623 0.484465 8
2.48461924336 0.494905 0.496599 0.47845 0.500905 0.502599 0.48445 8
2.47986517465 0.494903 0.496572 0.478435 0.500903 0.502572 0.484435 8
2.47512674401 0.494901 0.496545 0.47842 0.500901 0.502545 0.48442 8
2.47040386793 0.494899 0.496516 0.478406 0.500899 0.502516 0.484406 8
2.4656964635 0.494895 0.496488 0.478395 0.500895 0.502488 0.484395 8
2.46100444841 0.49489 0.496459 0.478385 0.50089 0.502459 0.484385 8
2.45632774096 0.494878 0.496431 0.478381 0.500878 0.502431 0.484381 8
2.45166626005 0.494872 0.496415 0.478378 0.500872 0.502415 0.484378 8
2.44701992515 0.494867 0.496393 0.478364 0.500867 0.502393 0.484364 8
2.44238865633 0.494863 0.496362 0.478347 0.500863 0.502362 0.484347 8
2.43777237423 0.494851 0.496339 0.478338 0.500851 0.502339 0.484338 8
2.43317100006 0.494846 0.496316 0.478322 0.500846 0.502316 0.484322 8
2.42858445562 0.494838 0.496295 0.478311 0.500838 0.502295 0.484311 8
2.42401266324 0.494832 0.496272 0.478296 0.500832 0.502272 0.484296 8
2.41945554583 0.494828 0.496251 0.478282 0.500828 0.502251 0.484282 8
2.41491302684 0.494823 0.49623 0.478267 0.500823 0.50223 0.484267 8
2.41038503029 0.494817 0.496209 0.478252 0.500817 0.502209 0.484252 8
2.4058714807 0.494813 0.49619 0.478236 0.500813 0.50219 0.484236 8
2.40137230317 0.494811 0.496171 0.478221 0.500811 0.502171 0.484221 8
2.39688742332 0.494808 0.49615 0.478204 0.500808 0.50215 0.484204 8
2.39241676727 0.494804 0.496133 0.478189 0.500804 0.502133 0.484189 8
2.3879602617 0.494804 0.496116 0.478172 0.500804 0.502116 0.484172 8
2.3835178338 0.494802 0.496097 0.478153 0.500802 0.502097 0.484153 8
2.37908941125 0.494798 0.496078 0.478137 0.500798 0.502078 0.484137 8
2.37467492227 0.494792 0.496059 0.478122 0.500792 0.502059 0.484122 8
2.37027429557 0.49479 0.49604 0.478105 0.50079 0.50204 0.484105 8
2.36588746036 0.494787 0.496019 0.478088 0.500787 0.502019 0.484088 8
2.36151434634 0.494783 0.496 0.478071 0.500783 0.502 0.484071 8
2.35715488372 0.494779 0.495982 0.478053 0.500779 0.501982 0.484053 8
2.35280900318 0.494777 0.495963 0.478034 0.500777 0.501963 0.484034 8
2.34847663588 0.494773 0.495944 0.478017 0.500773 0.501944 0.484017 8
2.34415771346 0.494771 0.495925 0.477996 0.500771 0.501925 0.483996 8
2.33985216806 0.494769 0.495904 0.477977 0.500769 0.501904 0.483977 8
2.33555993226 0.494766 0.495885 0.477956 0.500766 0.501885 0.483956 8
2.3312809391 0.494764 0.495864 0.477935 0.500764 0.501864 0.483935 8
2.32701512212 0.494764 0.495843 0.477912 0.500764 0.501843 0.483912 8
2.32276241527 0.494764 0.49582 0.477889 0.500764 0.50182 0.483889 8
2.318522753 0.494766 0.495796 0.477866 0.500766 0.501796 0.483866 8
2.31429607016 0.494767 0.495769 0.477844 0.500767 0.501769 0.483844 8
2.3100823021 0.494769 0.49574 0.477826 0.500769 0.50174 0.483826 8
2.30588138457 0.494771 0.495712 0.477809 0.500771 0.501712 0.483809 8
2.30169325377 0.494771 0.495683 0.477794 0.500771 0.501683 0.483794 8
2.29751784634 0.494773 0.495656 0.477781 0.500773 0.501656 0.483781 8
2.29335509935 0.494773 0.49563 0.477767 0.500773 0.50163 0.483767 8
2.28920495029 0.494775 0.495603 0.477756 0.500775 0.501603 0.483756 8
2.28506733707 0.494775 0.49558 0.477744 0.500775 0.50158 0.483744 8
2.28094219804 0.494775 0.495557 0.477735 0.500775 0.501557 0.483735 8
2.27682947194 0.494775 0.495534 0.477725 0.500775 0.501534 0.483725 8
2.27272909793 0.494773 0.495515 0.477714 0.500773 0.501515 0.483714 8
2.2686410156 0.494771 0.495498 0.477702 0.500771 0.501498 0.483702 8
2.26456516492 0.494769 0.495481 0.477687 0.500769 0.501481 0.483687 8
2.26050148626 0.494769 0.495462 0.477668 0.500769 0.501462 0.483668 8
2.25644992041 0.494771 0.495439 0.477649 0.500771 0.501439 0.483649 8
2.25241040853 0.494775 0.495412 0.477632 0.500775 0.501412 0.483632 8
2.24838313276 0.494779 0.495384 0.477618 0.500779 0.501384 0.483618 8
2.24436731334 0.494781 0.495357 0.477607 0.500781 0.501357 0.483607 8
2.24036361436 0.494783 0.49533 0.477599 0.500783 0.50133 0.483599 8
2.23637173791 0.494783 0.495307 0.477594 0.500783 0.501307 0.483594 8
2.23239162711 0.494779 0.495292 0.477584 0.500779 0.501292 0.483584 8
2.22842322544 0.494779 0.495269 0.477565 0.500779 0.501269 0.483565 8
2.22446647674 0.494785 0.495239 0.477552 0.500785 0.501239 0.483552 8
2.22052132522 0.494788 0.49521 0.477548 0.500788 0.50121 0.483548 8
2.21658771548 0.494787 0.495191 0.477544 0.500787 0.501191 0.483544 8
2.21266559244 0.494785 0.495168 0.477529 0.500785 0.501168 0.483529 8
2.20875490142 0.494787 0.495139 0.477523 0.500787 0.501139 0.483523 8
2.20485558808 0.494788 0.495111 0.477517 0.500788 0.501111 0.483517 8
2.20096759842 0.494796 0.495082 0.477514 0.500796 0.501082 0.483514 8
2.19709087883 0.494804 0.495059 0.477494 0.500804 0.501059 0.483494 8
2.19322537601 0.494806 0.49504 0.47747 0.500806 0.50104 0.48347 8
2.18937103703 0.494808 0.495019 0.477443 0.500808 0.501019 0.483443 8
2.18552780928 0.494806 0.495 0.477409 0.500806 0.501 0.483409 8
2.18169564051 0.494808 0.494979 0.477386 0.500808 0.500979 0.483386 8
2.1778744788 0.494813 0.494956 0.477359 0.500813 0.500956 0.483359 8
2.17406427256 0.494817 0.494937 0.477336 0.500817 0.500937 0.483336 8
2.17026497053 0.494821 0.494914 0.477309 0.500821 0.500914 0.483309 8
2.1664765218 0.494825 0.494893 0.477285 0.500825 0.500893 0.483285 8
2.16269887575 0.494827 0.494872 0.477258 0.500827 0.500872 0.483258 8
2.15893198211 0.49483 0.494851 0.477233 0.50083 0.500851 0.483233 8
2.15517579093 0.494834 0.49483 0.477208 0.500834 0.50083 0.483208 8
2.15143025257 0.494838 0.494808 0.477184 0.500838 0.500808 0.483184 8
2.1476953177 0.49484 0.494787 0.477161 0.50084 0.500787 0.483161 8
2.14397093731 0.494844 0.494762 0.477138 0.500844 0.500762 0.483138 8
2.14025706271 0.494846 0.494739 0.477115 0.500846 0.500739 0.483115 8
2.13655364551 0.494848 0.494714 0.477094 0.500848 0.500714 0.483094 8
2.13286063762 0.494848 0.494687 0.477073 0.500848 0.500687 0.483073 8
2.12917799125 0.494848 0.494663 0.477056 0.500848 0.500663 0.483056 8
2.12550565893 0.494846 0.494638 0.477039 0.500846 0.500638 0.483039 8
2.12184359347 0.494844 0.494619 0.477025 0.500844 0.500619 0.483025 8
2.11819174799 0.494842 0.494598 0.47701 0.500842 0.500598 0.48301 8
2.11455007588 0.494842 0.494581 0.476997 0.500842 0.500581 0.482997 8
2.11091853086 0.49484 0.494561 0.476981 0.50084 0.500561 0.482981 8
2.1072970669 0.494838 0.494546 0.476968 0.500838 0.500546 0.482968 8
2.10368563827 0.494838 0.494529 0.476953 0.500838 0.500529 0.482953 8
2.10008419955 0.494836 0.494514 0.476939 0.500836 0.500514 0.482939 8
2.09649270555 0.494836 0.494497 0.476924 0.500836 0.500497 0.482924 8
2.09291111141 0.494836 0.494481 0.476909 0.500836 0.500481 0.482909 8
2.08933937252 0.494834 0.494468 0.476894 0.500834 0.500468 0.482894 8
2.08577744454 0.494834 0.494455 0.47688 0.500834 0.500455 0.48288 8
2.08222528344 0.494834 0.494441 0.476865 0.500834 0.500441 0.482865 8
2.07868284542 0.494832 0.494428 0.47685 0.500832 0.500428 0.48285 8
2.07515008697 0.494832 0.494416 0.476835 0.500832 0.500416 0.482835 8
2.07162696484 0.494832 0.494403 0.476817 0.500832 0.500403 0.482817 8
2.06811343605 0.494832 0.49439 0.476802 0.500832 0.50039 0.482802 8
2.06460945788 0.49483 0.494378 0.476787 0.50083 0.500378 0.482787 8
2.06111498788 0.49483 0.494367 0.47677 0.50083 0.500367 0.48277 8
2.05762998383 0.49483 0.494355 0.476753 0.50083 0.500355 0.482753 8
2.05415440381 0.49483 0.494344 0.476735 0.50083 0.500344 0.482735 8
2.05068820611 0.49483 0.494333 0.476718 0.50083 0.500333 0.482718 8
2.04723134931 0.49483 0.494321 0.476701 0.50083 0.500321 0.482701 8
2.04378379222 0.49483 0.494312 0.476684 0.50083 0.500312 0.482684 8
2.04034549391 0.494832 0.4943 0.476665 0.500832 0.5003 0.482665 8
2.03691641368 0.494832 0.494289 0.476648 0.500832 0.500289 0.482648 8
2.03349651109 0.494834 0.494277 0.47663 0.500834 0.500277 0.48263 8
2.03008574594 0.494834 0.494266 0.476611 0.500834 0.500266 0.482611 8
2.02668407827 0.494834 0.494254 0.476594 0.500834 0.500254 0.482594 8
2.02329146837 0.494836 0.494243 0.476575 0.500836 0.500243 0.482575 8
2.01990787675 0.494838 0.494231 0.476556 0.500838 0.500231 0.482556 8
2.01653326416 0.494838 0.494218 0.476537 0.500838 0.500218 0.482537 8
2.0131675916 0.494838 0.494207 0.476518 0.500838 0.500207 0.482518 8
2.00981082028 0.49484 0.494195 0.476501 0.50084 0.500195 0.482501 8
2.00646291165 0.49484 0.494184 0.476482 0.50084 0.500184 0.482482 8
2.0031238274 0.494842 0.494172 0.476463 0.500842 0.500172 0.482463 8
1.99979384142 0.494842 0.494161 0.476444 0.500842 0.500161 0.482444 8
1.99647197986 0.494844 0.494149 0.476424 0.500844 0.500149 0.482424 8
