pixel lsf
-160.0 5.807514600857439e-06
-159.0 5.8967169950456675e-06
-158.0 5.942877888448891e-06
-157.0 5.9501969002478634e-06
-156.0 6.0385192813733355e-06
-155.0 6.104064777412312e-06
-154.0 6.150134903469482e-06
-153.0 6.322765402155412e-06
-152.0 6.491174708472339e-06
-151.0 6.527538078472213e-06
-150.0 6.564886786147846e-06
-149.0 6.671165530463497e-06
-148.0 6.7446246438376515e-06
-147.0 6.809830726974811e-06
-146.0 6.9302946809991445e-06
-145.0 7.020208093484936e-06
-144.0 7.146097856910266e-06
-143.0 7.240686393963078e-06
-142.0 7.292964720162192e-06
-141.0 7.347513713923317e-06
-140.0 7.499286006234041e-06
-139.0 7.597807693240435e-06
-138.0 7.706240354863429e-06
-137.0 7.775640737308875e-06
-136.0 7.884642378139334e-06
-135.0 7.889886701415358e-06
-134.0 8.058032998883485e-06
-133.0 8.239104966921978e-06
-132.0 8.467208430508693e-06
-131.0 8.728508967642868e-06
-130.0 9.006777073593106e-06
-129.0 9.271545035707578e-06
-128.0 9.500662396991511e-06
-127.0 9.615768984608528e-06
-126.0 9.7294210882237e-06
-125.0 9.794139310457357e-06
-124.0 9.89814533660406e-06
-123.0 1.0058003531994141e-05
-122.0 1.019918602974586e-05
-121.0 1.037859281470056e-05
-120.0 1.0533348762219792e-05
-119.0 1.0716722404404041e-05
-118.0 1.0919558819035406e-05
-117.0 1.103751795006659e-05
-116.0 1.1239035730622849e-05
-115.0 1.1374747606148046e-05
-114.0 1.1443517669162011e-05
-113.0 1.1536364997958803e-05
-112.0 1.1822193934834628e-05
-111.0 1.2306504903358903e-05
-110.0 1.2770753823316355e-05
-109.0 1.3237429760458873e-05
-108.0 1.3705811211118863e-05
-107.0 1.4204330420583569e-05
-106.0 1.47359144538657e-05
-105.0 1.5265912859619357e-05
-104.0 1.5648171113726182e-05
-103.0 1.6049458019281534e-05
-102.0 1.63957178527979e-05
-101.0 1.668324096314743e-05
-100.0 1.7007739252666177e-05
-99.0 1.7394103035802668e-05
-98.0 1.7693083097614447e-05
-97.0 1.8012160454974885e-05
-96.0 1.842577155591757e-05
-95.0 1.899380764061832e-05
-94.0 1.9724368492110153e-05
-93.0 2.0404029282018308e-05
-92.0 2.0958594170342374e-05
-91.0 2.1620670885358067e-05
-90.0 2.235519607224493e-05
-89.0 2.3158561063231154e-05
-88.0 2.4010545106763536e-05
-87.0 2.4891152529896238e-05
-86.0 2.5819620967518607e-05
-85.0 2.6682930371424246e-05
-84.0 2.7648251338645256e-05
-83.0 2.833851873500599e-05
-82.0 2.8815311757521204e-05
-81.0 2.9520553457459213e-05
-80.0 2.9933463684625834e-05
-79.0 3.051869584803041e-05
-78.0 3.132360339675786e-05
-77.0 3.21554760493116e-05
-76.0 3.316813437321369e-05
-75.0 3.397112091962311e-05
-74.0 3.49930896542205e-05
-73.0 3.607021179287427e-05
-72.0 3.708467122234136e-05
-71.0 3.808730705759999e-05
-70.0 3.9723079676208474e-05
-69.0 4.1837498453379266e-05
-68.0 4.4267490779885944e-05
-67.0 4.657699395956057e-05
-66.0 4.915370673081914e-05
-65.0 5.189416643647429e-05
-64.0 5.458356499517031e-05
-63.0 5.8017634316226325e-05
-62.0 6.233957831521183e-05
-61.0 6.744859951919522e-05
-60.0 7.34842754982232e-05
-59.0 8.052617435843308e-05
-58.0 8.8455367256819e-05
-57.0 9.696407884880841e-05
-56.0 0.00010530950998872373
-55.0 0.0001130776529833526
-54.0 0.00012206925821728349
-53.0 0.00013071103420850781
-52.0 0.00014068994524979228
-51.0 0.0001518552792359787
-50.0 0.00016557395667984238
-49.0 0.0001799123024202045
-48.0 0.0001949593522579844
-47.0 0.00021288708195554766
-46.0 0.00023541184159883892
-45.0 0.00026272117204543865
-44.0 0.00029448627895973243
-43.0 0.00033057763138994806
-42.0 0.00037072453739568574
-41.0 0.00041386075536784585
-40.0 0.000458685942343064
-39.0 0.000494400487878419
-38.0 0.0005329848354005069
-37.0 0.0005718168690018765
-36.0 0.0006088993861835581
-35.0 0.0006496558091898257
-34.0 0.0006960979087571398
-33.0 0.0007276867125514074
-32.0 0.0007640168850062145
-31.0 0.0008100230257528958
-30.0 0.00087414035213443
-29.0 0.0009679748366741289
-28.0 0.0010676358372315935
-27.0 0.0011956412361708365
-26.0 0.0013620424424347975
-25.0 0.0015518208681135376
-24.0 0.0017328215090966063
-23.0 0.0019276767664818506
-22.0 0.0021505374271335205
-21.0 0.002406888310328756
-20.0 0.0026950427649495992
-19.0 0.0030016611093246523
-18.0 0.003357793012121864
-17.0 0.0037405820090585917
-16.0 0.004145926015559824
-15.0 0.00467045442448204
-14.0 0.005349532586107602
-13.0 0.006198105617755186
-12.0 0.007247613662617458
-11.0 0.008596672941701413
-10.0 0.01045962154512283
-9.0 0.012933850756407338
-8.0 0.016530673701378035
-7.0 0.021468291250762984
-6.0 0.027777191531832987
-5.0 0.03501347387134666
-4.0 0.04454564790133823
-3.0 0.05674244714409952
-2.0 0.07022162494543162
-1.0 0.08042957549693236
0.0 0.08311097295753676
1.0 0.0767757701892426
2.0 0.0663434023921182
3.0 0.05576026613426046
4.0 0.04629728221507902
5.0 0.03794316171430589
6.0 0.030752161892864237
7.0 0.02483176594335273
8.0 0.02025341094786684
9.0 0.016505454176543043
10.0 0.01326423513982313
11.0 0.010491813937536043
12.0 0.0082809653062057
13.0 0.0067690366642280215
14.0 0.005628884145037052
15.0 0.004880125592308543
16.0 0.004328807865260377
17.0 0.0038440607083119406
18.0 0.0033586229989590213
19.0 0.0029485409282889543
20.0 0.0025892434671437544
21.0 0.002295434925290756
22.0 0.002041735001030844
23.0 0.0018208877407435032
24.0 0.0016282370137929681
25.0 0.001450324661232936
26.0 0.0012878330519568867
27.0 0.0011428427700167095
28.0 0.0010066185741283932
29.0 0.0008964069357394213
30.0 0.0007853049244020352
31.0 0.0006767838498453281
32.0 0.0005827358777725713
33.0 0.0005061488243802078
34.0 0.0004462165576679556
35.0 0.00039891485061548695
36.0 0.00035989817546500645
37.0 0.0003262087870716098
38.0 0.0002953295011022019
39.0 0.00026545922116989995
40.0 0.0002358099642181284
41.0 0.00020767873320203417
42.0 0.00018348772229673894
43.0 0.0001680762737086039
44.0 0.0001558173954228503
45.0 0.0001449978658181917
46.0 0.0001357298475960213
47.0 0.00012725341679371016
48.0 0.00011963280455950567
49.0 0.00011199739000097683
50.0 0.0001058518002934342
51.0 0.00010041933494435242
52.0 9.539113455343656e-05
53.0 9.046114831522852e-05
54.0 8.578747161027371e-05
55.0 7.997346322895502e-05
56.0 7.462806575147171e-05
57.0 6.97068645321905e-05
58.0 6.510680404777997e-05
59.0 6.0867311656902026e-05
60.0 5.70705156958981e-05
61.0 5.373902450025649e-05
62.0 5.101314539533297e-05
63.0 4.8522700566696384e-05
64.0 4.605599926996492e-05
65.0 4.369485677609419e-05
66.0 4.152670146932749e-05
67.0 3.9601377186234675e-05
68.0 3.790305326929375e-05
69.0 3.636618198193756e-05
70.0 3.5170355998396476e-05
71.0 3.4289474143102144e-05
72.0 3.340088516065998e-05
73.0 3.2455068861690256e-05
74.0 3.156260225104526e-05
75.0 3.0798564776606015e-05
76.0 2.9949417872022206e-05
77.0 2.9261008408674503e-05
78.0 2.8573553384241516e-05
79.0 2.80037736866601e-05
80.0 2.7425245032534806e-05
81.0 2.6399416325643843e-05
82.0 2.5209788321029327e-05
83.0 2.4155991267066154e-05
84.0 2.3233211028301786e-05
85.0 2.2394089866776722e-05
86.0 2.166780796616891e-05
87.0 2.1028393595213123e-05
88.0 2.0311594055106125e-05
89.0 1.9687349937529542e-05
90.0 1.9320319762779343e-05
91.0 1.9025254394228117e-05
92.0 1.8568510096326024e-05
93.0 1.8190244742528686e-05
94.0 1.7813232589439977e-05
95.0 1.740650603732476e-05
96.0 1.7056588913443877e-05
97.0 1.67151298528767e-05
98.0 1.6267369743113695e-05
99.0 1.586233190030039e-05
100.0 1.5659582600660644e-05
101.0 1.546601603822544e-05
102.0 1.5251023078674131e-05
103.0 1.4845091574979437e-05
104.0 1.4245627028462985e-05
105.0 1.3632449206707297e-05
106.0 1.3010213357086654e-05
107.0 1.239000318185817e-05
108.0 1.1778712336959318e-05
109.0 1.1284224700403577e-05
110.0 1.1088148018796447e-05
111.0 1.0846431584819246e-05
112.0 1.069842536307806e-05
113.0 1.0623021538439014e-05
114.0 1.0491890097275598e-05
115.0 1.0300079724742648e-05
116.0 1.0150191658351242e-05
117.0 1.0058136632557352e-05
118.0 9.918811913481228e-06
119.0 9.776891761297033e-06
120.0 9.628713652438648e-06
121.0 9.410220649626762e-06
122.0 9.227566739760947e-06
123.0 9.092729074403755e-06
124.0 9.040934787913646e-06
125.0 9.07474956859736e-06
126.0 9.046151412926547e-06
127.0 8.955383680411555e-06
128.0 8.67997871620917e-06
129.0 8.415178511059497e-06
130.0 8.172766003977114e-06
131.0 8.011319996021327e-06
132.0 7.869631180108415e-06
133.0 7.724542982811789e-06
134.0 7.610363840173151e-06
135.0 7.559129731320454e-06
136.0 7.4914328554043755e-06
137.0 7.4095365351791195e-06
138.0 7.316886016431623e-06
139.0 7.281549387034437e-06
140.0 7.1713756006912425e-06
141.0 7.073474696069981e-06
142.0 6.9849486610771664e-06
143.0 6.92909975422895e-06
144.0 6.800839312602721e-06
145.0 6.65133159331015e-06
146.0 6.527969445284785e-06
147.0 6.449248233195585e-06
148.0 6.318437856552494e-06
149.0 6.26135799830984e-06
150.0 6.237602548774552e-06
151.0 6.166201659994087e-06
152.0 6.102805910672036e-06
153.0 6.0408628079165594e-06
154.0 5.93816170455119e-06
155.0 5.859469191454782e-06
156.0 5.818442049605652e-06
157.0 5.801315040514867e-06
158.0 5.76327895773436e-06
159.0 5.746122280732774e-06
160.0 0.0
