|         redshift |   name |                 xc |                 yc |                 zc |                  xv |                  yv |                 zv |
| 0.33320663697212 | DD1728 |  52976.46219054897 | 51360.139381060224 | 54774.960966211635 |  -51.83577760959239 |  -157.6784827835106 |  63.67894272725014 |
| 0.33260471415018 | DD1729 | 53000.391073044695 | 51382.514422290435 |  54799.90815225685 |  -49.73955238957285 |  -158.4236592145895 |  63.65572151115177 |
| 0.33200338634957 | DD1730 |  53024.11186104494 |  51404.68068810396 |  54825.05942881558 |  -50.62804256791071 |  -159.4977113265727 |  66.11684103630262 |
| 0.33140265266287 | DD1731 |  53047.83040440741 |  51427.05015587918 |  54850.20894861836 |  -51.71603302768054 | -158.95728532877746 |   67.9978117727392 |
| 0.33080251218455 | DD1732 |  53071.54670443807 |  51449.41688542604 |   54875.1504925234 |  -52.82966018810023 |  -158.7864283023392 |  68.44943330584574 |
| 0.33020296401092 | DD1733 |  53095.26076244247 |  51471.78087808284 |  54900.29640969908 |  -54.83169066491588 | -157.63163591050898 |  66.52933955078643 |
| 0.32960400724016 | DD1734 |  53118.97257972419 | 51494.142135185924 |   54925.2341676503 | -53.958467096441495 | -157.71911730799562 |  64.02815831712816 |
| 0.32900564097233 | DD1735 |  53142.68215758441 |  51516.29415883121 |  54950.37648733116 | -52.707016688476976 |  -158.2532766930453 |  61.52101844885682 |
| 0.32840786430931 | DD1736 |  53166.38949732396 |  51538.64985590474 |  54975.51705664724 |  -49.54265365038075 |  -160.6722319384036 |  61.10372010420053 |
| 0.32781067635484 | DD1737 |  53190.09460024168 | 51561.002821431604 |  55000.44919179172 |  -46.23055762270232 |  -163.7989737384446 |  62.77902542139527 |
| 0.32721407621449 | DD1738 |  53213.79746763537 |  51583.35305674229 | 55025.586171280906 |  -46.65567175638869 |  -165.6381640355472 |  65.23128864926478 |
| 0.32661806299568 | DD1739 | 53237.498100800716 | 51605.493692280616 |  55050.72140422049 |  -50.66046753233213 |  -166.2333872553518 |  67.72974757315298 |
| 0.32602263580765 | DD1740 |  53261.19650103246 |  51627.83837825142 |  55075.85489187687 |  -50.69847258268074 | -166.56257173754912 |  68.10080452317831 |
| 0.32542779376148 | DD1741 |  53284.89266962327 |  51650.18033799515 |  55100.77957885427 |  -50.29844104833583 | -166.85718925976525 |  68.85107100930371 |
| 0.32483353597006 | DD1742 |   53308.5866078649 | 51672.519572836165 | 55125.909486860466 | -51.029705877479586 |  -167.1475677267697 |  68.82938440567423 |
| 0.32423986154811 | DD1743 |  53332.27831704703 |  51694.64884169296 |  55151.03765338053 |  -51.83817283768265 | -168.11073056336207 |   70.2603202490324 |
| 0.32364676961214 | DD1744 |  53355.96779845886 |  51716.98253783507 |   55175.9567444115 |  -53.31139149233875 | -169.12358780613187 |  72.90752729149203 |
|  0.3230542592805 | DD1745 |  53379.65505338676 |  51739.31351304552 |  55201.08133888706 | -54.468497102164015 | -166.54607315361775 |  71.17968055791394 |
| 0.32246232967332 | DD1746 | 53403.340083116644 | 51761.641768642825 | 55226.204195660954 | -55.011159545158755 | -165.10147991227004 |   69.4265964082418 |
| 0.32187097991253 | DD1747 |  53427.02288893284 | 51783.967305943836 | 55251.117702193056 |  -52.42834104784353 | -164.25245069327633 |  67.62942543948388 |
| 0.32128020912187 | DD1748 |   53450.7034721176 |  51806.08241963893 |   55276.2369945014 |  -52.05481624730364 | -163.87641933096558 |  68.35078764661714 |
| 0.32069001642685 | DD1749 |  53474.38183395252 |  51828.40243147079 |  55301.35455287933 | -51.233505182217506 |  -164.0999169477078 |   68.1834460932721 |
| 0.32010040095478 | DD1750 |   53498.0579757171 |  51850.71972895526 |  55326.26248632078 |  -50.06025173895454 | -163.92619852829438 |   68.8801101114088 |
| 0.31951136183475 | DD1751 |  53521.73189868937 |  51873.03431340286 |  55351.37648778556 |  -49.21136046981637 | -161.86060981798246 |   67.0062758259403 |
| 0.31892289819761 | DD1752 |  53545.40360414661 | 51895.346186123366 | 55376.488759077816 |   -45.7059888542745 |  -162.2677154537554 |   66.0461380980056 |
| 0.31833313954828 | DD1753 |  53569.14906370924 |  51917.52080582704 |  55401.67787063347 |  -43.49258871711744 |  -164.1431408387188 |  68.68457763250159 |
|  0.3177419914399 | DD1754 |  53592.97228759393 |  51939.97830494263 | 55426.739708186695 |  -42.33158622852783 | -166.43908134169726 |  71.69526252183734 |
| 0.31715142167395 | DD1755 |  53616.79335321474 | 51962.433146303694 |  55452.00805125916 |  -44.42155772286956 | -166.13297575597656 |  74.81444472070483 |
| 0.31656142937846 | DD1756 |  53640.61226180139 |  51984.88533117165 | 55477.066279030165 |  -46.93989006562108 | -164.49503471940818 |  74.97876697298216 |
| 0.31597201368324 | DD1757 |  53664.42901458201 |  52007.33486080632 |  55502.33120149684 |   -47.9590049583393 | -161.99779836660838 |  73.96074388746874 |
| 0.31538317371985 | DD1758 |  53688.24361278424 |  52029.78173646699 |  55527.38582435001 |  -47.62521759264676 |   -161.106713821143 |  73.37342044282275 |
| 0.31479490862164 | DD1759 |   53712.0560576333 |  52052.22595941061 |  55552.64733103969 | -48.624080672063116 | -160.11883361957342 |  72.20893020941159 |
| 0.31420721752372 | DD1760 |  53735.65752586301 | 52074.667530892795 |  55577.90717831804 | -49.482959143673305 |  -157.3362892791776 |  66.71216721649009 |
| 0.31362009956294 | DD1761 |  53759.67449216724 | 52096.897534344884 |   55602.9564495572 |  -47.44479541772589 | -160.27561333436697 |  66.48365204324807 |
| 0.31303355387792 | DD1762 |  53783.48048429664 |  52119.33371334113 | 55628.212888272195 |  -46.10086098211803 | -160.62287839517873 |  65.81186830509242 |
| 0.31244757960904 | DD1763 |  53807.28432796079 |  52141.76724464235 |  55653.25856669715 |  -41.74743018938805 | -161.92302228650712 |  63.54951376633347 |
| 0.31186217589838 | DD1764 |  53831.08602437949 |  52164.19812949991 |  55678.51160164876 |  -38.09231087279958 |  -165.4966094078224 | 63.071913172462814 |
| 0.31127734188981 | DD1765 |  53854.88557476915 |  52186.62636916179 |  55703.55369208564 | -35.150481039975155 | -168.95474339847448 |   65.0098109359586 |
|  0.3106930767289 | DD1766 |  53878.68298034619 |    52209.051964876 |   55728.8033280631 | -34.093419708661074 | -170.76300125147048 |  65.45600079283658 |
| 0.31010937956297 | DD1767 | 53902.478242324876 |  52231.47491788834 | 55753.841835326035 |  -32.25487379817685 | -173.65648603899385 |  68.71695896568859 |
| 0.30952624954106 | DD1768 |  53926.27136191846 |  52253.89522944356 |  55779.08807710775 |  -36.32189250631464 |  -173.2467692364033 |  72.82934909673826 |
| 0.30894368581394 | DD1769 |  53950.27200455476 |  52276.10323656825 |  55804.33267021596 | -41.754034847866485 | -170.77642840218348 |  74.31778702380718 |
| 0.30836168753407 | DD1770 |  53974.06093627719 |  52298.51817567309 | 55829.365858353194 |  -40.27122524556254 | -169.96973053206312 |  71.24907765444267 |
| 0.30778025385566 | DD1771 |  53997.84772923799 |  52320.93047705404 | 55854.607064405514 |   -40.2910490343254 |  -169.2770311665398 |  72.30844769055905 |
| 0.30719938393461 | DD1772 |  54021.63238464501 |  52343.34014195036 |  55879.63668134849 |  -39.16651621049464 |  -168.1549937571304 |  72.13102895035767 |
| 0.30661907692853 | DD1773 |  54045.41490370446 |  52365.74717159975 |  55904.87450509535 |  -40.96493622668146 | -166.57246172467202 |  72.00660828132123 |
| 0.30603933199671 | DD1774 |  54069.40541808708 | 52387.941436774265 |  55929.90055562064 | -41.063773342735225 | -166.52673142357253 |  71.47134845677267 |
| 0.30546014830017 | DD1775 |  54093.18376129271 |   52410.3431064114 |  55955.13500180286 |  -39.76774718341656 | -165.88976149489528 |  69.01383427219328 |
|  0.3048815250016 | DD1776 | 54116.959971754324 | 52432.742144514545 |  55980.36780758654 | -37.743043142577314 | -165.74803217067696 |  66.50634192123114 |
| 0.30430346126538 | DD1777 |  54140.73405067293 |  52455.13855231612 | 56005.388564021836 | -33.147136143289465 |  -168.9841369323029 |  66.62874231495215 |
| 0.30372595625758 | DD1778 | 54164.505999247915 |  52477.53233104688 |  56030.61799932305 |  -32.59702576788736 | -171.60696757272143 |  68.34326743188872 |
| 0.30314900914594 | DD1779 |  54188.27581867768 |  52499.71288541213 | 56055.845797749615 | -35.394178458868154 | -173.03042040031292 |  70.02794660793208 |
| 0.30257261909988 | DD1780 |  54212.04351015905 |  52522.31200621348 |  56080.86127075721 | -34.852029247098365 | -173.48449768389509 |  70.32762374458484 |
| 0.30199678529049 | DD1781 | 54235.809074887504 |   52544.4871222089 |  56106.08570575954 | -37.465617147168054 | -173.49152158167405 |  70.76591913599678 |
| 0.30142150689052 | DD1782 |  54259.57251405746 |  52566.87030376527 |  56131.30850739913 |   -39.0549904419286 | -174.00059016052498 |  71.73927216293741 |
| 0.30084678307439 | DD1783 |  54283.33382886166 |  52589.25086239291 | 56156.318707605074 |  -40.82364755329137 | -174.21107367301911 |  72.98266381070195 |
| 0.30027102937334 | DD1784 |  54307.15916296915 | 52611.692876827954 |  56181.60657828347 |  -43.79388418715439 | -171.91671511488394 |  72.33936535274991 |
| 0.29999997290321 | RD0036 |  54318.48247617862 |  52622.24046355114 | 56193.320723116354 | -44.282060579437704 |  -171.8882211605723 |    72.489631261542 |
| 0.29969363392917 | DD1785 |   54331.0742355854 |  52634.22126075164 |  56206.77669644258 | -45.125761866171466 | -169.92758515554874 |  71.92368398036227 |
| 0.29911674177974 | DD1786 |  54354.98950858993 |  52656.74927034976 | 56232.158653633116 |  -47.13123154013733 |  -166.8051628800671 |  70.97618894995901 |
| 0.29854043336148 | DD1787 |  54378.90158601032 |  52679.27361577824 | 56257.537873922876 |   -47.9014141904598 | -164.13118533148818 |  69.75103368215886 |
| 0.29796468075377 | DD1788 |  54403.02303928004 |  52701.58395775052 |  56282.70409244239 |  -49.16735290892628 | -162.48866581906748 |  69.14869725092456 |
| 0.29738948313409 | DD1789 |   54426.9310877933 |  52724.10307896804 |  56308.08009182848 |  -47.87206743389779 | -160.35661322654073 |  65.78439361636818 |
| 0.29681483967888 | DD1790 | 54450.837076633026 |    52746.619636663 | 56333.242904092775 | -46.029706809977625 | -160.05039296168883 |  65.64909525044996 |
|  0.2962407495662 | DD1791 |  54474.74100694152 | 52769.133632008154 |   56358.6156869511 |  -47.55930556387601 |   -156.707028207691 |  63.69886405795128 |
| 0.29566721197578 | DD1792 | 54498.642879858744 |  52791.64506617383 | 56383.986910087006 |   -45.5935372538777 | -154.34569456827876 |  58.54630181008789 |
| 0.29509422608899 | DD1793 |  54522.54269652355 |  52814.15394032933 | 56409.144668292014 |  -41.46740091694499 | -155.82410617754414 | 55.542483222186334 |
| 0.29452179108884 | DD1794 | 54546.440458073346 |  52836.66025564243 | 56434.512681613305 |  -39.30690111363077 | -155.97389152627525 | 53.126107632727255 |
| 0.29394990615996 | DD1795 |  54570.33616564488 |  52859.16401328027 |   56459.6670448298 | -33.552948998988086 | -159.12024967258367 |  52.32018458237562 |
| 0.29337857048862 | DD1796 | 54594.229820373184 | 52881.665214408255 | 56485.031852804546 |  -32.91610368409867 | -161.67047291031938 |   53.4543900337704 |
| 0.29280778326271 | DD1797 |  54618.12142339225 |  52904.16386019071 |  56510.39510661971 |  -32.19635671536644 | -163.32489356830524 |  54.51125100897025 |
| 0.29223754367174 | DD1798 |  54642.01097583484 |  52926.65995179074 |  56535.54443261051 | -30.293811041634925 |  -165.1235947013947 |  57.24059458045756 |
| 0.29166785090685 | DD1799 | 54665.898478831914 |  52949.15349036966 |  56560.90448775455 | -30.524776822448402 | -164.20960202889256 |  58.29120902840436 |
| 0.29109870416077 | DD1800 |  54689.78393351418 |  52971.64447708843 |  56586.05042996031 |  -28.58633472089182 | -165.04924645741335 |  59.65917821445303 |
| 0.29053010262786 | DD1801 |  54713.87999676431 |  52994.13291310596 | 56611.194635122156 | -28.197812489403695 | -167.48802462576612 |  63.04853399089714 |
| 0.28996204550408 | DD1802 |  54737.76145184817 | 53016.618799579985 | 56636.549853763325 | -30.238539461961373 | -167.49156883128057 |  64.34262259373904 |
| 0.28939453198697 | DD1803 | 54761.640861993204 | 53039.102137667935 |  56661.69068184388 | -32.086575286975695 | -166.79319830985327 |  65.81307604052408 |
| 0.28882756127571 | DD1804 |  54785.51822832342 |  53061.58292852414 |  56687.04271290933 |  -32.83647256735896 |  -162.6352000793873 |  62.75837937104578 |
| 0.28826113257102 | DD1805 |  54809.60658226135 |  53084.06117330392 |  56712.18016835996 | -30.242391001814035 | -161.80771301833428 |  60.29784770151956 |
| 0.28769524507526 | DD1806 | 54833.479957951604 |  53106.53687315916 | 56737.315892352555 | -24.892807830623763 | -163.67059991020818 |   56.7490337120329 |
| 0.28712989799233 | DD1807 |   54857.3512931889 |  53129.01002924237 |  56762.66310353017 |  -24.04527326561602 | -165.68651635458036 |  57.81402055267914 |
| 0.28656509052775 | DD1808 |  54881.22058909268 | 53151.267331574025 |  56788.00877268814 | -24.964997713290394 | -167.41258135170693 | 60.093263385669445 |
| 0.28600082188859 | DD1809 |  54905.08784678226 |  53173.73530996581 | 56813.352900919184 | -26.431168427679793 | -168.47971562222526 | 63.381382293444744 |
|  0.2854370912835 | DD1810 |  54929.16656568984 |  53196.20074803989 |  56838.48199100011 | -27.476909529212286 | -169.29204276164236 |  65.36389583026516 |
|  0.2848738979227 | DD1811 | 54953.029843885044 |    53218.663646943 |  56863.60935517156 | -26.023056154337123 | -170.65331249973153 |  66.85579303717016 |
| 0.28431124101798 | DD1812 |   54976.8910872083 | 53241.124007820355 |  56888.94868001434 | -28.759018263548185 | -172.15063900363234 |  69.76971568054937 |
| 0.28374911978269 | DD1813 |   55000.7502967736 | 53263.581831816045 |  56914.28646830143 |  -34.21483147536144 | -170.24587022720348 |     71.56784148974 |
| 0.28318753343172 | DD1814 | 55024.607473694334 |  53286.03712007359 |  56939.40884852107 |  -36.23856129421258 |  -168.5538550042499 |  70.80962525148324 |
| 0.28262632373838 | DD1815 |  55048.68334249177 |  53308.49641738372 |  56964.53649968069 | -37.074109448711035 | -168.51558037139634 |  69.59004028578835 |
| 0.28206202612935 | DD1816 |  55072.69887458828 |   53331.1038278442 |  56990.03747263234 |  -38.41889262033854 | -166.16411798006982 |  66.11240914464554 |
| 0.28149826630992 | DD1817 |  55096.71243506657 |  53353.49460351463 | 57015.536976922274 |  -37.61034200565597 | -165.95048849917342 |   64.5238583253078 |
| 0.28093504349193 | DD1818 |  55120.72402499358 |  53376.09696037768 |  57041.03501359143 |  -38.42377246834685 | -165.33231479631183 |  64.97432010318302 |
| 0.28037235688875 | DD1819 | 55144.947988280175 | 53398.696839174765 |  57066.31724083704 |  -37.44014133719614 | -165.95723068904204 |   65.4524214614425 |
| 0.27981020571534 | DD1820 |  55168.95573445208 |  53421.29424099946 |   57091.8122512361 |  -37.75163358986984 |  -167.3657361252462 |  65.50121465366502 |
| 0.27924858918819 | DD1821 |  55192.96151326114 |  53443.88916694501 |  57117.09126600362 |  -38.19189303299789 | -169.43925060493166 |  66.85158319112017 |
| 0.27868750652535 | DD1822 | 55216.965325769714 |    53466.481618103 |  57142.58325431138 |  -39.49497678227227 | -169.20454330016446 |  67.68890524375301 |
|  0.2781269569464 | DD1823 | 55240.967173039535 |  53489.07159556435 | 57168.073780202154 | -40.853197131946615 |  -167.3210332178625 |  68.36288231196095 |
| 0.27756693967248 | DD1824 |  55264.96705613029 |  53511.65910041795 |  57193.34803118905 |  -40.40789407935255 | -165.55482666575185 |  67.66634085261443 |
| 0.27700745392623 | DD1825 |  55288.96497610207 |  53534.45904138834 |  57218.62063359771 |    -39.092281317324 | -165.48170759372607 |  65.17551311393467 |
| 0.27644849893187 | DD1826 |  55312.96093401168 |  53557.04169839866 |   57244.1065902228 | -40.272191122929456 | -163.98909714716908 |  64.03675527522206 |
| 0.27589007391511 | DD1827 |  55337.17002676043 | 53579.406790212146 |  57269.37599273123 |  -42.90419716241678 | -164.13829225289467 |  66.46631964125159 |
| 0.27533217810319 | DD1828 |  55361.16215781035 |  53601.98441550772 |  57294.85893974692 | -42.652275646056715 |  -159.9727183704256 | 63.986219334572404 |
| 0.27477481072488 | DD1829 |  55385.15232995887 |   53624.7748576508 | 57320.125146530365 | -35.631520372508845 | -160.52634996626776 | 60.220404693010984 |
| 0.27421797101047 | DD1830 |  55409.35592236428 |  53647.13226564861 |  57345.60508807851 | -36.908161065798296 | -163.55461070597318 |  64.14426495810147 |
| 0.27366165819175 | DD1831 | 55433.342273941984 | 53669.702492657685 |  57371.08357548013 | -39.849626452329304 | -161.54907066091826 |  64.75966585438039 |
| 0.27310587150203 | DD1832 |  55457.32666976785 | 53692.270255732976 |  57396.34504351524 |  -40.52438618255164 | -160.60523412041866 |  63.19310651717345 |
| 0.27255061017611 | DD1833 |  55481.30911089231 |  53714.83555595399 |  57421.82053163885 | -42.681497286954794 |  -158.5193382044171 |   62.3198100323771 |
| 0.27199587345032 | DD1834 | 55505.505352720684 |  53737.39839439778 |  57447.07881433726 |  -42.98047410455611 |  -157.7006146705258 |  64.00719091833983 |
| 0.27144166056245 | DD1835 | 55529.483981632795 |  53759.95877214197 |  57472.55130730204 |  -44.68340777661472 | -151.45738874442472 |  59.66252251542737 |
| 0.27088797075181 | DD1836 |  55553.46065897949 |  53782.51669026184 |  57497.80640880682 | -40.751091789927266 | -149.07798880022642 |  52.71610373141782 |
| 0.27033480325921 | DD1837 |  55577.65142227996 | 53804.856113356785 |  57523.27591072281 |  -40.21919232168927 | -149.25572322320033 |  50.85168249464523 |
| 0.26978215732692 | DD1838 |   55601.6242936555 |  53827.40902142408 |  57548.74396566583 |  -38.38248214620407 |  -148.6559332042892 |  48.62531164488308 |
|  0.2692300321987 | DD1839 |  55625.59521659171 |  53850.17569761203 |  57573.99435013524 | -31.719321971592134 | -149.44363179134822 |  47.58147976347681 |
|  0.2686784271198 | DD1840 |  55649.56419213043 | 53872.507469436816 | 57599.459420171836 | -33.476915213204045 | -149.24291692785428 |  48.32489127410696 |
| 0.26812734133695 | DD1841 |  55673.74763384671 |  53895.05301152245 |  57624.92304629052 | -32.340508646270294 | -149.54271188638043 |  46.16239162070733 |
| 0.26757677409832 | DD1842 | 55697.496305177476 |  53917.59610042047 |   57650.3852295064 |  -29.67628949712112 |   -149.378206555135 |  43.58233277314528 |
|  0.2670267246536 | DD1843 | 55721.459444764005 |  53940.13673719722 |  57675.84597083101 | -27.345598035092742 | -148.80643372190676 | 44.158908435841944 |
|  0.2664771922539 | DD1844 |  55745.63733561806 |  53962.67492291988 | 57701.088576768816 | -22.946268270740454 | -149.63148736608179 | 42.704762258422846 |
| 0.26592817615181 | DD1845 | 55769.596683737254 | 53985.210658653676 |  57726.32955488349 | -15.127081568328236 | -156.06125084906793 |  41.29465446707932 |
| 0.26537967560137 | DD1846 |  55793.55409068094 |  54007.74394546304 | 57751.785788661546 | -13.508083901536196 | -164.35268077166472 |  47.09642803682762 |
| 0.26483030656369 | DD1847 |   55817.5706028642 |  54030.55085182217 |  57777.08679660638 | -13.876579650092026 |   -169.071872034569 | 54.659230514742724 |
|  0.2642790874879 | DD1848 |  55841.68970072015 |  54053.23960463002 | 57802.711447058085 | -18.357033539321428 |  -168.9749823480338 |  59.09798882926373 |
| 0.26372838688043 | DD1849 |  55865.80691934445 | 54075.925964748865 |  57828.33472651266 | -21.122865580387263 |  -169.1339044097984 |  62.28740531237726 |
| 0.26317820399215 | DD1850 | 55889.922259728344 |  54098.60993319792 | 57853.739375496494 | -23.262098733472385 |  -169.9274920964096 |  65.33501612556961 |
| 0.26262853807542 | DD1851 |  55914.25307788146 |  54121.29151099402 |  57879.14246625126 | -25.757076560534717 | -170.63152452970073 |    69.026672286603 |
| 0.26207938838405 | DD1852 |  55938.36475932463 |  54143.97069915321 |  57904.76144935495 | -29.473313328606977 | -170.02685060602948 |  70.96783321068665 |
| 0.26153075417329 | DD1853 |  55962.47456548521 |  54166.64749869098 |  57930.37906533021 |  -32.60183455694632 | -168.01960673593993 |  71.62770883638751 |
| 0.26098263469984 | DD1854 |  55986.58249734964 |  54189.32191062175 |  57955.77767641409 |  -33.64479438921053 | -166.68612166778965 |  70.34340914040882 |
| 0.26043502922186 | DD1855 |  56010.90628918195 |  54211.77620267894 |  57981.39246646045 |  -37.28605789507069 |  -165.1657407359572 |  73.39751235159567 |
| 0.25988793699895 | DD1856 | 56035.010569955586 |  54234.66357571206 |  58006.78806443745 | -37.075203437469725 |  -162.6730806577011 |  71.93462732266339 |
| 0.25934135729212 | DD1857 |  56059.11297937905 | 54257.330830895204 | 58032.400032417434 | -40.315837440979024 | -161.76983088253252 |  72.42574226841072 |
| 0.25879528936385 | DD1858 |  56083.21351843369 |  54279.99570251694 | 58058.010638077496 |  -45.37362849167178 | -156.78582825739494 |  69.73310117460562 |
| 0.25824973247804 | DD1859 |  56107.31218810032 | 54302.658191585986 |  58083.40177094053 |  -41.88971297097923 | -154.81410842792698 |  62.19318889849043 |
| 0.25770468590001 | DD1860 |  56131.40898935911 |  54325.31829911039 |   58109.0095603056 |  -37.57662604468805 | -156.91781706371228 |  60.16244280394248 |
| 0.25716014889651 | DD1861 |  56155.50392318888 |  54347.97602609685 |  58134.61599022225 |  -37.92037984110853 | -158.27172497395384 |  61.70359038590675 |
| 0.25661612073572 | DD1862 |  56179.59699056706 | 54370.849768530396 |  58160.00266666321 | -37.498002777930715 | -159.34665469511185 |   60.3626913662765 |
| 0.25607260068722 | DD1863 |  56203.90668195297 |  54393.50283195904 |   58185.3877965553 |  -37.21709436761084 | -161.13518584454187 | 61.609416276350025 |
| 0.25552958802201 | DD1864 |    56227.996113854 | 54416.153517857165 | 58210.989964847286 |  -38.60770220712001 | -161.85708746638397 |  63.09030358618353 |
| 0.25498708201251 | DD1865 |  56252.30236069201 |  54438.80182722695 |  58236.37209904104 |   -40.1494181174844 | -163.09562416973526 |  67.57001533051412 |
| 0.25444508193254 | DD1866 | 56276.388160988055 |  54461.44776106987 | 58261.971462537906 |  -44.34406193761945 |   -160.183735731778 |  68.55880432759646 |
| 0.25390358705733 | DD1867 | 56300.472099692764 | 54484.091320386055 |    58287.569472307 |  -49.59350376226482 | -156.68491191227005 |  70.05513783642583 |
| 0.25336259666349 | DD1868 | 56324.554177778344 |  54506.73250617552 |  58312.94716739833 |  -53.76974735516408 | -151.21156437311907 |  69.11203952224561 |
| 0.25282211002904 | DD1869 |  56348.63439621537 |  54529.37131943661 |  58338.54237808872 |   -54.2566331526804 |  -143.2060973493657 | 58.541419277228144 |
| 0.25228212643341 | DD1870 |  56372.93190679054 |  54552.00776116595 |  58364.13623789476 |  -46.62536456495097 |  -146.0284754951258 |  54.07847822616597 |
|  0.2517426451574 | DD1871 |  56397.00850328733 |  54574.64183235996 |  58389.50950249184 | -38.248084931473066 | -152.78019182910225 |  54.61560485586319 |
|  0.2512036654832 | DD1872 |  56421.08324303413 |  54597.27353401394 |  58415.10056891539 |  -39.12219585822745 | -156.03311635175208 |  60.70157988515374 |
| 0.25066518669438 | DD1873 |  56445.15612699757 |  54620.12230127225 |  58440.47085313927 |  -39.86430911536625 | -156.76978515775033 |  63.23490110592756 |
|  0.2501272080759 | DD1874 |  56469.22715614286 |  54642.74936125888 | 58466.059129972746 | -43.738423078400615 | -154.17314468918943 |  62.40345919810912 |
| 0.24999998728059 | RD0037 | 56474.974404192806 |   54648.0911656168 |  58472.00960886622 |  -42.97488644142276 |  -154.0282894543427 |  62.91874670456697 |
| 0.24958974162576 | DD1875 |  56493.51537974995 |  54665.37349858533 |  58491.42584262294 | -42.796878390232536 | -154.71959057961524 |  62.04174553467412 |
| 0.24905274849539 | DD1876 |  56517.58337131668 |  54687.99638257728 | 58517.011928723754 | -42.337933930849864 | -153.75477622790902 |  60.24383079948886 |
