|          redshift |   name |                  xc |                  yc |                 zc |  Rvir |               Mvir |              Mstar |               Mism |                  SFR |
| 0.099999974320333 | RD0040 | 0.49016475677490234 | 0.47276401519775396 | 0.5088891983032227 | 150.0 |  392462876620.2924 |  51411568273.15686 | 11876542224.144487 |   1.1603551798875182 |
|  0.14999996432242 | RD0039 | 0.49032115936279297 |  0.4734601974487304 | 0.5085649490356445 | 146.0 |  384021679866.5755 |  50544485673.44026 |  11868011966.68154 |   3.5987759909616774 |
|   0.1999999919284 | RD0038 | 0.49047374725341797 | 0.47414875030517584 |  0.508244514465332 | 143.0 |  378537678414.0631 | 49075830754.649254 | 12123615694.055595 |   1.5740004027568044 |
|  0.24999998728059 | RD0037 | 0.49062442779541016 |  0.4748277664184571 | 0.5079450607299805 | 140.0 | 378480757782.09534 |  48335971591.65464 | 11526126531.472486 |   1.5211494759512425 |
|  0.29999997282307 | RD0036 | 0.49077510833740234 | 0.47549533843994135 | 0.5076780319213867 | 138.0 | 381199154251.23615 |  47514507765.38169 | 11310109228.175188 |   1.7425979209072904 |
|  0.34999997675196 | RD0035 | 0.49092197418212896 |  0.4761590957641602 |  0.507420539855957 | 135.0 | 379299885073.28186 |  47287313254.74335 |   10472718586.3212 |   1.4625864410777103 |
|  0.39999996453304 | RD0034 |  0.4910745620727539 |  0.4767980575561523 | 0.5071630477905273 | 133.0 |  379935751458.9296 |  46257356749.68603 | 10808893821.146696 |   3.1779713982363087 |
|  0.44999996021558 | RD0033 |   0.491215705871582 |  0.4774084091186523 | 0.5068979263305663 | 128.0 |  364985948494.0342 |  44708304858.96894 | 10079186241.776192 |    4.106989214729272 |
|   0.4999999921515 | RD0032 |  0.4913530349731445 | 0.47798252105712885 | 0.5066556930541992 | 124.0 |  350140270475.1325 | 43576009353.067894 |   9989796079.03647 |   1.1599473141528556 |
|  0.59999996599899 | RD0031 | 0.49162960052490234 |  0.4790811538696289 | 0.5061445236206055 | 116.0 |   321956667832.856 |  42550176890.97315 |  8974291550.193995 |   2.1104107663704155 |
|  0.69999998985822 | RD0030 | 0.49188899993896484 | 0.48013019561767584 | 0.5056791305541992 | 111.0 |  315571625987.2162 | 41365748033.575935 |   8640009662.47768 |   1.8702790535744445 |
|  0.79999997502511 | RD0029 | 0.49209880828857416 |  0.4811258316040039 | 0.5052671432495117 | 106.0 | 314885776858.09125 | 39718394687.436554 |  8176038228.466057 |    3.782589651144109 |
|  0.89999998680458 | RD0028 |  0.4922819137573242 |  0.4820146560668945 | 0.5049524307250977 | 100.0 |  292995590156.4037 |  37030597159.49587 |  7743790685.863072 |    7.741842424017088 |
|   1.0999999099049 | RD0026 | 0.49265766143798834 |  0.4836893081665039 | 0.5043020248413087 |  88.0 | 255922357948.34958 | 33401345858.839283 |  4731917387.932385 |    2.978728384312242 |
|   1.1999998388176 | RD0025 | 0.49285411834716797 |  0.4844293594360351 | 0.5040063858032227 |  84.0 |  249342947177.7727 |  32891824110.27231 | 2554988496.7260094 |    10.01125415466043 |
|     1.29999990013 | RD0024 |  0.4930543899536133 |  0.4850797653198242 | 0.5037298202514648 |  80.0 | 241669512676.56506 |  29682102408.77815 | 1528413470.6517725 |   2.0813542792836626 |
|   1.3999998903732 | RD0023 | 0.49323368072509766 | 0.48570919036865234 | 0.5034666061401367 |  75.0 | 221164903537.65714 | 27433581342.811295 | 1131879778.8005068 |   12.587383163958197 |
|   1.4999999269442 | RD0022 |  0.4933614730834961 | 0.48633861541748047 | 0.5031805038452148 |  70.0 | 201647412814.63843 |  24234696112.89228 |   2671935094.70529 |    8.167146931636523 |
|   1.9999996880027 | RD0020 |  0.4940366744995117 | 0.48889064788818354 | 0.5021944046020508 |  49.0 | 111733397326.99432 | 14440336955.626816 | 1095792863.6813188 |    7.814853570913448 |
|   2.4999996211373 | RD0018 | 0.49464893341064453 |  0.4907369613647461 | 0.5014715194702148 |  42.0 | 104144650614.09647 |  6043308338.511957 | 1661287416.7016273 |   37.933519540739134 |
|   2.9999997541609 | RD0016 | 0.49503612518310547 |  0.4918279647827148 | 0.5012578964233398 |  28.0 | 46565416360.437065 | 1303417654.5574014 |  846967854.0076731 |    3.207596312745236 |
|   3.4999997124229 | RD0015 | 0.49552059173583984 |  0.4927892684936524 | 0.5010137557983398 |  17.0 | 14992842312.564447 | 259380203.32799202 | 188277261.21858436 |   0.8491836646656745 |
|   3.9999989742259 | RD0014 |  0.4958162307739257 | 0.49355220794677734 |  0.501030921936035 |  10.0 | 3579178394.9872055 | 18889445.577134836 | 125145008.07137951 | 0.061065042049221974 |
|   4.9999990356536 | RD0013 |  0.4961709976196289 |  0.4949007034301758 | 0.5010251998901367 |   6.0 |  1019052343.806549 | 1174956.2831212948 |  56282964.64182916 |                  0.0 |
