# snapshot   Lx   Ly   Lz
DD0511.0   -0.643267   -0.023389   -0.005551
DD0512.0   -0.633539   -0.020665   -0.001746
DD0513.0   -0.614320   -0.015366   0.005675
DD0514.0   -0.586024   -0.007807   0.016408
DD0515.0   -0.549335   0.001590   0.029963
DD0516.0   -0.505133   0.012295   0.045767
DD0517.0   -0.454502   0.023703   0.063194
DD0518.0   -0.398699   0.035177   0.081611
DD0519.0   -0.339130   0.046078   0.100430
DD0520.0   -0.277300   0.055809   0.119145
DD0521.0   -0.214749   0.063858   0.137358
DD0522.0   -0.153050   0.069798   0.154806
DD0523.0   -0.093682   0.073345   0.171366
DD0524.0   -0.038011   0.074353   0.187050
DD0525.0   0.012816   0.072834   0.201966
DD0526.0   0.057863   0.068938   0.216329
DD0527.0   0.096455   0.062938   0.230394
DD0528.0   0.128188   0.055207   0.244432
DD0529.0   0.152943   0.046182   0.258689
DD0530.0   0.170862   0.036336   0.273369
DD0531.0   0.182326   0.026133   0.288621
DD0532.0   0.187935   0.016000   0.304518
DD0533.0   0.188420   0.006303   0.321092
DD0534.0   0.184648   -0.002685   0.338323
DD0535.0   0.177567   -0.010784   0.356174
DD0536.0   0.168158   -0.017925   0.374585
DD0537.0   0.157400   -0.024113   0.393553
DD0538.0   0.146229   -0.029447   0.413074
DD0539.0   0.135513   -0.034067   0.433225
DD0540.0   0.126010   -0.038154   0.454088
DD0541.0   0.118353   -0.041895   0.475784
DD0542.0   0.113021   -0.045457   0.498440
DD0543.0   0.110329   -0.048973   0.522165
DD0544.0   0.110417   -0.052528   0.547024
DD0545.0   0.113254   -0.056154   0.573017
DD0546.0   0.118648   -0.059823   0.600061
DD0547.0   0.126265   -0.063459   0.627990
DD0548.0   0.135663   -0.066948   0.656549
DD0549.0   0.146321   -0.070151   0.685407
DD0550.0   0.157684   -0.072904   0.714209
DD0551.0   0.169194   -0.075068   0.742529
DD0552.0   0.180339   -0.076501   0.769988
DD0553.0   0.190667   -0.077108   0.796189
DD0554.0   0.199823   -0.076812   0.820818
DD0555.0   0.207553   -0.075583   0.843613
DD0556.0   0.213700   -0.073426   0.864397
DD0557.0   0.218241   -0.070389   0.883056
DD0558.0   0.221221   -0.066548   0.899564
DD0559.0   0.222758   -0.062003   0.913963
DD0560.0   0.223029   -0.056871   0.926348
DD0561.0   0.222238   -0.051279   0.936867
DD0562.0   0.220610   -0.045355   0.945688
DD0563.0   0.218368   -0.039221   0.953005
DD0564.0   0.215731   -0.032993   0.958995
DD0565.0   0.212864   -0.026779   0.963850
DD0566.0   0.209925   -0.020666   0.967746
DD0567.0   0.207026   -0.014735   0.970841
DD0568.0   0.204291   -0.009028   0.973274
DD0569.0   0.201790   -0.003589   0.975170
DD0570.0   0.199568   0.001551   0.976631
DD0571.0   0.197658   0.006379   0.977737
DD0572.0   0.196072   0.010890   0.978557
DD0573.0   0.194820   0.015089   0.979144
DD0574.0   0.193900   0.018993   0.979537
DD0575.0   0.193322   0.022620   0.979781
DD0576.0   0.193064   0.026012   0.979881
DD0577.0   0.193122   0.029210   0.979854
DD0578.0   0.193496   0.032264   0.979711
DD0579.0   0.194174   0.035237   0.979443
DD0580.0   0.195176   0.038184   0.979070
DD0581.0   0.196509   0.041176   0.978588
DD0582.0   0.198180   0.044284   0.977990
DD0583.0   0.200200   0.047576   0.977269
DD0584.0   0.202581   0.051118   0.976416
DD0585.0   0.205337   0.054968   0.975423
DD0586.0   0.208479   0.059170   0.974281
DD0587.0   0.212016   0.063754   0.972984
DD0588.0   0.215953   0.068735   0.971528
DD0589.0   0.220287   0.074107   0.969909
DD0590.0   0.225011   0.079847   0.968131
DD0591.0   0.230107   0.085913   0.966196
DD0592.0   0.235545   0.092250   0.964115
DD0593.0   0.241294   0.098782   0.961899
DD0594.0   0.247315   0.105428   0.959565
DD0595.0   0.253555   0.112101   0.957132
DD0596.0   0.259957   0.118714   0.954621
DD0597.0   0.266459   0.125183   0.952058
DD0598.0   0.272991   0.131429   0.949467
DD0599.0   0.279486   0.137385   0.946876
DD0600.0   0.285870   0.142996   0.944309
DD0601.0   0.292070   0.148222   0.941792
DD0602.0   0.298020   0.153039   0.939346
DD0603.0   0.303650   0.157438   0.936993
DD0604.0   0.308897   0.161428   0.934749
DD0605.0   0.313700   0.165032   0.932627
DD0606.0   0.318005   0.168284   0.930638
DD0607.0   0.321763   0.171229   0.928788
DD0608.0   0.324934   0.173917   0.927080
DD0609.0   0.327485   0.176399   0.925516
DD0610.0   0.329391   0.178726   0.924094
DD0611.0   0.330641   0.180941   0.922814
DD0612.0   0.331229   0.183076   0.921676
DD0613.0   0.331154   0.185152   0.920675
DD0614.0   0.330444   0.187170   0.919817
DD0615.0   0.329128   0.189116   0.919105
DD0616.0   0.327249   0.190959   0.918545
DD0617.0   0.324855   0.192655   0.918145
DD0618.0   0.322014   0.194148   0.917915
DD0619.0   0.318777   0.195381   0.917858
DD0620.0   0.315198   0.196301   0.917976
DD0621.0   0.311324   0.196864   0.918267
DD0622.0   0.307187   0.197043   0.918718
DD0623.0   0.302799   0.196835   0.919308
DD0624.0   0.298145   0.196264   0.920005
DD0625.0   0.293181   0.195383   0.920763
DD0626.0   0.287828   0.194275   0.921526
DD0627.0   0.281976   0.193052   0.922224
DD0628.0   0.275484   0.191843   0.922782
DD0629.0   0.268184   0.190797   0.923116
DD0630.0   0.259893   0.190066   0.923142
DD0631.0   0.250422   0.189798   0.922781
DD0632.0   0.239594   0.190133   0.921963
DD0633.0   0.227254   0.191187   0.920632
DD0634.0   0.213294   0.193048   0.918758
DD0635.0   0.197663   0.195766   0.916335
DD0636.0   0.180383   0.199355   0.913389
DD0637.0   0.161554   0.203784   0.909974
DD0638.0   0.141376   0.208977   0.906185
DD0639.0   0.120126   0.214820   0.902148
DD0640.0   0.098158   0.221157   0.898013
DD0641.0   0.075882   0.227803   0.893948
DD0642.0   0.053740   0.234543   0.890129
DD0643.0   0.032180   0.241149   0.886736
DD0644.0   0.011611   0.247384   0.883919
DD0645.0   -0.007623   0.253013   0.881801
DD0646.0   -0.025273   0.257812   0.880465
DD0647.0   -0.041208   0.261576   0.879938
DD0648.0   -0.055436   0.264128   0.880185
DD0649.0   -0.068104   0.265321   0.881107
DD0650.0   -0.079495   0.265047   0.882540
DD0651.0   -0.090010   0.263230   0.884262
DD0652.0   -0.100142   0.259837   0.885998
DD0653.0   -0.110444   0.254865   0.887436
DD0654.0   -0.121488   0.248347   0.888243
DD0655.0   -0.133829   0.240340   0.888082
DD0656.0   -0.147963   0.230924   0.886633
DD0657.0   -0.164297   0.220197   0.883608
DD0658.0   -0.183124   0.208269   0.878780
DD0659.0   -0.204603   0.195255   0.871995
DD0660.0   -0.228736   0.181269   0.863184
DD0661.0   -0.255387   0.166425   0.852368
DD0662.0   -0.284278   0.150834   0.839668
DD0663.0   -0.315011   0.134604   0.825293
DD0664.0   -0.347090   0.117839   0.809534
DD0665.0   -0.379947   0.100641   0.792747
DD0666.0   -0.412983   0.083118   0.775325
DD0667.0   -0.445594   0.065385   0.757670
DD0668.0   -0.477212   0.047569   0.740163
DD0669.0   -0.507334   0.029816   0.723130
DD0670.0   -0.535550   0.012297   0.706812
DD0671.0   -0.561567   -0.004788   0.691338
DD0672.0   -0.585218   -0.021211   0.676710
DD0673.0   -0.606467   -0.036713   0.662789
DD0674.0   -0.625399   -0.051005   0.649298
DD0675.0   -0.642214   -0.063781   0.635838
DD0676.0   -0.657199   -0.074722   0.621910
DD0677.0   -0.670695   -0.083512   0.606941
DD0678.0   -0.683069   -0.089851   0.590327
DD0679.0   -0.694701   -0.093462   0.571469
DD0680.0   -0.705925   -0.094114   0.549822
DD0681.0   -0.717015   -0.091635   0.524928
DD0682.0   -0.728170   -0.085919   0.496452
DD0683.0   -0.739506   -0.076937   0.464200
DD0684.0   -0.751029   -0.064748   0.428147
DD0685.0   -0.762669   -0.049493   0.388425
DD0686.0   -0.774278   -0.031395   0.345322
DD0687.0   -0.785647   -0.010753   0.299266
DD0688.0   -0.796527   0.012068   0.250797
DD0689.0   -0.806650   0.036649   0.200538
DD0690.0   -0.815753   0.062532   0.149159
DD0691.0   -0.823594   0.089240   0.097346
DD0692.0   -0.829972   0.116290   0.045761
DD0693.0   -0.834738   0.143215   -0.004979
DD0694.0   -0.837802   0.169573   -0.054331
DD0695.0   -0.839137   0.194969   -0.101838
DD0696.0   -0.838779   0.219062   -0.147139
DD0697.0   -0.836816   0.241572   -0.189970
DD0698.0   -0.833387   0.262288   -0.230163
DD0699.0   -0.828664   0.281064   -0.267633
DD0700.0   -0.822848   0.297825   -0.302371
DD0701.0   -0.816149   0.312550   -0.334423
DD0702.0   -0.808782   0.325274   -0.363882
DD0703.0   -0.800961   0.336075   -0.390883
DD0704.0   -0.792879   0.345060   -0.415577
DD0705.0   -0.784708   0.352359   -0.438128
DD0706.0   -0.776593   0.358111   -0.458709
DD0707.0   -0.768652   0.362460   -0.477495
DD0708.0   -0.760975   0.365545   -0.494666
DD0709.0   -0.753617   0.367496   -0.510385
DD0710.0   -0.746607   0.368434   -0.524820
DD0711.0   -0.739951   0.368469   -0.538135
DD0712.0   -0.733632   0.367706   -0.550482
DD0713.0   -0.727616   0.366239   -0.562008
DD0714.0   -0.721853   0.364163   -0.572848
DD0715.0   -0.716283   0.361572   -0.583123
DD0716.0   -0.710841   0.358562   -0.592941
DD0717.0   -0.705460   0.355232   -0.602393
DD0718.0   -0.700072   0.351687   -0.611555
DD0719.0   -0.694615   0.348032   -0.620484
DD0720.0   -0.689032   0.344374   -0.629223
DD0721.0   -0.683275   0.340819   -0.637799
DD0722.0   -0.677303   0.337466   -0.646220
DD0723.0   -0.671090   0.334410   -0.654496
DD0724.0   -0.664616   0.331733   -0.662622
DD0725.0   -0.657871   0.329505   -0.670585
DD0726.0   -0.650851   0.327780   -0.678370
DD0727.0   -0.643563   0.326599   -0.685958
DD0728.0   -0.636018   0.325986   -0.693332
DD0729.0   -0.628233   0.325951   -0.700474
DD0730.0   -0.620231   0.326491   -0.707371
DD0731.0   -0.612035   0.327591   -0.714011
DD0732.0   -0.603674   0.329227   -0.720380
DD0733.0   -0.595175   0.331370   -0.726473
DD0734.0   -0.586570   0.333984   -0.732282
DD0735.0   -0.577889   0.337029   -0.737803
DD0736.0   -0.569166   0.340465   -0.743032
DD0737.0   -0.560429   0.344252   -0.747966
DD0738.0   -0.551713   0.348349   -0.752603
DD0739.0   -0.543050   0.352715   -0.756941
DD0740.0   -0.534466   0.357311   -0.760983
DD0741.0   -0.525988   0.362102   -0.764733
DD0742.0   -0.517643   0.367051   -0.768193
DD0743.0   -0.509452   0.372126   -0.771368
DD0744.0   -0.501434   0.377291   -0.774267
DD0745.0   -0.493605   0.382514   -0.776901
DD0746.0   -0.485975   0.387764   -0.779284
DD0747.0   -0.478552   0.393011   -0.781432
DD0748.0   -0.471339   0.398227   -0.783360
DD0749.0   -0.464336   0.403389   -0.785089
DD0750.0   -0.457539   0.408474   -0.786636
DD0751.0   -0.450941   0.413464   -0.788020
DD0752.0   -0.444534   0.418345   -0.789259
DD0753.0   -0.438306   0.423105   -0.790371
DD0754.0   -0.432247   0.427736   -0.791373
DD0755.0   -0.426343   0.432236   -0.792277
DD0756.0   -0.420581   0.436607   -0.793095
DD0757.0   -0.414948   0.440852   -0.793836
DD0758.0   -0.409431   0.444979   -0.794507
DD0759.0   -0.404019   0.448998   -0.795113
DD0760.0   -0.398701   0.452921   -0.795656
DD0761.0   -0.393466   0.456763   -0.796136
DD0762.0   -0.388305   0.460538   -0.796552
DD0763.0   -0.383210   0.464264   -0.796900
DD0764.0   -0.378173   0.467956   -0.797176
DD0765.0   -0.373187   0.471631   -0.797375
DD0766.0   -0.368248   0.475306   -0.797491
DD0767.0   -0.363348   0.478995   -0.797519
DD0768.0   -0.358484   0.482712   -0.797453
DD0769.0   -0.353650   0.486466   -0.797290
DD0770.0   -0.348842   0.490263   -0.797030
DD0771.0   -0.344056   0.494106   -0.796673
DD0772.0   -0.339286   0.497990   -0.796226
DD0773.0   -0.334530   0.501906   -0.795698
DD0774.0   -0.329782   0.505838   -0.795105
DD0775.0   -0.325038   0.509763   -0.794466
DD0776.0   -0.320292   0.513652   -0.793804
DD0777.0   -0.315540   0.517471   -0.793149
DD0778.0   -0.310775   0.521181   -0.792530
DD0779.0   -0.305991   0.524745   -0.791981
DD0780.0   -0.301180   0.528122   -0.791532
DD0781.0   -0.296332   0.531279   -0.791215
DD0782.0   -0.291436   0.534184   -0.791054
DD0783.0   -0.286481   0.536817   -0.791069
DD0784.0   -0.281451   0.539165   -0.791274
DD0785.0   -0.276333   0.541228   -0.791674
DD0786.0   -0.271108   0.543014   -0.792265
DD0787.0   -0.265762   0.544544   -0.793036
DD0788.0   -0.260275   0.545846   -0.793971
DD0789.0   -0.254632   0.546956   -0.795044
DD0790.0   -0.248817   0.547915   -0.796229
DD0791.0   -0.242816   0.548764   -0.797494
DD0792.0   -0.236618   0.549544   -0.798811
DD0793.0   -0.230215   0.550292   -0.800149
DD0794.0   -0.223603   0.551040   -0.801485
DD0795.0   -0.216778   0.551813   -0.802796
DD0796.0   -0.209745   0.552627   -0.804066
DD0797.0   -0.202509   0.553491   -0.805282
DD0798.0   -0.195079   0.554406   -0.806439
DD0799.0   -0.187467   0.555366   -0.807534
DD0800.0   -0.179689   0.556358   -0.808569
DD0801.0   -0.171763   0.557366   -0.809550
DD0802.0   -0.163705   0.558369   -0.810484
DD0803.0   -0.155537   0.559347   -0.811380
DD0804.0   -0.147281   0.560277   -0.812247
DD0805.0   -0.138961   0.561139   -0.813095
DD0806.0   -0.130597   0.561914   -0.813931
DD0807.0   -0.122210   0.562587   -0.814761
DD0808.0   -0.113820   0.563148   -0.815590
DD0809.0   -0.105444   0.563590   -0.816419
DD0810.0   -0.097099   0.563912   -0.817246
DD0811.0   -0.088794   0.564118   -0.818067
DD0812.0   -0.080540   0.564217   -0.818873
DD0813.0   -0.072341   0.564222   -0.819656
DD0814.0   -0.064198   0.564151   -0.820402
DD0815.0   -0.056110   0.564024   -0.821099
DD0816.0   -0.048071   0.563863   -0.821731
DD0817.0   -0.040077   0.563691   -0.822285
DD0818.0   -0.032120   0.563531   -0.822745
DD0819.0   -0.024197   0.563405   -0.823100
DD0820.0   -0.016303   0.563328   -0.823341
DD0821.0   -0.008442   0.563315   -0.823461
DD0822.0   -0.000620   0.563377   -0.823456
DD0823.0   0.007149   0.563518   -0.823328
DD0824.0   0.014844   0.563742   -0.823079
DD0825.0   0.022437   0.564045   -0.822718
DD0826.0   0.029891   0.564424   -0.822254
DD0827.0   0.037167   0.564871   -0.821702
DD0828.0   0.044218   0.565377   -0.821074
DD0829.0   0.050997   0.565932   -0.820388
DD0830.0   0.057455   0.566526   -0.819659
DD0831.0   0.063548   0.567150   -0.818903
DD0832.0   0.069237   0.567793   -0.818136
DD0833.0   0.074491   0.568448   -0.817371
DD0834.0   0.079288   0.569105   -0.816622
DD0835.0   0.083618   0.569757   -0.815897
DD0836.0   0.087486   0.570397   -0.815207
DD0837.0   0.090904   0.571017   -0.814557
DD0838.0   0.093900   0.571611   -0.813953
DD0839.0   0.096509   0.572170   -0.813398
DD0840.0   0.098775   0.572689   -0.812894
DD0841.0   0.100746   0.573160   -0.812443
DD0842.0   0.102473   0.573577   -0.812043
DD0843.0   0.104008   0.573935   -0.811694
DD0844.0   0.105399   0.574229   -0.811394
DD0845.0   0.106690   0.574456   -0.811142
DD0846.0   0.107920   0.574614   -0.810934
DD0847.0   0.109122   0.574702   -0.810769
DD0848.0   0.110319   0.574720   -0.810642
DD0849.0   0.111532   0.574671   -0.810553
DD0850.0   0.112771   0.574557   -0.810498
DD0851.0   0.114044   0.574382   -0.810474
DD0852.0   0.115351   0.574149   -0.810479
DD0853.0   0.116691   0.573863   -0.810512
DD0854.0   0.118057   0.573527   -0.810571
DD0855.0   0.119443   0.573142   -0.810657
DD0856.0   0.120840   0.572712   -0.810768
DD0857.0   0.122239   0.572236   -0.810907
DD0858.0   0.123629   0.571713   -0.811074
DD0859.0   0.125002   0.571141   -0.811275
DD0860.0   0.126348   0.570516   -0.811512
DD0861.0   0.127660   0.569830   -0.811792
DD0862.0   0.128931   0.569076   -0.812119
DD0863.0   0.130157   0.568244   -0.812501
DD0864.0   0.131333   0.567325   -0.812945
DD0865.0   0.132459   0.566306   -0.813459
DD0866.0   0.133534   0.565175   -0.814051
DD0867.0   0.134562   0.563920   -0.814727
DD0868.0   0.135548   0.562529   -0.815494
DD0869.0   0.136499   0.560991   -0.816360
DD0870.0   0.137426   0.559294   -0.817327
DD0871.0   0.138337   0.557430   -0.818399
DD0872.0   0.139244   0.555394   -0.819579
DD0873.0   0.140160   0.553180   -0.820866
DD0874.0   0.141099   0.550788   -0.822257
DD0875.0   0.142075   0.548217   -0.823749
DD0876.0   0.143100   0.545473   -0.825335
DD0877.0   0.144188   0.542561   -0.827008
DD0878.0   0.145350   0.539492   -0.828759
DD0879.0   0.146598   0.536274   -0.830575
DD0880.0   0.147941   0.532923   -0.832446
DD0881.0   0.149386   0.529452   -0.834359
DD0882.0   0.150941   0.525877   -0.836301
DD0883.0   0.152612   0.522214   -0.838258
DD0884.0   0.154401   0.518478   -0.840219
DD0885.0   0.156314   0.514685   -0.842170
DD0886.0   0.158352   0.510850   -0.844100
DD0887.0   0.160516   0.506987   -0.845999
DD0888.0   0.162808   0.503109   -0.847856
DD0889.0   0.165226   0.499229   -0.849664
DD0890.0   0.167767   0.495358   -0.851415
DD0891.0   0.170428   0.491508   -0.853102
DD0892.0   0.173201   0.487689   -0.854721
DD0893.0   0.176078   0.483914   -0.856268
DD0894.0   0.179044   0.480194   -0.857739
DD0895.0   0.182086   0.476540   -0.859133
DD0896.0   0.185184   0.472965   -0.860447
DD0897.0   0.188318   0.469480   -0.861683
DD0898.0   0.191464   0.466096   -0.862840
DD0899.0   0.194598   0.462824   -0.863921
DD0900.0   0.197696   0.459672   -0.864928
DD0901.0   0.200731   0.456648   -0.865865
DD0902.0   0.203683   0.453757   -0.866735
DD0903.0   0.206531   0.450999   -0.867545
DD0904.0   0.209258   0.448373   -0.868300
DD0905.0   0.211852   0.445877   -0.869007
DD0906.0   0.214302   0.443501   -0.869671
DD0907.0   0.216605   0.441238   -0.870301
DD0908.0   0.218760   0.439075   -0.870903
DD0909.0   0.220771   0.437000   -0.871484
DD0910.0   0.222643   0.434999   -0.872049
DD0911.0   0.224387   0.433057   -0.872606
DD0912.0   0.226012   0.431161   -0.873157
DD0913.0   0.227533   0.429296   -0.873709
DD0914.0   0.228963   0.427450   -0.874263
DD0915.0   0.230317   0.425611   -0.874824
DD0916.0   0.231608   0.423767   -0.875393
DD0917.0   0.232851   0.421908   -0.875972
DD0918.0   0.234059   0.420025   -0.876563
DD0919.0   0.235245   0.418110   -0.877165
DD0920.0   0.236420   0.416155   -0.877780
DD0921.0   0.237595   0.414153   -0.878409
DD0922.0   0.238777   0.412098   -0.879051
DD0923.0   0.239976   0.409984   -0.879708
DD0924.0   0.241196   0.407806   -0.880379
DD0925.0   0.242444   0.405560   -0.881065
DD0926.0   0.243723   0.403242   -0.881765
DD0927.0   0.245036   0.400850   -0.882480
DD0928.0   0.246385   0.398380   -0.883210
DD0929.0   0.247773   0.395833   -0.883952
DD0930.0   0.249199   0.393208   -0.884708
DD0931.0   0.250664   0.390508   -0.885474
DD0932.0   0.252168   0.387734   -0.886249
DD0933.0   0.253710   0.384891   -0.887032
DD0934.0   0.255290   0.381983   -0.887820
DD0935.0   0.256906   0.379015   -0.888610
DD0936.0   0.258557   0.375992   -0.889400
DD0937.0   0.260241   0.372921   -0.890187
DD0938.0   0.261958   0.369808   -0.890968
DD0939.0   0.263704   0.366656   -0.891740
DD0940.0   0.265481   0.363470   -0.892503
DD0941.0   0.267286   0.360253   -0.893254
DD0942.0   0.269121   0.357004   -0.893991
DD0943.0   0.270987   0.353723   -0.894713
DD0944.0   0.272887   0.350408   -0.895419
DD0945.0   0.274824   0.347056   -0.896109
DD0946.0   0.276802   0.343661   -0.896781
DD0947.0   0.278826   0.340219   -0.897437
DD0948.0   0.280899   0.336728   -0.898075
DD0949.0   0.283025   0.333183   -0.898694
DD0950.0   0.285206   0.329586   -0.899294
DD0951.0   0.287442   0.325938   -0.899876
DD0952.0   0.289731   0.322244   -0.900436
DD0953.0   0.292068   0.318512   -0.900976
DD0954.0   0.294447   0.314754   -0.901494
DD0955.0   0.296856   0.310983   -0.901989
DD0956.0   0.299283   0.307215   -0.902461
DD0957.0   0.301716   0.303466   -0.902910
DD0958.0   0.304140   0.299752   -0.903335
DD0959.0   0.306541   0.296089   -0.903737
DD0960.0   0.308906   0.292490   -0.904116
DD0961.0   0.311224   0.288966   -0.904472
DD0962.0   0.313489   0.285526   -0.904806
DD0963.0   0.315695   0.282172   -0.905117
DD0964.0   0.317842   0.278907   -0.905407
DD0965.0   0.319931   0.275728   -0.905676
DD0966.0   0.321968   0.272631   -0.905923
DD0967.0   0.323960   0.269608   -0.906148
DD0968.0   0.325915   0.266653   -0.906351
DD0969.0   0.327843   0.263756   -0.906531
DD0970.0   0.329752   0.260909   -0.906689
DD0971.0   0.331650   0.258104   -0.906825
DD0972.0   0.333542   0.255332   -0.906940
DD0973.0   0.335431   0.252586   -0.907035
DD0974.0   0.337316   0.249860   -0.907112
DD0975.0   0.339196   0.247147   -0.907173
DD0976.0   0.341066   0.244442   -0.907224
DD0977.0   0.342918   0.241738   -0.907267
DD0978.0   0.344744   0.239031   -0.907308
DD0979.0   0.346535   0.236316   -0.907350
DD0980.0   0.348281   0.233589   -0.907400
DD0981.0   0.349972   0.230847   -0.907462
DD0982.0   0.351599   0.228088   -0.907540
DD0983.0   0.353154   0.225308   -0.907638
DD0984.0   0.354630   0.222510   -0.907759
DD0985.0   0.356023   0.219693   -0.907905
DD0986.0   0.357327   0.216858   -0.908077
DD0987.0   0.358540   0.214009   -0.908278
DD0988.0   0.359660   0.211147   -0.908507
DD0989.0   0.360687   0.208275   -0.908764
DD0990.0   0.361620   0.205394   -0.909049
DD0991.0   0.362460   0.202504   -0.909362
DD0992.0   0.363208   0.199604   -0.909703
DD0993.0   0.363865   0.196690   -0.910072
DD0994.0   0.364433   0.193758   -0.910468
DD0995.0   0.364914   0.190801   -0.910893
DD0996.0   0.365309   0.187811   -0.911346
DD0997.0   0.365619   0.184780   -0.911829
DD0998.0   0.365844   0.181698   -0.912342
DD0999.0   0.365985   0.178557   -0.912888
DD1000.0   0.366039   0.175350   -0.913466
DD1001.0   0.366007   0.172072   -0.914080
DD1002.0   0.365883   0.168719   -0.914730
DD1003.0   0.365665   0.165292   -0.915417
DD1004.0   0.365347   0.161793   -0.916142
DD1005.0   0.364924   0.158228   -0.916908
DD1006.0   0.364391   0.154605   -0.917713
DD1007.0   0.363742   0.150934   -0.918558
DD1008.0   0.362972   0.147227   -0.919444
DD1009.0   0.362077   0.143495   -0.920368
DD1010.0   0.361055   0.139753   -0.921330
DD1011.0   0.359906   0.136011   -0.922328
DD1012.0   0.358629   0.132282   -0.923359
DD1013.0   0.357227   0.128573   -0.924419
DD1014.0   0.355705   0.124893   -0.925507
DD1015.0   0.354066   0.121247   -0.926618
DD1016.0   0.352317   0.117639   -0.927749
DD1017.0   0.350461   0.114071   -0.928897
DD1018.0   0.348505   0.110545   -0.930060
DD1019.0   0.346452   0.107060   -0.931235
DD1020.0   0.344304   0.103616   -0.932421
DD1021.0   0.342064   0.100213   -0.933616
DD1022.0   0.339731   0.096849   -0.934820
DD1023.0   0.337305   0.093524   -0.936033
DD1024.0   0.334782   0.090239   -0.937256
DD1025.0   0.332160   0.086994   -0.938488
DD1026.0   0.329435   0.083791   -0.939732
DD1027.0   0.326603   0.080632   -0.940987
DD1028.0   0.323663   0.077519   -0.942255
DD1029.0   0.320611   0.074455   -0.943534
DD1030.0   0.317445   0.071443   -0.944826
DD1031.0   0.314164   0.068486   -0.946129
DD1032.0   0.310769   0.065588   -0.947444
DD1033.0   0.307261   0.062750   -0.948768
DD1034.0   0.303641   0.059976   -0.950100
DD1035.0   0.299913   0.057267   -0.951440
DD1036.0   0.296080   0.054624   -0.952784
DD1037.0   0.292147   0.052046   -0.954130
DD1038.0   0.288118   0.049532   -0.955478
DD1039.0   0.283999   0.047080   -0.956824
DD1040.0   0.279795   0.044686   -0.958167
DD1041.0   0.275512   0.042348   -0.959504
DD1042.0   0.271156   0.040061   -0.960833
DD1043.0   0.266731   0.037822   -0.962153
DD1044.0   0.262243   0.035628   -0.963462
DD1045.0   0.257696   0.033477   -0.964758
DD1046.0   0.253092   0.031369   -0.966040
DD1047.0   0.248434   0.029304   -0.967306
DD1048.0   0.243723   0.027286   -0.968557
DD1049.0   0.238959   0.025317   -0.969790
DD1050.0   0.234142   0.023404   -0.971005
DD1051.0   0.229272   0.021552   -0.972203
DD1052.0   0.224346   0.019767   -0.973382
DD1053.0   0.219366   0.018056   -0.974542
DD1054.0   0.214330   0.016424   -0.975683
DD1055.0   0.209240   0.014875   -0.976805
DD1056.0   0.204100   0.013412   -0.977906
DD1057.0   0.198912   0.012037   -0.978986
DD1058.0   0.193682   0.010750   -0.980044
DD1059.0   0.188418   0.009549   -0.981078
DD1060.0   0.183127   0.008431   -0.982087
DD1061.0   0.177816   0.007394   -0.983069
DD1062.0   0.172496   0.006433   -0.984024
DD1063.0   0.167174   0.005544   -0.984951
DD1064.0   0.161861   0.004724   -0.985847
DD1065.0   0.156563   0.003967   -0.986712
DD1066.0   0.151289   0.003272   -0.987547
DD1067.0   0.146045   0.002634   -0.988349
DD1068.0   0.140840   0.002050   -0.989119
DD1069.0   0.135679   0.001518   -0.989857
DD1070.0   0.130571   0.001034   -0.990563
DD1071.0   0.125522   0.000594   -0.991237
DD1072.0   0.120543   0.000192   -0.991880
DD1073.0   0.115642   -0.000178   -0.992491
DD1074.0   0.110831   -0.000523   -0.993070
DD1075.0   0.106123   -0.000854   -0.993618
DD1076.0   0.101530   -0.001180   -0.994135
DD1077.0   0.097069   -0.001512   -0.994621
DD1078.0   0.092755   -0.001863   -0.995076
DD1079.0   0.088603   -0.002245   -0.995499
DD1080.0   0.084628   -0.002669   -0.995891
DD1081.0   0.080846   -0.003148   -0.996253
DD1082.0   0.077269   -0.003688   -0.996584
DD1083.0   0.073907   -0.004298   -0.996885
DD1084.0   0.070766   -0.004982   -0.997156
DD1085.0   0.067851   -0.005739   -0.997400
DD1086.0   0.065158   -0.006568   -0.997615
DD1087.0   0.062683   -0.007462   -0.997805
DD1088.0   0.060414   -0.008412   -0.997970
DD1089.0   0.058337   -0.009404   -0.998113
DD1090.0   0.056433   -0.010426   -0.998234
DD1091.0   0.054680   -0.011459   -0.998337
DD1092.0   0.053053   -0.012486   -0.998424
DD1093.0   0.051528   -0.013490   -0.998497
DD1094.0   0.050081   -0.014453   -0.998559
DD1095.0   0.048687   -0.015361   -0.998611
DD1096.0   0.047327   -0.016198   -0.998656
DD1097.0   0.045983   -0.016954   -0.998697
DD1098.0   0.044642   -0.017621   -0.998734
DD1099.0   0.043295   -0.018192   -0.998769
DD1100.0   0.041936   -0.018666   -0.998804
DD1101.0   0.040565   -0.019042   -0.998840
DD1102.0   0.039183   -0.019322   -0.998878
DD1103.0   0.037794   -0.019512   -0.998917
DD1104.0   0.036404   -0.019616   -0.998960
DD1105.0   0.035021   -0.019643   -0.999005
DD1106.0   0.033651   -0.019601   -0.999053
DD1107.0   0.032303   -0.019501   -0.999103
DD1108.0   0.030982   -0.019351   -0.999156
DD1109.0   0.029695   -0.019162   -0.999211
DD1110.0   0.028449   -0.018943   -0.999266
DD1111.0   0.027248   -0.018706   -0.999323
DD1112.0   0.026097   -0.018458   -0.999379
DD1113.0   0.025002   -0.018208   -0.999434
DD1114.0   0.023967   -0.017964   -0.999488
DD1115.0   0.022995   -0.017732   -0.999539
DD1116.0   0.022092   -0.017516   -0.999588
DD1117.0   0.021260   -0.017318   -0.999632
DD1118.0   0.020501   -0.017141   -0.999673
DD1119.0   0.019815   -0.016982   -0.999708
DD1120.0   0.019201   -0.016839   -0.999739
DD1121.0   0.018657   -0.016708   -0.999765
DD1122.0   0.018177   -0.016585   -0.999785
DD1123.0   0.017754   -0.016462   -0.999802
DD1124.0   0.017378   -0.016333   -0.999814
DD1125.0   0.017040   -0.016194   -0.999822
DD1126.0   0.016727   -0.016038   -0.999828
DD1127.0   0.016429   -0.015862   -0.999831
DD1128.0   0.016134   -0.015663   -0.999833
DD1129.0   0.015833   -0.015440   -0.999835
DD1130.0   0.015518   -0.015196   -0.999836
DD1131.0   0.015185   -0.014932   -0.999838
DD1132.0   0.014833   -0.014654   -0.999841
DD1133.0   0.014464   -0.014369   -0.999845
DD1134.0   0.014082   -0.014082   -0.999851
DD1135.0   0.013696   -0.013800   -0.999858
DD1136.0   0.013318   -0.013530   -0.999866
DD1137.0   0.012959   -0.013278   -0.999875
DD1138.0   0.012635   -0.013048   -0.999886
DD1139.0   0.012359   -0.012842   -0.999897
DD1140.0   0.012146   -0.012659   -0.999908
DD1141.0   0.012007   -0.012497   -0.999919
DD1142.0   0.011953   -0.012351   -0.999929
DD1143.0   0.011992   -0.012214   -0.999939
DD1144.0   0.012128   -0.012077   -0.999948
DD1145.0   0.012365   -0.011929   -0.999955
DD1146.0   0.012700   -0.011758   -0.999961
DD1147.0   0.013130   -0.011553   -0.999965
DD1148.0   0.013648   -0.011302   -0.999967
DD1149.0   0.014245   -0.010996   -0.999968
DD1150.0   0.014912   -0.010624   -0.999967
DD1151.0   0.015635   -0.010181   -0.999964
DD1152.0   0.016403   -0.009661   -0.999960
DD1153.0   0.017200   -0.009062   -0.999954
DD1154.0   0.018015   -0.008384   -0.999946
DD1155.0   0.018832   -0.007631   -0.999937
DD1156.0   0.019639   -0.006807   -0.999926
DD1157.0   0.020424   -0.005919   -0.999914
DD1158.0   0.021176   -0.004975   -0.999901
DD1159.0   0.021887   -0.003985   -0.999887
DD1160.0   0.022548   -0.002959   -0.999873
DD1161.0   0.023154   -0.001907   -0.999858
DD1162.0   0.023704   -0.000840   -0.999842
DD1163.0   0.024196   0.000234   -0.999826
DD1164.0   0.024632   0.001306   -0.999810
DD1165.0   0.025016   0.002367   -0.999793
DD1166.0   0.025354   0.003412   -0.999776
DD1167.0   0.025653   0.004436   -0.999758
DD1168.0   0.025922   0.005433   -0.999738
DD1169.0   0.026169   0.006401   -0.999717
DD1170.0   0.026403   0.007338   -0.999694
DD1171.0   0.026631   0.008241   -0.999669
DD1172.0   0.026859   0.009110   -0.999642
DD1173.0   0.027094   0.009943   -0.999611
DD1174.0   0.027338   0.010739   -0.999579
DD1175.0   0.027594   0.011498   -0.999543
DD1176.0   0.027860   0.012218   -0.999506
DD1177.0   0.028136   0.012897   -0.999467
DD1178.0   0.028419   0.013535   -0.999427
DD1179.0   0.028704   0.014130   -0.999387
DD1180.0   0.028988   0.014679   -0.999347
DD1181.0   0.029267   0.015181   -0.999308
DD1182.0   0.029537   0.015634   -0.999271
DD1183.0   0.029794   0.016038   -0.999236
DD1184.0   0.030034   0.016390   -0.999204
DD1185.0   0.030257   0.016690   -0.999176
DD1186.0   0.030459   0.016939   -0.999152
DD1187.0   0.030640   0.017136   -0.999132
DD1188.0   0.030800   0.017283   -0.999117
DD1189.0   0.030936   0.017380   -0.999105
DD1190.0   0.031050   0.017431   -0.999099
DD1191.0   0.031140   0.017436   -0.999096
DD1192.0   0.031207   0.017398   -0.999097
DD1193.0   0.031252   0.017321   -0.999103
DD1194.0   0.031273   0.017207   -0.999111
DD1195.0   0.031272   0.017059   -0.999123
DD1196.0   0.031252   0.016881   -0.999137
DD1197.0   0.031214   0.016676   -0.999154
DD1198.0   0.031161   0.016449   -0.999173
DD1199.0   0.031098   0.016201   -0.999192
DD1200.0   0.031031   0.015938   -0.999212
DD1201.0   0.030966   0.015662   -0.999232
DD1202.0   0.030910   0.015378   -0.999252
DD1203.0   0.030871   0.015088   -0.999269
DD1204.0   0.030857   0.014797   -0.999285
DD1205.0   0.030875   0.014507   -0.999298
DD1206.0   0.030934   0.014221   -0.999307
DD1207.0   0.031041   0.013941   -0.999313
DD1208.0   0.031202   0.013669   -0.999315
DD1209.0   0.031424   0.013407   -0.999313
DD1210.0   0.031710   0.013155   -0.999306
DD1211.0   0.032064   0.012915   -0.999295
DD1212.0   0.032489   0.012687   -0.999280
DD1213.0   0.032986   0.012471   -0.999261
DD1214.0   0.033555   0.012268   -0.999239
DD1215.0   0.034197   0.012078   -0.999214
DD1216.0   0.034908   0.011902   -0.999186
DD1217.0   0.035688   0.011741   -0.999156
DD1218.0   0.036532   0.011597   -0.999124
DD1219.0   0.037436   0.011470   -0.999091
DD1220.0   0.038394   0.011364   -0.999056
DD1221.0   0.039399   0.011279   -0.999020
DD1222.0   0.040443   0.011220   -0.998982
DD1223.0   0.041518   0.011186   -0.998944
DD1224.0   0.042613   0.011179   -0.998903
DD1225.0   0.043719   0.011200   -0.998862
DD1226.0   0.044824   0.011248   -0.998819
DD1227.0   0.045918   0.011321   -0.998774
DD1228.0   0.046990   0.011415   -0.998728
DD1229.0   0.048031   0.011526   -0.998681
DD1230.0   0.049032   0.011649   -0.998633
DD1231.0   0.049985   0.011776   -0.998585
DD1232.0   0.050883   0.011901   -0.998536
DD1233.0   0.051722   0.012017   -0.998488
DD1234.0   0.052498   0.012115   -0.998442
DD1235.0   0.053208   0.012188   -0.998397
DD1236.0   0.053851   0.012231   -0.998355
DD1237.0   0.054426   0.012236   -0.998317
DD1238.0   0.054932   0.012200   -0.998283
DD1239.0   0.055370   0.012118   -0.998255
DD1240.0   0.055739   0.011985   -0.998231
DD1241.0   0.056041   0.011798   -0.998214
DD1242.0   0.056274   0.011555   -0.998203
DD1243.0   0.056440   0.011251   -0.998199
DD1244.0   0.056537   0.010885   -0.998201
DD1245.0   0.056567   0.010451   -0.998210
DD1246.0   0.056528   0.009948   -0.998226
DD1247.0   0.056424   0.009370   -0.998248
DD1248.0   0.056254   0.008714   -0.998277
DD1249.0   0.056021   0.007976   -0.998310
DD1250.0   0.055729   0.007154   -0.998348
DD1251.0   0.055382   0.006245   -0.998390
DD1252.0   0.054985   0.005248   -0.998435
DD1253.0   0.054543   0.004164   -0.998482
DD1254.0   0.054062   0.002994   -0.998530
DD1255.0   0.053548   0.001744   -0.998578
DD1256.0   0.053005   0.000418   -0.998625
DD1257.0   0.052439   -0.000976   -0.998671
DD1258.0   0.051853   -0.002430   -0.998714
DD1259.0   0.051249   -0.003932   -0.998755
DD1260.0   0.050629   -0.005473   -0.998792
DD1261.0   0.049992   -0.007040   -0.998826
DD1262.0   0.049335   -0.008621   -0.998856
DD1263.0   0.048658   -0.010205   -0.998883
DD1264.0   0.047954   -0.011780   -0.998906
DD1265.0   0.047220   -0.013336   -0.998925
DD1266.0   0.046451   -0.014864   -0.998941
DD1267.0   0.045642   -0.016356   -0.998954
DD1268.0   0.044788   -0.017804   -0.998965
DD1269.0   0.043886   -0.019203   -0.998974
DD1270.0   0.042934   -0.020548   -0.998981
DD1271.0   0.041930   -0.021838   -0.998986
DD1272.0   0.040874   -0.023069   -0.998990
DD1273.0   0.039769   -0.024241   -0.998993
DD1274.0   0.038618   -0.025355   -0.998995
DD1275.0   0.037426   -0.026410   -0.998996
DD1276.0   0.036201   -0.027409   -0.998998
DD1277.0   0.034951   -0.028353   -0.998998
DD1278.0   0.033685   -0.029243   -0.998999
DD1279.0   0.032416   -0.030081   -0.998999
DD1280.0   0.031153   -0.030868   -0.999000
DD1281.0   0.029908   -0.031604   -0.999000
DD1282.0   0.028694   -0.032289   -0.999000
DD1283.0   0.027522   -0.032924   -0.999000
DD1284.0   0.026402   -0.033505   -0.999000
DD1285.0   0.025343   -0.034032   -0.999000
DD1286.0   0.024353   -0.034501   -0.999000
DD1287.0   0.023440   -0.034911   -0.999000
DD1288.0   0.022608   -0.035257   -0.999000
DD1289.0   0.021860   -0.035538   -0.999000
DD1290.0   0.021198   -0.035751   -0.999000
DD1291.0   0.020622   -0.035894   -0.999000
DD1292.0   0.020130   -0.035968   -0.999001
DD1293.0   0.019721   -0.035970   -0.999001
DD1294.0   0.019391   -0.035904   -0.999002
DD1295.0   0.019136   -0.035770   -0.999002
DD1296.0   0.018951   -0.035572   -0.999004
DD1297.0   0.018832   -0.035312   -0.999005
DD1298.0   0.018773   -0.034994   -0.999007
DD1299.0   0.018769   -0.034623   -0.999010
DD1300.0   0.018814   -0.034202   -0.999014
DD1301.0   0.018903   -0.033736   -0.999019
DD1302.0   0.019030   -0.033230   -0.999026
DD1303.0   0.019189   -0.032686   -0.999034
DD1304.0   0.019375   -0.032110   -0.999044
DD1305.0   0.019582   -0.031506   -0.999057
DD1306.0   0.019805   -0.030877   -0.999072
DD1307.0   0.020037   -0.030229   -0.999089
DD1308.0   0.020275   -0.029565   -0.999110
DD1309.0   0.020515   -0.028891   -0.999134
DD1310.0   0.020752   -0.028212   -0.999160
DD1311.0   0.020984   -0.027535   -0.999189
DD1312.0   0.021209   -0.026864   -0.999219
DD1313.0   0.021427   -0.026207   -0.999252
DD1314.0   0.021638   -0.025569   -0.999285
DD1315.0   0.021842   -0.024956   -0.999318
DD1316.0   0.022042   -0.024375   -0.999350
DD1317.0   0.022240   -0.023829   -0.999381
DD1318.0   0.022441   -0.023323   -0.999408
DD1319.0   0.022646   -0.022860   -0.999431
DD1320.0   0.022861   -0.022442   -0.999449
DD1321.0   0.023088   -0.022068   -0.999461
DD1322.0   0.023331   -0.021738   -0.999468
DD1323.0   0.023593   -0.021448   -0.999468
DD1324.0   0.023876   -0.021196   -0.999461
DD1325.0   0.024182   -0.020975   -0.999449
DD1326.0   0.024510   -0.020779   -0.999431
DD1327.0   0.024861   -0.020599   -0.999408
DD1328.0   0.025233   -0.020429   -0.999381
DD1329.0   0.025625   -0.020259   -0.999352
DD1330.0   0.026032   -0.020081   -0.999320
DD1331.0   0.026451   -0.019886   -0.999288
DD1332.0   0.026877   -0.019666   -0.999255
DD1333.0   0.027305   -0.019415   -0.999225
DD1334.0   0.027730   -0.019127   -0.999196
DD1335.0   0.028147   -0.018797   -0.999170
DD1336.0   0.028548   -0.018423   -0.999148
DD1337.0   0.028929   -0.018002   -0.999129
DD1338.0   0.029285   -0.017535   -0.999116
DD1339.0   0.029610   -0.017024   -0.999106
DD1340.0   0.029900   -0.016472   -0.999102
DD1341.0   0.030151   -0.015882   -0.999103
DD1342.0   0.030359   -0.015261   -0.999109
DD1343.0   0.030521   -0.014613   -0.999120
DD1344.0   0.030635   -0.013946   -0.999136
DD1345.0   0.030700   -0.013266   -0.999158
DD1346.0   0.030714   -0.012581   -0.999184
DD1347.0   0.030677   -0.011899   -0.999215
DD1348.0   0.030590   -0.011225   -0.999251
DD1349.0   0.030453   -0.010567   -0.999290
DD1350.0   0.030270   -0.009930   -0.999333
DD1351.0   0.030042   -0.009321   -0.999379
DD1352.0   0.029774   -0.008745   -0.999427
DD1353.0   0.029469   -0.008205   -0.999476
DD1354.0   0.029132   -0.007705   -0.999525
DD1355.0   0.028769   -0.007248   -0.999575
DD1356.0   0.028386   -0.006836   -0.999623
DD1357.0   0.027989   -0.006472   -0.999669
DD1358.0   0.027583   -0.006156   -0.999713
DD1359.0   0.027177   -0.005889   -0.999754
DD1360.0   0.026775   -0.005672   -0.999791
DD1361.0   0.026383   -0.005504   -0.999825
DD1362.0   0.026009   -0.005386   -0.999855
DD1363.0   0.025656   -0.005316   -0.999881
DD1364.0   0.025330   -0.005294   -0.999903
DD1365.0   0.025036   -0.005319   -0.999921
DD1366.0   0.024778   -0.005387   -0.999936
DD1367.0   0.024559   -0.005498   -0.999947
DD1368.0   0.024383   -0.005648   -0.999956
DD1369.0   0.024251   -0.005833   -0.999962
DD1370.0   0.024167   -0.006049   -0.999965
DD1371.0   0.024129   -0.006292   -0.999966
DD1372.0   0.024139   -0.006555   -0.999966
DD1373.0   0.024195   -0.006833   -0.999963
DD1374.0   0.024294   -0.007119   -0.999959
DD1375.0   0.024433   -0.007407   -0.999954
DD1376.0   0.024606   -0.007690   -0.999948
DD1377.0   0.024807   -0.007962   -0.999942
DD1378.0   0.025029   -0.008217   -0.999935
DD1379.0   0.025262   -0.008450   -0.999928
DD1380.0   0.025498   -0.008659   -0.999921
DD1381.0   0.025726   -0.008839   -0.999915
DD1382.0   0.025937   -0.008991   -0.999909
DD1383.0   0.026121   -0.009116   -0.999905
DD1384.0   0.026270   -0.009213   -0.999902
DD1385.0   0.026376   -0.009287   -0.999901
DD1386.0   0.026433   -0.009342   -0.999901
DD1387.0   0.026435   -0.009382   -0.999902
DD1388.0   0.026380   -0.009413   -0.999905
DD1389.0   0.026267   -0.009440   -0.999910
DD1390.0   0.026096   -0.009469   -0.999915
DD1391.0   0.025870   -0.009503   -0.999921
DD1392.0   0.025593   -0.009549   -0.999928
DD1393.0   0.025269   -0.009610   -0.999936
DD1394.0   0.024903   -0.009688   -0.999943
DD1395.0   0.024504   -0.009786   -0.999950
DD1396.0   0.024076   -0.009907   -0.999957
DD1397.0   0.023627   -0.010050   -0.999963
DD1398.0   0.023163   -0.010217   -0.999969
DD1399.0   0.022689   -0.010410   -0.999973
DD1400.0   0.022212   -0.010629   -0.999977
DD1401.0   0.021735   -0.010875   -0.999980
DD1402.0   0.021265   -0.011149   -0.999981
DD1403.0   0.020805   -0.011454   -0.999981
DD1404.0   0.020359   -0.011790   -0.999979
DD1405.0   0.019933   -0.012158   -0.999975
DD1406.0   0.019531   -0.012561   -0.999970
DD1407.0   0.019159   -0.012998   -0.999962
DD1408.0   0.018822   -0.013470   -0.999952
DD1409.0   0.018527   -0.013973   -0.999940
DD1410.0   0.018279   -0.014506   -0.999924
DD1411.0   0.018084   -0.015063   -0.999905
DD1412.0   0.017947   -0.015640   -0.999882
DD1413.0   0.017874   -0.016228   -0.999856
DD1414.0   0.017868   -0.016820   -0.999826
DD1415.0   0.017930   -0.017407   -0.999792
DD1416.0   0.018062   -0.017979   -0.999755
DD1417.0   0.018261   -0.018526   -0.999715
DD1418.0   0.018525   -0.019039   -0.999672
DD1419.0   0.018848   -0.019511   -0.999626
DD1420.0   0.019225   -0.019933   -0.999580
DD1421.0   0.019646   -0.020301   -0.999532
DD1422.0   0.020103   -0.020610   -0.999485
DD1423.0   0.020585   -0.020858   -0.999440
DD1424.0   0.021082   -0.021044   -0.999397
DD1425.0   0.021583   -0.021169   -0.999357
DD1426.0   0.022076   -0.021234   -0.999322
DD1427.0   0.022551   -0.021244   -0.999291
DD1428.0   0.022997   -0.021203   -0.999267
DD1429.0   0.023404   -0.021115   -0.999249
DD1430.0   0.023764   -0.020985   -0.999238
DD1431.0   0.024067   -0.020819   -0.999235
DD1432.0   0.024306   -0.020620   -0.999238
DD1433.0   0.024474   -0.020395   -0.999249
DD1434.0   0.024565   -0.020148   -0.999267
DD1435.0   0.024574   -0.019883   -0.999291
DD1436.0   0.024497   -0.019604   -0.999322
DD1437.0   0.024331   -0.019315   -0.999357
DD1438.0   0.024073   -0.019019   -0.999397
DD1439.0   0.023721   -0.018721   -0.999440
DD1440.0   0.023275   -0.018424   -0.999485
DD1441.0   0.022736   -0.018133   -0.999532
DD1442.0   0.022104   -0.017851   -0.999580
DD1443.0   0.021382   -0.017583   -0.999626
DD1444.0   0.020574   -0.017335   -0.999672
DD1445.0   0.019684   -0.017109   -0.999715
DD1446.0   0.018717   -0.016912   -0.999755
DD1447.0   0.017680   -0.016747   -0.999793
DD1448.0   0.016582   -0.016619   -0.999826
DD1449.0   0.015429   -0.016532   -0.999856
DD1450.0   0.014233   -0.016487   -0.999883
DD1451.0   0.013004   -0.016487   -0.999906
DD1452.0   0.011751   -0.016531   -0.999925
DD1453.0   0.010487   -0.016619   -0.999941
DD1454.0   0.009222   -0.016748   -0.999954
DD1455.0   0.007966   -0.016913   -0.999965
DD1456.0   0.006730   -0.017109   -0.999974
DD1457.0   0.005523   -0.017329   -0.999981
DD1458.0   0.004352   -0.017565   -0.999986
DD1459.0   0.003224   -0.017808   -0.999990
DD1460.0   0.002143   -0.018048   -0.999993
DD1461.0   0.001112   -0.018277   -0.999995
DD1462.0   0.000132   -0.018486   -0.999996
DD1463.0   -0.000798   -0.018667   -0.999998
DD1464.0   -0.001680   -0.018812   -0.999998
DD1465.0   -0.002518   -0.018918   -0.999999
DD1466.0   -0.003317   -0.018980   -0.999999
DD1467.0   -0.004080   -0.018996   -1.000000
DD1468.0   -0.004815   -0.018968   -1.000000
DD1469.0   -0.005526   -0.018896   -1.000000
DD1470.0   -0.006219   -0.018785   -1.000000
DD1471.0   -0.006896   -0.018638   -1.000000
DD1472.0   -0.007563   -0.018463   -1.000000
DD1473.0   -0.008219   -0.018265   -1.000000
DD1474.0   -0.008865   -0.018051   -1.000000
DD1475.0   -0.009500   -0.017827   -1.000000
DD1476.0   -0.010121   -0.017599   -1.000000
DD1477.0   -0.010724   -0.017372   -1.000000
DD1478.0   -0.011301   -0.017150   -1.000000
DD1479.0   -0.011848   -0.016936   -1.000000
DD1480.0   -0.012355   -0.016732   -1.000000
DD1481.0   -0.012816   -0.016536   -1.000000
DD1482.0   -0.013220   -0.016348   -1.000000
DD1483.0   -0.013560   -0.016165   -1.000000
DD1484.0   -0.013828   -0.015985   -1.000000
DD1485.0   -0.014017   -0.015802   -1.000000
DD1486.0   -0.014120   -0.015613   -1.000000
DD1487.0   -0.014133   -0.015413   -1.000000
DD1488.0   -0.014054   -0.015195   -1.000000
DD1489.0   -0.013879   -0.014956   -1.000000
DD1490.0   -0.013610   -0.014692   -1.000000
DD1491.0   -0.013248   -0.014398   -1.000000
DD1492.0   -0.012798   -0.014071   -1.000000
DD1493.0   -0.012263   -0.013710   -1.000000
DD1494.0   -0.011649   -0.013314   -1.000000
DD1495.0   -0.010964   -0.012883   -1.000000
DD1496.0   -0.010215   -0.012418   -1.000000
DD1497.0   -0.009410   -0.011921   -1.000000
DD1498.0   -0.008556   -0.011396   -1.000000
DD1499.0   -0.007660   -0.010848   -1.000000
DD1500.0   -0.006728   -0.010281   -1.000000
DD1501.0   -0.005768   -0.009701   -1.000000
DD1502.0   -0.004783   -0.009115   -1.000000
DD1503.0   -0.003777   -0.008530   -1.000000
DD1504.0   -0.002755   -0.007952   -1.000000
DD1505.0   -0.001716   -0.007387   -1.000000
DD1506.0   -0.000663   -0.006843   -1.000000
DD1507.0   0.000404   -0.006324   -1.000000
DD1508.0   0.001486   -0.005835   -0.999999
DD1509.0   0.002584   -0.005379   -0.999999
DD1510.0   0.003698   -0.004960   -0.999998
DD1511.0   0.004830   -0.004579   -0.999998
DD1512.0   0.005980   -0.004234   -0.999996
DD1513.0   0.007149   -0.003924   -0.999995
DD1514.0   0.008337   -0.003646   -0.999993
DD1515.0   0.009541   -0.003395   -0.999990
DD1516.0   0.010759   -0.003165   -0.999986
DD1517.0   0.011990   -0.002950   -0.999981
DD1518.0   0.013228   -0.002742   -0.999974
DD1519.0   0.014468   -0.002533   -0.999965
DD1520.0   0.015706   -0.002316   -0.999954
DD1521.0   0.016934   -0.002082   -0.999941
DD1522.0   0.018149   -0.001825   -0.999925
DD1523.0   0.019342   -0.001540   -0.999905
DD1524.0   0.020509   -0.001223   -0.999883
DD1525.0   0.021646   -0.000870   -0.999856
DD1526.0   0.022748   -0.000481   -0.999826
DD1527.0   0.023812   -0.000057   -0.999792
DD1528.0   0.024837   0.000399   -0.999754
DD1529.0   0.025822   0.000883   -0.999713
DD1530.0   0.026769   0.001389   -0.999669
DD1531.0   0.027680   0.001910   -0.999622
DD1532.0   0.028558   0.002439   -0.999573
DD1533.0   0.029407   0.002967   -0.999523
DD1534.0   0.030235   0.003487   -0.999472
DD1535.0   0.031046   0.003991   -0.999420
DD1536.0   0.031849   0.004474   -0.999370
DD1537.0   0.032651   0.004928   -0.999320
DD1538.0   0.033459   0.005352   -0.999272
DD1539.0   0.034282   0.005741   -0.999226
DD1540.0   0.035126   0.006097   -0.999182
DD1541.0   0.035999   0.006420   -0.999139
DD1542.0   0.036905   0.006714   -0.999098
DD1543.0   0.037851   0.006982   -0.999058
DD1544.0   0.038838   0.007230   -0.999019
DD1545.0   0.039868   0.007464   -0.998980
DD1546.0   0.040943   0.007692   -0.998940
DD1547.0   0.042060   0.007919   -0.998899
DD1548.0   0.043218   0.008153   -0.998857
DD1549.0   0.044413   0.008398   -0.998813
DD1550.0   0.045640   0.008659   -0.998766
DD1551.0   0.046895   0.008939   -0.998717
DD1552.0   0.048172   0.009237   -0.998664
DD1553.0   0.049467   0.009553   -0.998609
DD1554.0   0.050773   0.009884   -0.998551
DD1555.0   0.052087   0.010224   -0.998490
DD1556.0   0.053405   0.010565   -0.998427
DD1557.0   0.054726   0.010900   -0.998361
DD1558.0   0.056047   0.011216   -0.998293
DD1559.0   0.057368   0.011503   -0.998223
DD1560.0   0.058691   0.011749   -0.998150
DD1561.0   0.060017   0.011940   -0.998076
DD1562.0   0.061348   0.012066   -0.997999
DD1563.0   0.062687   0.012115   -0.997920
DD1564.0   0.064037   0.012080   -0.997839
DD1565.0   0.065401   0.011953   -0.997755
DD1566.0   0.066781   0.011731   -0.997669
DD1567.0   0.068177   0.011413   -0.997581
DD1568.0   0.069590   0.011002   -0.997490
DD1569.0   0.071016   0.010502   -0.997396
DD1570.0   0.072452   0.009922   -0.997302
DD1571.0   0.073892   0.009274   -0.997206
DD1572.0   0.075329   0.008571   -0.997110
DD1573.0   0.076753   0.007826   -0.997014
DD1574.0   0.078154   0.007057   -0.996920
DD1575.0   0.079519   0.006278   -0.996828
DD1576.0   0.080837   0.005505   -0.996738
DD1577.0   0.082094   0.004751   -0.996653
DD1578.0   0.083280   0.004028   -0.996572
DD1579.0   0.084384   0.003345   -0.996497
DD1580.0   0.085395   0.002711   -0.996427
DD1581.0   0.086309   0.002129   -0.996364
DD1582.0   0.087123   0.001601   -0.996305
DD1583.0   0.087828   0.001129   -0.996253
DD1584.0   0.088425   0.000709   -0.996208
DD1585.0   0.088918   0.000340   -0.996168
DD1586.0   0.089310   0.000017   -0.996133
DD1587.0   0.089608   -0.000266   -0.996101
DD1588.0   0.089820   -0.000513   -0.996073
DD1589.0   0.089956   -0.000729   -0.996046
DD1590.0   0.090028   -0.000919   -0.996019
DD1591.0   0.090051   -0.001087   -0.995990
DD1592.0   0.090040   -0.001237   -0.995956
DD1593.0   0.090011   -0.001371   -0.995915
DD1594.0   0.089983   -0.001492   -0.995863
DD1595.0   0.089975   -0.001602   -0.995798
DD1596.0   0.090008   -0.001702   -0.995716
DD1597.0   0.090102   -0.001793   -0.995612
DD1598.0   0.090274   -0.001875   -0.995484
DD1599.0   0.090542   -0.001948   -0.995329
DD1600.0   0.090916   -0.002011   -0.995144
DD1601.0   0.091405   -0.002062   -0.994929
DD1602.0   0.092007   -0.002099   -0.994685
DD1603.0   0.092712   -0.002119   -0.994413
DD1604.0   0.093502   -0.002117   -0.994118
DD1605.0   0.094349   -0.002089   -0.993807
DD1606.0   0.095213   -0.002027   -0.993489
DD1607.0   0.096048   -0.001927   -0.993175
DD1608.0   0.096801   -0.001781   -0.992876
DD1609.0   0.097417   -0.001583   -0.992607
DD1610.0   0.097839   -0.001326   -0.992379
DD1611.0   0.098017   -0.001006   -0.992206
DD1612.0   0.097908   -0.000619   -0.992096
DD1613.0   0.097482   -0.000164   -0.992058
DD1614.0   0.096721   0.000359   -0.992096
DD1615.0   0.095626   0.000947   -0.992212
DD1616.0   0.094215   0.001595   -0.992402
DD1617.0   0.092519   0.002293   -0.992660
DD1618.0   0.090587   0.003034   -0.992978
DD1619.0   0.088476   0.003805   -0.993342
DD1620.0   0.086251   0.004594   -0.993739
DD1621.0   0.083980   0.005388   -0.994156
DD1622.0   0.081729   0.006175   -0.994579
DD1623.0   0.079560   0.006943   -0.994993
DD1624.0   0.077524   0.007680   -0.995389
DD1625.0   0.075665   0.008376   -0.995757
DD1626.0   0.074012   0.009025   -0.996089
DD1627.0   0.072583   0.009620   -0.996383
DD1628.0   0.071384   0.010155   -0.996635
DD1629.0   0.070411   0.010627   -0.996846
DD1630.0   0.069649   0.011034   -0.997018
DD1631.0   0.069080   0.011373   -0.997154
DD1632.0   0.068678   0.011642   -0.997259
DD1633.0   0.068416   0.011840   -0.997337
DD1634.0   0.068265   0.011965   -0.997393
DD1635.0   0.068199   0.012016   -0.997433
DD1636.0   0.068190   0.011991   -0.997460
DD1637.0   0.068217   0.011888   -0.997479
DD1638.0   0.068260   0.011706   -0.997493
DD1639.0   0.068302   0.011446   -0.997506
DD1640.0   0.068329   0.011109   -0.997519
DD1641.0   0.068333   0.010695   -0.997533
DD1642.0   0.068307   0.010209   -0.997550
DD1643.0   0.068246   0.009656   -0.997570
DD1644.0   0.068147   0.009042   -0.997593
DD1645.0   0.068011   0.008374   -0.997619
DD1646.0   0.067837   0.007660   -0.997648
DD1647.0   0.067627   0.006910   -0.997679
DD1648.0   0.067389   0.006131   -0.997709
DD1649.0   0.067122   0.005333   -0.997740
DD1650.0   0.066830   0.004523   -0.997770
DD1651.0   0.066521   0.003708   -0.997798
DD1652.0   0.066197   0.002894   -0.997825
DD1653.0   0.065859   0.002087   -0.997849
DD1654.0   0.065515   0.001290   -0.997871
DD1655.0   0.065169   0.000504   -0.997889
DD1656.0   0.064825   -0.000267   -0.997903
DD1657.0   0.064490   -0.001025   -0.997914
DD1658.0   0.064168   -0.001769   -0.997919
DD1659.0   0.063866   -0.002501   -0.997919
DD1660.0   0.063592   -0.003223   -0.997911
DD1661.0   0.063354   -0.003938   -0.997896
DD1662.0   0.063164   -0.004649   -0.997871
DD1663.0   0.063033   -0.005360   -0.997835
DD1664.0   0.062976   -0.006076   -0.997784
DD1665.0   0.063010   -0.006802   -0.997717
DD1666.0   0.063150   -0.007543   -0.997630
DD1667.0   0.063413   -0.008306   -0.997522
DD1668.0   0.063817   -0.009095   -0.997390
DD1669.0   0.064375   -0.009916   -0.997231
DD1670.0   0.065096   -0.010775   -0.997045
DD1671.0   0.065983   -0.011675   -0.996832
DD1672.0   0.067032   -0.012619   -0.996593
DD1673.0   0.068230   -0.013607   -0.996331
DD1674.0   0.069552   -0.014640   -0.996050
DD1675.0   0.070963   -0.015714   -0.995757
DD1676.0   0.072419   -0.016826   -0.995460
DD1677.0   0.073868   -0.017969   -0.995168
DD1678.0   0.075248   -0.019135   -0.994891
DD1679.0   0.076499   -0.020316   -0.994640
DD1680.0   0.077559   -0.021500   -0.994424
DD1681.0   0.078371   -0.022679   -0.994254
DD1682.0   0.078887   -0.023842   -0.994136
DD1683.0   0.079073   -0.024980   -0.994075
DD1684.0   0.078907   -0.026084   -0.994076
DD1685.0   0.078384   -0.027149   -0.994137
DD1686.0   0.077517   -0.028167   -0.994256
DD1687.0   0.076333   -0.029136   -0.994427
DD1688.0   0.074873   -0.030053   -0.994643
DD1689.0   0.073188   -0.030917   -0.994895
DD1690.0   0.071334   -0.031727   -0.995173
DD1691.0   0.069375   -0.032484   -0.995466
DD1692.0   0.067366   -0.033189   -0.995764
DD1693.0   0.065363   -0.033842   -0.996057
DD1694.0   0.063409   -0.034444   -0.996339
DD1695.0   0.061544   -0.034996   -0.996603
DD1696.0   0.059797   -0.035498   -0.996843
DD1697.0   0.058185   -0.035951   -0.997058
DD1698.0   0.056719   -0.036356   -0.997246
DD1699.0   0.055402   -0.036712   -0.997406
DD1700.0   0.054231   -0.037022   -0.997540
DD1701.0   0.053200   -0.037288   -0.997648
DD1702.0   0.052302   -0.037513   -0.997733
DD1703.0   0.051530   -0.037703   -0.997796
DD1704.0   0.050877   -0.037863   -0.997838
DD1705.0   0.050342   -0.038000   -0.997860
DD1706.0   0.049925   -0.038124   -0.997864
DD1707.0   0.049627   -0.038245   -0.997849
DD1708.0   0.049454   -0.038371   -0.997816
DD1709.0   0.049410   -0.038514   -0.997763
DD1710.0   0.049501   -0.038682   -0.997691
DD1711.0   0.049729   -0.038882   -0.997601
DD1712.0   0.050089   -0.039121   -0.997492
DD1713.0   0.050574   -0.039401   -0.997367
DD1714.0   0.051167   -0.039721   -0.997227
DD1715.0   0.051842   -0.040076   -0.997077
DD1716.0   0.052564   -0.040458   -0.996921
DD1717.0   0.053295   -0.040857   -0.996764
DD1718.0   0.053987   -0.041258   -0.996612
DD1719.0   0.054588   -0.041644   -0.996473
DD1720.0   0.055046   -0.042000   -0.996353
DD1721.0   0.055311   -0.042307   -0.996258
DD1722.0   0.055342   -0.042552   -0.996194
DD1723.0   0.055102   -0.042719   -0.996165
DD1724.0   0.054572   -0.042801   -0.996174
DD1725.0   0.053744   -0.042793   -0.996221
DD1726.0   0.052624   -0.042693   -0.996306
DD1727.0   0.051234   -0.042505   -0.996424
DD1728.0   0.049609   -0.042238   -0.996572
DD1729.0   0.047793   -0.041904   -0.996744
DD1730.0   0.045838   -0.041516   -0.996932
DD1731.0   0.043803   -0.041091   -0.997129
DD1732.0   0.041746   -0.040647   -0.997329
DD1733.0   0.039724   -0.040200   -0.997523
DD1734.0   0.037791   -0.039768   -0.997706
DD1735.0   0.035993   -0.039366   -0.997873
DD1736.0   0.034371   -0.039007   -0.998018
DD1737.0   0.032955   -0.038700   -0.998140
DD1738.0   0.031768   -0.038455   -0.998236
DD1739.0   0.030823   -0.038275   -0.998306
DD1740.0   0.030124   -0.038163   -0.998350
DD1741.0   0.029669   -0.038116   -0.998370
DD1742.0   0.029444   -0.038130   -0.998367
DD1743.0   0.029431   -0.038196   -0.998345
DD1744.0   0.029603   -0.038304   -0.998307
DD1745.0   0.029929   -0.038439   -0.998257
DD1746.0   0.030371   -0.038587   -0.998200
DD1747.0   0.030888   -0.038728   -0.998138
DD1748.0   0.031439   -0.038846   -0.998077
DD1749.0   0.031982   -0.038921   -0.998021
DD1750.0   0.032475   -0.038938   -0.997972
DD1751.0   0.032884   -0.038881   -0.997936
DD1752.0   0.033180   -0.038738   -0.997912
DD1753.0   0.033341   -0.038502   -0.997905
DD1754.0   0.033354   -0.038168   -0.997913
DD1755.0   0.033217   -0.037736   -0.997937
DD1756.0   0.032934   -0.037212   -0.997977
DD1757.0   0.032522   -0.036603   -0.998030
DD1758.0   0.032002   -0.035923   -0.998094
DD1759.0   0.031402   -0.035184   -0.998167
DD1760.0   0.030749   -0.034401   -0.998245
DD1761.0   0.030074   -0.033591   -0.998327
DD1762.0   0.029407   -0.032769   -0.998409
DD1763.0   0.028773   -0.031947   -0.998489
DD1764.0   0.028196   -0.031137   -0.998565
DD1765.0   0.027692   -0.030349   -0.998636
DD1766.0   0.027274   -0.029589   -0.998699
DD1767.0   0.026949   -0.028860   -0.998756
DD1768.0   0.026718   -0.028166   -0.998804
DD1769.0   0.026579   -0.027505   -0.998846
DD1770.0   0.026527   -0.026877   -0.998880
DD1771.0   0.026554   -0.026278   -0.998909
DD1772.0   0.026648   -0.025706   -0.998931
DD1773.0   0.026801   -0.025158   -0.998949
DD1774.0   0.027001   -0.024632   -0.998963
DD1775.0   0.027237   -0.024126   -0.998973
DD1776.0   0.027500   -0.023639   -0.998981
DD1777.0   0.027781   -0.023171   -0.998987
DD1778.0   0.028073   -0.022725   -0.998991
DD1779.0   0.028370   -0.022301   -0.998994
DD1780.0   0.028667   -0.021903   -0.998996
DD1781.0   0.028960   -0.021536   -0.998997
DD1782.0   0.029249   -0.021202   -0.998998
DD1783.0   0.029531   -0.020905   -0.998999
DD1784.0   0.029806   -0.020651   -0.998999
DD1785.0   0.030076   -0.020442   -0.998999
DD1786.0   0.030343   -0.020282   -0.998999
DD1787.0   0.030609   -0.020173   -0.998999
DD1788.0   0.030877   -0.020116   -0.998999
DD1789.0   0.031149   -0.020112   -0.998998
DD1790.0   0.031428   -0.020161   -0.998998
DD1791.0   0.031717   -0.020261   -0.998996
DD1792.0   0.032017   -0.020409   -0.998995
DD1793.0   0.032332   -0.020605   -0.998993
DD1794.0   0.032663   -0.020844   -0.998990
DD1795.0   0.033013   -0.021124   -0.998986
DD1796.0   0.033384   -0.021441   -0.998981
DD1797.0   0.033777   -0.021794   -0.998974
DD1798.0   0.034194   -0.022180   -0.998965
DD1799.0   0.034636   -0.022596   -0.998954
DD1800.0   0.035106   -0.023043   -0.998941
DD1801.0   0.035605   -0.023518   -0.998925
DD1802.0   0.036134   -0.024022   -0.998905
DD1803.0   0.036695   -0.024554   -0.998882
DD1804.0   0.037287   -0.025116   -0.998855
DD1805.0   0.037911   -0.025707   -0.998824
DD1806.0   0.038565   -0.026328   -0.998789
DD1807.0   0.039249   -0.026980   -0.998750
DD1808.0   0.039957   -0.027663   -0.998707
DD1809.0   0.040688   -0.028378   -0.998661
DD1810.0   0.041435   -0.029125   -0.998611
DD1811.0   0.042194   -0.029904   -0.998558
DD1812.0   0.042958   -0.030717   -0.998502
DD1813.0   0.043721   -0.031563   -0.998445
DD1814.0   0.044477   -0.032443   -0.998385
DD1815.0   0.045219   -0.033359   -0.998324
DD1816.0   0.045941   -0.034311   -0.998262
DD1817.0   0.046638   -0.035300   -0.998199
DD1818.0   0.047305   -0.036328   -0.998135
DD1819.0   0.047939   -0.037395   -0.998071
DD1820.0   0.048535   -0.038503   -0.998006
DD1821.0   0.049091   -0.039650   -0.997940
DD1822.0   0.049604   -0.040838   -0.997872
DD1823.0   0.050073   -0.042064   -0.997804
DD1824.0   0.050495   -0.043327   -0.997735
DD1825.0   0.050870   -0.044625   -0.997664
DD1826.0   0.051195   -0.045953   -0.997593
DD1827.0   0.051470   -0.047308   -0.997520
DD1828.0   0.051693   -0.048685   -0.997446
DD1829.0   0.051863   -0.050079   -0.997371
DD1830.0   0.051978   -0.051485   -0.997296
DD1831.0   0.052037   -0.052897   -0.997220
DD1832.0   0.052039   -0.054310   -0.997145
DD1833.0   0.051983   -0.055719   -0.997069
DD1834.0   0.051867   -0.057119   -0.996995
DD1835.0   0.051692   -0.058506   -0.996921
DD1836.0   0.051455   -0.059877   -0.996848
DD1837.0   0.051155   -0.061227   -0.996776
DD1838.0   0.050793   -0.062553   -0.996707
DD1839.0   0.050368   -0.063854   -0.996639
DD1840.0   0.049878   -0.065126   -0.996574
DD1841.0   0.049323   -0.066366   -0.996511
DD1842.0   0.048702   -0.067575   -0.996452
DD1843.0   0.048015   -0.068749   -0.996396
DD1844.0   0.047262   -0.069887   -0.996344
DD1845.0   0.046442   -0.070988   -0.996295
DD1846.0   0.045556   -0.072051   -0.996251
DD1847.0   0.044605   -0.073076   -0.996212
DD1848.0   0.043590   -0.074061   -0.996176
DD1849.0   0.042513   -0.075007   -0.996145
DD1850.0   0.041377   -0.075913   -0.996118
DD1851.0   0.040186   -0.076781   -0.996095
DD1852.0   0.038943   -0.077610   -0.996075
DD1853.0   0.037654   -0.078400   -0.996059
DD1854.0   0.036324   -0.079153   -0.996046
DD1855.0   0.034960   -0.079869   -0.996035
DD1856.0   0.033568   -0.080548   -0.996026
DD1857.0   0.032155   -0.081190   -0.996019
DD1858.0   0.030726   -0.081795   -0.996014
DD1859.0   0.029289   -0.082363   -0.996010
DD1860.0   0.027850   -0.082893   -0.996007
DD1861.0   0.026412   -0.083385   -0.996005
DD1862.0   0.024982   -0.083837   -0.996004
DD1863.0   0.023562   -0.084249   -0.996002
DD1864.0   0.022155   -0.084620   -0.996002
DD1865.0   0.020762   -0.084950   -0.996001
DD1866.0   0.019386   -0.085238   -0.996001
DD1867.0   0.018025   -0.085485   -0.996001
DD1868.0   0.016680   -0.085692   -0.996001
DD1869.0   0.015350   -0.085860   -0.996001
DD1870.0   0.014033   -0.085990   -0.996002
DD1871.0   0.012728   -0.086085   -0.996002
DD1872.0   0.011434   -0.086147   -0.996003
DD1873.0   0.010149   -0.086179   -0.996005
DD1874.0   0.008872   -0.086184   -0.996007
DD1875.0   0.007603   -0.086164   -0.996010
DD1876.0   0.006341   -0.086121   -0.996013
DD1877.0   0.005087   -0.086058   -0.996018
DD1878.0   0.003839   -0.085974   -0.996024
DD1879.0   0.002600   -0.085871   -0.996032
DD1880.0   0.001369   -0.085748   -0.996042
DD1881.0   0.000148   -0.085604   -0.996054
DD1882.0   -0.001062   -0.085437   -0.996068
DD1883.0   -0.002259   -0.085245   -0.996086
DD1884.0   -0.003444   -0.085025   -0.996107
DD1885.0   -0.004615   -0.084775   -0.996131
DD1886.0   -0.005770   -0.084491   -0.996158
DD1887.0   -0.006911   -0.084170   -0.996189
DD1888.0   -0.008036   -0.083810   -0.996223
DD1889.0   -0.009145   -0.083408   -0.996260
DD1890.0   -0.010239   -0.082964   -0.996301
DD1891.0   -0.011316   -0.082476   -0.996343
DD1892.0   -0.012377   -0.081945   -0.996388
DD1893.0   -0.013422   -0.081373   -0.996434
DD1894.0   -0.014451   -0.080760   -0.996481
DD1895.0   -0.015463   -0.080110   -0.996528
DD1896.0   -0.016458   -0.079427   -0.996574
DD1897.0   -0.017435   -0.078715   -0.996620
DD1898.0   -0.018394   -0.077979   -0.996663
DD1899.0   -0.019333   -0.077223   -0.996705
DD1900.0   -0.020253   -0.076454   -0.996744
DD1901.0   -0.021153   -0.075676   -0.996780
DD1902.0   -0.022033   -0.074894   -0.996813
DD1903.0   -0.022893   -0.074113   -0.996842
DD1904.0   -0.023734   -0.073337   -0.996869
DD1905.0   -0.024558   -0.072570   -0.996892
DD1906.0   -0.025364   -0.071814   -0.996913
DD1907.0   -0.026155   -0.071071   -0.996931
DD1908.0   -0.026933   -0.070342   -0.996947
DD1909.0   -0.027699   -0.069627   -0.996962
DD1910.0   -0.028455   -0.068926   -0.996975
DD1911.0   -0.029202   -0.068238   -0.996987
DD1912.0   -0.029942   -0.067559   -0.996998
DD1913.0   -0.030675   -0.066889   -0.997010
DD1914.0   -0.031401   -0.066222   -0.997023
DD1915.0   -0.032119   -0.065557   -0.997037
DD1916.0   -0.032828   -0.064890   -0.997053
DD1917.0   -0.033526   -0.064216   -0.997071
DD1918.0   -0.034210   -0.063533   -0.997091
DD1919.0   -0.034876   -0.062835   -0.997115
DD1920.0   -0.035523   -0.062120   -0.997142
DD1921.0   -0.036147   -0.061385   -0.997173
DD1922.0   -0.036745   -0.060627   -0.997207
DD1923.0   -0.037314   -0.059843   -0.997245
DD1924.0   -0.037852   -0.059031   -0.997287
DD1925.0   -0.038357   -0.058192   -0.997331
DD1926.0   -0.038830   -0.057324   -0.997378
DD1927.0   -0.039270   -0.056429   -0.997426
DD1928.0   -0.039679   -0.055507   -0.997476
DD1929.0   -0.040058   -0.054560   -0.997527
DD1930.0   -0.040409   -0.053593   -0.997577
DD1931.0   -0.040735   -0.052607   -0.997626
DD1932.0   -0.041040   -0.051607   -0.997674
DD1933.0   -0.041325   -0.050597   -0.997721
DD1934.0   -0.041595   -0.049581   -0.997765
DD1935.0   -0.041850   -0.048562   -0.997806
DD1936.0   -0.042093   -0.047546   -0.997845
DD1937.0   -0.042325   -0.046534   -0.997882
DD1938.0   -0.042546   -0.045530   -0.997917
DD1939.0   -0.042755   -0.044536   -0.997951
DD1940.0   -0.042952   -0.043553   -0.997984
DD1941.0   -0.043135   -0.042582   -0.998016
DD1942.0   -0.043302   -0.041625   -0.998049
DD1943.0   -0.043450   -0.040681   -0.998083
DD1944.0   -0.043576   -0.039750   -0.998118
DD1945.0   -0.043678   -0.038833   -0.998155
DD1946.0   -0.043753   -0.037930   -0.998195
DD1947.0   -0.043797   -0.037039   -0.998237
DD1948.0   -0.043810   -0.036161   -0.998282
DD1949.0   -0.043786   -0.035295   -0.998329
DD1950.0   -0.043725   -0.034442   -0.998379
DD1951.0   -0.043623   -0.033599   -0.998431
DD1952.0   -0.043479   -0.032765   -0.998484
DD1953.0   -0.043288   -0.031937   -0.998538
DD1954.0   -0.043050   -0.031113   -0.998593
DD1955.0   -0.042762   -0.030288   -0.998649
DD1956.0   -0.042422   -0.029457   -0.998704
DD1957.0   -0.042028   -0.028613   -0.998759
DD1958.0   -0.041581   -0.027752   -0.998813
DD1959.0   -0.041079   -0.026865   -0.998867
DD1960.0   -0.040524   -0.025947   -0.998920
DD1961.0   -0.039917   -0.024992   -0.998974
DD1962.0   -0.039261   -0.023995   -0.999026
DD1963.0   -0.038561   -0.022953   -0.999080
DD1964.0   -0.037820   -0.021865   -0.999133
DD1965.0   -0.037044   -0.020733   -0.999187
DD1966.0   -0.036239   -0.019559   -0.999241
DD1967.0   -0.035411   -0.018352   -0.999296
DD1968.0   -0.034565   -0.017120   -0.999351
DD1969.0   -0.033707   -0.015875   -0.999406
DD1970.0   -0.032840   -0.014629   -0.999461
DD1971.0   -0.031968   -0.013395   -0.999515
DD1972.0   -0.031091   -0.012190   -0.999567
DD1973.0   -0.030211   -0.011026   -0.999618
DD1974.0   -0.029325   -0.009916   -0.999666
DD1975.0   -0.028432   -0.008872   -0.999711
DD1976.0   -0.027527   -0.007902   -0.999753
DD1977.0   -0.026607   -0.007013   -0.999791
DD1978.0   -0.025669   -0.006206   -0.999825
DD1979.0   -0.024710   -0.005483   -0.999856
DD1980.0   -0.023727   -0.004841   -0.999882
DD1981.0   -0.022720   -0.004275   -0.999905
DD1982.0   -0.021691   -0.003777   -0.999925
DD1983.0   -0.020643   -0.003339   -0.999941
DD1984.0   -0.019582   -0.002951   -0.999954
DD1985.0   -0.018515   -0.002605   -0.999965
DD1986.0   -0.017451   -0.002292   -0.999974
DD1987.0   -0.016401   -0.002003   -0.999981
DD1988.0   -0.015377   -0.001732   -0.999986
DD1989.0   -0.014389   -0.001476   -0.999990
DD1990.0   -0.013450   -0.001230   -0.999993
DD1991.0   -0.012571   -0.000996   -0.999995
DD1992.0   -0.011764   -0.000773   -0.999996
DD1993.0   -0.011037   -0.000564   -0.999998
DD1994.0   -0.010399   -0.000373   -0.999998
DD1995.0   -0.009858   -0.000205   -0.999999
DD1996.0   -0.009418   -0.000063   -0.999999
DD1997.0   -0.009084   0.000048   -1.000000
DD1998.0   -0.008860   0.000124   -1.000000
DD1999.0   -0.008747   0.000162   -1.000000
