|        redshift |   name |                 xc |                 yc |                 zc |                   xv |                  yv |                  zv |
| 2.2564499204054 | DD0511 |  21993.98581460575 |  22022.80800482749 | 21237.529734399977 |   -15.55703064403877 |  -159.9846192296169 | -109.19081420035933 |
| 2.2524104085314 | DD0512 | 22021.218087620913 | 22049.147894277845 |  21263.56934450133 |  -14.076837412434152 | -160.59306034474494 | -104.15113569584322 |
| 2.2499997591733 | RD0019 |  22036.70764222269 |  22058.15608001499 |  21295.63878369814 |   -9.461055355065405 | -110.88665432290577 |  -249.4802948387764 |
| 2.2483831327635 | DD0513 | 22048.519521706516 | 22075.554623514323 |  21289.59352314538 |  -16.897712906102203 |  -158.7570613568663 | -110.54633362769178 |
| 2.2443673133401 | DD0514 |  22075.72619276911 | 22102.033454737957 | 21315.607041476276 |   -22.70017549315697 | -164.03995352622377 | -117.60942229013988 |
| 2.2403636143616 | DD0515 |  22102.91762380633 |  22128.57983999992 | 21341.605210063244 |   -17.02392463225741 | -171.71712146832184 |  -130.3778498084175 |
| 2.2363717379123 | DD0516 |  22130.09548988417 |  22148.49670962987 |  21379.29180496047 |   -5.050249370744388 | -125.61003033026374 |  -270.1171784573347 |
| 2.2323916271143 | DD0517 |   22157.3447350812 | 22181.796701597737 | 21393.050976116396 |   -15.10793290144777 | -188.70523432031246 | -126.26220560833936 |
| 2.2284232254415 | DD0518 | 22184.835727950012 |   22201.5821117754 |  21428.35821697478 |    5.497108575830399 |  -133.2401188168299 |  -270.7693923302812 |
| 2.2244664767397 | DD0519 | 22211.973669046696 |  22234.35795061703 | 21443.843854703406 |  -11.549707150402574 |  -185.9422246550962 | -136.48601879700283 |
| 2.2205213252242 | DD0520 | 22239.524288102235 | 22254.777880233305 | 21477.185543942778 |   12.296258817502192 | -145.68747767864224 | -217.65573164785798 |
| 2.2165877154761 | DD0521 |  22266.80663074217 |  22281.31099841418 |  21501.57325632865 |    14.21328296477815 |  -146.7639473835759 | -213.26528457831247 |
| 2.2126655924396 | DD0522 | 22294.076071450243 | 22307.914754742254 | 21525.858300801545 |    13.01404709840144 | -148.46609246040813 | -211.20243342866982 |
| 2.2087549014191 | DD0523 | 22321.076066295667 | 22337.582986114256 |  21547.04692454325 |    8.359157734329292 | -166.15956465312237 | -193.00922752417674 |
| 2.2048555880758 | DD0524 | 22348.233879604315 |  22363.39076892585 |  21573.26298491558 |   10.567588030783218 |  -168.6037992943495 | -200.11618045376358 |
| 2.2009675984249 | DD0525 | 22375.378703588958 | 22389.267960599493 | 21599.380770240998 |   16.346897176216743 |  -162.6590798461463 | -217.86593539637468 |
|  2.197090878833 | DD0526 | 22402.682258479665 | 22415.043235197252 |  21624.88496654869 |    29.91235708553426 | -167.18636463126924 | -217.67970870167608 |
| 2.1932253760148 | DD0527 |  22429.71548745297 | 22442.950867816897 |   21648.1404937546 |     33.7316668378834 |  -170.9328467995374 | -194.69971179705558 |
| 2.1893710370302 | DD0528 |  22457.42402194336 | 22465.856715287486 |  21674.47425930851 |    35.63717380708107 | -161.69878537808577 | -202.91637709292053 |
| 2.1855278092818 | DD0529 | 22483.742752247526 |  22496.32090118251 | 21698.383809156472 |    33.95553734123774 |  -179.7463930715307 |  -190.4590298695009 |
| 2.1816956405118 | DD0530 | 22511.858188399023 | 22517.896071284373 | 21724.604515619678 |    35.30622080296865 | -177.74375221488373 |  -191.8048137709896 |
| 2.1778744787995 | DD0531 | 22539.272488671817 | 22543.763166327517 |  21749.08593963976 |    32.78832589548746 |  -187.3835730314537 | -186.77259663465207 |
|  2.174064272558 | DD0532 | 22566.415516654037 | 22569.874030768897 |  21774.15639579141 |   26.514743060479294 | -188.68145125533874 |  -193.2809979402295 |
| 2.1702649705323 | DD0533 |  22593.71921049237 | 22595.969938751245 |  21798.86586922512 |    29.49162593555647 |  -192.3927092968268 | -191.67996823811413 |
| 2.1664765217957 | DD0534 | 22619.277489340668 | 22627.164463135858 | 21823.993186651816 |   30.619580207472158 | -197.97517518554127 |  -193.6197492030019 |
| 2.1626988757477 | DD0535 | 22648.117046786978 |  22648.55091460523 |  21848.41188418053 |    39.38959927627433 |  -177.9604550726375 |   -189.461248897163 |
| 2.1589319821113 | DD0536 | 22675.297728666355 | 22674.776466441486 | 21873.248918660982 |     35.4800178758203 |  -167.5493146740188 | -182.43098120733364 |
| 2.1551757909301 | DD0537 |  22702.37932337729 |  22701.16159689058 |  21898.15795936792 |   42.288718319344596 | -149.36708990203698 | -179.10199107713615 |
| 2.1514302525659 | DD0538 | 22729.361558711575 |   22727.5327980428 | 21923.052271466244 |    47.43860757148297 | -137.19487101096198 | -152.45142323308337 |
| 2.1476953176963 | DD0539 |  22756.24416260321 | 22754.064483310074 | 21948.106267880437 |    32.47131431620107 | -120.06829995151378 |  -150.7533261120763 |
| 2.1439709373116 | DD0540 | 22782.852282222586 |  22779.79711631341 |  21973.58247810924 |    33.11311855090086 | -107.51654807923688 | -154.78642080876355 |
| 2.1402570627129 | DD0541 | 22810.146356966787 |  22805.51449139773 | 21998.346370721858 |    24.48345122769443 | -101.86348836355758 | -144.81902973369466 |
| 2.1365536455093 | DD0542 | 22837.166435902334 | 22831.566635699284 |  22023.27047513996 |   27.372568731361145 |  -97.29868352731171 | -136.14435990799996 |
| 2.1328606376152 | DD0543 |  22864.08682773657 |  22857.25402623406 |  22048.35544835996 |    28.26025759623762 |  -84.74156328965141 |  -140.9973620599603 |
| 2.1291779912485 | DD0544 | 22890.994963521607 | 22882.926277089162 | 22073.514243555994 |   3.7067850246763343 |  -88.70955823328798 | -143.62020064138275 |
| 2.1255056589275 | DD0545 | 22917.978686643564 | 22908.759039768494 |  22098.65940101247 |    2.780066679208488 | -109.10021288379599 | -151.98186745792674 |
| 2.1218435934688 | DD0546 | 22944.774615707527 |  22934.66506215097 | 22123.878866914965 |    5.571972483633999 | -106.62493007281338 | -158.54919122918872 |
|  2.118191747985 | DD0547 |  22971.64620614494 | 22960.644691710306 | 22149.172987011912 |     9.39993911015657 | -122.39925943855975 |  -157.5835343416115 |
| 2.1145500758822 | DD0548 | 22998.505688608268 |  22986.52204545266 | 22174.365876590695 |  -0.8617162777459801 |  -133.7207631436916 | -144.41008721931584 |
| 2.1109185308576 | DD0549 | 23025.353099775824 | 23012.473288612586 | 22199.545481288853 |  -17.370189165815233 | -150.62774913383055 |  -144.7853528891087 |
| 2.1072970668974 | DD0550 | 23052.188476190277 | 23038.498767682944 | 22224.800158147358 |   -9.912674309810262 | -146.98628051948955 |  -143.6489757798968 |
| 2.1036856382745 | DD0551 |  23079.01185425948 |  23064.51040527048 | 22249.953404741995 |  -10.868241607206244 | -146.06489912180993 | -137.69072002689288 |
| 2.1000841995458 | DD0552 |  23105.82327026045 | 23090.596765062342 | 22275.093475033435 |  -10.005312892822062 | -151.71089811320914 |  -137.2195569750907 |
| 2.0964927055507 | DD0553 | 23132.622760334565 | 23116.669563574877 |  22300.30903383339 |   -2.104574898494176 |  -156.0382812004969 | -136.52883718283394 |
| 2.0929111114082 | DD0554 |  23159.32162899015 |  23142.64010638709 | 22325.422961843615 |  0.21656901653782756 | -139.81524756995572 | -154.85540465714598 |
| 2.0893393725151 | DD0555 | 23186.097272526105 | 23168.685790864238 |  22350.61265502676 |   13.481988642985161 | -144.47441037646115 | -162.44056246421098 |
| 2.0857774445436 | DD0556 |  23212.77216118935 | 23194.629088315298 | 22375.700583294358 |    6.802131280970561 |  -131.1935496613405 | -169.41847362226218 |
| 2.0822252834392 | DD0557 | 23239.524101366893 | 23220.647806185065 | 22400.864552698866 |  -3.2746380280599663 | -137.29583695842294 | -166.28601241130224 |
| 2.0786828454188 | DD0558 | 23266.175152878277 | 23246.653146926303 |  22425.92662272615 |  -13.062995323653364 | -145.46374554355896 | -157.45219140257245 |
|  2.075150086968 | DD0559 | 23292.903531840155 |  23272.73439093845 |  22450.97576517363 |   -8.802854789972617 | -151.15691639833005 | -156.19360388994573 |
| 2.0716269648398 | DD0560 | 23319.620234357226 | 23298.713188888927 | 22476.012015076565 |  -5.4987446802030995 | -149.88257771357294 | -151.44758168912924 |
| 2.0681134360516 | DD0561 | 23346.325295539304 |  23324.76816717377 | 22501.035407347248 |   -8.796328858648994 | -152.52155049435254 | -147.21559782447306 |
| 2.0646094578841 | DD0562 |  23373.01875036646 | 23350.810117690184 |  22526.04597676864 | 0.023573915166721617 |  -152.5554192809537 | -153.36898857966554 |
| 2.0611149878785 | DD0563 | 23399.700633695553 | 23376.839076194796 |  22550.95410483397 |  -4.7913374552587085 |  -148.8695505002462 | -147.52994294298477 |
| 2.0576299838348 | DD0564 | 23426.370980258383 | 23402.855078315573 |  22575.93903022745 |   3.0192370564517828 |  -153.4772630170729 | -149.47184868372085 |
| 2.0541544038098 | DD0565 |  23452.93996717136 | 23428.858159552623 | 22600.821378930737 |   10.407669103407924 |  -130.9853531454684 |  -157.9692647657973 |
|  2.050688206115 | DD0566 | 23479.587241805177 |  23454.84835527963 | 22625.780798118172 |   -8.389525455640959 | -126.25432682976626 | -153.81992021842564 |
| 2.0472313493149 | DD0567 |  23506.22308316938 | 23480.825700742636 | 22650.637504963473 |   -19.93082953859754 | -123.48762488463414 | -152.11943490476128 |
| 2.0437837922247 | DD0568 | 23532.937689152273 |  23506.79023106335 |  22675.57155478134 |   -21.14980404724491 | -130.16283508174573 | -150.26208692480085 |
| 2.0403454939085 | DD0569 |  23559.55086854059 | 23532.741981238913 | 22700.402756293504 |  -13.366261966732328 | -125.47362502613734 |   -152.184872864752 |
| 2.0369164136775 | DD0570 |  23586.15271697169 | 23558.771353677304 | 22725.221205072034 |   -9.777952055003853 | -122.58455048181293 |  -148.5474979431018 |
| 2.0334965110881 | DD0571 | 23612.833737736702 | 23584.697749934105 | 22750.026934928334 |   -5.985170596595198 | -119.01060710512587 | -148.61896899498984 |
| 2.0300857459398 | DD0572 | 23639.413127601565 | 23610.702041499462 | 22774.819979555334 |   -4.783609136878427 |   -106.509092797662 | -147.62781625647773 |
| 2.0266840782737 | DD0573 | 23665.981287740567 |  23636.60322216969 | 22799.600372525398 |  -6.5666791030526435 | -108.98895149573598 | -150.20041171228752 |
| 2.0232914683702 | DD0574 |  23692.53825167634 | 23662.582570533927 | 22824.368147294474 |   -3.683338202129032 | -103.75055255953343 | -151.62981876163911 |
| 2.0199078767477 | DD0575 | 23719.174929310015 |  23688.54954947489 | 22849.123337198715 |  -5.1314159039735605 | -104.90807048354317 | -149.80910433483805 |
| 2.0165332641603 | DD0576 | 23745.709702597673 | 23714.413214844804 |   22873.8659754589 |  -12.561652799465078 |  -98.06017224846407 | -145.24182852227804 |
| 2.0131675915963 | DD0577 |  23772.23337950222 | 23740.355455241046 | 22898.505015395225 |  -11.126440030312539 | -114.41482998488254 | -144.28349304181307 |
| 2.0098108202766 | DD0578 |  23798.83717444053 |  23766.28542793988 | 22923.222547981884 |   -9.962746730297516 | -130.44163825166737 | -144.14377898579855 |
| 2.0064629116523 | DD0579 |   23825.3388591664 |    23792.203166601 |  22947.92762793063 |    5.078277796533207 | -133.40480778502686 |  -143.8854997645699 |
| 2.0031238274036 | DD0580 | 23851.920930684173 |  23818.20008915945 | 22972.620287998867 |  -0.9081978931447464 |  -125.0094257533596 | -142.93751331673835 |
|             2.0 | RD0020 | 23876.757358761424 | 23842.452527236022 | 22995.717805638298 | -0.02410298432958413 |  -136.9259851493111 | -147.88486721075668 |
| 1.9997879141072 | DD0581 |  23878.44545256892 | 23844.138195681782 | 22997.343609688796 |   0.8255196158119806 | -137.06656671772353 | -148.43847536650247 |
|  1.996466455692 | DD0582 | 23904.913716026258 | 23870.018906411147 |  23021.91933413842 |   11.937968926661323 | -123.71491736637634 | -154.55041080320402 |
|  1.993154327395 | DD0583 | 23931.366124587865 |  23895.88256885184 | 23046.569450549967 |  -3.2924122875117616 | -114.57124399709762 |  -148.2908960733572 |
| 1.9898511782557 | DD0584 | 23957.896980252466 | 23921.731692242658 |  23071.20489351458 |   -7.810969600628685 | -118.17557351602379 | -139.91212745536106 |
| 1.9865569695913 | DD0585 | 23984.414723349855 | 23947.566305370885 | 23095.733799971815 |   -6.084113579950352 | -127.48917992303035 | -136.78060035693875 |
| 1.9832716629166 | DD0586 | 24010.827389269245 | 23973.478429675808 | 23120.339879750867 |    3.197053537315045 | -129.57952310843632 | -147.33241473871516 |
| 1.9799931202222 | DD0587 | 24037.243733048494 | 23999.301120382563 | 23144.855585638583 |   12.786616972694791 | -130.06238029265904 | -155.26150463496003 |
| 1.9767216452985 | DD0588 |  24063.75332586997 | 24025.123649005567 |   23169.4624772191 |    21.36007193441645 | -116.68003982249348 |  -166.6588703132122 |
| 1.9734589728662 | DD0589 | 24090.157639940026 |  24050.93179951286 | 23194.054852393296 |    2.497478684902069 | -101.77595661162185 | -165.02944042694557 |
| 1.9702050652642 | DD0590 | 24116.641193769385 | 24076.817997558832 | 23218.540341874777 |  -0.6046148829797848 | -107.72779389649348 | -163.69281045926027 |
| 1.9669598850519 | DD0591 | 24143.111819758324 | 24102.597578136578 |   23243.1036668369 |     4.72875482532365 | -103.47687495088957 |  -164.6528877668766 |
| 1.9637233950079 | DD0592 | 24169.569545138525 | 24128.362865582618 |  23267.65255890358 |   1.8383037386197167 |  -97.52750716343286 |  -161.1515687495216 |
| 1.9604955581284 | DD0593 | 24196.014397040668 | 24154.206588275734 | 23292.094345451216 |  -2.6524044957736295 |  -101.6041854660782 | -160.57665347922813 |
| 1.9572763376252 | DD0594 | 24222.446402497975 | 24179.943474682303 | 23316.521552418057 |   -4.915842630006204 | -109.07744950982114 |  -161.3820315582359 |
| 1.9540656969245 | DD0595 |  24248.86558844358 | 24205.666152016907 |   23341.0271093867 |  -1.8063323582333468 | -109.35341223154954 | -167.99877406830745 |
| 1.9508635996652 | DD0596 | 24275.271981711958 | 24231.467650938284 | 23365.425340610385 |    1.296803276450324 | -106.90187595875294 | -169.47161919139722 |
| 1.9476700096972 | DD0597 | 24301.758712627834 |  24257.25519787836 | 23389.902178200286 |   11.744144277126614 | -103.54579821939119 | -172.18974087742163 |
| 1.9444848910802 | DD0598 |  24328.13970136681 | 24283.028820319756 | 23414.271542965223 |     9.01702910804596 |  -86.89474551313658 | -172.49910135477927 |
| 1.9413082080816 | DD0599 | 24354.507977297904 | 24308.695240685825 | 23438.626464906516 |    6.306473586340558 |  -85.98062686158768 |  -169.3386328184477 |
| 1.9381366382215 | DD0600 | 24380.984247921544 |  24334.46821901421 | 23463.086625286232 |   -2.801749248613738 |  -83.53464899874467 | -164.33018558483124 |
| 1.9349728487381 | DD0601 | 24407.453037537878 |  24360.23232153629 | 23487.443879637623 |    2.825193604923026 |  -94.98594421279263 | -167.34500524838538 |
| 1.9318174032762 | DD0602 | 24433.909413757476 |  24385.88901916437 | 23511.786787760022 |   5.6781216158446615 |  -91.12026885077574 |  -166.2726171549424 |
| 1.9286702668493 | DD0603 | 24460.353402535817 | 24411.625452257136 |  23536.11537638461 |    6.845325199091418 |   -90.7731023329806 | -166.12936116209335 |
| 1.9255314046714 | DD0604 | 24486.785029738396 |  24437.34814128792 | 23560.429672151193 |   19.382261538018568 |  -96.62405073653639 | -169.21526431022272 |
| 1.9224007821563 | DD0605 |  24513.20432113481 | 24463.057112999864 | 23584.729701602533 |   25.971609831243928 |  -95.39188119530384 | -174.06224308551324 |
| 1.9192783649157 | DD0606 | 24539.517293330282 | 24488.752394041883 | 23609.109500261235 |    21.72935574333975 |  -89.89169443167644 |  -170.6709412935694 |
|  1.916164118758 | DD0607 |  24566.00599912784 | 24514.434010967096 | 23633.287067264457 |   17.326720172949155 |  -81.43630427418579 | -170.53329925790547 |
| 1.9130580096868 | DD0608 | 24592.388436801888 | 24540.101990233947 | 23657.544456092583 |    9.016207803523121 |  -92.52410419647886 |  -169.7397047140454 |
| 1.9099600038993 | DD0609 | 24618.758640827808 | 24565.756358208266 | 23681.787683843642 |   10.358024034663325 |  -94.42946608832573 | -174.34217268472975 |
| 1.9068700677852 | DD0610 | 24645.211046876964 |  24591.39714116117 |  23706.01677659507 |    10.45626957021142 |   -90.7719679696834 | -173.85747153445868 |
|  1.903788167925 | DD0611 | 24671.556959650305 | 24617.024365272242 |  23730.23176033403 |   15.755243858996135 |  -90.67479611377155 | -177.14002606006824 |
| 1.9007142710891 | DD0612 | 24697.985325103473 | 24642.638056625834 |  23754.33805023853 |    25.61479520931427 |  -82.04010886555477 | -180.34177937573642 |
| 1.8976448030858 | DD0613 | 24724.337262002184 |  24668.26838774565 | 23778.553852668156 |    22.01663478221944 |  -75.52076004849702 | -177.51983382567505 |
| 1.8945829250477 | DD0614 |  24750.77499870114 | 24693.888326048906 | 23802.663787830534 |   25.667402419488827 |  -77.38642408139216 | -180.07500635168125 |
| 1.8915289656223 | DD0615 | 24777.200872160585 |   24719.4948271846 |  23826.75953270412 |    23.54975679539113 |  -71.28064395089409 | -179.65842180686994 |
|  1.888482892256 | DD0616 | 24803.519895609326 | 24745.087916816068 | 23850.841112910144 |    25.92587662867966 |  -72.02827475097774 | -180.42905022040756 |
| 1.8854446725784 | DD0617 |  24829.92201619101 | 24770.667620517626 |  23874.90855398163 |      18.407829494759 |  -82.31347255604005 |  -180.6048718872745 |
| 1.8824142744011 | DD0618 | 24856.312347050993 | 24796.233963774102 |  23898.96188136302 |   11.432310172260275 | -100.90902629116262 | -187.58515025982192 |
| 1.8793916657165 | DD0619 | 24882.690912505732 |  24821.88228331145 | 23922.905809078715 |   16.227659813505024 | -127.24335974216852 |  -188.1699758111729 |
| 1.8763768146964 | DD0620 | 24909.057736786024 |  24847.42208167385 | 23946.835473927957 |    13.07686353066816 |  -129.6375624257167 |  -190.0530619883699 |
| 1.8733696896906 | DD0621 | 24935.412844038503 |  24872.94859546482 | 23970.750901233932 |   12.607731328394776 | -137.63347064759395 | -196.03766182051496 |
| 1.8703702592259 | DD0622 | 24961.756258323767 |  24898.46184981511 | 23994.652116231526 |    7.169039205342633 |  -155.2303139168181 | -207.02475229815715 |
| 1.8673784920047 | DD0623 | 24988.088003618075 | 24923.961869768333 | 24018.539144068964 |   24.766365504062456 | -147.12133918159225 |  -225.5128481100404 |
| 1.8643943569039 | DD0624 | 25014.408103812508 | 24949.352869920964 | 24042.316199447865 |   30.456730407917917 | -139.28274334360972 | -234.73345938586974 |
| 1.8614178229733 | DD0625 | 25040.812492740646 | 24974.730486173863 | 24065.983008350548 |    32.73681464252976 |  -136.2265631441993 | -242.99344470065174 |
| 1.8584460237412 | DD0626 | 25067.134341279605 |  25000.02353481456 |  24089.75521422077 |   48.941477446173515 |   -132.169708084771 | -248.40574304021743 |
| 1.8554806915379 | DD0627 | 25093.454146868193 | 25025.312553409443 |  24113.42618001501 |    58.80099561275939 | -119.91195390084273 | -245.82253283540757 |
| 1.8525228826407 | DD0628 | 25119.858631475225 | 25050.491872160976 |  24136.98649117786 |    51.93870772123021 | -125.45328722913015 | -236.69923619744455 |
| 1.8495725667134 | DD0629 | 25146.155499940316 | 25075.561216988965 |   24160.6284911529 |   19.177323148833462 | -148.71173462196367 | -210.32798412290782 |
| 1.8466297135874 | DD0630 |  25172.44088504654 | 25100.616722277668 | 24184.159687001284 |   0.6057709392208478 | -179.50908442367412 | -137.78189231603108 |
| 1.8436942932605 | DD0631 |  25198.71481005506 |  25125.65841288529 |  24207.57980485882 |  -3.4747467031260775 |  -174.6808852581496 | -111.44402795527874 |
| 1.8407662758958 | DD0632 |  25224.97729814555 | 25150.493099060226 |  24230.98517831559 |  -11.740984316492623 |  -183.6642920732426 |  -94.96380747126528 |
| 1.8378456318203 | DD0633 | 25251.228372418846 | 25175.216915624635 | 24254.279125483088 |   -6.208088903136037 |  -179.0261147961854 |  -98.80249096759835 |
|  1.834932331524 | DD0634 | 25277.371249827083 | 25199.926395386923 | 24277.558179004576 |    5.227424570504703 |  -168.9954162023467 | -101.62168588586171 |
| 1.8320263456586 | DD0635 |  25303.50256071137 | 25224.427752476928 |  24300.91926905262 |  -4.4150874710152825 | -162.84682068180481 | -103.63160326767469 |
| 1.8291276450366 | DD0636 | 25329.622328069894 | 25248.817420703355 |  24324.26571348789 |    0.894558735904533 | -158.70162535823826 |  -101.4600212889513 |
| 1.8262362006298 | DD0637 | 25355.536366956847 |  25273.28933524579 |  24347.69464071236 |    19.11566675680936 | -154.86305098904262 | -144.90853929397574 |
| 1.8233519835686 | DD0638 | 25381.535714422156 |  25297.64941252648 |  24371.20637270296 |   13.679573309617659 |  -204.7830894908249 | -186.29622515923907 |
| 1.8204738235889 | DD0639 |  25407.43636973248 | 25322.004931007825 | 24394.811104575838 |   11.322544161626688 |  -207.7619923943826 | -186.86378320961123 |
| 1.8176000435895 | DD0640 | 25433.350403429882 | 25346.468207952123 | 24418.426101996854 |   3.2244769161111777 | -212.21171751479906 | -184.81913755753916 |
| 1.8147334190486 | DD0641 |  25459.15513054188 | 25371.014442008902 | 24442.124685754832 |   2.0580118585381544 | -223.10952709731092 | -184.31369821950162 |
|  1.811873921655 | DD0642 | 25485.045476185896 |  25395.44875537194 | 24465.907176905563 |  -3.8706096169449573 | -222.24103060415806 | -182.32430385773264 |
| 1.8090215232508 | DD0643 |  25510.82636244668 |  25419.96627311079 | 24489.676197136207 | -0.21619296014019465 | -232.30127703846242 |  -181.8948237463277 |
| 1.8061761958306 | DD0644 | 25536.693110895652 | 25444.469518730562 | 24513.431769619623 |   -6.488220399196679 | -234.20883666378512 |  -181.6768332284555 |
| 1.8033379115401 | DD0645 | 25562.450247036293 |  25469.05641351943 |  24537.27181455349 |  -10.062362537964184 | -238.44409351582573 | -181.19419367949308 |
| 1.8005066426756 | DD0646 | 25588.195492462193 | 25493.629282427035 | 24561.098655800513 |  -14.723052566780042 |  -236.6149083404937 |  -187.6664170775679 |
| 1.7976823616822 | DD0647 | 25614.026964674547 |  25518.18814934837 |  24584.91231617207 |  -17.423152748334246 | -241.88593111415784 |  -190.7974182797432 |
| 1.7948650411537 | DD0648 | 25639.748594976692 | 25542.831231978445 |  24608.81101228311 |   -31.00234920431726 | -237.01216664705788 |  -198.2907043680404 |
| 1.7920546538308 | DD0649 |  25665.45840178973 |  25567.46055784667 | 24632.598477864198 |  -27.105629551987132 | -241.00250842589105 | -201.92301871388304 |
| 1.7892511726004 | DD0650 | 25691.156407387414 | 25592.076150477093 | 24656.471222016087 |   -39.56298371257172 | -239.11682933565132 | -207.63833706290805 |
|  1.786454570495 | DD0651 |  25716.84263396535 |  25616.67803331259 | 24680.232582962097 |  -28.323673358989666 |  -234.9677495887571 | -215.57265446985957 |
| 1.7836648206909 | DD0652 | 25742.517103648894 |  25641.26622972264 | 24704.079464831717 |  -27.090108859584003 |  -231.3365043955958 | -209.96906535772695 |
| 1.7808795112717 | DD0653 | 25768.201940557858 |  25665.86277728911 | 24727.934708141373 |  -26.611354624808847 | -230.50992706025124 | -204.29078583378998 |
| 1.7780994419814 | DD0654 | 25793.889627308945 |  25690.55897403332 | 24751.791098241483 |  -27.166555253849193 | -221.75214332958907 | -210.69405145777512 |
| 1.7753261589367 | DD0655 | 25819.565643037273 |   25715.1428832858 | 24775.634701090043 |   -26.06062543087069 |  -213.7213086180221 | -205.33512234075593 |
| 1.7725596358191 | DD0656 | 25845.230009518837 | 25739.713215770153 | 24799.465538641867 |   -23.89090040811838 |  -207.2373467615785 | -198.56268753701926 |
| 1.7697998464499 | DD0657 | 25870.882748457225 |    25764.369076902 | 24823.283632779643 |  -23.565820875447244 | -210.22509295429214 | -194.03425002401212 |
| 1.7670467647893 | DD0658 |    25896.424700416 | 25788.912423148446 |  24847.08900531388 |   -27.32976966953776 |  -205.5305108432677 | -195.48371511058411 |
| 1.7643003649353 | DD0659 | 25922.054150552034 | 25813.442261150005 |  24870.88167798468 |   -23.11901842441396 | -201.02069662382954 | -191.32107001475683 |
|  1.761560621123 | DD0660 | 25947.672037868266 | 25838.057991714515 | 24894.761050561796 |  -22.005424668715655 |  -201.5893061717186 | -179.94969843550754 |
| 1.7588275077235 | DD0661 | 25973.178907228936 | 25862.560979723276 | 24918.528486891628 |   -26.97510318666403 | -204.06746131110953 | -172.38679565577516 |
|  1.756100999243 | DD0662 | 25998.773634680245 |   25887.1501023045 |  24942.28328810873 |   -29.61057592090763 |  -200.3095280590491 | -168.47120649934826 |
|  1.753381070322 | DD0663 | 26024.356863397312 | 25911.626330385563 |  24966.12514899789 |  -31.668182532324987 |  -201.8180151913243 | -164.92317493631631 |
| 1.7506676957345 | DD0664 | 26049.928614585595 |  25936.08916293192 | 24989.954614262504 |   -37.36281594443755 | -204.87848151139286 | -164.76780001950178 |
| 1.7499999332502 | RD0021 |  26056.15433342591 | 25942.187443090144 |  24995.72335557313 |   -38.61776959845616 |  -203.3378699707753 | -165.58259710979289 |
|  1.747960917022 | DD0665 | 26075.388407153358 | 25960.637862693926 | 25013.671228608324 |    -36.2246563821758 |  -200.9514378923043 |  -165.7881788833732 |
| 1.7452605093095 | DD0666 | 26100.837832597605 | 25985.174667108433 |  25037.47647450919 |   -34.56478475984905 | -195.76830718569965 | -165.74475893082297 |
| 1.7425640276115 | DD0667 |  26126.40004086696 | 26009.622491137303 | 25061.392789990554 |   -28.86959331044259 | -192.46814351397404 | -156.99697471298302 |
|  1.739872660774 | DD0668 |  26151.86357804067 | 26034.170000176466 | 25085.209185976084 |  -32.724334495231446 | -193.39332170612713 | -150.26364403019653 |
| 1.7371877374638 | DD0669 | 26177.315566542566 | 26058.704438371555 | 25109.013309009097 |  -27.690038381787815 | -196.31197143670522 | -147.45379005426946 |
| 1.7345092331763 | DD0670 |  26202.75602724089 |  26083.12546631341 |  25132.90554109411 |  -29.718468892655604 | -198.44624036510547 | -144.76362512033126 |
| 1.7318371235346 | DD0671 | 26228.184980935326 | 26107.633729981615 |  25156.78573808421 |   -31.12042065560154 | -196.30525947849455 | -146.42657104860638 |
| 1.7291713842884 | DD0672 | 26253.602448359754 | 26132.229545537943 |   25180.6539205149 |   -27.88885755017332 | -197.19242819513317 |  -134.1721142562768 |
| 1.7265119913137 | DD0673 |  26279.00845017747 | 26156.711917651945 | 25204.510108852373 |   -46.44553192668903 | -207.51426445117033 |  -130.7687509630008 |
| 1.7238589206112 | DD0674 |  26304.50376061085 |  26181.18132722234 | 25228.455077122904 |   -54.03303759411658 | -198.16450785180677 | -141.85872954453018 |
| 1.7212121483061 | DD0675 |  26329.88699094501 | 26205.738647320835 |  25252.38828803625 |   -56.04094413542379 | -188.80094751408512 |  -151.5171225791428 |
|  1.718571650647 | DD0676 | 26355.258817228543 |  26230.28324362292 | 25276.208812163473 |   -36.17711516527289 |  -178.6608543304277 | -147.09483380239524 |
| 1.7159374040053 | DD0677 | 26380.518212372423 | 26254.714089829264 |  25300.01742333307 |   -35.64665240777708 |  -195.8037762849163 | -130.95202012240895 |
| 1.7133093848741 | DD0678 | 26405.867193816306 | 26279.334349526536 |  25323.91528704757 |   -42.54204228935345 | -191.74077471782894 | -143.51077236179802 |
| 1.7106875698675 | DD0679 |  26431.20483225539 |   26303.7396581185 |  25347.70023049761 |   -33.96684111414987 |  -184.7105393011371 | -135.32714877989753 |
|   1.70807193572 | DD0680 |  26456.53114789337 | 26328.233472670454 | 25371.574662161507 |   -36.08933475738004 |  -186.5255695393064 | -127.45311289104941 |
| 1.7054606398638 | DD0681 |  26481.86396990588 | 26352.732390940342 |  25395.35309614323 |   -39.85902755621026 | -183.51278252643567 | -131.18636478537053 |
| 1.7028533192926 | DD0682 |  26507.10521857035 |  26377.23985234329 |   25419.1400902491 |   -40.19440524145754 | -183.71693905573807 | -127.82054733387677 |
| 1.7002521236666 | DD0683 |  26532.43666382635 | 26401.734755052683 | 25443.016943651462 |   -38.05659934243528 | -183.30623369776987 |  -126.9445923710347 |
| 1.6976570301357 | DD0684 | 26557.756886774583 |  26426.31885195933 | 25466.882237143054 |   -41.05039849043262 |  -183.4897569991714 | -124.60346114782466 |
| 1.6950680159662 | DD0685 | 26583.065907245127 | 26450.788796945846 | 25490.735990247194 |  -43.028860134566806 |  -186.3457105487807 | -122.22572155053075 |
| 1.6924850585403 | DD0686 |  26608.36374500576 | 26475.246245006805 |  25514.57822242628 |   -39.79492646179876 |  -173.5501203794222 | -127.59489701610241 |
| 1.6899081353557 | DD0687 |  26633.54839447083 | 26499.691216614818 | 25538.408953078713 |   -39.79969085445683 | -181.75745610137434 | -114.62655113951749 |
| 1.6873372240244 | DD0688 |   26658.8238282528 |  26524.12373218001 |  25562.22820154347 |   -48.89648249681398 | -180.27480539683864 | -112.05032178935525 |
| 1.6847723022721 | DD0689 | 26684.088138289822 | 26548.543812049003 | 25586.138207556287 |   -48.60382931822107 | -178.65661568015778 | -113.95957324633726 |
| 1.6822133479377 | DD0690 |  26709.23902611769 | 26572.951476502825 |  25610.03696492212 |  -48.418208525315464 |  -171.5717202238755 | -110.70698730030477 |
| 1.6796603389722 | DD0691 | 26734.481049670907 |  26597.34674576093 | 25633.924492675647 |   -51.47971728147352 |  -172.9805917851818 | -106.61472062535799 |
| 1.6771132534382 | DD0692 | 26759.609494983266 |  26621.72963997926 |  25657.80080979142 |   -49.41975659308607 | -166.77589818852235 |    -98.477403031532 |
| 1.6745720695091 | DD0693 |  26784.72669949118 | 26646.202789555045 |  25681.76854548861 |  -40.800372265728186 | -159.34500875969468 |  -75.33977244877708 |
| 1.6720367654686 | DD0694 | 26809.832682588134 | 26670.561091269923 | 25705.725303037383 |   -56.46754514260966 |  -169.9884197771583 |  -67.98031229454654 |
| 1.6695073197096 | DD0695 | 26834.927463609056 |  26695.00988297877 | 25729.671101113687 |  -53.270798591503485 |  -151.4094013228046 |  -64.72284996221948 |
| 1.6669797557847 | DD0696 | 26860.050893392276 | 26719.589099692912 |  25753.74705158869 |   -38.36030808385832 | -154.37604281797041 |  -73.11298821298696 |
| 1.6644579745336 | DD0697 |  26885.26663936549 |  26744.25990611724 | 25777.812734409177 |  -54.287516074741866 | -162.45114626860823 |  -99.99517204946589 |
| 1.6619420003358 | DD0698 |  26910.36835878709 | 26768.919059450236 |   25801.8677272493 |  -49.872293876070835 | -154.84849410653337 |  -106.8208745706773 |
|  1.659431811959 | DD0699 |  26935.56216757885 |  26793.66977346574 | 25826.015242848494 |   -45.29405723513646 | -142.97397047217626 | -106.23305225519383 |
| 1.6569273882773 | DD0700 | 26960.848376534588 | 26818.615650961732 |  25850.25559123366 |    -34.20286611185963 |  -119.1505004763573 | -108.71476086758831 |
| 1.6544287082704 | DD0701 | 26986.537463060682 | 26843.964072331022 |  25874.27891522189 |    -6.828589802576537 |   -104.268191801042 |   -125.165786877026 |
|  1.651935751023 | DD0702 | 27012.320153585224 |  26869.09530565941 |   25897.4637325558 |    13.800816670412912 | -121.39206981059765 |  -128.0548962232406 |
| 1.6494484957241 | DD0703 |  27038.09317433146 |  26893.80161964147 | 25920.429229532405 |     12.34720218114026 | -161.82822038557518 | -173.95242710423474 |
| 1.6469669216661 | DD0704 | 27063.649182360852 | 26918.289228203677 | 25943.382203282206 |    10.648028213311523 | -182.28685856547753 | -203.65599645989911 |
| 1.6444910082447 | DD0705 |  27089.09139059113 | 26942.453790253603 | 25966.426450427378 |    -9.281275617015538 | -223.64095368166434 | -196.60820792309903 |
| 1.6420207349576 | DD0706 |   27114.4195259644 | 26966.502200575324 |  25989.45840660787 |   -18.131478928496428 |  -233.5777349077282 | -171.59214929178825 |
| 1.6395560814043 | DD0707 |  27139.63331560388 | 26990.538159023592 | 26012.582062235408 |   -18.925044196056135 |  -228.2514820105033 | -153.09239735414286 |
| 1.6370970272855 | DD0708 |  27164.73248681306 | 27014.457616498792 | 26035.797727000594 |   -38.729400623922494 | -216.09548890868453 | -133.14016332294605 |
|  1.634643552402 | DD0709 | 27189.716767080026 | 27038.260301578382 | 26059.105710302265 |    -34.84092728376141 | -207.88652756617515 | -131.51159504510295 |
| 1.6321946177532 | DD0710 |  27214.59641861927 | 27062.060680773233 | 26082.516417571962 |     -34.1549927064434 | -190.98449000150526 | -125.53131729949635 |
| 1.6297482285988 | DD0711 |  27239.28732282847 | 27085.879169777363 | 26106.154176006086 |   -11.843951782039428 | -154.59343379040212 | -131.17766198764127 |
| 1.6273073714689 | DD0712 | 27263.862345458503 | 27109.893846096584 | 26130.303217184734 |     6.363355377495069 | -144.04843427695167 | -142.67562035030886 |
| 1.6248720265054 | DD0713 |   27289.1576395445 |  27134.83718256159 | 26154.233140527213 |   -12.611983071991373 | -179.98064799378463 |  -140.9994969038371 |
| 1.6224421739479 | DD0714 | 27314.652007905053 |  27159.45601340017 |  26177.42013178597 |    1.4433554535091344 | -194.77142020939635 |  -173.6109888409712 |
| 1.6200177941331 | DD0715 |  27340.03180867486 |  27183.64473807674 |   26200.5954028032 |   -11.266607264980431 | -235.12982934721225 | -153.51404978591933 |
| 1.6175988674937 | DD0716 |  27365.19192523424 |  27207.50705684611 | 26223.654128020153 |   -60.059359394406926 |  -240.9293610816936 | -157.06312216545618 |
| 1.6151853745586 | DD0717 | 27390.026854108593 | 27231.147057870123 |  26247.01579688968 |   -54.474168656598444 | -244.39242595047554 | -103.57073168792819 |
| 1.6127772959517 | DD0718 |  27414.64077964148 | 27255.404476805892 | 26271.101446547134 |   -47.928951112147566 | -178.80214420847014 | -106.25198047631727 |
| 1.6103746123913 | DD0719 | 27440.084477915527 | 27279.965671472397 | 26294.336117694136 |   -28.219635673297244 |  -194.6924421200039 |   -143.077968725201 |
| 1.6079773046901 | DD0720 | 27464.992290482398 | 27303.568764394702 | 26317.454120999777 |   -37.778659970180236 | -195.46029500067084 | -132.48419784538913 |
|  1.605585353754 | DD0721 | 27489.994747846125 |  27327.79107112371 |  26340.98181968712 |    -49.28181252210739 | -203.35436885739995 | -135.81181084353256 |
| 1.6031987405818 | DD0722 |  27515.09215739009 | 27351.896383288084 | 26364.287848541582 |     -55.3875856792556 | -188.98258521101127 | -119.25830365865372 |
| 1.6008174462644 | DD0723 | 27540.179306062775 | 27375.989949581184 |  26387.58268598027 |   -11.636328830398035 | -161.75837197055188 | -112.15197446691765 |
| 1.5984414519847 | DD0724 | 27565.150594578492 |  27400.07178817859 |  26410.86634944444 |     13.27454969900868 |  -200.6419357951911 | -142.05591729582858 |
| 1.5960697420014 | DD0725 |  27590.22777303439 |  27424.25816251579 | 26434.254721428755 |    -27.14495849876118 | -227.85035707751484 | -148.05439555385863 |
| 1.5937002641799 | DD0726 |   27615.3270472432 | 27448.359337381924 |   26457.5572872292 |    -54.31154346360489 | -209.44815713423108 | -139.05630323449924 |
| 1.5913360430875 | DD0727 | 27640.416151452537 | 27472.448857687064 | 26480.954655775113 |   -31.239687812614356 |  -177.5163926264465 | -117.77564559344925 |
| 1.5889770602157 | DD0728 |  27665.38910001968 | 27496.632744074544 |   26504.3411310077 |    -23.93438585451382 | -187.15577130499665 | -138.24248383145692 |
| 1.5866232971453 | DD0729 | 27690.457818998297 | 27520.699105385153 | 26527.610630748248 |   -13.887110835356562 |  -198.1339852410366 | -146.60409674249354 |
| 1.5842747355458 | DD0730 | 27715.516419139898 |  27544.75386565713 |  26550.86907831557 |    -19.30859246462023 | -197.00011423721998 | -140.52188490985046 |
| 1.5819313571745 | DD0731 |   27740.5649173868 | 27568.797042641378 | 26574.116490743065 |   -21.980223045161942 | -212.29293923090418 | -151.93527475618777 |
| 1.5795931438767 | DD0732 |  27765.60333062628 | 27592.828654032026 |  26597.35288500958 |   -51.348178810767955 | -206.84982481299014 | -146.01545412064436 |
| 1.5772600775845 | DD0733 | 27790.631675697892 | 27616.848717473724 |  26620.57827804645 |   -39.377394538037336 |   -170.920287158802 | -132.55390589743408 |
| 1.5749321403165 | DD0734 |  27815.64996939125 | 27640.857250559446 | 26643.792686735364 |   -20.625972771013352 | -174.62538691987237 |  -144.7592153202871 |
| 1.5726093141775 | DD0735 | 27840.658228443812 |   27664.8542708283 |  26666.88945074752 |   -15.471741581523476 | -174.25522111571078 | -139.36850527301024 |
| 1.5702915813576 | DD0736 |  27865.76324289887 |  27688.83979576974 | 26690.081844987686 |    -22.00213653585675 |  -175.5861135062149 | -136.76359984177628 |
| 1.5679789241319 | DD0737 |  27890.75157884591 | 27712.813842821513 |  26713.26330526226 |   -15.573213350518332 |   -178.519385402233 | -154.73787399516198 |
|   1.56567132486 | DD0738 |  27915.72993003334 | 27736.669463738694 |  26736.43384825412 |    -23.50837909467578 |  -188.8677362402628 |  -154.1542352281322 |
| 1.5633687659853 | DD0739 | 27940.698313003137 |  27760.62051103756 | 26759.593490598712 |    -33.07212767779411 | -175.60539817142794 | -136.09925072540221 |
| 1.5610712300348 | DD0740 |  27965.65674424643 | 27784.560132491057 | 26782.742248880997 |    -9.277529815155427 | -166.25939852652806 |  -136.1957543107421 |
| 1.5587747920537 | DD0741 | 27990.647985312367 | 27808.423558394727 | 26805.813821592998 |   -19.760478698766452 | -187.75584383659987 | -152.23082999486223 |
| 1.5564832167911 | DD0742 | 28015.630835751446 |  27832.38426631027 |  26828.98316228758 |   -30.074132334632452 | -195.37641770953948 |   -157.000851562679 |
| 1.5541966249012 | DD0743 | 28040.711251892833 | 27856.333619180645 | 26852.141687171224 |   -24.899726960796137 | -172.18194461977274 |  -153.1213005092528 |
| 1.5519149991891 | DD0744 | 28065.674453702435 | 27880.164091797345 |  26875.28941258511 |     -8.46533675384448 | -177.41087411081259 | -159.51355174361532 |
|  1.549638322541 | DD0745 |  28090.62780744961 | 27904.090689591176 | 26898.426354824092 |    -7.429486076460267 |  -186.4445097669895 | -155.67733250354732 |
| 1.5473665779241 | DD0746 | 28115.571329283233 | 27928.005983319094 |  26921.55253013296 |    -17.35506145444403 |  -205.0328511929137 | -148.69385689484534 |
| 1.5450997483856 | DD0747 | 28140.612865522216 | 27951.802159650008 | 26944.560124497344 |    3.1290299716735523 | -195.79350448821143 | -144.90208104971296 |
| 1.5428378170526 | DD0748 | 28165.536867711082 |  27975.69479992831 | 26967.664718580334 |     4.576775054020215 |  -214.1835516120806 | -151.59854082802406 |
| 1.5405807671315 | DD0749 |  28190.45108611803 | 27999.576186678936 |   26990.7585942275 |    -7.699908993109238 | -231.31608739793944 |  -162.0807132007612 |
| 1.5383285819072 | DD0750 | 28215.355536708426 | 28023.338218782337 | 27013.841767500875 |    -25.11365449396649 | -220.63229436583165 | -157.18778859384247 |
| 1.5360812447434 | DD0751 | 28240.358449063428 |  28047.19705283523 | 27036.914254411447 |   -21.094989587536112 |  -203.3887743339085 | -153.98365150192527 |
| 1.5338387390815 | DD0752 | 28265.243507489344 | 28071.044683463635 |  27059.97607092601 |    -20.62925011256315 |  -196.8414077590992 | -164.43136338010945 |
| 1.5316010484401 | DD0753 | 28290.227250845186 | 28094.772722088637 | 27083.027232967816 |    -11.19381540786093 | -181.90422426469007 | -162.10716515481556 |
| 1.5293681564151 | DD0754 |  28315.09298025754 |  28118.59789990337 |  27106.06775641077 |    -1.782537684113043 | -189.04432896634793 | -167.31295683493283 |
| 1.5271400466787 | DD0755 | 28340.057617432794 | 28142.303327432564 | 27129.097657085418 |    -5.772317810491568 | -188.81543390994503 |  -158.4758838704246 |
| 1.5249150513037 | DD0756 |  28364.92263554158 | 28166.124543455062 | 27152.134712358737 |   -12.690038523110161 |  -183.2046879862294 |  -146.9768470830043 |
| 1.5226924034084 | DD0757 | 28389.913885172748 | 28189.852759718106 | 27175.187116914727 |    -4.804540541758949 |  -174.8928941926652 |  -146.7589714622841 |
| 1.5204745014863 | DD0758 |   28414.7868231394 | 28213.678583274057 |  27198.33784870758 |    -2.500915299974173 |  -183.2875582949999 |  -147.7884659939264 |
| 1.5182613294621 | DD0759 |  28439.75913659028 | 28237.384358731044 | 27221.260272161537 |    -5.709936567225349 | -177.16204743427866 |  -147.9997357535602 |
| 1.5160528713351 | DD0760 | 28464.612977801393 |  28261.18796547745 | 27244.390129078627 |    1.6225746121426918 | -186.11561159718423 | -151.17287690970673 |
| 1.5138491111788 | DD0761 |   28489.5664166001 |  28284.87136525719 | 27267.291326021324 |    -9.484096557109618 |  -186.7375055416933 | -150.21227637038157 |
| 1.5116500331403 | DD0762 | 28514.401222547545 | 28308.652819991406 | 27290.291103675292 |    -7.369552666685256 |  -184.9023392289067 | -143.99503868329722 |
| 1.5094556214397 | DD0763 | 28539.335847867787 |  28332.31390885351 | 27313.280402390195 |    -7.095847593517503 | -186.81184936976504 | -141.21785046880996 |
| 1.5072658603702 | DD0764 | 28564.151679694907 |  28356.07327601046 |  27336.25923754226 |    -2.556764689949163 | -194.55476801558495 | -146.22339067042688 |
| 1.5050807342972 | DD0765 | 28589.067552358767 |  28379.71211834816 |  27359.22762446603 |    -4.966022590654659 | -197.23307249041247 |  -147.9440311225944 |
| 1.5029002276581 | DD0766 | 28613.864470855777 | 28403.449461995926 |  27382.18557845205 |    -10.70983913684856 | -196.44541552111755 | -153.92427681928623 |
| 1.5007243249617 | DD0767 | 28638.761651338675 |  28427.06612184118 | 27405.023371084197 |    -10.47022675205278 | -190.85574061188402 |   -151.756824110445 |
| 1.4985530831006 | DD0768 | 28663.538887377395 | 28450.670843241292 | 27427.959615712225 |    -4.952878900565075 |  -195.2774440134723 |  -158.4953472446941 |
| 1.4963862697806 | DD0769 | 28688.418265465374 | 28474.376046795962 |  27450.88706075988 |   -10.642781288964306 |  -191.0786382299466 | -157.87776065591748 |
| 1.4942240866819 | DD0770 | 28713.177538210584 |  28497.95950444376 | 27473.803339667887 |   -12.429770178891964 |  -185.6953384468695 | -155.51097596964252 |
| 1.4920664462611 | DD0771 | 28738.037514379757 |  28521.64201963344 | 27496.709261565273 |   -0.5081672652159769 | -184.60586558558936 | -156.81220352896656 |
| 1.4899110295293 | DD0772 |  28762.80466770934 |  28545.22986562832 | 27519.630304653696 |    1.9977476248078134 | -187.81416726859337 | -157.27035073521157 |
| 1.4877583634232 | DD0773 |  28787.69322426488 | 28568.937313192324 | 27542.560612930552 |    -2.200625820406942 | -194.71358050437314 | -163.41561265835995 |
| 1.4856102068105 | DD0774 | 28812.462206442047 | 28592.523539594382 |  27565.48062844128 |    -6.147678426279389 |  -188.9014819542633 |  -159.4812707798537 |
| 1.4834665447103 | DD0775 | 28837.332355539467 |   28616.2092869689 | 27588.390366041953 |    -8.634586020186571 | -185.00177689414494 | -163.17501914455693 |
| 1.4813273622096 | DD0776 | 28862.082768977434 |  28639.77365357023 | 27611.179238999583 |     4.426600085659344 |  -174.8977184470419 |  -154.1237107142771 |
| 1.4791926444632 | DD0777 |  28886.93456918852 |  28663.32706587949 |  27634.06836995503 |     13.95627376231275 | -196.57318206109073 | -165.33034762932158 |
| 1.4770623766933 | DD0778 |  28911.66647243334 |  28686.98033133941 | 27656.947267360014 |    1.7978285415502413 |  -207.7151580631346 | -163.16761458500665 |
| 1.4749365441891 | DD0779 | 28936.389094849314 | 28710.622863711913 |  27679.92683305272 |   -2.0566375893908657 |  -199.7236292325081 |   -164.705354549296 |
| 1.4728151323061 | DD0780 |  28961.21343326222 |  28734.25467826939 |  27702.78540252203 |    -4.666867098941009 | -202.95279858179632 |  -179.8903159074727 |
| 1.4706981264663 | DD0781 | 28986.028710089904 |  28757.76471286728 | 27725.633782359906 |     -21.1884445184326 | -195.51714493671554 | -174.22365135150523 |
| 1.4685855121571 | DD0782 | 29010.723767266336 | 28781.375042376287 | 27748.471987139525 |    -26.88473087220539 | -189.86528819496885 | -164.62340746823946 |
| 1.4664772749317 | DD0783 | 29035.520868947984 | 28804.863432206315 |  27771.30003138947 |    -9.983008049348323 |  -181.0473436973544 |  -153.3958560246166 |
| 1.4643734004081 | DD0784 |  29060.30895204672 | 28828.452337382514 | 27794.117929600983 |    1.2169094134818619 |  -194.3859449388908 | -162.27492947476523 |
| 1.4622738742691 | DD0785 |   29084.9765734006 | 28852.030600534345 | 27816.925696223883 |   -13.728450287513585 |  -200.7547542997982 | -167.30499086389977 |
| 1.4601786822616 | DD0786 |  29109.74656709833 | 28875.598236683138 | 27839.723345670543 |   -18.075125147544348 | -197.38022839931645 | -170.09565514319362 |
| 1.4580878101968 | DD0787 | 29134.395937640347 | 28899.155260804666 | 27862.622539522075 |   -29.377647262967947 |  -190.0287946001555 |  -166.1711593535846 |
| 1.4559994494445 | DD0788 |   29159.0574620473 | 28922.722820546816 | 27885.420467332173 |   -21.772269197763045 | -185.51080628015885 | -160.64324924711147 |
| 1.4539130946544 | DD0789 |    29183.848942782 | 28946.306831551785 | 27908.234385017484 |   -24.481741602573873 |  -185.5728739655608 | -152.98193062993576 |
| 1.4518310294636 | DD0790 | 29208.519581434593 | 28969.768363216437 |  27931.03826238921 |    -12.72561850103543 | -177.61192470980853 | -142.88987719824866 |
| 1.4497532398892 | DD0791 | 29233.181134212253 | 28993.331199614877 | 27953.832113613455 |     -1.10244132320723 | -189.04135878020276 | -151.53414113812485 |
| 1.4476797120112 | DD0792 | 29257.833615129628 | 29016.771396350956 | 27976.615952811542 |   -2.7850941599065098 |  -197.3120219093506 | -160.05465180550505 |
| 1.4456104319714 | DD0793 | 29282.477038165238 |  29040.31311716119 |  27999.50201089961 |   -16.511081722338012 |  -196.1511723500899 |  -161.3024677881764 |
| 1.4435453859731 | DD0794 | 29307.111417261003 |  29063.84434962866 | 28022.265963099424 |   -13.481759678209167 |   -188.950881183851 | -158.77139140914363 |
| 1.4414845602812 | DD0795 | 29331.736766317044 |  29087.36510835288 | 28045.132351846998 |    -11.86547372151747 | -192.75090762140863 | -155.65737241312857 |
| 1.4394279412215 | DD0796 | 29356.353099196072 | 29110.762906661144 |  28067.87647294664 |   -18.405847146490636 | -200.87213410249814 | -160.71949197579355 |
| 1.4373755151802 | DD0797 | 29380.960429725426 | 29134.262666811024 | 28090.610651998795 |   -25.929690981093657 | -187.16429452478033 |  -149.9113457775226 |
| 1.4353272686041 | DD0798 | 29405.558771690714 |  29157.75199681695 | 28113.447593563105 |   -12.364219491924528 | -191.96635396199508 | -150.85262553368705 |
| 1.4332831879998 | DD0799 |  29430.14813884152 | 29181.230911122362 |  28136.16202483069 |   -13.102769478986572 | -202.49072001538082 | -161.35880958264113 |
| 1.4312432599335 | DD0800 | 29454.728544889913 | 29204.586544167614 |  28158.86655558846 |    -21.16472334578911 | -197.15418065445473 | -162.40287725759805 |
| 1.4292074710307 | DD0801 |  29479.30000351018 | 29228.044575647928 |  28181.67417418202 |    -25.53625324196459 | -194.55074446000634 | -163.63591929786153 |
| 1.4271758079758 | DD0802 | 29503.862528339785 | 29251.492234558526 | 28204.472108924794 |      -29.664385552977 | -190.22542812704583 | -159.91350340422034 |
|  1.425148257512 | DD0803 | 29528.416132976778 |  29274.81637152614 | 28227.147209763563 |     -26.9407055340294 | -191.02534749203863 | -157.96393820143024 |
| 1.4231247090219 | DD0804 |  29552.96201912423 | 29298.244411521515 | 28249.813600681882 |   -31.911927116193002 |  -189.3342148691273 | -153.59958404219608 |
| 1.4211012465037 | DD0805 |  29577.54788573399 |  29321.71057247946 | 28272.630229470735 |    -28.06097048513921 | -187.31807753228352 | -150.44524697134244 |
| 1.4190818688353 | DD0806 | 29602.124896458692 |  29345.16643827323 | 28295.323801607316 |    -31.92765820846987 | -182.83098785029904 | -146.11844318313769 |
| 1.4170665629466 | DD0807 | 29626.693064700314 | 29368.498480952745 | 28318.121130799384 |   -18.180824835835715 | -195.23822853368912 | -153.29397191164514 |
| 1.4150553158249 | DD0808 |  29651.25240382228 | 29391.933704070725 |  28340.79524101119 |   -26.031930999711502 |  -193.4363444299858 | -154.62727726062235 |
| 1.4130481145143 | DD0809 |  29675.80292715306 |  29415.35867419132 | 28363.573324239278 |   -25.305413420018425 | -193.34886224798637 | -159.55684819521457 |
| 1.4110449461156 | DD0810 | 29700.230822377576 | 29438.773405282787 | 28386.228026146724 |   -26.149655519383273 | -181.32718734648446 | -153.77351311410968 |
| 1.4090457977858 | DD0811 | 29724.763659505603 |  29462.17791127704 | 28408.986916755097 |   -17.799312556916664 | -190.81443114149155 | -163.23421551769363 |
| 1.4070506567378 | DD0812 |  29749.28772064314 | 29485.458191579983 | 28431.622263692883 |    -28.65992423127909 | -195.39392054827147 |  -160.7296175257563 |
| 1.4050595102402 | DD0813 |  29773.80301897476 | 29508.842194636458 | 28454.362014744016 |    -28.23291191827511 |  -187.3479938394936 | -156.59660806110782 |
|  1.403072345617 | DD0814 |  29798.19536440703 | 29532.216014202648 |  28476.97805976361 |    -22.39829526005428 | -198.90360662741506 | -160.18130301367026 |
| 1.4010891502472 | DD0815 | 29822.693082210146 | 29555.579664062832 | 28499.698724035054 |    -29.61707939233736 | -191.45479471565218 | -161.36836470910166 |
| 1.3991100203328 | DD0816 | 29847.180723400787 | 29578.931816947003 | 28522.408618649708 |   -30.495423252032857 | -189.35575516528377 | -161.08223715449444 |
|  1.397134617046 | DD0817 |  29871.54787457492 |  29602.27650975794 |  28544.99715002799 |   -26.522731388385647 | -194.71385983838914 | -163.70376814960636 |
| 1.3951632542669 | DD0818 | 29896.019366811375 | 29625.724313063325 | 28567.689329464538 |    -50.68534721082372 | -186.73468797647323 | -158.22975468144216 |
| 1.3931958107906 | DD0819 |  29920.48217480828 |  29649.04751541429 |  28590.37207159288 |    -33.90421629043837 | -169.58087712366174 | -147.85252750851225 |
| 1.3912322742775 | DD0820 | 29944.936311370675 | 29672.360616406197 |  28613.04538923897 |    -29.89831794640478 |  -175.9603044845516 |  -154.1568031754584 |
| 1.3892713301326 | DD0821 |  29969.39812453516 | 29695.679815545947 |  28635.61004061456 |   -24.960269939627825 |  -161.7898310772136 | -145.56229932143893 |
| 1.3873114644538 | DD0822 |  29993.77161679227 | 29719.023898058465 |  28658.19881501431 | -0.010323743939333703 |   -182.478005807444 | -154.37250909548754 |
| 1.3853554804948 | DD0823 | 30018.136311833827 |   29742.3579405553 |  28680.89308723211 |   -22.389788736945793 | -193.43664002768355 |  -169.2428107674474 |
| 1.3834033660737 | DD0824 | 30042.607368209297 | 29765.681956445664 |  28703.46286142716 |    -44.09469845454657 | -182.22615463054822 | -157.07280981350974 |
| 1.3814551090611 | DD0825 |  30067.06984142915 | 29788.995959101176 |  28726.13834753428 |   -19.246153106650056 | -172.77746946654747 | -147.11221462038304 |
| 1.3795106973795 | DD0826 | 30091.408410106542 |  29812.29996185992 |  28748.68917271514 |    -6.154666514332868 | -177.48095792273236 |   -157.167048629398 |
| 1.3775701190031 | DD0827 | 30115.853660894027 | 29835.709406230973 |  28771.34592364014 |   -6.6019061315783825 | -188.99680947554393 | -166.52504620514068 |
| 1.3756333619578 | DD0828 | 30140.174844193512 |  29858.99354317315 | 28793.877850729532 |   -27.975494918421813 |  -199.5863113607754 |  -174.6844489670946 |
| 1.3737004143204 | DD0829 | 30164.602923134687 | 29882.267719990625 | 28816.515917131488 |    -37.82193210022457 | -185.01713018917155 | -164.95886146514036 |
| 1.3717712642187 | DD0830 | 30189.022482060314 | 29905.647660303577 | 28839.144707207677 |   -17.214604414785722 |  -185.8195034393312 |  -164.3083266646249 |
| 1.3698458998311 | DD0831 | 30213.433533485786 | 29928.902050442353 |   28861.6484290633 |    -49.83939502862471 | -198.92071098304092 | -176.36310410949363 |
| 1.3679243093863 | DD0832 | 30237.836089894066 | 29952.146519919464 |  28884.25861008336 |   -52.888284920202565 |  -178.5397536493116 | -152.21571910233598 |
| 1.3660064811632 | DD0833 |  30262.23016373367 | 29975.381081830496 | 28906.743559964798 |    -33.59747872769647 |  -165.8450369037755 |  -140.2418764497165 |
| 1.3640924034903 | DD0834 | 30286.615767422943 | 29998.605749239658 | 28929.219095670724 |   -19.804587275925414 | -174.26409826854257 | -146.58790717580035 |
| 1.3621820647459 | DD0835 | 30310.876733200374 | 30021.936715317857 | 28951.801409843025 |    -6.455111929466727 |  -187.1039188305322 | -156.04268508260202 |
| 1.3602754533574 | DD0836 | 30335.245339856403 | 30045.141726622158 | 28974.258248510978 |   -20.711294768158943 | -196.43299625323118 | -162.23331922465263 |
| 1.3583725578012 | DD0837 |  30359.60551344781 | 30068.453250188482 | 28996.822078184043 |   -30.659541919363345 | -192.10253278249462 | -162.35955010190614 |
| 1.3564720710885 | DD0838 | 30383.973970402356 | 30091.655200542322 | 29019.276223302782 |    -48.63338222165975 | -198.11336056906308 | -169.48854245158006 |
| 1.3545724551229 | DD0839 | 30408.370519880114 | 30115.000024488203 | 29041.872431689906 |    -54.99092252689488 |  -168.3006026201228 | -153.26726565531757 |
| 1.3526765320226 | DD0840 |  30432.75869763338 |   30138.2185909161 | 29064.342859256984 |    -22.86728431226353 | -155.36101659861498 |  -149.5366053967579 |
| 1.3507842904159 | DD0841 | 30457.138515805458 | 30161.544117709636 | 29086.920723368392 |    -14.26496979231782 | -168.79191057468964 |  -160.3325252414104 |
| 1.3488957189795 | DD0842 |  30481.50998650153 | 30184.743224587095 |  29109.48948053255 |   -22.365667754521457 | -177.29183034390087 | -165.03724243685454 |
| 1.3470108064374 | DD0843 | 30505.873121799694 |  30208.04950494866 | 29131.932211709533 |    -22.54500772601561 | -174.87357447191587 |  -157.5125851313066 |
| 1.3451295415611 | DD0844 | 30530.227933745256 |  30231.22920299177 | 29154.482697448595 |   -15.815292579164227 | -174.91111644238305 |  -152.6900902167025 |
| 1.3432519131693 | DD0845 | 30554.574434351405 | 30254.399168668788 |  29176.90699376434 |     -9.08043266951917 | -190.50197290286886 |  -165.2856133967357 |
| 1.3413779101274 | DD0846 | 30578.912635602577 | 30277.676627048982 | 29199.439256354643 |    -32.62434852343445 | -190.30702949024857 | -168.05475544631855 |
| 1.3395075213476 | DD0847 | 30603.242549450053 | 30300.944565675945 | 29221.962472251707 |    -5.303779822034601 | -178.39752250044324 | -155.04572029468488 |
| 1.3376407357884 | DD0848 |  30627.56418781534 | 30324.085597164365 | 29244.359253560106 |   -24.967947051158593 |  -203.9162541994931 | -181.50921062849258 |
| 1.3357775424546 | DD0849 |  30651.87756258706 | 30347.334439973052 | 29266.864318229844 |   -42.404907492428954 | -175.42244969009346 | -164.58564797675547 |
| 1.3339179303966 | DD0850 | 30676.182685627038 |  30370.45621322826 | 29289.360371984258 |   -23.341403178562935 | -177.34686032776992 | -159.04873862000608 |
| 1.3320618887107 | DD0851 | 30700.479568763338 | 30393.568329224257 |  29311.72974598701 |   -24.934409355959815 | -183.19362854157188 | -163.42042463092082 |
| 1.3302094065385 | DD0852 | 30724.768223794992 | 30416.788574627946 | 29334.207719888578 |   -28.573055394606612 | -181.39661877782413 | -163.87189470615323 |
| 1.3283604730669 | DD0853 | 30749.166530257084 | 30439.881506863454 | 29356.558850609323 |    -21.63606890406499 | -170.93041757747346 |  -159.1916299938997 |
| 1.3265150775276 | DD0854 | 30773.438857844976 | 30463.082780241544 | 29379.018791957405 |   -12.538323071749348 | -176.51398464274985 | -165.16739646181654 |
| 1.3246731555682 | DD0855 | 30797.703702995874 |  30486.15728132813 | 29401.352404971578 |   -23.568732112730668 |  -188.5645876528555 | -171.72412185627775 |
|  1.322830671881 | DD0856 | 30822.014484107644 |  30509.39390331355 |  29423.84670137247 |    -31.36199583261352 | -183.74726250429723 | -165.27619166413598 |
| 1.3209917052377 | DD0857 | 30846.317120664287 |   30532.5029087032 | 29446.332090664553 |    -30.01284134241358 |  -176.2743082999491 |  -160.9196581269312 |
| 1.3191562450075 | DD0858 |  30870.61162423308 | 30555.720699964862 | 29468.690248883384 |   -35.411342221715444 |  -185.0953921137583 |  -163.3434942687019 |
| 1.3173242806037 | DD0859 |  30895.01643545975 | 30578.810711679154 | 29491.157765161926 |    -41.39011190628834 |  -169.6243415675494 | -157.02915353599593 |
|  1.315495801483 | DD0860 | 30919.294801154785 | 30602.009720578288 |  29513.61640906019 |    -30.47721098259473 | -160.92507225007657 | -151.84570511407642 |
| 1.3136707971458 | DD0861 |   30943.5650683563 |    30625.080786982 | 29535.947575965663 |   -19.537635731448336 | -156.69602425778368 | -151.23154659453598 |
| 1.3118492571358 | DD0862 | 30967.827248513033 |  30648.14235205964 | 29558.269706556992 |     7.027585803377708 | -168.01997588448532 |  -156.5018501469553 |
| 1.3100311710395 | DD0863 |  30992.08135304779 |  30671.31323085172 |  29580.70161538506 |    -6.042928649707474 | -188.35275212716263 | -172.96874648001705 |
| 1.3082165284865 | DD0864 | 31016.327393350515 |  30694.47481914627 |  29603.12469774961 |   -18.637827014667998 | -184.43241304777888 |  -170.2276840592567 |
| 1.3064053191487 | DD0865 |  31040.56538078609 | 30717.508139049063 | 29625.419975269157 |    -18.77840782518315 | -182.92165143186324 | -170.74072660442184 |
| 1.3045975327407 | DD0866 |  31064.91440980084 | 30740.651088620984 |  29647.82534551867 |   -27.658513782617955 | -180.25894831795773 | -167.29695385587874 |
| 1.3027931590189 | DD0867 |   31089.1364187817 |  30763.78478327743 |  29670.22192342866 |   -18.901463387408622 |  -169.6978550828527 | -159.09248290729028 |
| 1.3009921877818 | DD0868 |  31113.35040878139 |  30786.78996510737 | 29692.490450604422 |   -10.004274028389196 | -177.11399340362527 | -164.51785047030612 |
|  1.299194707963 | DD0869 |  31137.55504904525 | 30809.903764145885 |  29714.86810379371 |   -14.550932794562188 |  -188.7216754510574 | -176.14971918931147 |
| 1.2974004121541 | DD0870 |  31161.87383310585 | 30833.010999479426 |   29737.2395600115 |    -33.63605228971514 | -180.23718847302138 |   -164.652276634017 |
| 1.2956095875879 | DD0871 | 31186.063926594394 |  30855.98814941082 |  29759.48143868002 |     -31.6763607594564 | -165.04877095094486 |  -152.2032386275214 |
| 1.2938221251054 | DD0872 |  31210.36568854686 | 30879.075559450277 | 29781.834037621185 |   -10.635832265526469 | -158.35581987162868 | -150.10487736139635 |
| 1.2920363145865 | DD0873 |  31234.56310651104 | 30902.176706841958 | 29804.200019174295 |    12.079581310736012 | -177.59231636544547 |  -159.4373861002369 |
| 1.2902514086595 | DD0874 | 31258.785913646578 | 30925.301665500807 | 29826.589099475445 | -3.2542590426199816 | -191.66455770844152 | -169.45844065151346 |
| 1.2884698459229 | DD0875 | 31283.000805366322 | 30948.417484982547 | 29848.849576524175 | -16.799157308621915 | -192.24101184735125 | -175.28081689004327 |
| 1.2866916164643 | DD0876 | 31307.207792672674 |  30971.40416120095 | 29871.221212773034 | -21.717889769462264 | -186.95630637015307 |  -173.2611655429626 |
| 1.2849167104117 | DD0877 | 31331.526995358716 |  30994.62175241383 | 29893.584190176483 |  -23.63368772287371 | -182.56394185025337 |  -168.5225674307651 |
| 1.2831451179328 | DD0878 | 31355.718299928634 | 31017.710223291688 | 29915.938519716197 | -20.677165037279888 | -183.21548547582387 | -172.27857843343628 |
| 1.2813768292352 | DD0879 | 31380.022028082778 |  31040.78960085041 | 29938.284212345232 |  -23.64654026653209 |  -180.6511929023304 | -171.62048940345724 |
| 1.2796118345661 | DD0880 |  31404.19769347806 |  31063.73950815789 | 29960.500890663545 | -21.478672502580874 | -178.92366181006628 |  -165.4720437784017 |
| 1.2778501242122 | DD0881 | 31428.365508996372 |  31086.80064012017 | 29982.829249110426 | -28.743030919597103 |  -176.3218724128766 | -167.57614463586322 |
|  1.276091688499 | DD0882 |  31452.64605999428 | 31109.852712891316 |  30005.14900337414 |  -5.453425483623811 | -169.15391871547627 | -161.21071527853394 |
| 1.2743365177914 | DD0883 |  31476.79830130031 | 31132.895737778723 | 30027.460164297572 | -15.676337241592703 | -178.11038246577053 | -172.21222591103503 |
| 1.2725846024928 | DD0884 |  31500.94272513501 | 31155.929726065755 |  30049.64198211285 |  -7.741512406883885 | -175.20521653812787 | -165.20458526083627 |
| 1.2708359330452 | DD0885 | 31525.079342256588 |  31178.95468900783 | 30071.935895796054 |  -28.14906244732694 | -192.19733283309276 | -174.83912901358417 |
|  1.269090499929 | DD0886 | 31549.329109939514 |  31201.97063783258 |  30094.22124854727 |  -32.27262212975479 |  -167.6955349329871 | -162.02326082714148 |
| 1.2673482936628 | DD0887 | 31573.450238735822 | 31224.977583739914 | 30116.498051106173 | -13.993638607698752 |    -166.29736031316 | -162.15618387283763 |
| 1.2656093048032 | DD0888 | 31597.563592903403 | 31247.975537902308 | 30138.766314186065 | -11.801758710563144 |  -173.3816592004518 | -170.16233780471222 |
| 1.2638735239446 | DD0889 |  31621.79040835173 | 31270.964511464925 |  30161.02604847403 |  -7.799167011374689 | -166.35091031376118 | -160.66513966185465 |
| 1.2621409417188 | DD0890 |  31645.88833803946 | 31293.823197443642 |  30183.15594652884 |   8.944869919974177 | -188.62318289036332 | -163.50587320470302 |
| 1.2604094614521 | DD0891 |  31670.00777014107 | 31316.944480406684 |  30205.42645512528 |  -19.88711957013531 |  -203.7083509353106 | -178.12812923759566 |
| 1.2586791022481 | DD0892 | 31694.148450740333 | 31339.964153211655 |  30227.71610532916 |  -43.62174211441406 | -191.04379568418446 | -178.86505830059187 |
| 1.2569519245826 | DD0893 | 31718.403032654518 |  31362.97491225341 |  30249.99729130528 |   -46.8651628455857 | -158.71047812122072 | -165.90293803597766 |
| 1.2552279191991 | DD0894 | 31742.528425245175 | 31385.855078502755 | 30272.270023559086 | -11.402359879372433 | -157.87129412294402 | -155.80768938177596 |
| 1.2535070768777 | DD0895 |  31766.64614300515 | 31408.847949937004 | 30294.412529662473 | -20.398264832673327 |  -172.4062035462545 | -163.70704136870035 |
| 1.2517893884352 | DD0896 |  31790.75619635358 |  31431.83194043097 |  30316.66829299739 |  -15.55330520253685 | -161.14804080967386 | -159.39355669582048 |
| 1.2500748447246 | DD0897 |  31814.85859568781 |  31454.80706086737 |  30338.91563401364 |   3.593062157969582 | -173.74744555857254 | -167.22933333647546 |
| 1.2483634366356 | DD0898 |  31838.95335137371 | 31477.773322096717 |  30361.15456311531 |  -17.68766104979458 |  -184.6435346099777 | -177.78002023020042 |
| 1.2466551550936 | DD0899 | 31863.040473757344 | 31500.730734948815 |  30383.38509068663 |  -12.20976745543313 | -176.97008008378296 | -169.96696856541612 |
| 1.2449499910602 | DD0900 | 31887.119973155404 | 31523.679310223353 | 30405.607227082906 |   -18.6683811113867 |  -182.5149323627393 | -171.72040724409348 |
| 1.2432479355326 | DD0901 |  31911.19185986129 |  31546.61905869588 | 30427.698642770087 |  -14.28278558233275 | -187.11709376121198 | -170.14232854353043 |
| 1.2415489795434 | DD0902 | 31935.256144145453 | 31569.549991118165 |  30449.90393506373 |  -39.88364769237925 | -185.25908558827248 | -181.02960680735347 |
| 1.2398531141609 | DD0903 | 31959.435361538654 |  31592.34959292167 | 30472.100867132256 |  -34.79534425002217 |  -151.8034183244359 | -165.87721741456366 |
| 1.2381603304882 | DD0904 | 31983.361946392666 | 31615.262832718174 | 30494.166831277173 | -0.8519048032648378 | -164.72228894450225 |  -159.4929373623831 |
| 1.2364706196638 | DD0905 | 32007.403484768616 |  31638.16728858569 | 30516.346981006976 | -3.7358033198147824 | -191.28280187908283 |  -173.7232513746802 |
| 1.2347839728608 | DD0906 |  32031.43746154667 |  31661.06297117237 | 30538.518801241524 |    -24.176148758595 | -189.72283008710545 | -176.92973039147554 |
| 1.2331003812871 | DD0907 | 32055.463886870475 | 31683.949891099175 |  30560.55940636697 |  -34.82990011247537 |  -175.8273103280662 |  -178.2939446483212 |
| 1.2314198361849 | DD0908 | 32079.482770861967 | 31706.828058964482 | 30582.714505583965 |  -38.65510718562359 | -166.31979745715387 |  -177.5493031147126 |
|  1.229741134059 | DD0909 | 32103.511325771153 | 31729.714487200927 |  30604.87770495093 | -19.402971202215642 |  -153.0723783376646 | -168.61551156679357 |
| 1.2280624982211 | DD0910 | 32127.575132789356 | 31752.634457663036 |  30627.07339021747 | -10.320435397004283 | -176.66292206766812 | -170.48542110458618 |
|  1.226386893412 | DD0911 | 32151.631455121966 | 31775.545730601334 | 30649.137552735232 | -18.581532403097086 |  -175.3288001398532 | -172.41242683912455 |
| 1.2247143109743 | DD0912 | 32175.556943688407 | 31798.448316460726 |  30671.31664260422 | -26.029931086818493 | -174.35096726842795 | -170.02631406725814 |
| 1.2230447422846 | DD0913 | 32199.598233896417 |  31821.34222565856 | 30693.364044434908 | -12.118945274846649 | -175.80970242660007 |  -173.8119476830588 |
| 1.2213781787528 | DD0914 |  32223.63206929359 | 31844.227468592355 |  30715.52657897774 | -19.623140859959392 | -185.79258190202796 | -181.70833209418444 |
| 1.2197146118225 | DD0915 | 32247.658459780178 | 31867.104055631797 |  30737.55726021282 | -31.785817727987496 | -179.18923305212866 | -185.23528852157668 |
| 1.2180540329707 | DD0916 |  32271.67741523133 |  31889.97199712073 |  30759.70327931186 |  -33.50397381090366 | -163.98456812408418 | -179.98271405971332 |
| 1.2163964337072 | DD0917 | 32295.688945503538 | 31912.831303383493 | 30781.717279849672 | -17.412957679277696 | -161.34585129913876 | -173.73079491857825 |
|  1.214741805575 | DD0918 | 32319.693060426554 |  31935.68198471697 | 30803.846823203163 |   -6.52752770711127 | -162.83415311318618 |  -171.5424708127954 |
|   1.21309014015 | DD0919 | 32343.689769805373 | 31958.524051392527 |  30825.84418275669 |  -3.316885787714001 | -188.11090929108948 |  -179.7336746240439 |
| 1.2114414290405 | DD0920 | 32367.679083425362 | 31981.481613105272 |  30847.95728987145 | -25.262503421816426 | -191.01570827354485 | -187.58624494001447 |
| 1.2097956638876 | DD0921 | 32391.661011044107 |  32004.30657361345 |  30870.06223983523 |  -33.174059600310144 | -168.60493932735557 | -178.54928465731024 |
| 1.2081528363644 | DD0922 | 32415.635562400817 | 32027.122950112716 | 30892.159042430383 |  -15.833941182032152 | -181.50255040289645 | -178.54686448180234 |
| 1.2065129381764 | DD0923 | 32439.602747208337 |  32049.93075277927 | 30914.123330779184 |  -31.121543051326995 | -178.81641393423055 |   -184.358147540066 |
| 1.2048759610611 | DD0924 | 32463.562575156644 | 32072.729991765675 |  30936.20377554179 |   -25.75813708614341 |   -167.664981459212 | -179.81716767576447 |
| 1.2032418967877 | DD0925 |  32487.51505591515 | 32095.520677203134 |  30958.27610216635 |  -14.527940586955898 | -175.34944487290107 | -180.88606070647074 |
| 1.2016107371574 | DD0926 |  32511.46019912601 |  32118.30281919489 | 30980.340320339106 |  -31.464231335851412 | -171.38168281739783 | -184.29671863025686 |
| 1.1999826349479 | DD0927 | 32535.395634204244 | 32141.074076463865 |  31002.26942584321 |   -19.70783623376758 | -163.10249097955108 | -175.83019276037203 |
| 1.1983539275047 | DD0928 | 32559.375486458757 | 32163.763079397795 | 31024.364392352854 |   -9.476586269532026 |  -172.0525762718941 | -169.29572712667343 |
|   1.19672727211 | DD0929 | 32583.360459832486 | 32186.705521457574 | 31046.463120655113 |  -10.476494789077142 |   -179.149100460966 |  -174.1081296907391 |
| 1.1951034993016 | DD0930 |  32607.33816115068 | 32209.389622395753 | 31068.428778953246 |   -7.652827324923164 |   -175.270656943793 |  -177.6976730013598 |
| 1.1934826010181 | DD0931 |  32631.18348416633 | 32232.315299473266 |  31090.51133036757 |   -3.327401458354533 |  -193.8445166756381 | -179.95824745651993 |
|  1.191864569213 | DD0932 | 32655.146576960025 | 32255.107493293384 |  31112.58585371339 |  -28.509816978886303 | -195.31804883636596 | -186.52225751641197 |
| 1.1902493958705 | DD0933 | 32679.227726050158 | 32277.891236852036 | 31134.652358474377 |   -34.26860292821992 |  -171.6681805609127 | -179.57620873848143 |
| 1.1886370730057 | DD0934 | 32703.176432786862 | 32300.666540014845 |  31156.71085410857 |  -16.341557091880443 | -174.70711436920914 | -171.64650073269704 |
| 1.1870275926638 | DD0935 |  32727.11791441686 |  32323.43341263036 | 31178.635865288667 |   -19.16720171307299 | -189.22349981745418 | -177.73458518244178 |
| 1.1854209469207 | DD0936 | 32751.052180308576 |  32346.19186451911 |  31200.67827871528 |  -26.563461321367395 | -182.32181479710272 | -177.77236949849734 |
| 1.1838171278823 | DD0937 |  32774.97923981145 | 32368.941905481846 |  31222.71271129419 |   -21.38825637020506 | -187.64210081103704 | -176.47067731539016 |
| 1.1822161276845 | DD0938 |  32798.89910225376 | 32391.683545297456 | 31244.739172400128 |   -36.92962773896843 |  -186.7939613428603 | -185.49956973994216 |
| 1.1806179384934 | DD0939 |  32822.81177693763 |  32414.41679371797 |  31266.63181776625 |  -32.075671029862114 |  -171.1696041567728 | -181.43944493888134 |
| 1.1790225525045 | DD0940 | 32846.717273148846 | 32437.141660478315 |   31288.6422718121 |  -25.463709835603737 | -161.45847955212275 | -176.79002291149845 |
| 1.1774299619431 | DD0941 | 32870.615600148776 |  32459.85815528832 | 31310.644782401654 |  -11.836291102077249 |   -165.461575015353 |   -176.136492278155 |
|  1.175840159064 | DD0942 |   32894.5067671769 | 32482.440157866014 |  31332.51322885242 |   -9.745582416328407 | -173.33857520780413 | -177.10797200230286 |
| 1.1742531361512 | DD0943 | 32918.517005486676 | 32505.139845752365 |  31354.49978830565 |  -1.0308298888921972 | -181.88162109267714 | -178.93677648380321 |
| 1.1726688855181 | DD0944 |  32942.39397224412 | 32527.831190710924 | 31376.478432126172 |   -8.719095005865142 |  -192.6070975074719 | -180.92833019158843 |
| 1.1710873995068 | DD0945 |  32966.26380659782 | 32550.640608448713 | 31398.449169540836 |  -26.451784308326694 |  -193.0840345844013 |  -188.2785675599907 |
| 1.1695086704887 | DD0946 | 32990.126517700024 | 32573.188890316353 | 31420.285511683214 |  -28.290630989467108 | -167.00599562318789 | -173.80663067818637 |
| 1.1679288455783 | DD0947 |    33014.040672043 | 32595.913079859274 | 31442.296141448656 |    2.608401658155371 | -170.03985592496892 | -171.59051058766337 |
| 1.1663514409694 | DD0948 |  33037.95279464813 |  32618.63397055825 | 31464.303721281205 | -0.09110538861045528 | -190.42199363119187 |  -176.7995090582309 |
| 1.1647767809105 | DD0949 |  33061.85784873855 | 32641.346589847806 |  31486.17667998573 |    2.242708076568186 | -201.08655709864667 | -174.16079140108405 |
| 1.1632048578537 | DD0950 |  33085.75584333354 | 32664.177813883216 | 31508.168483654066 |  -11.904732612843153 |  -207.5128027804285 | -178.55446013599624 |
| 1.1616356642794 | DD0951 | 33109.773746224484 | 32686.874010808737 |  31530.15245891057 |   -30.37878387693398 | -198.48880325634659 | -183.33962856035592 |
| 1.1600691926961 | DD0952 |  33133.65774087853 |  32709.56196461731 |  31552.12861478515 |  -27.370075095687202 |  -177.5170534711639 | -177.79011203716675 |
| 1.1585054356406 | DD0953 |  33157.66184585382 |  32732.24168470444 |  31574.09696028433 |  -16.328334994911042 | -179.61262584378616 | -176.37389148355837 |
| 1.1569443856777 | DD0954 |  33181.53187629317 | 32754.913180443797 |  31596.05750439365 |  -27.561999610718402 |  -186.1152166461741 | -187.69005909450536 |
| 1.1553860353997 | DD0955 |  33205.52221889288 | 32777.576461192904 | 31618.010256083202 |  -19.021739116847378 |   -162.086710512085 | -172.43692720467766 |
| 1.1538303774269 | DD0956 |  33229.37832068582 |  32800.23153628362 |  31639.95522429838 |   -5.212790207349829 |  -173.1437164136636 | -171.12664248442223 |
|  1.152277404407 | DD0957 |  33253.22742547258 |  32822.87841502932 | 31661.892417966857 |  -14.391885705142753 | -180.22165942429675 | -176.14156092345522 |
| 1.1507271090154 | DD0958 |  33277.06954210671 | 32845.517106718355 | 31683.821845992286 |  -14.389181653873596 | -173.80045995889793 | -177.67662660866463 |
| 1.1491794839545 | DD0959 |  33301.03237404381 | 32868.147620622876 |  31705.74351726277 |   -8.565936206993591 | -170.37511359261697 | -172.30256654977987 |
