8.1330643194892 0.49859683339212657 0.5099515619596465 0.4872484487865028 0.5025968333921266 0.5139515619596465 0.4912484487865028 9
8.0818843214791 0.49859638235463677 0.5099176425163124 0.4872173785144588 0.5025963823546368 0.5139176425163124 0.4912173785144588 9
8.0314148869044 0.49859597524838295 0.5098838366577421 0.48718644290340707 0.502595975248383 0.5138838366577421 0.4911864429034071 9
7.9816419161148 0.4985953194974776 0.5098500778575826 0.48715572631743626 0.5025953194974776 0.5138500778575826 0.49115572631743626 9
7.9325417101846 0.49859482647807074 0.509816104799918 0.4871254048081351 0.5025948264780707 0.513816104799918 0.4911254048081351 9
7.8841093256458 0.4985944852893537 0.509782261783644 0.48709519323100453 0.5025944852893537 0.5137822617836441 0.49109519323100453 9
7.8363256870345 0.4985941396126584 0.5097486467564131 0.48706505139502554 0.5025941396126584 0.5137486467564131 0.49106505139502554 9
7.7891789670368 0.49859379240772306 0.5097152139327555 0.48703509317608235 0.5025937924077231 0.5137152139327555 0.49103509317608235 9
7.7426543516668 0.49859341258811996 0.5096818661496306 0.48700521696750015 0.50259341258812 0.5136818661496306 0.49100521696750016 9
7.6967390981526 0.4985930000191209 0.5096485502312493 0.4869754608098489 0.5025930000191209 0.5136485502312493 0.4909754608098489 9
7.6514215382762 0.49859248159024194 0.5096153300584102 0.48694584044345807 0.502592481590242 0.5136153300584102 0.49094584044345807 9
7.6066870985632 0.4985920879192778 0.5095822098998664 0.4869162620190211 0.5025920879192778 0.5135822098998664 0.4909162620190211 9
7.56252588351 0.4985916485687958 0.5095491860211652 0.48688679107780747 0.5025916485687958 0.5135491860211652 0.49088679107780747 9
7.5189257900861 0.49859126543525345 0.5095161764064748 0.4868574571499776 0.5025912654352535 0.5135161764064748 0.4908574571499776 9
7.4758742805379 0.4985909022046435 0.5094832345973159 0.48682820717454534 0.5025909022046435 0.5134832345973159 0.49082820717454534 9
7.4333621571324 0.4985905506698699 0.50945037755621 0.48679908930990945 0.5025905506698699 0.51345037755621 0.49079908930990945 9
7.3913774665521 0.4985901793394072 0.5094175808804634 0.4867700562101319 0.5025901793394072 0.5134175808804634 0.4907700562101319 9
7.349909823956 0.4985898232204574 0.5093849202253321 0.48674119103705354 0.5025898232204574 0.5133849202253321 0.49074119103705355 9
7.3089502830204 0.49858942730843925 0.5093523435595777 0.4867123806267007 0.5025894273084393 0.5133523435595777 0.4907123806267007 9
7.2684872391571 0.49858908782172573 0.5093197998746489 0.4866836516426222 0.5025890878217257 0.5133197998746489 0.4906836516426222 9
7.2285121024239 0.4985887226072563 0.5092872728629622 0.4866550781851576 0.5025887226072563 0.5132872728629622 0.4906550781851576 9
7.1890162272408 0.4985884553995733 0.5092548666188134 0.48662660198236973 0.5025884553995733 0.5132548666188134 0.49062660198236974 9
7.1499884119886 0.4985880198224175 0.5092225182345688 0.4865982490738597 0.5025880198224175 0.5132225182345688 0.4905982490738597 9
7.1114215058699 0.49858772805374396 0.5091903135160357 0.48656996953832776 0.502587728053744 0.5131903135160357 0.49056996953832777 9
7.0733072276286 0.49858742851606463 0.509158103288889 0.48654174701187947 0.5025874285160646 0.513158103288889 0.49054174701187947 9
7.0356348473542 0.4985871217780443 0.5091259523171907 0.48651367188427697 0.5025871217780443 0.5131259523171907 0.49051367188427697 9
6.9984018395066 0.49858680752701023 0.5090938996460832 0.4864856639832982 0.5025868075270102 0.5130938996460832 0.4904856639832982 9
6.9615897368687 0.49858638355194296 0.5090618818014351 0.48645773152429017 0.502586383551943 0.5130618818014351 0.4904577315242902 9
6.9251989919202 0.4985860254327966 0.5090298554336582 0.4864298800732179 0.5025860254327966 0.5130298554336582 0.4904298800732179 9
6.889220717047 0.4985857031117904 0.5089979139038303 0.4864022321133588 0.5025857031117904 0.5129979139038303 0.4904022321133588 9
6.8536476043573 0.4985853507132827 0.5089661239387794 0.48637462108704427 0.5025853507132827 0.5129661239387794 0.49037462108704427 9
6.8184701284878 0.4985850097415968 0.5089344155328613 0.4863471220959522 0.5025850097415968 0.5129344155328613 0.4903471220959522 9
6.7836833043465 0.49858465339446534 0.5089027881082157 0.4863197026137242 0.5025846533944653 0.5129027881082157 0.4903197026137242 9
6.7492804580935 0.4985842860131221 0.5088712444505658 0.48629236285476424 0.5025842860131221 0.5128712444505658 0.49029236285476424 9
6.7152528236759 0.49858397261353216 0.5088398003602157 0.4862650828754509 0.5025839726135322 0.5128398003602157 0.4902650828754509 9
6.6815954030677 0.49858367230164713 0.5088082944036746 0.48623790832540964 0.5025836723016471 0.5128082944036746 0.49023790832540964 9
6.6483022721564 0.49858340261057466 0.5087768746007378 0.48621087065963475 0.5025834026105747 0.5127768746007378 0.49021087065963476 9
6.6153655461906 0.4985830948237575 0.5087455546193236 0.4861839100891553 0.5025830948237575 0.5127455546193236 0.4901839100891553 9
6.58277983259 0.4985828033079974 0.5087141589043338 0.4861569774281486 0.5025828033079974 0.5127141589043338 0.4901569774281486 9
6.5505400847295 0.4985825718527943 0.5086828388754365 0.4861302595431585 0.5025825718527943 0.5126828388754365 0.49013025954315853 9
6.5186394340621 0.49858239355999234 0.5086517898542485 0.4861036486941684 0.5025823935599923 0.5126517898542485 0.4901036486941684 9
6.4870717002914 0.4985820376119765 0.5086208454685794 0.48607702783266876 0.5025820376119765 0.5126208454685794 0.49007702783266877 9
6.455832854524 0.4985816873023776 0.5085898890825621 0.48605042653835884 0.5025816873023776 0.5125898890825621 0.49005042653835884 9
6.4249171923139 0.49858126822200566 0.5085589377430084 0.4860239179773977 0.5025812682220057 0.5125589377430084 0.4900239179773977 9
6.394317339037 0.4985809237488028 0.5085278779736762 0.4859975398385447 0.5025809237488028 0.5125278779736762 0.4899975398385447 9
6.3640304364049 0.49858071063274056 0.5084969498982403 0.48597131059493903 0.5025807106327406 0.5124969498982404 0.48997131059493904 9
6.3340513962328 0.49858053767023414 0.5084661144834361 0.4859451870917063 0.5025805376702341 0.5124661144834362 0.4899451870917063 9
6.3043733543713 0.498580337734865 0.5084353295259204 0.485919166420632 0.502580337734865 0.5124353295259204 0.489919166420632 9
6.2749926621466 0.4985800840164454 0.5084045888360968 0.48589325876587885 0.5025800840164454 0.5124045888360969 0.48989325876587886 9
6.2459052693099 0.4985797479424571 0.5083739931272299 0.4858673283756522 0.5025797479424571 0.5123739931272299 0.4898673283756522 9
6.2171057683393 0.4985792958842318 0.5083433866856625 0.4858414401574627 0.5025792958842318 0.5123433866856625 0.4898414401574627 9
6.1885885138638 0.49857894493400245 0.5083127445968857 0.4858156598722361 0.5025789449340025 0.5123127445968857 0.48981565987223613 9
6.1603509286601 0.4985787539662081 0.5082821038416437 0.48578999602436684 0.5025787539662081 0.5122821038416437 0.48978999602436685 9
6.1323886514927 0.4985785905078126 0.5082515583624035 0.4857644483345115 0.5025785905078126 0.5122515583624035 0.4897644483345115 9
6.104695379329 0.4985784311687078 0.5082211105202219 0.4857388720976145 0.5025784311687078 0.5122211105202219 0.4897388720976145 9
6.0772684074498 0.4985782670164146 0.5081906780043934 0.48571323478083583 0.5025782670164146 0.5121906780043934 0.48971323478083584 9
6.0501042425386 0.4985780783798548 0.5081602173383727 0.4856877580137937 0.5025780783798548 0.5121602173383727 0.4896877580137937 9
6.0231983798081 0.4985779251077824 0.5081298330276951 0.4856624764841558 0.5025779251077824 0.5121298330276951 0.4896624764841558 9
5.9965475703719 0.49857767917843754 0.5080993711171075 0.4856371946511757 0.5025776791784375 0.5120993711171075 0.4896371946511757 9
5.9701432208965 0.498577494517253 0.5080689340709242 0.48561203059865904 0.502577494517253 0.5120689340709242 0.48961203059865904 9
5.9439884934335 0.49857732402439436 0.5080385721009851 0.4855869543823888 0.5025773240243944 0.5120385721009851 0.4895869543823888 9
5.9180759873356 0.4985771691246722 0.5080081768483407 0.48556190880847666 0.5025771691246722 0.5120081768483407 0.48956190880847666 9
5.89240226686 0.4985769725525806 0.5079777303105876 0.485536913488022 0.5025769725525806 0.5119777303105876 0.48953691348802203 9
5.8669650638089 0.4985767491499219 0.5079473699420751 0.48551207881500624 0.5025767491499219 0.5119473699420751 0.48951207881500625 9
5.8417609124107 0.49857650653409447 0.5079170511026175 0.485487291490069 0.5025765065340945 0.5119170511026175 0.489487291490069 9
5.8167842956069 0.4985761774457179 0.5078867464667152 0.48546247412179644 0.5025761774457179 0.5118867464667152 0.48946247412179644 9
5.7920334747095 0.4985757327381135 0.5078563489604048 0.48543763419807057 0.5025757327381135 0.5118563489604048 0.48943763419807057 9
5.767505751253 0.49857521798397353 0.5078259112295846 0.4854128984964259 0.5025752179839735 0.5118259112295847 0.4894128984964259 9
5.7431979262941 0.498574669104099 0.5077954508739717 0.48538822880841354 0.502574669104099 0.5117954508739717 0.48938822880841354 9
5.7191042306574 0.49857402971553477 0.507764916714141 0.4853635303329145 0.5025740297155348 0.511764916714141 0.4893635303329145 9
5.695224191153 0.498573327855119 0.507734527290266 0.4853388369413271 0.502573327855119 0.511734527290266 0.4893388369413271 9
5.6715548563947 0.4985726260310662 0.5077045581780534 0.48531409704545275 0.5025726260310662 0.5117045581780534 0.48931409704545276 9
5.6480930437119 0.49857187844343775 0.507674756427547 0.4852892745719674 0.5025718784434378 0.511674756427547 0.4892892745719674 9
5.6248335895041 0.4985710876791276 0.5076449678717272 0.48526447259786615 0.5025710876791276 0.5116449678717272 0.48926447259786615 9
5.6017761687059 0.49857019324720686 0.5076151894543351 0.48523969148685364 0.5025701932472069 0.5116151894543352 0.48923969148685365 9
5.5789179892623 0.49856917338194895 0.5075854813272328 0.48521504328414944 0.502569173381949 0.5115854813272328 0.48921504328414944 9
5.5562560161217 0.4985680550901527 0.5075558911540962 0.4851905094021886 0.5025680550901527 0.5115558911540962 0.4891905094021886 9
5.5337854228291 0.49856695690175834 0.5075263220734524 0.48516591606361725 0.5025669569017583 0.5115263220734524 0.48916591606361726 9
5.5115060388609 0.4985658854030959 0.5074968832766538 0.4851414108952176 0.5025658854030959 0.5114968832766538 0.4891414108952176 9
5.4894152752971 0.4985646985140546 0.5074674461727613 0.4851170180707128 0.5025646985140546 0.5114674461727613 0.4891170180707128 9
5.4675104519837 0.49856343421846183 0.5074380621441796 0.48509265956532654 0.5025634342184618 0.5114380621441796 0.48909265956532655 9
5.4457866023531 0.49856218558949217 0.5074088254873789 0.48506828982592626 0.5025621855894922 0.5114088254873789 0.48906828982592626 9
5.4242439216841 0.4985608264395792 0.5073796785602175 0.4850438414284997 0.5025608264395792 0.5113796785602175 0.4890438414284997 9
5.4028800057157 0.4985593818821492 0.5073505056823667 0.4850194677813372 0.5025593818821492 0.5113505056823667 0.4890194677813372 9
5.3816924938323 0.4985578580144321 0.507321474729677 0.4849952495585414 0.5025578580144321 0.511321474729677 0.4889952495585414 9
5.3606765485932 0.49855622648610287 0.5072925380545753 0.4849710093587034 0.5025562264861029 0.5112925380545753 0.4889710093587034 9
5.3398321903059 0.4985545499921399 0.5072635793960795 0.4849468785359735 0.5025545499921399 0.5112635793960795 0.4889468785359735 9
5.3191574374925 0.49855280658183065 0.5072346547657071 0.4849228395839119 0.5025528065818307 0.5112346547657071 0.4889228395839119 9
5.2986500938818 0.49855106958172113 0.5072058576828605 0.4848987975443582 0.5025510695817211 0.5112058576828605 0.4888987975443582 9
5.2783060983026 0.49854923105228843 0.5071772042958227 0.4848746521341423 0.5025492310522884 0.5111772042958227 0.48887465213414233 9
5.2581243704102 0.4985473145906065 0.5071486027865778 0.4848504078613118 0.5025473145906065 0.5111486027865778 0.4888504078613118 9
5.2381037238371 0.4985454148069469 0.5071199999211747 0.48482609751299177 0.5025454148069469 0.5111199999211747 0.4888260975129918 9
5.2182421123361 0.4985434348279091 0.5070913957788771 0.484801761486854 0.5025434348279091 0.5110913957788771 0.488801761486854 9
5.1985364939115 0.49854150075478865 0.5070628559852268 0.48477751329136076 0.5025415007547887 0.5110628559852268 0.48877751329136077 9
5.1789841577134 0.49853953262780826 0.5070343921154866 0.48475349025459663 0.5025395326278083 0.5110343921154866 0.48875349025459663 9
5.1595849588013 0.49853766070003647 0.5070059954339926 0.4847296373920318 0.5025376607000365 0.5110059954339926 0.4887296373920318 9
5.1403369881188 0.4985357855161747 0.5069776632342694 0.4847059307160676 0.5025357855161747 0.5109776632342694 0.4887059307160676 9
5.1212383691729 0.4985338592770363 0.506949346028591 0.48468237228752387 0.5025338592770363 0.510949346028591 0.48868237228752387 9
5.1022845388415 0.498531914422767 0.5069210376419989 0.4846589523195217 0.502531914422767 0.5109210376419989 0.4886589523195217 9
5.0834763219681 0.49852987226823164 0.5068926858180034 0.48463569460574696 0.5025298722682316 0.5108926858180034 0.48863569460574696 9
5.0648120457982 0.49852768354619004 0.5068643460765941 0.4846126091967392 0.50252768354619 0.5108643460765941 0.4886126091967392 9
5.0462899568069 0.49852541155137275 0.5068360688985482 0.4845896798406373 0.5025254115513728 0.5108360688985482 0.4885896798406373 9
5.027907003054 0.49852314036752 0.5068078365362959 0.4845668125766947 0.50252314036752 0.5108078365362959 0.4885668125766947 9
5.0096613111284 0.4985208608627085 0.5067796774553702 0.48454392542357994 0.5025208608627085 0.5107796774553702 0.48854392542357994 9
4.9915537094735 0.498518531064411 0.5067516372602086 0.484520996105207 0.502518531064411 0.5107516372602086 0.488520996105207 9
4.9735796746086 0.4985162084516461 0.5067236526734765 0.48449796713203147 0.5025162084516461 0.5107236526734765 0.4884979671320315 9
4.9557404757496 0.49851386548217647 0.5066956355767291 0.4844748828828469 0.5025138654821765 0.5106956355767291 0.4884748828828469 9
4.9380310525019 0.49851148858608674 0.506667505914102 0.4844518183869039 0.5025114885860867 0.510667505914102 0.4884518183869039 9
4.9204520263699 0.498509099120811 0.5066393297607091 0.4844289626274295 0.502509099120811 0.5106393297607091 0.4884289626274295 9
4.9030022186814 0.4985067003365623 0.506611184229806 0.48440625693855205 0.5025067003365623 0.510611184229806 0.48840625693855205 9
4.8856801172535 0.49850425402300624 0.5065830955526723 0.4843836611191059 0.5025042540230062 0.5105830955526723 0.4883836611191059 9
4.8684836794612 0.49850180580371006 0.5065551087892854 0.48436119493854213 0.5025018058037101 0.5105551087892855 0.48836119493854213 9
4.8514096704994 0.4984994046446085 0.5065272313411925 0.48433878195358976 0.5024994046446085 0.5105272313411925 0.48833878195358976 9
4.834459003746 0.4984969949476292 0.506499384493478 0.48431638952172235 0.5024969949476292 0.510499384493478 0.48831638952172235 9
4.8176302606012 0.4984945153283594 0.506471551102191 0.4842939763085448 0.5024945153283594 0.510471551102191 0.4882939763085448 9
4.8009220447965 0.49849196015903185 0.5064437304483144 0.4842715211008655 0.5024919601590319 0.5104437304483144 0.4882715211008655 9
4.784331787004 0.49848930110837675 0.506415920057974 0.48424900123015047 0.5024893011083768 0.510415920057974 0.48824900123015047 9
4.7678576311648 0.49848656249239987 0.5063881308850606 0.48422635592556473 0.5024865624923999 0.5103881308850606 0.48822635592556474 9
4.7514999721025 0.49848374198034573 0.5063603835378488 0.48420361220683067 0.5024837419803457 0.5103603835378488 0.4882036122068307 9
4.7352574981467 0.4984809013963428 0.5063326729581855 0.4841808636473653 0.5024809013963428 0.5103326729581855 0.4881808636473653 9
4.719128917842 0.4984779956199995 0.5063049948948597 0.4841581010890553 0.5024779956199995 0.5103049948948597 0.48815810108905533 9
4.7031114062749 0.49847502033292423 0.5062773229720443 0.4841353496778777 0.5024750203329242 0.5102773229720443 0.4881353496778777 9
4.6872039085764 0.49847209106766244 0.506249641652715 0.48411254336016046 0.5024720910676624 0.510249641652715 0.48811254336016047 9
4.6714065757758 0.49846908006831725 0.5062224762186257 0.4840898303703195 0.5024690800683173 0.5102224762186257 0.4880898303703195 9
4.6557181930564 0.4984658116121612 0.5061960954555405 0.48406739118180087 0.5024658116121612 0.5101960954555405 0.48806739118180087 9
4.6401375639397 0.49846233609096546 0.5061699995139928 0.48404498545320135 0.5024623360909655 0.5101699995139928 0.48804498545320135 9
4.6246618908247 0.4984586391192267 0.5061439420465376 0.4840226370973707 0.5024586391192267 0.5101439420465376 0.4880226370973707 9
4.609290322647 0.498454714017986 0.5061177836750782 0.48400027683756 0.502454714017986 0.5101177836750782 0.48800027683756 9
4.5940230530324 0.49845068253331004 0.5060915750641846 0.4839778259041814 0.50245068253331 0.5100915750641846 0.48797782590418143 9
4.5788589550727 0.4984466132482832 0.506065257603906 0.4839552901638326 0.5024466132482832 0.510065257603906 0.4879552901638326 9
4.5637969185282 0.4984425386279372 0.5060387286785858 0.4839327292625249 0.5024425386279372 0.5100387286785858 0.4879327292625249 9
4.5488344688364 0.4984384696972157 0.5060121200665186 0.4839101569112825 0.5024384696972157 0.5100121200665186 0.4879101569112825 9
4.5339703389387 0.49843436986623646 0.505985479607176 0.48388755044280884 0.5024343698662365 0.509985479607176 0.48788755044280885 9
4.5192050641501 0.49843019498939656 0.5059588598474639 0.4838649270144375 0.5024301949893966 0.5099588598474639 0.4878649270144375 9
4.5045375975085 0.49842597088389573 0.5059322895515477 0.4838422274901305 0.5024259708838957 0.5099322895515477 0.4878422274901305 9
4.4899669072332 0.4984216321051531 0.505905785676271 0.4838194591625144 0.5024216321051531 0.509905785676271 0.4878194591625144 9
4.4754911514238 0.4984172211977157 0.5058793691939348 0.483796592109358 0.5024172211977157 0.5098793691939348 0.487796592109358 9
4.4611080022545 0.4984127575740743 0.505853034976173 0.4837736618863329 0.5024127575740743 0.509853034976173 0.4877736618863329 9
4.4468186496149 0.49840814989959914 0.505826724722071 0.4837506781708537 0.5024081498995991 0.509826724722071 0.4877506781708537 9
4.4326221193866 0.498403426565303 0.5058003676966841 0.4837276345651452 0.502403426565303 0.5098003676966841 0.48772763456514523 9
4.4185174513027 0.49839865347889933 0.5057740543252646 0.48370449637017754 0.5023986534788993 0.5097740543252646 0.48770449637017754 9
4.4045036986985 0.49839380599893357 0.5057478705154462 0.4836812398212039 0.5023938059989336 0.5097478705154462 0.4876812398212039 9
4.3905769868197 0.49838884138692685 0.5057218150719887 0.48365778168052587 0.5023888413869269 0.5097218150719887 0.48765778168052587 9
4.3767393017845 0.498383798770354 0.5056959643760476 0.48363406358073807 0.502383798770354 0.5096959643760476 0.4876340635807381 9
4.3629897980136 0.49837877618525994 0.5056702958393601 0.48361007941193374 0.50237877618526 0.5096702958393601 0.48761007941193374 9
4.3493275805421 0.4983738064221477 0.5056447916455983 0.48358584388954867 0.5023738064221477 0.5096447916455983 0.4875858438895487 9
4.3357517668425 0.498368871010923 0.5056194650214777 0.4835613219813496 0.502368871010923 0.5096194650214777 0.4875613219813496 9
4.3222597483625 0.4983639606612785 0.5055942247170733 0.48353653103162303 0.5023639606612785 0.5095942247170733 0.48753653103162303 9
4.3088511357715 0.4983591065397286 0.5055690395411218 0.4835114946921077 0.5023591065397286 0.5095690395411218 0.4875114946921077 9
4.2955263781795 0.49835430535238345 0.5055438891401002 0.4834861381308763 0.5023543053523835 0.5095438891401002 0.4874861381308763 9
4.2822846403544 0.49834953134180837 0.5055187175862083 0.4834604706214659 0.5023495313418084 0.5095187175862083 0.4874604706214659 9
4.2691250984564 0.49834480537168235 0.5054934890616033 0.48343450532075344 0.5023448053716824 0.5094934890616033 0.48743450532075344 9
4.256046765488 0.4983400780609043 0.5054681579980852 0.4834083228959836 0.5023400780609043 0.5094681579980852 0.4874083228959836 9
4.2430461473216 0.49833529335010496 0.5054427171918426 0.48338199746670724 0.502335293350105 0.5094427171918426 0.48738199746670724 9
4.230125346118 0.4983304775806714 0.5054171924733578 0.4833555562265364 0.5023304775806714 0.5094171924733578 0.4873555562265364 9
4.2172835813756 0.49832568308893843 0.5053915767687029 0.4833290805487884 0.5023256830889384 0.509391576768703 0.48732908054878843 9
4.2045200830444 0.4983208847671078 0.505365894911025 0.4833026286306628 0.5023208847671078 0.509365894911025 0.4873026286306628 9
4.1918340913492 0.49831606718203036 0.5053402180711745 0.483276294265119 0.5023160671820304 0.5093402180711745 0.487276294265119 9
4.1792235471624 0.49831132688282787 0.5053145642135993 0.4832500497746278 0.5023113268828279 0.5093145642135993 0.4872500497746278 9
4.1666872780132 0.49830664492127463 0.5052889314761551 0.4832238507279965 0.5023066449212746 0.5092889314761551 0.4872238507279965 9
4.1542263217858 0.49830203358649383 0.5052633006896485 0.48319764792116354 0.5023020335864938 0.5092633006896485 0.48719764792116355 9
4.1418399578098 0.4982975212130203 0.5052377161826273 0.48317140894028177 0.5022975212130203 0.5092377161826273 0.48717140894028177 9
4.1295274748596 0.4982930951474218 0.5052122254691677 0.4831451517617344 0.5022930951474218 0.5092122254691677 0.4871451517617344 9
4.1172881709967 0.4982887974637491 0.5051868841380717 0.4831188162985218 0.5022887974637491 0.5091868841380717 0.48711881629852183 9
4.1051192542267 0.4982846355207521 0.5051616887333171 0.48309238120241793 0.5022846355207521 0.5091616887333171 0.48709238120241793 9
4.0930211737232 0.4982806033520103 0.5051366373117504 0.4830659054800324 0.5022806033520103 0.5091366373117504 0.4870659054800324 9
4.0809942459588 0.4982766936018007 0.5051117192791719 0.48303935283650706 0.5022766936018007 0.5091117192791719 0.48703935283650707 9
4.0690378043587 0.4982728632189237 0.5050869032153643 0.483012741457143 0.5022728632189237 0.5090869032153643 0.487012741457143 9
4.0571511909009 0.49826911316437494 0.505062192736859 0.4829860877240904 0.502269113164375 0.509062192736859 0.4869860877240904 9
4.0453337559766 0.4982653980306362 0.5050375551918949 0.4829594197219072 0.5022653980306362 0.5090375551918949 0.4869594197219072 9
4.0335823263733 0.4982617827993694 0.5050129961597344 0.4829327802395835 0.5022617827993694 0.5090129961597344 0.48693278023958353 9
4.021898250315 0.4982583064899454 0.5049885795009302 0.4829062259909728 0.5022583064899454 0.5089885795009302 0.48690622599097283 9
4.0102814779793 0.4982550244795987 0.5049642745681472 0.482879839658986 0.5022550244795987 0.5089642745681472 0.486879839658986 9
3.9987324166792 0.4982519241074489 0.5049401281198777 0.48285371047981146 0.5022519241074489 0.5089401281198777 0.48685371047981146 9
