8.1330643194892 0.499098180264439 0.510451524436443 0.487748888061281 0.502098180264439 0.513451524436443 0.490748888061281 9
8.1330643194892 0.499098180264439 0.510451524436443 0.487748888061281 0.502098180264439 0.513451524436443 0.490748888061281 9
8.0818843214791 0.499097546488855 0.510417501520166 0.487717935606337 0.502097546488855 0.513417501520166 0.490717935606337 9
8.0818843214791 0.499097546488855 0.510417501520166 0.487717935606337 0.502097546488855 0.513417501520166 0.490717935606337 9
8.0314148869044 0.499097017829379 0.510383746674182 0.487686950761432 0.502097017829379 0.513383746674182 0.490686950761432 9
8.0314148869044 0.499097017829379 0.510383746674182 0.487686950761432 0.502097017829379 0.513383746674182 0.490686950761432 9
7.9816419161148 0.499096342109825 0.510350056000506 0.487656146451503 0.502096342109825 0.513350056000506 0.490656146451503 9
7.9816419161148 0.499096342109825 0.510350056000506 0.487656146451503 0.502096342109825 0.513350056000506 0.490656146451503 9
7.9325417101846 0.499095873149435 0.510316282405652 0.48762584073318 0.502095873149435 0.513316282405652 0.49062584073318 9
7.9325417101846 0.499095873149435 0.510316282405652 0.48762584073318 0.502095873149435 0.513316282405652 0.49062584073318 9
7.8841093256458 0.499095427748149 0.510282528058505 0.487595624061911 0.502095427748149 0.513282528058505 0.490595624061911 9
7.8841093256458 0.499095427748149 0.510282528058505 0.487595624061911 0.502095427748149 0.513282528058505 0.490595624061911 9
7.8363256870345 0.499094986541991 0.510248840331236 0.487565553507405 0.502094986541991 0.513248840331236 0.490565553507405 9
7.8363256870345 0.499094986541991 0.510248840331236 0.487565553507405 0.502094986541991 0.513248840331236 0.490565553507405 9
7.7891789670368 0.499094562489105 0.510215393113485 0.487535635094006 0.502094562489105 0.513215393113485 0.490535635094006 9
7.7891789670368 0.499094562489105 0.510215393113485 0.487535635094006 0.502094562489105 0.513215393113485 0.490535635094006 9
7.7426543516668 0.499094161401397 0.510182082740726 0.487505744324856 0.502094161401397 0.513182082740726 0.490505744324856 9
7.7426543516668 0.499094161401397 0.510182082740726 0.487505744324856 0.502094161401397 0.513182082740726 0.490505744324856 9
7.6967390981526 0.499093714917911 0.510148801116537 0.487475979246096 0.502093714917911 0.513148801116537 0.490475979246096 9
7.6967390981526 0.499093714917911 0.510148801116537 0.487475979246096 0.502093714917911 0.513148801116537 0.490475979246096 9
7.6514215382762 0.499093266245633 0.510115610667784 0.487446341363391 0.502093266245633 0.513115610667784 0.490446341363391 9
7.6514215382762 0.499093266245633 0.510115610667784 0.487446341363391 0.502093266245633 0.513115610667784 0.490446341363391 9
7.6066870985632 0.499092860016595 0.510082556167647 0.487416898830313 0.502092860016595 0.513082556167647 0.490416898830313 9
7.6066870985632 0.499092860016595 0.510082556167647 0.487416898830313 0.502092860016595 0.513082556167647 0.490416898830313 9
7.56252588351 0.499092450225496 0.510049719610837 0.487387502145384 0.502092450225497 0.513049719610837 0.490387502145384 9
7.56252588351 0.499092450225496 0.510049719610837 0.487387502145384 0.502092450225497 0.513049719610837 0.490387502145384 9
7.5189257900861 0.499092086475861 0.510016840907075 0.487358202189564 0.502092086475861 0.513016840907075 0.490358202189564 9
7.5189257900861 0.499092086475861 0.510016840907075 0.487358202189564 0.502092086475861 0.513016840907075 0.490358202189564 9
7.4758742805379 0.499091726683789 0.509984152484941 0.48732896647649 0.502091726683789 0.512984152484941 0.49032896647649 9
7.4758742805379 0.499091726683789 0.509984152484941 0.48732896647649 0.502091726683789 0.512984152484941 0.49032896647649 9
7.4333621571324 0.499091324883431 0.509951562409872 0.487299828524985 0.502091324883431 0.512951562409872 0.490299828524985 9
7.4333621571324 0.499091324883431 0.509951562409872 0.487299828524985 0.502091324883431 0.512951562409872 0.490299828524985 9
7.3913774665521 0.49909095587793 0.509919054521655 0.487270750677189 0.50209095587793 0.512919054521655 0.490270750677189 9
7.3913774665521 0.49909095587793 0.509919054521655 0.487270750677189 0.50209095587793 0.512919054521655 0.490270750677189 9
7.349909823956 0.499090595376382 0.50988662976125 0.487241818173956 0.502090595376382 0.512886629761251 0.490241818173956 9
7.349909823956 0.499090595376382 0.50988662976125 0.487241818173956 0.502090595376382 0.512886629761251 0.490241818173956 9
7.3089502830204 0.499090184323233 0.509854461893742 0.487212954210983 0.502090184323233 0.512854461893742 0.490212954210983 9
7.3089502830204 0.499090184323233 0.509854461893742 0.487212954210983 0.502090184323233 0.512854461893742 0.490212954210983 9
7.2684872391571 0.499089903241519 0.509822367115912 0.487184152947533 0.502089903241519 0.512822367115912 0.490184152947533 9
7.2684872391571 0.499089903241519 0.509822367115912 0.487184152947533 0.502089903241519 0.512822367115912 0.490184152947533 9
7.2285121024239 0.499089635334117 0.509790290047418 0.487155571373696 0.502089635334118 0.512790290047419 0.490155571373696 9
7.2285121024239 0.499089635334117 0.509790290047418 0.487155571373696 0.502089635334118 0.512790290047419 0.490155571373696 9
7.1890162272408 0.499089314859106 0.509758179290729 0.487127005535644 0.502089314859106 0.512758179290729 0.490127005535644 9
7.1890162272408 0.499089314859106 0.509758179290729 0.487127005535644 0.502089314859106 0.512758179290729 0.490127005535644 9
7.1499884119886 0.499089010617486 0.509726173821598 0.48709848011688 0.502089010617486 0.512726173821598 0.49009848011688 9
7.1499884119886 0.499089010617486 0.509726173821598 0.48709848011688 0.502089010617486 0.512726173821598 0.49009848011688 9
7.1114215058699 0.499088667243622 0.509694201496785 0.487070086337789 0.502088667243622 0.512694201496785 0.490070086337789 9
7.1114215058699 0.499088667243622 0.509694201496785 0.487070086337789 0.502088667243622 0.512694201496785 0.490070086337789 9
7.0733072276286 0.499088297801022 0.50966226751871 0.487041728952451 0.502088297801022 0.51266226751871 0.490041728952451 9
7.0733072276286 0.499088297801022 0.50966226751871 0.487041728952451 0.502088297801022 0.51266226751871 0.490041728952451 9
7.0356348473542 0.499087975891094 0.509630426543228 0.487013519152459 0.502087975891094 0.512630426543228 0.490013519152459 9
7.0356348473542 0.499087975891094 0.509630426543228 0.487013519152459 0.502087975891094 0.512630426543228 0.490013519152459 9
6.9984018395066 0.499087658456976 0.509598664726524 0.486985388073703 0.502087658456976 0.512598664726524 0.489985388073703 9
6.9984018395066 0.499087658456976 0.509598664726524 0.486985388073703 0.502087658456976 0.512598664726524 0.489985388073703 9
6.9615897368687 0.499087262059319 0.509566971956806 0.486957291774376 0.502087262059319 0.512566971956806 0.489957291774376 9
6.9615897368687 0.499087262059319 0.509566971956806 0.486957291774376 0.502087262059319 0.512566971956806 0.489957291774376 9
6.9251989919202 0.499086976082709 0.509535286404387 0.48692929325554 0.502086976082709 0.512535286404387 0.48992929325554 9
6.9251989919202 0.499086976082709 0.509535286404387 0.48692929325554 0.502086976082709 0.512535286404387 0.48992929325554 9
6.889220717047 0.499086717781794 0.509503765736846 0.48690151971714 0.502086717781794 0.512503765736846 0.48990151971714 9
6.889220717047 0.499086717781794 0.509503765736846 0.48690151971714 0.502086717781794 0.512503765736846 0.48990151971714 9
6.8536476043573 0.499086345199266 0.50947228428733 0.486873870974771 0.502086345199266 0.51247228428733 0.489873870974771 9
6.8536476043573 0.499086345199266 0.50947228428733 0.486873870974771 0.502086345199266 0.51247228428733 0.489873870974771 9
6.8184701284878 0.499085986858569 0.50944088438864 0.486846152540166 0.502085986858569 0.51244088438864 0.489846152540166 9
6.8184701284878 0.499085986858569 0.50944088438864 0.486846152540166 0.502085986858569 0.51244088438864 0.489846152540166 9
6.7836833043465 0.499085688130825 0.509409608923902 0.486818460768509 0.502085688130825 0.512409608923902 0.489818460768509 9
6.7836833043465 0.499085688130825 0.509409608923902 0.486818460768509 0.502085688130825 0.512409608923902 0.489818460768509 9
6.7492804580935 0.499085318962258 0.509378349474373 0.48679092786703 0.502085318962258 0.512378349474373 0.48979092786703 9
6.7492804580935 0.499085318962258 0.509378349474373 0.48679092786703 0.502085318962258 0.512378349474373 0.48979092786703 9
6.7152528236759 0.499085025581174 0.509347197205199 0.486763427569411 0.502085025581174 0.512347197205199 0.489763427569411 9
6.7152528236759 0.499085025581174 0.509347197205199 0.486763427569411 0.502085025581174 0.512347197205199 0.489763427569411 9
6.6815954030677 0.499084897872061 0.509316043515024 0.486736025035957 0.502084897872061 0.512316043515024 0.489736025035957 9
6.6815954030677 0.499084897872061 0.509316043515024 0.486736025035957 0.502084897872061 0.512316043515024 0.489736025035957 9
6.6483022721564 0.499084755175228 0.509284951378197 0.486708813415409 0.502084755175228 0.512284951378197 0.489708813415409 9
6.6483022721564 0.499084755175228 0.509284951378197 0.486708813415409 0.502084755175228 0.512284951378197 0.489708813415409 9
6.6153655461906 0.499084461802736 0.509253995347018 0.486681693298934 0.502084461802736 0.512253995347018 0.489681693298934 9
6.6153655461906 0.499084461802736 0.509253995347018 0.486681693298934 0.502084461802736 0.512253995347018 0.489681693298934 9
6.58277983259 0.499084165135707 0.509222974291798 0.486654688435132 0.502084165135707 0.512222974291798 0.489654688435132 9
6.58277983259 0.499084165135707 0.509222974291798 0.486654688435132 0.502084165135707 0.512222974291798 0.489654688435132 9
6.5505400847295 0.499083871761662 0.509191997581602 0.486627713181825 0.502083871761662 0.512191997581602 0.489627713181825 9
6.5505400847295 0.499083871761662 0.509191997581602 0.486627713181825 0.502083871761662 0.512191997581602 0.489627713181825 9
6.5186394340621 0.499083637878857 0.509161196364609 0.486600754959396 0.502083637878857 0.512161196364609 0.489600754959396 9
6.5186394340621 0.499083637878857 0.509161196364609 0.486600754959396 0.502083637878857 0.512161196364609 0.489600754959396 9
6.4870717002914 0.499083422186595 0.509130415028962 0.48657390003377 0.502083422186595 0.512130415028962 0.48957390003377 9
6.4870717002914 0.499083422186595 0.509130415028962 0.48657390003377 0.502083422186595 0.512130415028962 0.48957390003377 9
6.455832854524 0.499083202951941 0.50909970771853 0.486547107496108 0.502083202951941 0.512099707718531 0.489547107496108 9
6.455832854524 0.499083202951941 0.50909970771853 0.486547107496108 0.502083202951941 0.512099707718531 0.489547107496108 9
6.4249171923139 0.499082981130026 0.509069090858974 0.486520428178873 0.502082981130026 0.512069090858974 0.489520428178873 9
6.4249171923139 0.499082981130026 0.509069090858974 0.486520428178873 0.502082981130026 0.512069090858974 0.489520428178873 9
6.394317339037 0.499082756599058 0.50903852782915 0.486493806082214 0.502082756599058 0.51203852782915 0.489493806082214 9
6.394317339037 0.499082756599058 0.50903852782915 0.486493806082214 0.502082756599058 0.51203852782915 0.489493806082214 9
6.3640304364049 0.499082550798745 0.509008014713909 0.48646731991789 0.502082550798745 0.512008014713909 0.48946731991789 9
6.3640304364049 0.499082550798745 0.509008014713909 0.48646731991789 0.502082550798745 0.512008014713909 0.48946731991789 9
6.3340513962328 0.499082429161541 0.508977454528707 0.486440907305406 0.502082429161541 0.511977454528708 0.489440907305406 9
6.3340513962328 0.499082429161541 0.508977454528707 0.486440907305406 0.502082429161541 0.511977454528708 0.489440907305406 9
6.3043733543713 0.499082299760932 0.508946921883086 0.486414638348125 0.502082299760932 0.511946921883086 0.489414638348125 9
6.3043733543713 0.499082299760932 0.508946921883086 0.486414638348125 0.502082299760932 0.511946921883086 0.489414638348125 9
6.2749926621466 0.499082181088228 0.508916484910185 0.486388449284022 0.502082181088228 0.511916484910185 0.489388449284022 9
6.2749926621466 0.499082181088228 0.508916484910185 0.486388449284022 0.502082181088228 0.511916484910185 0.489388449284022 9
6.2459052693099 0.499082127603231 0.508886034130387 0.486362365814193 0.502082127603231 0.511886034130387 0.489362365814193 9
6.2459052693099 0.499082127603231 0.508886034130387 0.486362365814193 0.502082127603231 0.511886034130387 0.489362365814193 9
6.2171057683393 0.499081914662626 0.508855660957401 0.486336379920428 0.502081914662627 0.511855660957401 0.489336379920428 9
6.2171057683393 0.499081914662626 0.508855660957401 0.486336379920428 0.502081914662627 0.511855660957401 0.489336379920428 9
6.1885885138638 0.499081742941989 0.508825369130509 0.486310449801372 0.502081742941989 0.511825369130509 0.489310449801372 9
6.1885885138638 0.499081742941989 0.508825369130509 0.486310449801372 0.502081742941989 0.511825369130509 0.489310449801372 9
6.1603509286601 0.499081632340487 0.508795113827614 0.486284597340108 0.502081632340488 0.511795113827614 0.489284597340108 9
6.1603509286601 0.499081632340487 0.508795113827614 0.486284597340108 0.502081632340488 0.511795113827614 0.489284597340108 9
6.1323886514927 0.499081503360098 0.508764803800802 0.486258731305706 0.502081503360098 0.511764803800802 0.489258731305706 9
6.1323886514927 0.499081503360098 0.508764803800802 0.486258731305706 0.502081503360098 0.511764803800802 0.489258731305706 9
6.104695379329 0.499081366358587 0.508734572726775 0.486232886918094 0.502081366358587 0.511734572726775 0.489232886918094 9
6.104695379329 0.499081366358587 0.508734572726775 0.486232886918094 0.502081366358587 0.511734572726775 0.489232886918094 9
6.0772684074498 0.499081271782482 0.508704352338153 0.48620718882109 0.502081271782482 0.511704352338153 0.48920718882109 9
6.0772684074498 0.499081271782482 0.508704352338153 0.48620718882109 0.502081271782482 0.511704352338153 0.48920718882109 9
6.0501042425386 0.499081113517829 0.508674194421382 0.486181601573579 0.502081113517829 0.511674194421382 0.489181601573579 9
6.0501042425386 0.499081113517829 0.508674194421382 0.486181601573579 0.502081113517829 0.511674194421382 0.489181601573579 9
6.0231983798081 0.499080979338108 0.508644011291848 0.486156027884515 0.502080979338108 0.511644011291848 0.489156027884515 9
6.0231983798081 0.499080979338108 0.508644011291848 0.486156027884515 0.502080979338108 0.511644011291848 0.489156027884515 9
5.9965475703719 0.499080920642114 0.508613831821882 0.486130564222677 0.502080920642114 0.511613831821882 0.489130564222677 9
5.9965475703719 0.499080920642114 0.508613831821882 0.486130564222677 0.502080920642114 0.511613831821882 0.489130564222677 9
5.9701432208965 0.499080860068964 0.508583629443068 0.486105164743127 0.502080860068964 0.511583629443068 0.489105164743127 9
5.9701432208965 0.499080860068964 0.508583629443068 0.486105164743127 0.502080860068964 0.511583629443068 0.489105164743127 9
5.9439884934335 0.499080881153074 0.508553510190772 0.48607993083457 0.502080881153074 0.511553510190772 0.48907993083457 9
5.9439884934335 0.499080881153074 0.508553510190772 0.48607993083457 0.502080881153074 0.511553510190772 0.48907993083457 9
5.9180759873356 0.499080820809429 0.508523462260067 0.486054791125988 0.502080820809429 0.511523462260067 0.489054791125988 9
5.9180759873356 0.499080820809429 0.508523462260067 0.486054791125988 0.502080820809429 0.511523462260067 0.489054791125988 9
5.89240226686 0.499080695449672 0.508493522038692 0.486029574296572 0.502080695449672 0.511493522038693 0.489029574296572 9
5.89240226686 0.499080695449672 0.508493522038692 0.486029574296572 0.502080695449672 0.511493522038693 0.489029574296572 9
5.8669650638089 0.499080558164819 0.508463599518083 0.486004378414391 0.502080558164819 0.511463599518083 0.489004378414391 9
5.8669650638089 0.499080558164819 0.508463599518083 0.486004378414391 0.502080558164819 0.511463599518083 0.489004378414391 9
5.8417609124107 0.499080395908491 0.508433684008084 0.485979323089795 0.502080395908491 0.511433684008084 0.488979323089795 9
5.8417609124107 0.499080395908491 0.508433684008084 0.485979323089795 0.502080395908491 0.511433684008084 0.488979323089795 9
5.8167842956069 0.499080233847412 0.508403718735669 0.485954389221183 0.502080233847412 0.511403718735669 0.488954389221183 9
5.8167842956069 0.499080233847412 0.508403718735669 0.485954389221183 0.502080233847412 0.511403718735669 0.488954389221183 9
5.7920334747095 0.499080094430184 0.508373803020092 0.485929421377197 0.502080094430184 0.511373803020093 0.488929421377197 9
5.7920334747095 0.499080094430184 0.508373803020092 0.485929421377197 0.502080094430184 0.511373803020093 0.488929421377197 9
5.767505751253 0.499079930280937 0.508343805268838 0.485904408539406 0.502079930280937 0.511343805268838 0.488904408539406 9
5.767505751253 0.499079930280937 0.508343805268838 0.485904408539406 0.502079930280937 0.511343805268838 0.488904408539406 9
5.7431979262941 0.499079722706409 0.50831377791033 0.48587946498664 0.502079722706409 0.51131377791033 0.48887946498664 9
5.7431979262941 0.499079722706409 0.50831377791033 0.48587946498664 0.502079722706409 0.51131377791033 0.48887946498664 9
5.7191042306574 0.499079390097354 0.508283768285092 0.485854615261298 0.502079390097354 0.511283768285092 0.488854615261298 9
5.7191042306574 0.499079390097354 0.508283768285092 0.485854615261298 0.502079390097354 0.511283768285092 0.488854615261298 9
5.695224191153 0.499078942646349 0.508253639928932 0.485829741151537 0.502078942646349 0.511253639928932 0.488829741151537 9
5.695224191153 0.499078942646349 0.508253639928932 0.485829741151537 0.502078942646349 0.511253639928932 0.488829741151537 9
5.6715548563947 0.499078339115625 0.508223578915599 0.485804859901365 0.502078339115625 0.511223578915599 0.488804859901365 9
5.6715548563947 0.499078339115625 0.508223578915599 0.485804859901365 0.502078339115625 0.511223578915599 0.488804859901365 9
5.6480930437119 0.499077456956356 0.508193670269372 0.48577996608537 0.502077456956356 0.511193670269372 0.48877996608537 9
5.6480930437119 0.499077456956356 0.508193670269372 0.48577996608537 0.502077456956356 0.511193670269372 0.48877996608537 9
5.6248335895041 0.499076442439744 0.508164274402126 0.485755088187461 0.502076442439744 0.511164274402126 0.488755088187461 9
5.6248335895041 0.499076442439744 0.508164274402126 0.485755088187461 0.502076442439744 0.511164274402126 0.488755088187461 9
5.6017761687059 0.499075646189619 0.508134967924037 0.485730170541991 0.502075646189619 0.511134967924037 0.488730170541991 9
5.6017761687059 0.499075646189619 0.508134967924037 0.485730170541991 0.502075646189619 0.511134967924037 0.488730170541991 9
5.5789179892623 0.499074781588703 0.508105626777501 0.485705361204581 0.502074781588703 0.511105626777501 0.488705361204581 9
5.5789179892623 0.499074781588703 0.508105626777501 0.485705361204581 0.502074781588703 0.511105626777501 0.488705361204581 9
5.5562560161217 0.499073871918328 0.508076414975164 0.485680625464179 0.502073871918328 0.511076414975164 0.488680625464179 9
5.5562560161217 0.499073871918328 0.508076414975164 0.485680625464179 0.502073871918328 0.511076414975164 0.488680625464179 9
5.5337854228291 0.499072895388257 0.508047201199801 0.485655872708188 0.502072895388257 0.511047201199801 0.488655872708188 9
5.5337854228291 0.499072895388257 0.508047201199801 0.485655872708188 0.502072895388257 0.511047201199801 0.488655872708188 9
5.5115060388609 0.499071833613944 0.508018076111657 0.485631066412062 0.502071833613944 0.511018076111657 0.488631066412062 9
5.5115060388609 0.499071833613944 0.508018076111657 0.485631066412062 0.502071833613944 0.511018076111657 0.488631066412062 9
5.4894152752971 0.49907075024042 0.507988975904911 0.485606171161193 0.50207075024042 0.510988975904911 0.488606171161193 9
5.4894152752971 0.49907075024042 0.507988975904911 0.485606171161193 0.50207075024042 0.510988975904911 0.488606171161193 9
5.4675104519837 0.499069657681382 0.507959781330521 0.485581266637155 0.502069657681382 0.510959781330521 0.488581266637155 9
5.4675104519837 0.499069657681382 0.507959781330521 0.485581266637155 0.502069657681382 0.510959781330521 0.488581266637155 9
5.4457866023531 0.499068445268027 0.50793058828758 0.485556474716459 0.502068445268027 0.51093058828758 0.488556474716459 9
5.4457866023531 0.499068445268027 0.50793058828758 0.485556474716459 0.502068445268027 0.51093058828758 0.488556474716459 9
5.4242439216841 0.499067135868608 0.5079014305817 0.485531793726434 0.502067135868608 0.5109014305817 0.488531793726434 9
5.4242439216841 0.499067135868608 0.5079014305817 0.485531793726434 0.502067135868608 0.5109014305817 0.488531793726434 9
5.4028800057157 0.499065702218151 0.507872338118486 0.485507148097292 0.502065702218151 0.510872338118486 0.488507148097292 9
5.4028800057157 0.499065702218151 0.507872338118486 0.485507148097292 0.502065702218151 0.510872338118486 0.488507148097292 9
5.3816924938323 0.499064152880524 0.507843374475625 0.485482543996998 0.502064152880525 0.510843374475625 0.488482543996998 9
5.3816924938323 0.499064152880524 0.507843374475625 0.485482543996998 0.502064152880525 0.510843374475625 0.488482543996998 9
5.3606765485932 0.49906256876464 0.507814406451477 0.485457988506965 0.50206256876464 0.510814406451477 0.488457988506965 9
5.3606765485932 0.49906256876464 0.507814406451477 0.485457988506965 0.50206256876464 0.510814406451477 0.488457988506965 9
5.3398321903059 0.499060896940776 0.507785530279627 0.485433470920814 0.502060896940776 0.510785530279627 0.488433470920814 9
5.3398321903059 0.499060896940776 0.507785530279627 0.485433470920814 0.502060896940776 0.510785530279627 0.488433470920814 9
5.3191574374925 0.499059231675673 0.507756689837439 0.485409013605226 0.502059231675673 0.510756689837439 0.488409013605226 9
5.3191574374925 0.499059231675673 0.507756689837439 0.485409013605226 0.502059231675673 0.510756689837439 0.488409013605226 9
5.2986500938818 0.499057506534908 0.50772794196759 0.485384621144447 0.502057506534908 0.51072794196759 0.488384621144447 9
5.2986500938818 0.499057506534908 0.50772794196759 0.485384621144447 0.502057506534908 0.51072794196759 0.488384621144447 9
5.2783060983026 0.499055781347619 0.507699275284603 0.485360284054073 0.50205578134762 0.510699275284603 0.488360284054073 9
5.2783060983026 0.499055781347619 0.507699275284603 0.485360284054073 0.50205578134762 0.510699275284603 0.488360284054073 9
5.2581243704102 0.499053985406896 0.50767065791478 0.485336029180876 0.502053985406896 0.51067065791478 0.488336029180876 9
5.2581243704102 0.499053985406896 0.50767065791478 0.485336029180876 0.502053985406896 0.51067065791478 0.488336029180876 9
5.2381037238371 0.499052065236775 0.507642222053418 0.485311908119706 0.502052065236775 0.510642222053418 0.488311908119706 9
5.2381037238371 0.499052065236775 0.507642222053418 0.485311908119706 0.502052065236775 0.510642222053418 0.488311908119706 9
5.2182421123361 0.499049997262771 0.507613773770196 0.485287880007618 0.502049997262771 0.510613773770196 0.488287880007618 9
5.2182421123361 0.499049997262771 0.507613773770196 0.485287880007618 0.502049997262771 0.510613773770196 0.488287880007618 9
5.1985364939115 0.499047834796243 0.507585415171784 0.485264036483784 0.502047834796243 0.510585415171784 0.488264036483784 9
5.1985364939115 0.499047834796243 0.507585415171784 0.485264036483784 0.502047834796243 0.510585415171784 0.488264036483784 9
5.1789841577134 0.499045644457491 0.507557088423402 0.485240299512801 0.502045644457491 0.510557088423402 0.488240299512801 9
5.1789841577134 0.499045644457491 0.507557088423402 0.485240299512801 0.502045644457491 0.510557088423402 0.488240299512801 9
5.1595849588013 0.499043363047191 0.507528761793391 0.485216665555276 0.502043363047191 0.510528761793391 0.488216665555276 9
5.1595849588013 0.499043363047191 0.507528761793391 0.485216665555276 0.502043363047191 0.510528761793391 0.488216665555276 9
5.1403369881188 0.499041086787145 0.507500430779698 0.485193210550679 0.502041086787145 0.510500430779698 0.488193210550679 9
5.1403369881188 0.499041086787145 0.507500430779698 0.485193210550679 0.502041086787145 0.510500430779698 0.488193210550679 9
5.1212383691729 0.499038846205152 0.507472023864677 0.485169870636828 0.502038846205152 0.510472023864677 0.488169870636828 9
5.1212383691729 0.499038846205152 0.507472023864677 0.485169870636828 0.502038846205152 0.510472023864677 0.488169870636828 9
5.1022845388415 0.499036611176041 0.507443625930625 0.485146633282507 0.502036611176041 0.510443625930625 0.488146633282507 9
5.1022845388415 0.499036611176041 0.507443625930625 0.485146633282507 0.502036611176041 0.510443625930625 0.488146633282507 9
5.0834763219681 0.499034477829959 0.507415349931189 0.485123507367269 0.502034477829959 0.510415349931189 0.488123507367269 9
5.0834763219681 0.499034477829959 0.507415349931189 0.485123507367269 0.502034477829959 0.510415349931189 0.488123507367269 9
5.0648120457982 0.499032361595308 0.507387095347208 0.485100477626894 0.502032361595308 0.510387095347208 0.488100477626894 9
5.0648120457982 0.499032361595308 0.507387095347208 0.485100477626894 0.502032361595308 0.510387095347208 0.488100477626894 9
5.0462899568069 0.499030132768882 0.507358750358542 0.485077456792209 0.502030132768882 0.510358750358542 0.488077456792209 9
5.0462899568069 0.499030132768882 0.507358750358542 0.485077456792209 0.502030132768882 0.510358750358542 0.488077456792209 9
5.027907003054 0.499027917250153 0.507330503094721 0.485054455402471 0.502027917250153 0.510330503094721 0.488054455402471 9
5.027907003054 0.499027917250153 0.507330503094721 0.485054455402471 0.502027917250153 0.510330503094721 0.488054455402471 9
5.0096613111284 0.499025764425994 0.507302278445137 0.485031399799084 0.502025764425994 0.510302278445137 0.488031399799084 9
5.0096613111284 0.499025764425994 0.507302278445137 0.485031399799084 0.502025764425994 0.510302278445137 0.488031399799084 9
4.9915537094735 0.499023629427747 0.507274067634282 0.485008425051024 0.502023629427747 0.510274067634282 0.488008425051024 9
4.9915537094735 0.499023629427747 0.507274067634282 0.485008425051024 0.502023629427747 0.510274067634282 0.488008425051024 9
4.9735796746086 0.499021435137183 0.507245898725104 0.484985455147352 0.502021435137183 0.510245898725104 0.487985455147352 9
4.9735796746086 0.499021435137183 0.507245898725104 0.484985455147352 0.502021435137183 0.510245898725104 0.487985455147352 9
4.9557404757496 0.499019221670883 0.507217773707416 0.484962549526692 0.502019221670883 0.510217773707416 0.487962549526692 9
4.9557404757496 0.499019221670883 0.507217773707416 0.484962549526692 0.502019221670883 0.510217773707416 0.487962549526692 9
4.9380310525019 0.49901707796828 0.507189615033832 0.484939693934778 0.50201707796828 0.510189615033832 0.487939693934778 9
4.9380310525019 0.49901707796828 0.507189615033832 0.484939693934778 0.50201707796828 0.510189615033832 0.487939693934778 9
4.9204520263699 0.499014986572686 0.507161353751398 0.484916773304033 0.502014986572686 0.510161353751398 0.487916773304033 9
4.9204520263699 0.499014986572686 0.507161353751398 0.484916773304033 0.502014986572686 0.510161353751398 0.487916773304033 9
4.9030022186814 0.499012978625768 0.507133081096151 0.484893697728845 0.502012978625768 0.510133081096151 0.487893697728845 9
4.9030022186814 0.499012978625768 0.507133081096151 0.484893697728845 0.502012978625768 0.510133081096151 0.487893697728845 9
4.8856801172535 0.499011006043909 0.507104960199096 0.484870643093359 0.502011006043909 0.510104960199096 0.487870643093359 9
4.8856801172535 0.499011006043909 0.507104960199096 0.484870643093359 0.502011006043909 0.510104960199096 0.487870643093359 9
4.8684836794612 0.49900888164985 0.507077079893135 0.484847630782078 0.50200888164985 0.510077079893135 0.487847630782078 9
4.8684836794612 0.49900888164985 0.507077079893135 0.484847630782078 0.50200888164985 0.510077079893135 0.487847630782078 9
4.8514096704994 0.499006595458522 0.507049453070933 0.484824719259269 0.502006595458522 0.510049453070933 0.487824719259269 9
4.8514096704994 0.499006595458522 0.507049453070933 0.484824719259269 0.502006595458522 0.510049453070933 0.487824719259269 9
4.834459003746 0.499004121036774 0.507021923908794 0.484801857190402 0.502004121036774 0.510021923908795 0.487801857190402 9
4.834459003746 0.499004121036774 0.507021923908794 0.484801857190402 0.502004121036774 0.510021923908795 0.487801857190402 9
4.8176302606012 0.499001549170998 0.506994537982175 0.484779012038366 0.502001549170998 0.509994537982175 0.487779012038366 9
4.8176302606012 0.499001549170998 0.506994537982175 0.484779012038366 0.502001549170998 0.509994537982175 0.487779012038366 9
4.8009220447965 0.498998992276373 0.506967197863042 0.484756141739044 0.501998992276373 0.509967197863042 0.487756141739044 9
4.8009220447965 0.498998992276373 0.506967197863042 0.484756141739044 0.501998992276373 0.509967197863042 0.487756141739044 9
4.784331787004 0.498996329932076 0.50693979664629 0.484733266290943 0.501996329932076 0.50993979664629 0.487733266290943 9
4.784331787004 0.498996329932076 0.50693979664629 0.484733266290943 0.501996329932076 0.50993979664629 0.487733266290943 9
4.7678576311648 0.498993593673306 0.506912352176193 0.484710304250428 0.501993593673306 0.509912352176193 0.487710304250428 9
4.7678576311648 0.498993593673306 0.506912352176193 0.484710304250428 0.501993593673306 0.509912352176193 0.487710304250428 9
4.7514999721025 0.498990748811045 0.50688485717751 0.484687304276479 0.501990748811045 0.50988485717751 0.487687304276479 9
4.7514999721025 0.498990748811045 0.50688485717751 0.484687304276479 0.501990748811045 0.50988485717751 0.487687304276479 9
4.7352574981467 0.498987823800149 0.506857274071054 0.48466420524665 0.501987823800149 0.509857274071054 0.48766420524665 9
4.7352574981467 0.498987823800149 0.506857274071054 0.48466420524665 0.501987823800149 0.509857274071054 0.48766420524665 9
4.719128917842 0.498984820134628 0.506829779903268 0.484641048509747 0.501984820134628 0.509829779903269 0.487641048509747 9
4.719128917842 0.498984820134628 0.506829779903268 0.484641048509747 0.501984820134628 0.509829779903269 0.487641048509747 9
4.7031114062749 0.498981699643932 0.506802448186603 0.484617956621116 0.501981699643932 0.509802448186603 0.487617956621116 9
4.7031114062749 0.498981699643932 0.506802448186603 0.484617956621116 0.501981699643932 0.509802448186603 0.487617956621116 9
4.6872039085764 0.498978465217579 0.506775270430354 0.4845949279286 0.501978465217579 0.509775270430354 0.4875949279286 9
4.6872039085764 0.498978465217579 0.506775270430354 0.4845949279286 0.501978465217579 0.509775270430354 0.4875949279286 9
4.6714065757758 0.498975149978802 0.506748224586769 0.484571956088833 0.501975149978802 0.509748224586769 0.487571956088833 9
4.6714065757758 0.498975149978802 0.506748224586769 0.484571956088833 0.501975149978802 0.509748224586769 0.487571956088833 9
4.6557181930564 0.498971745758015 0.506721275765144 0.484549021766923 0.501971745758015 0.509721275765144 0.487549021766923 9
4.6557181930564 0.498971745758015 0.506721275765144 0.484549021766923 0.501971745758015 0.509721275765144 0.487549021766923 9
4.6401375639397 0.49896822307884 0.506694416615899 0.484526061330569 0.50196822307884 0.509694416615899 0.487526061330569 9
4.6401375639397 0.49896822307884 0.506694416615899 0.484526061330569 0.50196822307884 0.509694416615899 0.487526061330569 9
4.6246618908247 0.498964602441278 0.506667519943164 0.484503058659703 0.501964602441278 0.509667519943164 0.487503058659703 9
4.6246618908247 0.498964602441278 0.506667519943164 0.484503058659703 0.501964602441278 0.509667519943164 0.487503058659703 9
4.609290322647 0.498960913293249 0.506640563939289 0.48447998639644 0.501960913293249 0.509640563939289 0.48747998639644 9
4.609290322647 0.498960913293249 0.506640563939289 0.48447998639644 0.501960913293249 0.509640563939289 0.48747998639644 9
4.5940230530324 0.498957217103457 0.506613560962419 0.484456813291505 0.501957217103458 0.509613560962419 0.487456813291505 9
4.5940230530324 0.498957217103457 0.506613560962419 0.484456813291505 0.501957217103458 0.509613560962419 0.487456813291505 9
4.5788589550727 0.498953513871582 0.506586509914862 0.484433445997405 0.501953513871582 0.509586509914862 0.487433445997405 9
4.5788589550727 0.498953513871582 0.506586509914862 0.484433445997405 0.501953513871582 0.509586509914862 0.487433445997405 9
4.5637969185282 0.498949752298134 0.506559511751644 0.484409920703486 0.501949752298134 0.509559511751644 0.487409920703486 9
4.5637969185282 0.498949752298134 0.506559511751644 0.484409920703486 0.501949752298134 0.509559511751644 0.487409920703486 9
4.5488344688364 0.498945937411935 0.506532608523062 0.484386234596186 0.501945937411935 0.509532608523062 0.487386234596186 9
4.5488344688364 0.498945937411935 0.506532608523062 0.484386234596186 0.501945937411935 0.509532608523062 0.487386234596186 9
4.5339703389387 0.498942095254955 0.506505866313471 0.484362488132693 0.501942095254955 0.509505866313472 0.487362488132693 9
4.5339703389387 0.498942095254955 0.506505866313471 0.484362488132693 0.501942095254955 0.509505866313472 0.487362488132693 9
4.5192050641501 0.49893817868151 0.506479289860928 0.484338741357089 0.50193817868151 0.509479289860929 0.487338741357089 9
4.5192050641501 0.49893817868151 0.506479289860928 0.484338741357089 0.50193817868151 0.509479289860929 0.487338741357089 9
4.5045375975085 0.498934120329199 0.506452824963504 0.48431500252517 0.501934120329199 0.509452824963504 0.48731500252517 9
4.5045375975085 0.498934120329199 0.506452824963504 0.48431500252517 0.501934120329199 0.509452824963504 0.48731500252517 9
4.4899669072332 0.498929925208613 0.506426475320995 0.484291262640261 0.501929925208613 0.509426475320995 0.487291262640261 9
4.4899669072332 0.498929925208613 0.506426475320995 0.484291262640261 0.501929925208613 0.509426475320995 0.487291262640261 9
4.4754911514238 0.498925684259453 0.506400250384021 0.484267446277247 0.501925684259453 0.509400250384021 0.487267446277247 9
4.4754911514238 0.498925684259453 0.506400250384021 0.484267446277247 0.501925684259453 0.509400250384021 0.487267446277247 9
4.4611080022545 0.498921373167089 0.506374111683807 0.48424358044596 0.501921373167089 0.509374111683807 0.48724358044596 9
4.4611080022545 0.498921373167089 0.506374111683807 0.48424358044596 0.501921373167089 0.509374111683807 0.48724358044596 9
4.4468186496149 0.498917016408302 0.506348037742004 0.484219732097776 0.501917016408302 0.509348037742004 0.487219732097776 9
4.4468186496149 0.498917016408302 0.506348037742004 0.484219732097776 0.501917016408302 0.509348037742004 0.487219732097776 9
4.4326221193866 0.498912538226213 0.506321997231623 0.484195825723216 0.501912538226213 0.509321997231623 0.487195825723216 9
4.4326221193866 0.498912538226213 0.506321997231623 0.484195825723216 0.501912538226213 0.509321997231623 0.487195825723216 9
4.4185174513027 0.498907982880493 0.506295993549699 0.484171913624264 0.501907982880493 0.509295993549699 0.487171913624264 9
4.4185174513027 0.498907982880493 0.506295993549699 0.484171913624264 0.501907982880493 0.509295993549699 0.487171913624264 9
4.4045036986985 0.4989033799138 0.506270039973329 0.484147936728446 0.5019033799138 0.509270039973329 0.487147936728446 9
4.4045036986985 0.4989033799138 0.506270039973329 0.484147936728446 0.5019033799138 0.509270039973329 0.487147936728446 9
4.3905769868197 0.498898699156795 0.506244109674951 0.484123833485836 0.501898699156795 0.509244109674951 0.487123833485836 9
4.3905769868197 0.498898699156795 0.506244109674951 0.484123833485836 0.501898699156795 0.509244109674951 0.487123833485836 9
4.3767393017845 0.498893967880039 0.506218184260568 0.484099534273642 0.501893967880039 0.509218184260568 0.487099534273642 9
4.3767393017845 0.498893967880039 0.506218184260568 0.484099534273642 0.501893967880039 0.509218184260568 0.487099534273642 9
4.3629897980136 0.498889192376525 0.506192374199075 0.484074996916029 0.501889192376525 0.509192374199075 0.487074996916029 9
4.3629897980136 0.498889192376525 0.506192374199075 0.484074996916029 0.501889192376525 0.509192374199075 0.487074996916029 9
4.3493275805421 0.498884396842024 0.506166662874889 0.484050242103708 0.501884396842024 0.509166662874889 0.487050242103708 9
4.3493275805421 0.498884396842024 0.506166662874889 0.484050242103708 0.501884396842024 0.509166662874889 0.487050242103708 9
4.3357517668425 0.498879599403328 0.506141008654591 0.484025237746353 0.501879599403328 0.509141008654591 0.487025237746353 9
4.3357517668425 0.498879599403328 0.506141008654591 0.484025237746353 0.501879599403328 0.509141008654591 0.487025237746353 9
4.3222597483625 0.498874803214471 0.506115381959186 0.484000060603763 0.501874803214472 0.509115381959186 0.487000060603763 9
4.3222597483625 0.498874803214471 0.506115381959186 0.484000060603763 0.501874803214472 0.509115381959186 0.487000060603763 9
4.3088511357715 0.498869984854348 0.506089666232417 0.483974731916522 0.501869984854348 0.509089666232417 0.486974731916522 9
4.3088511357715 0.498869984854348 0.506089666232417 0.483974731916522 0.501869984854348 0.509089666232417 0.486974731916522 9
4.2955263781795 0.498865170139652 0.506063788837236 0.48394927106288 0.501865170139652 0.509063788837236 0.48694927106288 9
4.2955263781795 0.498865170139652 0.506063788837236 0.48394927106288 0.501865170139652 0.509063788837236 0.48694927106288 9
4.2822846403544 0.498860382172264 0.506037758921081 0.48392372622895 0.501860382172264 0.509037758921081 0.48692372622895 9
4.2822846403544 0.498860382172264 0.506037758921081 0.48392372622895 0.501860382172264 0.509037758921081 0.48692372622895 9
4.2691250984564 0.498855481546645 0.506011611483938 0.483898140960695 0.501855481546645 0.509011611483938 0.486898140960695 9
4.2691250984564 0.498855481546645 0.506011611483938 0.483898140960695 0.501855481546645 0.509011611483938 0.486898140960695 9
4.256046765488 0.498850475232857 0.505985407268967 0.483872572395277 0.501850475232857 0.508985407268967 0.486872572395277 9
4.256046765488 0.498850475232857 0.505985407268967 0.483872572395277 0.501850475232857 0.508985407268967 0.486872572395277 9
4.2430461473216 0.498845410059933 0.505959164901886 0.483846965707728 0.501845410059933 0.508959164901886 0.486846965707728 9
4.2430461473216 0.498845410059933 0.505959164901886 0.483846965707728 0.501845410059933 0.508959164901886 0.486846965707728 9
4.230125346118 0.4988402776201 0.505932915456921 0.48382130353677 0.5018402776201 0.508932915456921 0.48682130353677 9
4.230125346118 0.4988402776201 0.505932915456921 0.48382130353677 0.5018402776201 0.508932915456921 0.48682130353677 9
4.2172835813756 0.498835110700413 0.505906685199066 0.483795591720134 0.501835110700413 0.508906685199067 0.486795591720134 9
4.2172835813756 0.498835110700413 0.505906685199066 0.483795591720134 0.501835110700413 0.508906685199067 0.486795591720134 9
4.2045200830444 0.498829948658748 0.505880483504719 0.483769775655385 0.501829948658749 0.50888048350472 0.486769775655385 9
4.2045200830444 0.498829948658748 0.505880483504719 0.483769775655385 0.501829948658749 0.50888048350472 0.486769775655385 9
4.1918340913492 0.498824876529322 0.505854303628649 0.483743856284811 0.501824876529322 0.50885430362865 0.486743856284811 9
4.1918340913492 0.498824876529322 0.505854303628649 0.483743856284811 0.501824876529322 0.50885430362865 0.486743856284811 9
4.1792235471624 0.498819841567495 0.505828164834401 0.483717814049153 0.501819841567495 0.508828164834402 0.486717814049153 9
4.1792235471624 0.498819841567495 0.505828164834401 0.483717814049153 0.501819841567495 0.508828164834402 0.486717814049153 9
4.1666872780132 0.498814873288769 0.505802112729458 0.483691643213837 0.501814873288769 0.508802112729458 0.486691643213837 9
4.1666872780132 0.498814873288769 0.505802112729458 0.483691643213837 0.501814873288769 0.508802112729458 0.486691643213837 9
4.1542263217858 0.498810043078141 0.505776213300409 0.483665407971677 0.501810043078141 0.508776213300409 0.486665407971677 9
4.1542263217858 0.498810043078141 0.505776213300409 0.483665407971677 0.501810043078141 0.508776213300409 0.486665407971677 9
4.1418399578098 0.49880538099346 0.505750436634294 0.483639119558021 0.50180538099346 0.508750436634294 0.486639119558021 9
4.1418399578098 0.49880538099346 0.505750436634294 0.483639119558021 0.50180538099346 0.508750436634294 0.486639119558021 9
4.1295274748596 0.498800842777342 0.505724755797193 0.483612776574965 0.501800842777342 0.508724755797193 0.486612776574965 9
4.1295274748596 0.498800842777342 0.505724755797193 0.483612776574965 0.501800842777342 0.508724755797193 0.486612776574965 9
4.1172881709967 0.498796443659099 0.505699221809357 0.48358644605419 0.501796443659099 0.508699221809357 0.48658644605419 9
4.1172881709967 0.498796443659099 0.505699221809357 0.48358644605419 0.501796443659099 0.508699221809357 0.48658644605419 9
4.1051192542267 0.498792211856533 0.505673801087664 0.483560158503293 0.501792211856533 0.508673801087664 0.486560158503293 9
4.1051192542267 0.498792211856533 0.505673801087664 0.483560158503293 0.501792211856533 0.508673801087664 0.486560158503293 9
4.0930211737232 0.49878808702813 0.505648556194365 0.483533922971935 0.50178808702813 0.508648556194365 0.486533922971935 9
4.0930211737232 0.49878808702813 0.505648556194365 0.483533922971935 0.50178808702813 0.508648556194365 0.486533922971935 9
4.0809942459588 0.498784035020622 0.505623507792478 0.483507773988868 0.501784035020622 0.508623507792478 0.486507773988868 9
4.0809942459588 0.498784035020622 0.505623507792478 0.483507773988868 0.501784035020622 0.508623507792478 0.486507773988868 9
4.0690378043587 0.498780056576994 0.505598599889746 0.483481706352022 0.501780056576994 0.508598599889746 0.486481706352022 9
4.0690378043587 0.498780056576994 0.505598599889746 0.483481706352022 0.501780056576994 0.508598599889746 0.486481706352022 9
4.0571511909009 0.498776127738863 0.505573791943524 0.483455712187094 0.501776127738863 0.508573791943524 0.486455712187094 9
4.0571511909009 0.498776127738863 0.505573791943524 0.483455712187094 0.501776127738863 0.508573791943524 0.486455712187094 9
4.0453337559766 0.498772283793103 0.505549075455066 0.483429701474442 0.501772283793103 0.508549075455066 0.486429701474442 9
4.0453337559766 0.498772283793103 0.505549075455066 0.483429701474442 0.501772283793103 0.508549075455066 0.486429701474442 9
4.0335823263733 0.498768534805303 0.5055244317247 0.483403595093706 0.501768534805303 0.5085244317247 0.486403595093706 9
4.0335823263733 0.498768534805303 0.5055244317247 0.483403595093706 0.501768534805303 0.5085244317247 0.486403595093706 9
4.021898250315 0.49876492256024 0.505499886059529 0.483377391748746 0.50176492256024 0.508499886059529 0.486377391748746 9
4.021898250315 0.49876492256024 0.505499886059529 0.483377391748746 0.50176492256024 0.508499886059529 0.486377391748746 9
4.0102814779793 0.498761431956274 0.505475430516153 0.483351129640595 0.501761431956274 0.508475430516153 0.486351129640595 9
4.0102814779793 0.498761431956274 0.505475430516153 0.483351129640595 0.501761431956274 0.508475430516153 0.486351129640595 9
3.9987324166792 0.498758057555187 0.505451120683098 0.483324866154875 0.501758057555187 0.508451120683098 0.486324866154875 9
3.9987324166792 0.498758057555187 0.505451120683098 0.483324866154875 0.501758057555187 0.508451120683098 0.486324866154875 9
3.9872473818901 0.498754789987942 0.505426983646814 0.483298725543841 0.501754789987943 0.508426983646814 0.486298725543841 9
3.975828846378 0.498751649087679 0.505402936614852 0.483272704294422 0.501751649087679 0.508402936614852 0.486272704294422 9
3.9644725959655 0.498748686833188 0.505378930224114 0.483246795844975 0.501748686833188 0.508378930224114 0.486246795844975 9
3.9531801297653 0.498745902583829 0.505355086003938 0.483220965184184 0.501745902583829 0.508355086003938 0.486220965184184 9
3.9419514004454 0.498743327386755 0.505331438619577 0.483195277039721 0.501743327386755 0.508331438619577 0.486195277039721 9
3.9307858349441 0.498740945073544 0.50530799247704 0.483169742338324 0.501740945073544 0.508307992477041 0.486169742338324 9
3.9196828672572 0.498738690338523 0.505284646315429 0.483144307306293 0.501738690338523 0.508284646315429 0.486144307306293 9
3.9086419383279 0.498736506899875 0.505261387484849 0.483118964187044 0.501736506899875 0.508261387484849 0.486118964187044 9
3.8976602239897 0.498734406054695 0.505238202773201 0.48309374640294 0.501734406054695 0.508238202773201 0.48609374640294 9
3.8867385970595 0.498732556723439 0.505214999491724 0.483068549074746 0.501732556723439 0.508214999491725 0.486068549074746 9
3.8758773965664 0.498730942153674 0.505191779662253 0.483043393051715 0.501730942153674 0.508191779662253 0.486043393051715 9
3.8650760899298 0.498729474881456 0.505168503056198 0.483018311241009 0.501729474881456 0.508168503056199 0.486018311241009 9
3.8543341509986 0.498728204546595 0.50514509030868 0.48299332930343 0.501728204546595 0.50814509030868 0.48599332930343 9
3.8436510599535 0.498727077570063 0.505121444278011 0.482968423183679 0.501727077570063 0.508121444278011 0.485968423183679 9
3.833024754667 0.498725960435314 0.505097567354642 0.482943555395736 0.501725960435314 0.508097567354642 0.485943555395736 9
3.8224546730326 0.498724760357171 0.505073496017509 0.482918701709414 0.501724760357171 0.508073496017509 0.485918701709414 9
3.8119419408224 0.498723451068661 0.505049237220941 0.482893872103072 0.501723451068661 0.508049237220941 0.485893872103072 9
3.8014860623499 0.498722036276346 0.505024847200012 0.48286904882049 0.501722036276346 0.508024847200012 0.48586904882049 9
3.7910865477977 0.49872054143387 0.505000286452255 0.482844249353251 0.50172054143387 0.508000286452256 0.485844249353251 9
3.7807429131294 0.498718921282432 0.504975574298168 0.482819549702952 0.501718921282432 0.507975574298168 0.485819549702952 9
3.7704542734784 0.49871714568283 0.504950634968592 0.48279492060999 0.50171714568283 0.507950634968593 0.48579492060999 9
3.7602177883086 0.49871522272127 0.504925455037779 0.48277027585867 0.50171522272127 0.507925455037779 0.48577027585867 9
3.7500357884639 0.498713234004513 0.5049000701106 0.482745601111765 0.501713234004513 0.5079000701106 0.485745601111765 9
3.7399078119443 0.498711168979768 0.50487451948945 0.482720938524098 0.501711168979768 0.50787451948945 0.485720938524098 9
3.7298334021165 0.498709022972588 0.5048486967877 0.482696309815399 0.501709022972588 0.5078486967877 0.485696309815399 9
3.7198121076345 0.498706742315935 0.504822623327647 0.482671756039732 0.501706742315935 0.507822623327648 0.485671756039732 9
3.7098434823625 0.498704360813208 0.504796337025507 0.482647250670085 0.501704360813208 0.507796337025507 0.485647250670085 9
3.6999250456339 0.498701864044252 0.50476987900068 0.482622865371645 0.501701864044252 0.50776987900068 0.485622865371645 9
3.6900572514729 0.498699152242085 0.504743236413791 0.4825986633388 0.501699152242085 0.507743236413791 0.4855986633388 9
3.6802408418972 0.498696190685937 0.504716425259599 0.482574702366034 0.501696190685937 0.507716425259599 0.485574702366034 9
3.6704753906334 0.498692997205871 0.504689447134935 0.482550967463685 0.501692997205871 0.507689447134935 0.485550967463685 9
3.6607604762527 0.49868960602864 0.504662341667773 0.482527378182789 0.50168960602864 0.507662341667773 0.485527378182789 9
3.6510956821011 0.498686014202725 0.504635131511064 0.482504007779017 0.501686014202725 0.507635131511064 0.485504007779017 9
3.6414805597078 0.498682109286303 0.504607801561487 0.482480868152447 0.501682109286303 0.507607801561487 0.485480868152447 9
3.6319115503565 0.498678008347879 0.504580297831038 0.482457909570475 0.501678008347879 0.507580297831038 0.485457909570475 9
3.6223914623408 0.498673830467362 0.504552575175841 0.482435094773611 0.501673830467362 0.507552575175841 0.485435094773611 9
3.6129198972098 0.498669598146013 0.504524705212451 0.482412348649713 0.501669598146013 0.507524705212451 0.485412348649713 9
3.6034964609584 0.498665298352074 0.504496792474152 0.482389648721971 0.501665298352074 0.507496792474152 0.485389648721971 9
3.5941207639651 0.498660968322283 0.504468908295086 0.48236705013855 0.501660968322283 0.507468908295086 0.48536705013855 9
3.5847924209296 0.498656553844764 0.504441128273375 0.482344623522135 0.501656553844764 0.507441128273375 0.485344623522135 9
3.575510232622 0.498651985493486 0.504413431646308 0.482322448195788 0.501651985493487 0.507413431646308 0.485322448195788 9
3.5662722191411 0.498647266423411 0.504385777732192 0.482300491068889 0.501647266423411 0.507385777732192 0.485300491068889 9
3.5570804517714 0.498642459141012 0.504358103087417 0.482278714603867 0.501642459141012 0.507358103087417 0.485278714603867 9
3.5479345616864 0.498637495750469 0.50433038490251 0.482257117408958 0.501637495750469 0.50733038490251 0.485257117408958 9
3.5388341840899 0.498632279616026 0.504302562058854 0.482235672100839 0.501632279616026 0.507302562058855 0.485235672100839 9
3.5297789581599 0.498626753185507 0.504274697384647 0.482214343324268 0.501626753185507 0.507274697384647 0.485214343324268 9
3.5207685269939 0.498620959184878 0.504246817538447 0.482193082530476 0.501620959184878 0.507246817538447 0.485193082530476 9
3.5118013802506 0.498614907353269 0.504218897816643 0.482171871438647 0.501614907353269 0.507218897816644 0.485171871438647 9
3.5028762255762 0.498608639829572 0.504190955145721 0.482150689547491 0.501608639829572 0.507190955145721 0.485150689547491 9
3.4939951268027 0.498602167382308 0.504162988492301 0.482129500468249 0.501602167382308 0.507162988492301 0.485129500468249 9
3.4851568825282 0.498595600855374 0.50413494561175 0.482108180279674 0.501595600855374 0.50713494561175 0.485108180279674 9
3.4763620139467 0.498588997980301 0.504106826334387 0.482086698985589 0.501588997980301 0.507106826334387 0.485086698985589 9
3.467609899811 0.498582323521181 0.504078641958271 0.482065093404122 0.501582323521181 0.507078641958271 0.485065093404122 9
3.4589002090205 0.498575560977838 0.504050378161298 0.482043367392244 0.501575560977838 0.507050378161298 0.485043367392244 9
3.4502315763407 0.498568737480621 0.504022032164744 0.482021486282495 0.501568737480621 0.507022032164744 0.485021486282495 9
3.4416024736124 0.498561811947501 0.503993610644934 0.481999536273702 0.501561811947501 0.506993610644934 0.484999536273702 9
3.4330148438295 0.498554798630301 0.503965093373738 0.481977542567728 0.501554798630301 0.506965093373738 0.484977542567728 9
3.4244683694379 0.498547778242891 0.503936475052447 0.481955531670169 0.501547778242891 0.506936475052447 0.484955531670169 9
3.4159627362152 0.498540674746973 0.503907828521935 0.481933663568657 0.501540674746973 0.506907828521935 0.484933663568657 9
3.4074976332263 0.498533554790034 0.503879292587782 0.481911956406293 0.501533554790034 0.506879292587782 0.484911956406293 9
3.3990727527795 0.498526411162019 0.503850882683717 0.481890482641727 0.501526411162019 0.506850882683717 0.484890482641727 9
3.3906873492335 0.498519325115136 0.503822598424639 0.48186919555482 0.501519325115136 0.506822598424639 0.48486919555482 9
3.3823386996526 0.498512384590115 0.503794433527945 0.481848124857497 0.501512384590115 0.506794433527945 0.484848124857497 9
3.3740293903981 0.498505563029403 0.50376638491073 0.481827200862298 0.501505563029403 0.50676638491073 0.484827200862298 9
3.3657591261373 0.498498924143475 0.503738493269225 0.481806261426037 0.501498924143475 0.506738493269225 0.484806261426037 9
3.3575276145752 0.498492460573491 0.503710836365143 0.481785295500626 0.501492460573491 0.506710836365143 0.484785295500626 9
3.3493345664152 0.498486135401831 0.503683415899693 0.481764217582374 0.501486135401831 0.506683415899693 0.484764217582374 9
3.34117969532 0.498479923660249 0.503656176584235 0.481742968389326 0.501479923660249 0.506656176584235 0.484742968389326 9
3.3330627178729 0.498473849446952 0.503629091141363 0.481721584546683 0.501473849446952 0.506629091141363 0.484721584546683 9
3.3249806737144 0.49846791099055 0.503602089280344 0.48170011439569 0.50146791099055 0.506602089280344 0.48470011439569 9
3.3169353347487 0.498462054540833 0.5035752351964 0.481678550687073 0.501462054540833 0.5065752351964 0.484678550687073 9
3.3089270777267 0.498456224206296 0.503548579519141 0.481656915017367 0.501456224206296 0.506548579519141 0.484656915017367 9
3.3009556303579 0.498450453059044 0.503522079660297 0.481635223774684 0.501450453059044 0.506522079660297 0.484635223774684 9
3.2930207230915 0.498444792697214 0.503495771378716 0.48161346058481 0.501444792697214 0.506495771378716 0.48461346058481 9
3.2851220890813 0.498439256961936 0.503469634795812 0.481591668816709 0.501439256961936 0.506469634795812 0.484591668816709 9
3.2772594641517 0.4984338736254 0.503443643593877 0.481569856661268 0.5014338736254 0.506443643593877 0.484569856661268 9
3.2694314870768 0.498428571713859 0.503417749903318 0.481548081572412 0.501428571713859 0.506417749903318 0.484548081572412 9
3.2616367572483 0.498423255548776 0.503391967522764 0.481526353152951 0.501423255548776 0.506391967522764 0.484526353152951 9
3.2538772808452 0.498417861083029 0.503366354856725 0.481504654783178 0.501417861083029 0.506366354856725 0.484504654783178 9
3.2461528038593 0.498412482595352 0.503340922002643 0.481483104627541 0.501412482595352 0.506340922002643 0.484483104627541 9
3.23846307479 0.498407131516152 0.503315732319025 0.481461679754659 0.501407131516152 0.506315732319025 0.484461679754659 9
3.2308078446135 0.498401837864478 0.503290711045657 0.481440479559537 0.501401837864478 0.506290711045657 0.484440479559537 9
3.2231868667511 0.498396581602355 0.503265864223733 0.481419462106087 0.501396581602355 0.506265864223733 0.484419462106087 9
3.2155998970397 0.498391304057063 0.503241282019678 0.481398599596932 0.501391304057063 0.506241282019678 0.484398599596932 9
3.2080443372893 0.498386069241644 0.503216873058976 0.481377863772178 0.501386069241644 0.506216873058976 0.484377863772178 9
3.2005213069074 0.498380933899658 0.503192677320698 0.481357225474871 0.501380933899658 0.506192677320699 0.484357225474871 9
3.1930315872069 0.498375873298375 0.503168658037442 0.481336602443939 0.501375873298375 0.506168658037443 0.484336602443939 9
3.1855749432158 0.498370845580122 0.503144772972599 0.481315972167836 0.501370845580122 0.506144772972599 0.484315972167836 9
3.1781511422332 0.498365903623169 0.503120929378744 0.48129529944662 0.501365903623169 0.506120929378744 0.48429529944662 9
3.1707599538021 0.498361046911801 0.503097109136054 0.481274524297348 0.501361046911802 0.506097109136054 0.484274524297348 9
3.1634011496809 0.498356193887385 0.503073289891791 0.481253709996915 0.501356193887385 0.506073289891792 0.484253709996915 9
3.1560745038175 0.498351415704574 0.503049568485762 0.481232721546634 0.501351415704575 0.506049568485763 0.484232721546634 9
3.148776689342 0.49834679799855 0.503025983484141 0.481211551321031 0.50134679799855 0.506025983484141 0.484211551321031 9
3.1415103200926 0.498342312615635 0.503002530836364 0.481190323214551 0.501342312615635 0.506002530836364 0.484190323214551 9
3.1342754643171 0.498337945557465 0.502979298514913 0.481169095093154 0.501337945557465 0.505979298514913 0.484169095093154 9
3.1270719042894 0.498333720592045 0.50295621962872 0.481147934166984 0.501333720592045 0.50595621962872 0.484147934166984 9
3.119899424345 0.498329643917792 0.502933188559933 0.481126752060721 0.501329643917792 0.505933188559933 0.484126752060721 9
3.1127578108557 0.498325721583046 0.502910055991332 0.481105526838711 0.501325721583046 0.505910055991333 0.484105526838711 9
3.1056468522058 0.498321979194337 0.502886828689941 0.481084276144967 0.501321979194337 0.505886828689941 0.484084276144967 9
3.0985663387676 0.498318516133356 0.502863551800297 0.481063039835911 0.501318516133356 0.505863551800297 0.484063039835911 9
3.0915127408727 0.498315363405515 0.502840281264397 0.481041869299435 0.501315363405515 0.505840281264397 0.484041869299435 9
3.0844891067424 0.49831248422769 0.502816895623317 0.481020721180547 0.50131248422769 0.505816895623317 0.484020721180547 9
3.0774953208457 0.498309724454933 0.502793442101594 0.48099948664923 0.501309724454933 0.505793442101595 0.48399948664923 9
3.0705311811127 0.498307017597126 0.50276988485082 0.480978086630772 0.501307017597126 0.50576988485082 0.483978086630772 9
3.0635964873479 0.498304449646389 0.502746217884769 0.48095657683381 0.501304449646389 0.505746217884769 0.48395657683381 9
3.0566910412088 0.498301963966203 0.502722429666601 0.480934962448329 0.501301963966203 0.505722429666601 0.483934962448329 9
3.0498146461836 0.498299632078586 0.502698508630922 0.480913258917186 0.501299632078586 0.505698508630922 0.483913258917186 9
3.0429671075699 0.498297413129241 0.502674459890246 0.480891659181762 0.501297413129241 0.505674459890247 0.483891659181762 9
3.0361452383258 0.498295301843663 0.502650344973481 0.480870109271625 0.501295301843663 0.505650344973481 0.483870109271625 9
3.029351422556 0.498293268868223 0.502626119649727 0.480848616642226 0.501293268868223 0.505626119649727 0.483848616642226 9
3.0225859096847 0.498291295444415 0.502601850921516 0.480827304114473 0.501291295444415 0.505601850921516 0.483827304114473 9
3.0158485118826 0.498289505972762 0.502577499717148 0.48080614349306 0.501289505972762 0.505577499717148 0.48380614349306 9
3.0091390430286 0.498287760845692 0.502553052024662 0.48078502929751 0.501287760845692 0.505553052024662 0.48378502929751 9
3.0024573186901 0.498286038093322 0.502528650982679 0.480764052813439 0.501286038093322 0.50552865098268 0.483764052813439 9
2.995803401034 0.498284316617309 0.502504267809 0.480743235719549 0.501284316617309 0.505504267809 0.483743235719549 9
2.9891763741311 0.498282495176645 0.502479818224927 0.48072261127885 0.501282495176645 0.505479818224927 0.48372261127885 9
2.9825746953265 0.498280505651668 0.502455257658221 0.480702223380055 0.501280505651668 0.505455257658222 0.483702223380055 9
2.9759986987165 0.498278441066315 0.502430569619682 0.48068214245859 0.501278441066315 0.505430569619682 0.48368214245859 9
2.9694495688273 0.498276339275417 0.502405833362667 0.480662326126067 0.501276339275417 0.505405833362667 0.483662326126067 9
2.9629271308073 0.498274177392372 0.502381092891119 0.480642656428888 0.501274177392372 0.505381092891119 0.483642656428888 9
2.9564312113642 0.49827202852581 0.502356381818473 0.480623054439773 0.50127202852581 0.505356381818473 0.483623054439773 9
2.9499616387477 0.4982699520043 0.502331694776657 0.480603447111614 0.5012699520043 0.505331694776657 0.483603447111614 9
2.9435182427319 0.498267805553135 0.502307090128428 0.480583881750252 0.501267805553135 0.505307090128428 0.483583881750252 9
2.9371008545982 0.498265502294298 0.502282484568597 0.480564512621539 0.501265502294298 0.505282484568597 0.483564512621539 9
2.9307086966298 0.498263084377111 0.502258084558952 0.48054530063447 0.501263084377111 0.505258084558952 0.48354530063447 9
2.9243393557459 0.498260597274823 0.50223390551069 0.480526215494379 0.501260597274823 0.50523390551069 0.483526215494379 9
2.9179955449637 0.498258054463852 0.502209908434332 0.480507143507098 0.501258054463852 0.505209908434333 0.483507143507098 9
2.9116771012796 0.498255527452583 0.502186162381163 0.480488058944259 0.501255527452583 0.505186162381163 0.483488058944259 9
2.9053838631164 0.498252983847821 0.502162626014801 0.480468910339202 0.501252983847821 0.505162626014801 0.483468910339202 9
2.8991156703071 0.498250318067385 0.502139106051811 0.480449867244308 0.501250318067385 0.505139106051811 0.483449867244308 9
2.8928723640798 0.498247620140186 0.502115624767166 0.480431000700215 0.501247620140186 0.505115624767166 0.483431000700215 9
2.8866537870416 0.498244774908075 0.502092183123726 0.480412244914358 0.501244774908075 0.505092183123726 0.483412244914358 9
2.8804597831642 0.498241768016357 0.502068723476819 0.480393600944642 0.501241768016357 0.505068723476819 0.483393600944642 9
2.8742881909077 0.498238606228139 0.502045204474519 0.480374995844578 0.501238606228139 0.505045204474519 0.483374995844578 9
2.8681393894119 0.498235298998471 0.502021538096093 0.480356398664774 0.501235298998472 0.505021538096093 0.483356398664774 9
2.8620147201978 0.498231847487608 0.501997809555549 0.480337922149242 0.501231847487608 0.504997809555549 0.483337922149242 9
2.8559140324041 0.498228217275817 0.501973977948454 0.480319561655647 0.501228217275817 0.504973977948454 0.483319561655647 9
2.8498371764622 0.498224576832375 0.501950045420926 0.480301336239954 0.501224576832375 0.504950045420926 0.483301336239954 9
2.8437840040818 0.498220912381459 0.501926037674203 0.480283228713386 0.501220912381459 0.504926037674204 0.483283228713386 9
2.837754368237 0.498217062639627 0.501902014121078 0.480265099288188 0.501217062639627 0.504902014121078 0.483265099288188 9
2.8317481231531 0.498212992569844 0.501878132388667 0.480246910979415 0.501212992569844 0.504878132388667 0.483246910979415 9
2.8257651242924 0.498208822761684 0.501854271394477 0.480228563234218 0.501208822761684 0.504854271394477 0.483228563234218 9
2.8198024174793 0.498204562218399 0.501830449214221 0.480210146035124 0.501204562218399 0.504830449214222 0.483210146035124 9
2.8138619846925 0.498200236792713 0.501806720840124 0.480191764104538 0.501200236792713 0.504806720840124 0.483191764104538 9
2.8079443906796 0.498195892596567 0.501783074080609 0.480173498585745 0.501195892596567 0.504783074080609 0.483173498585745 9
2.8020494955847 0.49819153963201 0.501759514779022 0.480155380696539 0.50119153963201 0.504759514779022 0.483155380696539 9
2.7961771607254 0.498187142062135 0.501736029510973 0.480137276900953 0.501187142062135 0.504736029510973 0.483137276900953 9
2.7903272485808 0.49818270263865 0.50171259496147 0.480119141492289 0.50118270263865 0.50471259496147 0.483119141492289 9
2.7844996227786 0.49817825872239 0.501689249717945 0.480100959703446 0.50117825872239 0.504689249717945 0.483100959703446 9
2.7786941480832 0.498173843123632 0.501665978335526 0.480082751109002 0.501173843123632 0.504665978335526 0.483082751109002 9
2.7729106903838 0.498169470685529 0.501642739510496 0.480064608193177 0.501169470685529 0.504642739510496 0.483064608193177 9
2.7671461137324 0.498165165293145 0.501619544936115 0.480046503605048 0.501165165293145 0.504619544936115 0.483046503605048 9
2.7614027747164 0.498160972880946 0.501596398595085 0.48002852327926 0.501160972880946 0.504596398595085 0.48302852327926 9
2.755681075595 0.498156874115445 0.501573211181416 0.48001074901669 0.501156874115445 0.504573211181416 0.48301074901669 9
2.7499814536001 0.498152751950027 0.501550033193563 0.47999319488884 0.501152751950027 0.504550033193563 0.48299319488884 9
2.7443020786027 0.49814853827474 0.501526845068382 0.479975840863146 0.50114853827474 0.504526845068382 0.482975840863146 9
2.7386445243154 0.498144280828585 0.501503683020972 0.479958574740916 0.501144280828585 0.504503683020972 0.482958574740916 9
2.7330080967851 0.498139990424624 0.501480494257052 0.479941397645202 0.501139990424624 0.504480494257052 0.482941397645202 9
2.7273926704128 0.498135696466113 0.50145728109428 0.479924367452129 0.501135696466113 0.50445728109428 0.482924367452129 9
2.7217981205674 0.498131483266338 0.50143404122634 0.479907570937376 0.501131483266338 0.50443404122634 0.482907570937376 9
2.7162217622248 0.49812730603234 0.50141074780676 0.479890984968897 0.50112730603234 0.50441074780676 0.482890984968897 9
2.710665055125 0.498123105744019 0.50138746038727 0.479874565433866 0.501123105744019 0.50438746038727 0.482874565433866 9
2.7051288750561 0.498118889229184 0.501364258812129 0.479858324675591 0.501118889229184 0.504364258812129 0.482858324675591 9
2.699613101252 0.49811464815995 0.501341082446712 0.479842285578365 0.50111464815995 0.504341082446712 0.482842285578365 9
2.6941176139201 0.498110349034675 0.501317918274533 0.479826371333462 0.501110349034675 0.504317918274533 0.482826371333462 9
2.6886422942316 0.498105963852483 0.50129477882458 0.479810578757863 0.501105963852483 0.50429477882458 0.482810578757863 9
2.6831870243116 0.498101448310978 0.501271616087153 0.479794951940265 0.501101448310978 0.504271616087153 0.482794951940265 9
2.6777516872294 0.498096857615314 0.501248444296619 0.479779476907486 0.501096857615314 0.504248444296619 0.482779476907486 9
2.6723361669889 0.498092084691866 0.501225116211209 0.479764130560478 0.501092084691867 0.504225116211209 0.482764130560478 9
2.6669388861383 0.498087149615559 0.501201620681952 0.479748893680355 0.501087149615559 0.504201620681952 0.482748893680355 9
2.6615590885918 0.498082123126234 0.501178092492634 0.479733751280563 0.501082123126234 0.504178092492635 0.482733751280563 9
2.6561987835508 0.498076989573718 0.501154458713498 0.479718701171804 0.501076989573718 0.504154458713498 0.482718701171804 9
2.6508578585405 0.498071666117668 0.501130786922055 0.479703675043684 0.501071666117668 0.504130786922055 0.482703675043684 9
2.6455362019753 0.498066287896102 0.501107122424519 0.479688727612468 0.501066287896102 0.504107122424519 0.482688727612468 9
2.6402337031506 0.49806087195034 0.501083375311193 0.479673805730917 0.50106087195034 0.504083375311193 0.482673805730917 9
2.6349502522329 0.498055369370345 0.501059442739187 0.479658845996244 0.501055369370345 0.504059442739187 0.482658845996244 9
2.6296857402522 0.498049809392116 0.501035256926832 0.479643876509888 0.501049809392116 0.504035256926833 0.482643876509888 9
2.6244400590924 0.498044292989712 0.501010990264864 0.47962882114487 0.501044292989712 0.504010990264864 0.48262882114487 9
2.6192131014838 0.498038785902495 0.500986716792753 0.479613779654522 0.501038785902495 0.503986716792753 0.482613779654522 9
2.6140014850298 0.498033361333607 0.500962431425763 0.479598731008951 0.501033361333607 0.503962431425763 0.482598731008951 9
2.6088080779502 0.498028027826892 0.500938086359084 0.479583629467608 0.501028027826892 0.503938086359084 0.482583629467608 9
2.6036330954259 0.498022764997218 0.500913767929672 0.479568498330701 0.501022764997218 0.503913767929673 0.482568498330701 9
2.5984764333688 0.498017536818843 0.500889322454735 0.479553324852171 0.501017536818843 0.503889322454736 0.482553324852171 9
2.5933379884962 0.49801234204547 0.50086470143902 0.479538101595514 0.50101234204547 0.50386470143902 0.482538101595514 9
2.5882176583238 0.498007135623686 0.500839903079178 0.479522834321862 0.501007135623686 0.503839903079178 0.482522834321862 9
2.5831153411572 0.49800191560823 0.500815005072903 0.479507598512527 0.50100191560823 0.503815005072903 0.482507598512527 9
2.5780309360845 0.497996698453491 0.500790046117017 0.479492387776012 0.500996698453491 0.503790046117017 0.482492387776012 9
2.5729643429684 0.497991433197521 0.500764949057792 0.479477121503504 0.500991433197521 0.503764949057792 0.482477121503504 9
2.5679146480014 0.497986096854499 0.50073969980072 0.479461760895376 0.500986096854499 0.50373969980072 0.482461760895376 9
2.5628797707525 0.497980707708728 0.500714385545969 0.479446342478511 0.500980707708728 0.503714385545969 0.482446342478511 9
2.5578624272738 0.497975278423523 0.500689025907087 0.479430891759832 0.500975278423523 0.503689025907087 0.482430891759832 9
2.5528625203371 0.497969796001146 0.500663605857535 0.479415368698137 0.500969796001146 0.503663605857535 0.482415368698137 9
2.5478799534532 0.497964314201646 0.500638059285264 0.479399792452158 0.500964314201646 0.503638059285264 0.482399792452158 9
2.5429146308645 0.497958846932549 0.500612283976262 0.479384194276167 0.500958846932549 0.503612283976262 0.482384194276167 9
2.5379664575381 0.497953478775858 0.500586291521673 0.479368622226089 0.500953478775858 0.503586291521673 0.482368622226089 9
2.5330353391588 0.497948089775907 0.50056025753663 0.479353018916934 0.500948089775907 0.50356025753663 0.482353018916934 9
2.5281211821226 0.497942659199422 0.500534199881131 0.479337492765912 0.500942659199422 0.503534199881132 0.482337492765912 9
2.5232238935291 0.497937224177641 0.500508116267156 0.479321969510546 0.500937224177641 0.503508116267157 0.482321969510546 9
2.5183421205572 0.497931847291468 0.500482017923831 0.479306412200657 0.500931847291468 0.503482017923831 0.482306412200657 9
2.5134746641511 0.497926540909736 0.500455898046802 0.479290813751464 0.500926540909736 0.503455898046803 0.482290813751464 9
2.5086238190324 0.497921190570655 0.500429786586953 0.4792752019139 0.500921190570655 0.503429786586953 0.4822752019139 9
2.5037894949392 0.497915703390353 0.500403742872896 0.479259597430406 0.500915703390353 0.503403742872896 0.482259597430406 9
2.498971980488 0.497910108285531 0.500377658545052 0.479243970820098 0.500910108285531 0.503377658545053 0.482243970820098 9
2.4941700520989 0.497904455470502 0.500351422345387 0.479228312980813 0.500904455470502 0.503351422345388 0.482228312980813 9
2.4893847562387 0.497898766463731 0.500325112506654 0.479212642308838 0.500898766463731 0.503325112506654 0.482212642308838 9
2.4846156269772 0.497893081413181 0.500298716558322 0.479197009299938 0.500893081413181 0.503298716558322 0.482197009299938 9
2.4798625773882 0.497887410982738 0.500272174268226 0.479181410698809 0.500887410982738 0.503272174268227 0.482181410698809 9
2.4751255211488 0.497881685297325 0.500245521511704 0.479165787860594 0.500881685297325 0.503245521511704 0.482165787860594 9
2.4704033768435 0.497875985157235 0.500218790377272 0.479150077603179 0.500875985157235 0.503218790377272 0.482150077603179 9
2.4656944006766 0.497870310061905 0.500191894899513 0.479134239898031 0.500870310061905 0.503191894899513 0.482134239898031 9
2.4610011798267 0.497864622980412 0.500164917670276 0.479118292747915 0.500864622980412 0.503164917670277 0.482118292747915 9
2.4563236303683 0.497858857878626 0.500137895000623 0.479102212825292 0.500858857878626 0.503137895000623 0.482102212825292 9
2.4516616689885 0.497853113681762 0.500110786039863 0.479085972796172 0.500853113681762 0.503110786039863 0.482085972796172 9
2.4470152129813 0.497847448408389 0.500083572499558 0.479069621158447 0.500847448408389 0.503083572499558 0.482069621158447 9
2.4423841802423 0.497841857163254 0.50005630785582 0.479053182451321 0.500841857163254 0.50305630785582 0.482053182451321 9
2.4377684892625 0.497836321560327 0.500029116151788 0.479036640688615 0.500836321560327 0.503029116151788 0.482036640688615 9
2.4331680591237 0.497830829601493 0.500001896156815 0.47902008552126 0.500830829601493 0.503001896156815 0.48202008552126 9
2.4285828094924 0.497825354263054 0.499974616768935 0.479003548160107 0.500825354263055 0.502974616768935 0.482003548160107 9
2.4240126606144 0.497819878529609 0.499947273467648 0.478986996682401 0.500819878529609 0.502947273467648 0.481986996682401 9
2.4194538637356 0.49781440691009 0.499919907798355 0.478970441554695 0.50081440691009 0.502919907798355 0.481970441554695 9
2.4149100214878 0.497808906367316 0.499892509380663 0.478953902036223 0.500808906367316 0.502892509380663 0.481953902036223 9
2.410381060985 0.497803396480871 0.499865089049817 0.478937339793604 0.500803396480871 0.502865089049817 0.481937339793604 9
2.4058669046354 0.497797928159206 0.499837616946023 0.478920643827779 0.500797928159206 0.502837616946023 0.481920643827779 9
2.4013674754014 0.497792498168448 0.499810160517333 0.478903786880647 0.500792498168448 0.502810160517333 0.481903786880648 9
2.396882696795 0.497787129543362 0.499782689771686 0.478886812153225 0.500787129543362 0.502782689771686 0.481886812153225 9
2.3924124928724 0.497781756522346 0.499755150051047 0.478869735600272 0.500781756522346 0.502755150051047 0.481869735600272 9
2.3879567882293 0.497776338190374 0.499727541111245 0.478852558114248 0.500776338190374 0.502727541111245 0.481852558114248 9
2.3835155079961 0.497770863542463 0.499699846169295 0.478835349340711 0.500770863542463 0.502699846169296 0.481835349340711 9
2.3790885778331 0.497765359271609 0.499672042240147 0.478818025609527 0.500765359271609 0.502672042240147 0.481818025609527 9
2.3746739909273 0.497759875563231 0.499644146170836 0.47880057765423 0.500759875563231 0.502644146170836 0.48180057765423 9
2.3702718540797 0.49775442973539 0.499616207481352 0.478783045096325 0.50075442973539 0.502616207481352 0.481783045096325 9
2.365883864053 0.497749056840133 0.499588264501628 0.478765416104219 0.500749056840133 0.502588264501628 0.481765416104219 9
2.361509948479 0.497743743665342 0.499560315945816 0.478747720308329 0.500743743665342 0.502560315945817 0.481747720308329 9
2.357150035497 0.497738409438657 0.499532405089554 0.478729949841428 0.500738409438657 0.502532405089554 0.481729949841428 9
2.3528040537491 0.497733041391251 0.499504535703784 0.478712058371511 0.500733041391251 0.502504535703784 0.481712058371511 9
2.3484719323754 0.49772771356582 0.499476708867757 0.478694043580853 0.50072771356582 0.502476708867757 0.481694043580853 9
2.3441536010102 0.497722454085854 0.49944889062768 0.478675988407384 0.500722454085854 0.50244889062768 0.481675988407384 9
2.3398489897773 0.497717230897184 0.499421081207396 0.478657942245875 0.500717230897184 0.502421081207396 0.481657942245875 9
2.3355580292858 0.497712063244981 0.499393245647738 0.478639955552849 0.500712063244981 0.502393245647738 0.481639955552849 9
2.3312806506255 0.497706965863241 0.499365454930393 0.478622034614987 0.500706965863241 0.502365454930393 0.481622034614987 9
2.3270136617715 0.497701919087807 0.499337711226533 0.47860421805285 0.500701919087807 0.502337711226533 0.48160421805285 9
2.3227595414562 0.497696887200837 0.499309969335923 0.4785864198978 0.500696887200837 0.502309969335923 0.4815864198978 9
2.3185188154561 0.497691826438968 0.499282199554629 0.478568663596688 0.500691826438968 0.502282199554629 0.481568663596688 9
2.3142914166462 0.497686745475218 0.499254432072428 0.478550995640547 0.500686745475218 0.502254432072428 0.481550995640547 9
2.3100772783626 0.49768160542339 0.499226615421964 0.478533359171939 0.50068160542339 0.502226615421964 0.481533359171939 9
2.3058763343982 0.497676422610837 0.499198771066217 0.478515707337058 0.500676422610837 0.502198771066217 0.481515707337058 9
2.3016885189989 0.4976711999604 0.499170884691006 0.47849800785487 0.5006711999604 0.502170884691006 0.48149800785487 9
2.2975137668596 0.497665902296022 0.499143017668759 0.478480233938383 0.500665902296022 0.502143017668759 0.481480233938383 9
2.2933520131206 0.497660561969508 0.499115125531803 0.478462424569623 0.500660561969508 0.502115125531803 0.481462424569623 9
2.2892031933632 0.497655229063733 0.499087143938525 0.478444616996244 0.500655229063733 0.502087143938525 0.481444616996244 9
2.2850672436064 0.497649935297994 0.499059091632571 0.47842683042174 0.500649935297994 0.502059091632571 0.48142683042174 9
2.2809405558184 0.497644673965165 0.499030968834082 0.47840908049519 0.500644673965165 0.502030968834082 0.48140908049519 9
2.2768264373691 0.49763947511568 0.499002807165512 0.478391327681255 0.50063947511568 0.502002807165512 0.481391327681255 9
2.2727250156917 0.49763436436125 0.498974621771258 0.478373609035254 0.50063436436125 0.501974621771258 0.481373609035254 9
2.2686362284241 0.497629342197237 0.498946338509605 0.478355892218326 0.500629342197237 0.501946338509605 0.481355892218326 9
2.2645600136242 0.497624424819906 0.498917975785177 0.47833819624761 0.500624424819906 0.501917975785177 0.48133819624761 9
2.2604963097658 0.497619607003986 0.498889571424556 0.47832050761284 0.500619607003986 0.501889571424556 0.48132050761284 9
2.2564450557355 0.497614851079504 0.498861181823346 0.47830278791313 0.500614851079504 0.501861181823346 0.48130278791313 9
2.2524061908289 0.497610078410529 0.498832831511035 0.478285120621087 0.500610078410529 0.501832831511035 0.481285120621087 9
2.2483798948754 0.49760526786278 0.498804525946578 0.478267502173984 0.50060526786278 0.501804525946578 0.481267502173984 9
2.2443653875696 0.49760042491398 0.49877626771651 0.478249889035896 0.50060042491398 0.50177626771651 0.481249889035896 9
2.2403633298703 0.497595570331837 0.498748052480724 0.478232264818783 0.500595570331838 0.501748052480724 0.481232264818783 9
2.2363702512927 0.497590667367489 0.498719953241153 0.478214666970503 0.500590667367489 0.501719953241153 0.481214666970503 9
2.2323886957508 0.497585701478064 0.498691960700557 0.478197159345999 0.500585701478064 0.501691960700557 0.481197159345999 9
2.228419189411 0.497580743569766 0.498664042607297 0.478179723238671 0.500580743569766 0.501664042607297 0.481179723238671 9
2.2244616742465 0.49757580680842 0.498636183553837 0.47816237159689 0.50057580680842 0.501636183553837 0.48116237159689 9
2.2205160926137 0.497570882132484 0.498608361700526 0.4781451285152 0.500570882132484 0.501608361700526 0.4811451285152 9
2.2165823872486 0.497565959211643 0.49858053736278 0.478128011900777 0.500565959211643 0.50158053736278 0.481128011900777 9
2.2126605012635 0.497561007723982 0.498552715380083 0.478111020297204 0.500561007723982 0.501552715380083 0.481111020297204 9
2.2087503781445 0.497556011835776 0.498524924107336 0.478094138901939 0.500556011835776 0.501524924107336 0.481094138901939 9
2.2048519617476 0.497550967170653 0.498497186893902 0.478077411423877 0.500550967170653 0.501497186893902 0.481077411423877 9
2.2009651962963 0.49754588480636 0.498469456675445 0.47806081847616 0.50054588480636 0.501469456675445 0.48106081847616 9
2.197090026378 0.497540687514532 0.498441722854204 0.478044335945818 0.500540687514532 0.501441722854205 0.481044335945818 9
2.1932244201332 0.497535365216483 0.498413988000607 0.478027947524838 0.500535365216483 0.501413988000607 0.481027947524838 9
2.1893685122466 0.497529927298436 0.498386244943633 0.478011650558206 0.500529927298436 0.501386244943633 0.481011650558206 9
2.1855240515174 0.497524367259274 0.498358499665388 0.477995414041039 0.500524367259274 0.501358499665388 0.480995414041039 9
2.1816909838723 0.497518728073547 0.498330749548136 0.477979262615693 0.500518728073547 0.501330749548136 0.480979262615693 9
2.1778692555878 0.497513012300407 0.498302939167185 0.477963180916604 0.500513012300407 0.501302939167185 0.480963180916604 9
2.1740588132877 0.497507265190377 0.498275035784129 0.477947100054331 0.500507265190377 0.501275035784129 0.480947100054331 9
2.1702596039401 0.49750143665701 0.498247016916611 0.477931053353168 0.50050143665701 0.501247016916611 0.480931053353168 9
2.1664715748545 0.49749555466208 0.498218893814457 0.477915034299212 0.50049555466208 0.501218893814457 0.480915034299212 9
2.162694673679 0.497489739165687 0.498190612399763 0.477899029453701 0.500489739165688 0.501190612399763 0.480899029453701 9
2.1589288483977 0.497483990183095 0.498162166656348 0.477883090761279 0.500483990183095 0.501162166656348 0.480883090761279 9
2.1551740473277 0.497478256506505 0.498133580670684 0.477867231902482 0.500478256506505 0.501133580670684 0.480867231902482 9
2.1514302191168 0.497472497218107 0.498104898687429 0.477851468606542 0.500472497218107 0.501104898687429 0.480851468606542 9
2.1476935887478 0.497466662283751 0.498076121242885 0.477835805401244 0.500466662283751 0.501076121242885 0.480835805401244 9
2.1439677772138 0.497460742241931 0.498047218776656 0.477820220257203 0.500460742241931 0.501047218776656 0.480820220257203 9
2.1402528018799 0.497454773303987 0.498018217160328 0.477804671257593 0.500454773303987 0.501018217160328 0.480804671257593 9
2.1365486126047 0.49744878424417 0.497989152660609 0.477789178807871 0.50044878424417 0.500989152660609 0.480789178807871 9
2.1328551595646 0.497442775441819 0.497960071646563 0.477773770145726 0.500442775441819 0.500960071646563 0.480773770145726 9
2.1291723932513 0.497436697861143 0.497930958605629 0.477758438659504 0.500436697861144 0.500930958605629 0.480758438659504 9
2.1255002644696 0.497430546060865 0.497901752343311 0.477743203867393 0.500430546060865 0.500901752343311 0.480743203867393 9
2.1218387243342 0.497424298563748 0.497872451306285 0.47772807285888 0.500424298563748 0.500872451306285 0.48072807285888 9
2.118187724268 0.49741793054392 0.497843051183581 0.477713055446177 0.50041793054392 0.500843051183581 0.480713055446177 9
2.1145472159991 0.497411456977484 0.497813576030555 0.477698112732372 0.500411456977484 0.500813576030555 0.480698112732372 9
2.1109171515583 0.497404911446932 0.49778410725906 0.477683284172254 0.500404911446932 0.50078410725906 0.480683284172254 9
2.1072966550091 0.497398329065204 0.497754682570439 0.477668501664169 0.500398329065204 0.500754682570439 0.480668501664169 9
2.1036835284525 0.497391760173098 0.497725313550622 0.477653783919677 0.500391760173098 0.500725313550622 0.480653783919677 9
2.1000807188935 0.497385255145532 0.497696045646378 0.477639156277565 0.500385255145532 0.500696045646378 0.480639156277565 9
2.0964881794689 0.49737877919406 0.497666832725124 0.47762465817071 0.50037877919406 0.500666832725124 0.48062465817071 9
2.0929058636071 0.49737235132059 0.497637655600915 0.477610347780844 0.50037235132059 0.500637655600915 0.480610347780844 9
2.0893337250261 0.497365903630347 0.497608471578981 0.477596232068688 0.500365903630347 0.500608471578981 0.480596232068688 9
2.0857717177306 0.497359408917768 0.497579285906535 0.477582291987421 0.500359408917768 0.500579285906535 0.480582291987421 9
2.0822197960104 0.497352792366081 0.497550092001147 0.477568503000225 0.500352792366081 0.500550092001147 0.480568503000225 9
2.0786779144378 0.497346024255818 0.497520863165595 0.477554850025146 0.500346024255818 0.500520863165595 0.480554850025146 9
2.0751460278654 0.497339126602419 0.497491582325383 0.477541323058843 0.500339126602419 0.500491582325383 0.480541323058843 9
2.0716240914239 0.497332104880482 0.497462198581736 0.47752788415548 0.500332104880482 0.500462198581736 0.48052788415548 9
2.0681120605201 0.497324984303772 0.497432643494801 0.477514526521207 0.500324984303772 0.500432643494801 0.480514526521207 9
2.0646090298741 0.497317728788668 0.497402969497635 0.47750126479127 0.500317728788668 0.500402969497635 0.48050126479127 9
2.0611128517163 0.497310348052496 0.497373203846834 0.477488074587014 0.500310348052496 0.500373203846834 0.480488074587014 9
2.0576264620118 0.497302880751365 0.497343280515242 0.477474949574337 0.500302880751365 0.500343280515242 0.480474949574337 9
2.0541498171705 0.497295371121399 0.497313215008544 0.477461890394008 0.500295371121399 0.500313215008544 0.480461890394008 9
2.0506828738688 0.497287838989624 0.49728301392827 0.477448950972966 0.500287838989624 0.50028301392827 0.480448950972966 9
2.0472255890465 0.497280231628253 0.497252723018024 0.477436089012448 0.500280231628253 0.500252723018024 0.480436089012448 9
2.0437779199054 0.497272549568531 0.497222336551153 0.477423316864388 0.500272549568531 0.500222336551153 0.480423316864388 9
2.0403398239073 0.497264756072128 0.497191905596677 0.477410619134372 0.500264756072128 0.500191905596677 0.480410619134372 9
2.0369112587715 0.49725681331177 0.497161430017382 0.477397976400743 0.500256813311771 0.500161430017382 0.480397976400743 9
2.0334921824735 0.497248768467328 0.497130928783126 0.477385431935138 0.500248768467328 0.500130928783126 0.480385431935138 9
2.0300825532424 0.497240652560753 0.497100406001891 0.477372915173502 0.500240652560753 0.500100406001891 0.480372915173502 9
2.0266823295594 0.497232506217351 0.497069874904883 0.477360410886753 0.500232506217351 0.500069874904883 0.480360410886753 9
2.0232914664964 0.497224333650244 0.497039333515522 0.477347958652651 0.500224333650244 0.500039333515522 0.480347958652651 9
2.0199060829107 0.497216169166555 0.497008787774801 0.477335536683452 0.500216169166555 0.500008787774801 0.480335536683452 9
2.0165299966681 0.497207982240862 0.496978160189702 0.477323118522101 0.500207982240862 0.499978160189702 0.480323118522101 9
2.0131631671614 0.497199795929864 0.496947458270918 0.477310698680876 0.500199795929864 0.499947458270918 0.480310698680876 9
2.009805554027 0.497191681699915 0.496916684022047 0.477298258355188 0.500191681699915 0.499916684022047 0.480298258355188 9
2.0064571171418 0.497183627278351 0.496885802639604 0.477285810488369 0.500183627278351 0.499885802639604 0.480285810488369 9
2.0031178166226 0.497175570985824 0.496854863519354 0.477273401992202 0.500175570985824 0.499854863519354 0.480273401992202 9
