2.0031178166226 0.4966102694971399 0.49618828047570424 0.476755628784817 0.5006102694971398 0.5001882804757042 0.480755628784817 9
1.9997879241531 0.4966012807990204 0.4961556576655466 0.4767441254865408 0.5006012807990203 0.5001556576655466 0.48074412548654083 9
1.9964664663021 0.49659219380510333 0.4961229192448692 0.47673276836345463 0.5005921938051033 0.5001229192448692 0.48073276836345463 9
1.9931543379763 0.49658294716596 0.4960900518554422 0.47672156990343045 0.50058294716596 0.5000900518554422 0.48072156990343046 9
1.9898511888083 0.49657352487573114 0.49605705215126517 0.47671052788851215 0.5005735248757311 0.5000570521512652 0.48071052788851215 9
1.9865569801153 0.4965639366395719 0.4960238886896854 0.4766996480836891 0.5005639366395719 0.5000238886896854 0.4806996480836891 9
1.9832716734122 0.4965541747429693 0.49599048132851326 0.4766889639761293 0.5005541747429693 0.49999048132851326 0.4806889639761293 9
1.9799931307019 0.496544257059316 0.4959568395858974 0.47667846551734455 0.5005442570593159 0.49995683958589743 0.48067846551734456 9
1.97672165575 0.49653415936549933 0.49592301637519715 0.47666811019359334 0.5005341593654993 0.49992301637519715 0.48066811019359335 9
1.9734589832896 0.49652387174395524 0.49588913328964535 0.4766578703744437 0.5005238717439552 0.49988913328964535 0.4806578703744437 9
1.9702050756596 0.49651336158102677 0.4958553033126366 0.4766477785597959 0.5005133615810268 0.4998553033126366 0.4806477785597959 9
1.9669598954194 0.4965026571036429 0.4958215490309576 0.47663785819785864 0.5005026571036428 0.4998215490309576 0.48063785819785865 9
1.9637234053477 0.49649180356782935 0.49578785395574343 0.47662811299064095 0.5004918035678293 0.49978785395574343 0.48062811299064095 9
1.9604955684406 0.4964808402964974 0.49575417983209846 0.47661859521252153 0.5004808402964974 0.49975417983209847 0.48061859521252154 9
1.9572763479098 0.4964697585383925 0.49572045008631827 0.47660931405548107 0.5004697585383925 0.49972045008631827 0.4806093140554811 9
1.9540657071817 0.49645853168466797 0.49568666409332346 0.4766002870919003 0.5004585316846679 0.49968666409332346 0.4806002870919003 9
1.9508636098952 0.49644718080661226 0.49565283210461986 0.47659155022004934 0.5004471808066122 0.49965283210461986 0.48059155022004935 9
1.9476700199001 0.4964356924530691 0.4956189280214808 0.47658313614685865 0.5004356924530691 0.4996189280214808 0.48058313614685866 9
1.944484901256 0.4964240543937264 0.49558491172505303 0.476575056520972 0.5004240543937264 0.49958491172505304 0.480575056520972 9
1.9413082182305 0.4964122195992492 0.49555079293184057 0.4765673319834027 0.5004122195992492 0.49955079293184057 0.4805673319834027 9
1.938136648356 0.4964001658385476 0.49551653814183827 0.47656002373346623 0.5004001658385476 0.4995165381418383 0.48056002373346624 9
1.9349728588458 0.49638790020901025 0.49548218182936343 0.476553168482429 0.5003879002090103 0.49948218182936344 0.480553168482429 9
1.9318174133573 0.4963754120740493 0.49544779806203254 0.4765467935594799 0.5003754120740492 0.49944779806203254 0.4805467935594799 9
1.9286702769038 0.49636267229441744 0.49541335875718157 0.476540906062571 0.5003626722944174 0.49941335875718157 0.480540906062571 9
1.9255314146995 0.49634969523846334 0.49537878245796846 0.4765355574693508 0.5003496952384633 0.49937878245796846 0.4805355574693508 9
1.9224007921581 0.49633652635512227 0.49534403205700006 0.4765308035450497 0.5003365263551223 0.49934403205700006 0.4805308035450497 9
1.9192783748914 0.49632319036686784 0.4953090870563462 0.47652664870515465 0.5003231903668678 0.4993090870563462 0.48052664870515466 9
1.9161641287076 0.4963097124948827 0.49527397476018625 0.4765231101442132 0.5003097124948827 0.49927397476018626 0.48052311014421323 9
1.9130580196104 0.4962960526035792 0.49523869727889114 0.4765202152696822 0.5002960526035791 0.49923869727889114 0.4805202152696822 9
1.909960013797 0.4962821112561508 0.4952031866677278 0.47651794695041494 0.5002821112561507 0.4992031866677278 0.48051794695041494 9
1.9068700776571 0.496267813442448 0.49516745029226666 0.47651627922543777 0.500267813442448 0.49916745029226667 0.48051627922543777 9
1.9037881777713 0.4962531240849179 0.49513159061802037 0.47651521689192383 0.5002531240849178 0.49913159061802037 0.48051521689192384 9
1.9007142809098 0.4962379758453437 0.4950956644853354 0.4765147719212075 0.5002379758453437 0.4990956644853354 0.4805147719212075 9
1.8976448128936 0.4962223137918902 0.4950597322575953 0.4765149677178711 0.5002223137918902 0.4990597322575953 0.4805149677178711 9
1.8945829348301 0.4962061615081632 0.49502390822789766 0.47651580509778746 0.5002061615081632 0.49902390822789766 0.48051580509778746 9
1.8915289753794 0.49618953170137386 0.4949883388893029 0.47651734264505896 0.5001895317013738 0.4989883388893029 0.48051734264505896 9
1.8884829019879 0.4961724894152777 0.49495320515754176 0.4765196624081006 0.5001724894152777 0.49895320515754177 0.4805196624081006 9
1.8854446822853 0.49615515860881504 0.49491866201435447 0.4765227584161172 0.500155158608815 0.4989186620143545 0.4805227584161172 9
1.882414284083 0.49613776052361525 0.4948847343134743 0.4765266037087398 0.5001377605236152 0.4988847343134743 0.4805266037087398 9
1.8793916753736 0.49612039956803183 0.4948514603558196 0.4765311602824814 0.5001203995680318 0.4988514603558196 0.4805311602824814 9
1.8763768243287 0.49610294390080395 0.49481885965910527 0.47653637276842464 0.5001029439008039 0.4988188596591053 0.48053637276842465 9
1.8733696992982 0.496085232789 0.49478701424202065 0.4765423237409555 0.500085232789 0.49878701424202065 0.4805423237409555 9
1.8703702688089 0.49606716221206926 0.49475601472916386 0.4765491613158865 0.5000671622120693 0.49875601472916387 0.4805491613158865 9
1.8673785015633 0.4960487948030578 0.4947260332024697 0.4765569813405039 0.5000487948030578 0.4987260332024697 0.4805569813405039 9
1.8643943664381 0.49603028029188145 0.4946974631671425 0.47656572602609804 0.5000302802918815 0.49869746316714253 0.48056572602609804 9
1.8614178324832 0.49601209913468625 0.4946711196065021 0.47657507266909455 0.5000120991346862 0.4986711196065021 0.48057507266909455 9
1.8584460332395 0.49599493419181506 0.49464758956817073 0.47658422178802606 0.49999493419181507 0.49864758956817073 0.48058422178802607 9
1.8554807010121 0.49597931212548096 0.49462670516554685 0.47659229268717235 0.49997931212548097 0.49862670516554686 0.48059229268717235 9
1.8525228920909 0.49596556779093887 0.49460775194716283 0.4765987826822151 0.49996556779093887 0.49860775194716284 0.4805987826822151 9
1.8495725761396 0.4959536217990246 0.4945901367624505 0.4766035910257396 0.4999536217990246 0.4985901367624505 0.48060359102573963 9
1.8466297229898 0.4959432131420848 0.49457349592071864 0.47660681077571054 0.4999432131420848 0.49857349592071865 0.48060681077571055 9
1.8436943026392 0.49593409511626063 0.494557516303523 0.4766086199820035 0.49993409511626064 0.498557516303523 0.4806086199820035 9
1.8407662852508 0.4959260771558027 0.4945419444612307 0.47660915916017377 0.49992607715580273 0.4985419444612307 0.48060915916017377 9
1.8378456411518 0.49591904007800913 0.49452666282298635 0.47660840844524477 0.49991904007800914 0.49852666282298636 0.4806084084452448 9
1.8349323408321 0.49591290744277966 0.4945116710755851 0.4766063488723317 0.49991290744277966 0.4985116710755851 0.4806063488723317 9
1.8320263549433 0.49590759719250116 0.49449682652416993 0.47660306826283577 0.49990759719250116 0.49849682652416993 0.4806030682628358 9
1.829127654298 0.4959030005588571 0.4944819695864333 0.4765986305102472 0.4999030005588571 0.4984819695864333 0.4805986305102472 9
1.8262362098681 0.49589886114870396 0.494466961490332 0.4765931585973422 0.49989886114870397 0.498466961490332 0.4805931585973422 9
1.8233519927838 0.4958950589504256 0.494451772883757 0.47658676290354235 0.49989505895042563 0.498451772883757 0.48058676290354235 9
1.8204738327937 0.4958915800620219 0.4944365077958235 0.476579462275424 0.4998915800620219 0.4984365077958235 0.48057946227542403 9
1.8176000527713 0.4958884271926231 0.49442119008569496 0.4765712109165417 0.4998884271926231 0.49842119008569497 0.4805712109165417 9
1.8147334282076 0.49588558005208005 0.4944057668458498 0.47656203653531715 0.49988558005208006 0.4984057668458498 0.48056203653531715 9
1.8118739307912 0.4958830405523348 0.49439024580365465 0.4765520032588653 0.4998830405523348 0.49839024580365465 0.4805520032588653 9
1.8090215323644 0.49588082622762913 0.49437471061514426 0.47654112534536197 0.49988082622762914 0.49837471061514427 0.480541125345362 9
1.8061762049216 0.49587891662699685 0.4943591959110403 0.47652939952454 0.49987891662699685 0.4983591959110403 0.48052939952454 9
1.8033379206087 0.495877269085341 0.4943435969966969 0.4765169806523029 0.499877269085341 0.4983435969966969 0.4805169806523029 9
1.8005066517217 0.4958759056630332 0.49432790380900576 0.47650380022988426 0.4998759056630332 0.49832790380900577 0.48050380022988426 9
1.7976823707061 0.4958748738311748 0.494312059317867 0.4764898081066986 0.4998748738311748 0.498312059317867 0.4804898081066986 9
1.7948650501553 0.4958741668614772 0.4942960555771622 0.4764749988817184 0.4998741668614772 0.4982960555771622 0.4804749988817184 9
1.7920546628102 0.49587381857149065 0.49427980584667547 0.47645939435917767 0.49987381857149066 0.49827980584667547 0.48045939435917767 9
1.7892511815579 0.49587374870108514 0.4942632612270801 0.4764429896402627 0.49987374870108514 0.4982632612270801 0.4804429896402627 9
1.7864545794305 0.49587387622060597 0.49424648846389124 0.47642578565633503 0.499873876220606 0.49824648846389125 0.48042578565633504 9
1.7836648296045 0.495874129016406 0.4942295510573266 0.47640778799457323 0.499874129016406 0.4982295510573266 0.48040778799457323 9
1.7808795201761 0.49587447623499314 0.49421236670537905 0.4763890738515594 0.49987447623499315 0.49821236670537905 0.4803890738515594 9
1.7780994508641 0.4958749230221064 0.49419492738557524 0.4763696740476265 0.4998749230221064 0.49819492738557525 0.4803696740476265 9
1.7753261677977 0.495875555687032 0.49417730497683515 0.4763495577119151 0.499875555687032 0.49817730497683516 0.4803495577119151 9
1.7725596446585 0.49587638720122573 0.49415937650080255 0.4763286947712762 0.49987638720122574 0.49815937650080255 0.4803286947712762 9
1.7697998552679 0.4958775437252483 0.49414108327164424 0.47630705718518707 0.4998775437252483 0.49814108327164425 0.48030705718518707 9
1.7670467735858 0.4958790006178437 0.4941224500591343 0.4762846032404894 0.4998790006178437 0.4981224500591343 0.4802846032404894 9
1.7643003737105 0.4958807049565969 0.49410344314752314 0.47626128506574256 0.4998807049565969 0.49810344314752314 0.48026128506574256 9
1.761560629877 0.4958824523388917 0.49408421253367774 0.47623719002118076 0.4998824523388917 0.49808421253367774 0.48023719002118076 9
1.7588275164563 0.4958839971914177 0.49406525824685377 0.4762129679090163 0.4998839971914177 0.49806525824685377 0.4802129679090163 9
1.7561010079547 0.4958853499008387 0.4940469621544346 0.476189648009749 0.4998853499008387 0.4980469621544346 0.480189648009749 9
1.7533810790127 0.49588662864646205 0.49402924423943007 0.47616732612277624 0.49988662864646205 0.49802924423943007 0.48016732612277624 9
1.7506677044042 0.49588769783901016 0.4940117651953214 0.47614565367156475 0.49988769783901016 0.4980117651953214 0.48014565367156475 9
1.7479609256718 0.4958884882777988 0.49399417983356436 0.4761242948509066 0.4998884882777988 0.49799417983356437 0.48012429485090663 9
1.7452605179377 0.49588921545414905 0.4939762483280376 0.47610289888709967 0.49988921545414905 0.4979762483280376 0.48010289888709967 9
1.7425640362316 0.4958900298767826 0.49395780806543566 0.4760813010406482 0.4998900298767826 0.49795780806543566 0.4800813010406482 9
1.7398726693735 0.4958910555345645 0.49393885152332306 0.47605941318734146 0.4998910555345645 0.49793885152332307 0.48005941318734147 9
1.7371877460427 0.4958923637424247 0.49391930815301033 0.47603726600034635 0.4998923637424247 0.49791930815301033 0.48003726600034635 9
1.7345092417347 0.4958939162405382 0.493898943171187 0.4760148340881895 0.4998939162405382 0.497898943171187 0.4800148340881895 9
1.7318371320726 0.4958955179971052 0.493877601374859 0.4759921560029619 0.4998955179971052 0.497877601374859 0.4799921560029619 9
1.7291713928061 0.4958971622287178 0.4938552709311276 0.47596933914103023 0.49989716222871783 0.4978552709311276 0.47996933914103024 9
1.7265119998111 0.49589869064564074 0.49383180504933755 0.4759463885776169 0.49989869064564074 0.49783180504933755 0.4799463885776169 9
1.7238589290884 0.4958997284394339 0.4938070981557331 0.47592343844253315 0.4998997284394339 0.4978070981557331 0.47992343844253316 9
1.7212121567632 0.49589975655480495 0.4937812719541046 0.47590086590509845 0.49989975655480495 0.4977812719541046 0.47990086590509845 9
1.7185716590841 0.4958984708986461 0.4937551915724286 0.47587953418809903 0.4998984708986461 0.4977551915724286 0.47987953418809903 9
1.7159374124224 0.4958960948438203 0.4937303138445576 0.4758598916160799 0.4998960948438203 0.4977303138445576 0.4798598916160799 9
1.7133093932713 0.49589311236719275 0.4937076022838559 0.4758419630192265 0.49989311236719275 0.4977076022838559 0.4798419630192265 9
1.7106875782449 0.4958898906570178 0.4936872274873493 0.47582581514239797 0.4998898906570178 0.4976872274873493 0.47982581514239797 9
1.7080719440777 0.4958865177472427 0.49366874421677664 0.4758111748144386 0.4998865177472427 0.49766874421677665 0.4798111748144386 9
1.7054606482146 0.4958831528902696 0.4936517295479781 0.475796937149644 0.4998831528902696 0.4976517295479781 0.479796937149644 9
1.7028533276237 0.4958799501154776 0.49363544708564616 0.4757824442649134 0.4998799501154776 0.49763544708564617 0.4797824442649134 9
1.7002521319782 0.49587699168282934 0.4936190707328584 0.4757676205003647 0.49987699168282934 0.4976190707328584 0.4797676205003647 9
1.6976570384278 0.49587421214050725 0.4936021752830128 0.4757522211330447 0.49987421214050726 0.4976021752830128 0.4797522211330447 9
1.6950680242388 0.4958712590534059 0.49358475953590114 0.47573632258599446 0.4998712590534059 0.49758475953590114 0.47973632258599447 9
1.6924850667936 0.49586863959315625 0.49356775838401884 0.4757205360716201 0.49986863959315625 0.49756775838401884 0.47972053607162013 9
1.6899081435898 0.49586639267184235 0.49355196327421585 0.4757047734420681 0.49986639267184235 0.49755196327421586 0.4797047734420681 9
1.6873372322393 0.49586452500516165 0.49353675430423694 0.47568863537354344 0.49986452500516165 0.49753675430423694 0.47968863537354345 9
1.6847723104679 0.4958630803084395 0.4935214625290068 0.475672689511833 0.4998630803084395 0.4975214625290068 0.479672689511833 9
1.6822133561144 0.49586188466874725 0.4935065781418238 0.4756571258283502 0.49986188466874726 0.4975065781418238 0.4796571258283502 9
1.6796603471299 0.4958608066002192 0.4934918269754354 0.47564184074281873 0.4998608066002192 0.4974918269754354 0.47964184074281874 9
1.6771132615769 0.4958597082009009 0.4934771816884157 0.47562662038596015 0.4998597082009009 0.4974771816884157 0.47962662038596016 9
1.674572077629 0.4958586813593551 0.49346227631274153 0.4756110471787754 0.49985868135935513 0.49746227631274154 0.4796110471787754 9
1.6720367735697 0.4958577391878994 0.4934469732985889 0.47559527268082774 0.4998577391878994 0.4974469732985889 0.47959527268082774 9
1.6695073277921 0.4958567682651003 0.49343128793331026 0.4755792378450687 0.4998567682651003 0.49743128793331026 0.47957923784506873 9
1.6669797638613 0.49585593016417673 0.4934151686824052 0.47556297089588706 0.49985593016417673 0.4974151686824052 0.47956297089588706 9
1.6644579825916 0.4958552523043725 0.4933985484457111 0.4755466191010062 0.4998552523043725 0.49739854844571113 0.4795466191010062 9
1.6619420083752 0.49585459182947084 0.49338155189346955 0.4755301679462839 0.49985459182947084 0.49738155189346955 0.4795301679462839 9
1.6594318199799 0.4958538875502039 0.49336428857296977 0.4755133936818424 0.4998538875502039 0.49736428857296977 0.4795133936818424 9
1.6569273962798 0.49585300019034095 0.49334679309585083 0.4754962858361919 0.49985300019034096 0.49734679309585084 0.4794962858361919 9
1.6544287162546 0.4958520864250077 0.4933291225075184 0.4754789719936316 0.4998520864250077 0.49732912250751843 0.4794789719936316 9
1.651935758989 0.4958511879551484 0.4933112320225037 0.4754616437455 0.4998511879551484 0.4973112320225037 0.4794616437455 9
1.6494485036718 0.4958502544916535 0.4932930506334001 0.47544447066365453 0.4998502544916535 0.4972930506334001 0.47944447066365453 9
1.6469669295957 0.4958491944229333 0.49327459780548044 0.47542759401487356 0.4998491944229333 0.49727459780548044 0.47942759401487356 9
1.6444910161562 0.4958480326702583 0.4932558935510859 0.4754109989840015 0.4998480326702583 0.4972558935510859 0.4794109989840015 9
1.6420207428511 0.49584678505747193 0.4932370299362488 0.47539463609127336 0.49984678505747193 0.4972370299362488 0.47939463609127336 9
1.6395560892799 0.49584541557249573 0.49321813204729154 0.4753783062780351 0.49984541557249573 0.49721813204729154 0.4793783062780351 9
1.6370970351432 0.49584405977253265 0.49319924080478095 0.4753617922271609 0.49984405977253266 0.49719924080478095 0.4793617922271609 9
1.6346435602418 0.4958427163953884 0.49318035340655475 0.47534508792957336 0.4998427163953884 0.49718035340655475 0.47934508792957337 9
1.6321946255881 0.4958413194208664 0.4931614592639583 0.4753283962985275 0.4998413194208664 0.4971614592639583 0.4793283962985275 9
1.629748236416 0.4958399157802756 0.4931425179693103 0.4753118493116112 0.4998399157802756 0.4971425179693103 0.4793118493116112 9
1.6273073792684 0.49583855210211225 0.49312354175435086 0.4752953825884113 0.49983855210211225 0.49712354175435086 0.4792953825884113 9
1.6248720342874 0.4958371179206344 0.49310461421602536 0.47527894596445935 0.4998371179206344 0.49710461421602536 0.47927894596445936 9
1.6224421817124 0.4958356706178378 0.49308580693460574 0.47526254285344627 0.4998356706178378 0.49708580693460575 0.47926254285344627 9
1.62001780188 0.4958342680043715 0.4930672284361139 0.4752461813684737 0.49983426800437153 0.4970672284361139 0.4792461813684737 9
1.6175988752233 0.49583293445150994 0.49304886796572484 0.4752298649420615 0.49983293445150995 0.49704886796572484 0.4792298649420615 9
1.6151853822708 0.4958315762521091 0.4930307570987329 0.47521348804058383 0.4998315762521091 0.4970307570987329 0.47921348804058383 9
1.6127773036466 0.4958302598418528 0.49301278617411864 0.4751972095713298 0.4998302598418528 0.49701278617411865 0.47919720957132983 9
1.610374620069 0.4958290691538002 0.49299487156957894 0.4751810516422962 0.4998290691538002 0.49699487156957894 0.4791810516422962 9
1.6079773123506 0.4958279401516308 0.4929770322264823 0.4751650441999715 0.4998279401516308 0.4969770322264823 0.4791650441999715 9
1.6055853613974 0.4958269401698346 0.4929592135317678 0.47514922260382103 0.4998269401698346 0.4969592135317678 0.47914922260382103 9
1.6031987482081 0.4958260525621965 0.4929413252281461 0.47513351701477413 0.4998260525621965 0.4969413252281461 0.47913351701477414 9
1.6008174538738 0.4958250681826651 0.4929233495536729 0.4751178501520576 0.4998250681826651 0.4969233495536729 0.4791178501520576 9
1.5984414595772 0.49582397305206066 0.4929053390102999 0.47510233263231066 0.49982397305206067 0.49690533901029993 0.47910233263231067 9
1.5960697495899 0.495822752760137 0.4928873372654483 0.47508698210948996 0.499822752760137 0.4968873372654483 0.47908698210948997 9
1.5937002717515 0.49582152309971167 0.4928695404083507 0.4750718476488721 0.4998215230997117 0.4968695404083507 0.4790718476488721 9
1.5913360506423 0.49582019810660505 0.4928519591449856 0.47505675003190617 0.49982019810660505 0.4968519591449856 0.4790567500319062 9
1.5889770677538 0.4958187213564658 0.49283445187465036 0.4750416606444741 0.4998187213564658 0.49683445187465036 0.4790416606444741 9
1.5866233046668 0.4958171207584254 0.492816992534718 0.4750265764162575 0.4998171207584254 0.496816992534718 0.4790265764162575 9
1.5842747430506 0.4958153931343388 0.4927995344065788 0.4750114264811741 0.4998153931343388 0.4967995344065788 0.4790114264811741 9
1.5819313646628 0.49581350107055716 0.4927820764250714 0.4749961981716073 0.49981350107055716 0.4967820764250714 0.4789961981716073 9
1.5795931513485 0.49581158550290344 0.49276461574918845 0.4749809032727785 0.49981158550290344 0.49676461574918845 0.4789809032727785 9
1.5772600850398 0.4958097764733769 0.49274709587937465 0.4749655104754683 0.4998097764733769 0.49674709587937466 0.4789655104754683 9
1.5749321477555 0.49580818592341724 0.4927295422890711 0.474950073725683 0.49980818592341725 0.4967295422890711 0.478950073725683 9
1.5726093216002 0.49580678102694814 0.492711985859895 0.4749346372811236 0.49980678102694814 0.496711985859895 0.4789346372811236 9
1.570291588764 0.4958053956132585 0.4926944371598954 0.47491913420792364 0.4998053956132585 0.4966944371598954 0.47891913420792365 9
1.5679789315221 0.4958038992175718 0.49267692451299633 0.47490365412577934 0.4998038992175718 0.49667692451299633 0.47890365412577934 9
1.565671332234 0.4958022407633193 0.4926594539296817 0.4748882822091247 0.4998022407633193 0.4966594539296817 0.4788882822091247 9
1.5633687733432 0.4958003066385252 0.4926419900029859 0.4748730149425476 0.4998003066385252 0.4966419900029859 0.4788730149425476 9
1.5610712373767 0.49579821194058743 0.49262464325766264 0.47485783061124104 0.49979821194058743 0.49662464325766265 0.47885783061124104 9
1.5587747993926 0.4957961769882841 0.49260734959909075 0.4748427043763823 0.4997961769882841 0.49660734959909075 0.4788427043763823 9
1.556483224114 0.4957942004053909 0.4925900549499884 0.47482758959680255 0.4997942004053909 0.4965900549499884 0.47882758959680255 9
1.5541966322082 0.4957921513793105 0.4925726633391334 0.47481253719258254 0.4997921513793105 0.4965726633391334 0.47881253719258254 9
1.5519150064802 0.49579018884550446 0.492555241480038 0.47479762811444504 0.49979018884550447 0.496555241480038 0.47879762811444504 9
1.5496383298163 0.49578835834906376 0.4925378667918827 0.4747829694587003 0.49978835834906377 0.4965378667918827 0.4787829694587003 9
1.5473665851836 0.49578663850262794 0.492520551766633 0.47476856901319014 0.49978663850262794 0.496520551766633 0.47876856901319015 9
1.5450997556295 0.49578488654011077 0.4925032203241763 0.474754269900688 0.4997848865401108 0.4965032203241763 0.478754269900688 9
1.5428378242808 0.49578316540801387 0.4924859264033839 0.474739930300279 0.4997831654080139 0.4964859264033839 0.478739930300279 9
1.5405807743441 0.49578146620778407 0.4924686256857084 0.47472548162412476 0.4997814662077841 0.49646862568570843 0.47872548162412476 9
1.5383285891043 0.49577980433108115 0.49245136768453157 0.47471090367031643 0.49977980433108116 0.4964513676845316 0.47871090367031643 9
1.536081251925 0.4957781874010753 0.4924341332260952 0.47469621649006977 0.4997781874010753 0.4964341332260952 0.47869621649006977 9
1.5338387462476 0.49577661959829733 0.49241691805118204 0.47468144752401703 0.49977661959829733 0.49641691805118204 0.47868144752401703 9
1.5316010555909 0.49577511020355347 0.4923997163293022 0.4746665862206183 0.4997751102035535 0.4963997163293022 0.4786665862206183 9
1.5293681635505 0.4957737376598646 0.49238259368256504 0.474651634369384 0.4997737376598646 0.49638259368256504 0.478651634369384 9
1.5271400537988 0.49577250025549496 0.49236551038616916 0.4746367238936166 0.49977250025549497 0.49636551038616916 0.4786367238936166 9
1.5249150584217 0.49577132875670227 0.4923484617429789 0.4746219008483676 0.49977132875670227 0.4963484617429789 0.4786219008483676 9
1.5226924105112 0.49577013604298814 0.49233139578164575 0.4746071162497273 0.49977013604298814 0.49633139578164576 0.4786071162497273 9
1.5204745085739 0.4957689215330597 0.49231424836269905 0.47459233140448476 0.4997689215330597 0.49631424836269905 0.47859233140448476 9
1.5182613365345 0.4957678006651062 0.4922970611131637 0.4745776214748425 0.4997678006651062 0.4962970611131637 0.4785776214748425 9
1.5160528783925 0.49576676936474817 0.4922799235363169 0.47456300035570026 0.4997667693647482 0.4962799235363169 0.47856300035570026 9
1.5138491182212 0.49576587609601874 0.49226283489504646 0.47454846191817834 0.49976587609601875 0.49626283489504647 0.47854846191817835 9
1.5116500401677 0.4957650702653011 0.4922456927241718 0.47453399062815066 0.4997650702653011 0.4962456927241718 0.47853399062815066 9
1.5094556284523 0.4957643439726395 0.4922284920856067 0.47451958550876344 0.4997643439726395 0.4962284920856067 0.47851958550876345 9
1.5072658673679 0.4957637175054965 0.4922112032412197 0.47450520498251036 0.49976371750549653 0.4962112032412197 0.47850520498251037 9
1.5050807412801 0.49576304603437005 0.4921937777807494 0.4744908343961462 0.49976304603437005 0.4961937777807494 0.4784908343961462 9
1.5029002346263 0.4957623217076824 0.49217627118047275 0.47447635313272885 0.4997623217076824 0.49617627118047275 0.47847635313272885 9
1.5007243319152 0.49576150414495895 0.4921586802820243 0.47446173175786627 0.49976150414495896 0.4961586802820243 0.47846173175786627 9
1.4985530900401 0.49576051755876255 0.4921409870684885 0.4744469746529667 0.49976051755876255 0.4961409870684885 0.4784469746529667 9
1.4963862767048 0.49575944887874834 0.49212323588378165 0.47443208410468135 0.49975944887874835 0.49612323588378165 0.47843208410468135 9
1.4942240935915 0.4957584226491812 0.49210546158268964 0.47441709156602213 0.4997584226491812 0.49610546158268964 0.47841709156602213 9
1.4920664531562 0.4957574479042605 0.4920875992783069 0.47440207446896265 0.4997574479042605 0.4960875992783069 0.47840207446896266 9
1.489911036423 0.4957564609778466 0.49206963575624624 0.474387004539024 0.4997564609778466 0.49606963575624624 0.478387004539024 9
1.4877583703025 0.4957553814826331 0.49205160247887175 0.4743718683209111 0.4997553814826331 0.49605160247887176 0.4783718683209111 9
1.4856102136754 0.4957541046504602 0.49203349732561547 0.47435664403589567 0.4997541046504602 0.49603349732561547 0.4783566440358957 9
1.4834665515608 0.49575264568579724 0.492015420736776 0.47434137574771645 0.49975264568579725 0.496015420736776 0.47834137574771646 9
1.4813273690457 0.49575111328057825 0.4919973585143528 0.4743260669484394 0.49975111328057825 0.4959973585143528 0.4783260669484394 9
1.4791926512851 0.4957495222177194 0.49197925346780796 0.4743107206375701 0.4997495222177194 0.49597925346780797 0.47831072063757013 9
1.477062383501 0.49574785989148024 0.49196119017071804 0.474295424815149 0.49974785989148024 0.49596119017071805 0.47829542481514903 9
1.4749365509826 0.4957461899403643 0.4919432440916712 0.47428020612135363 0.4997461899403643 0.4959432440916712 0.47828020612135363 9
1.4728151390856 0.495744481322353 0.49192543732474836 0.47426508307191295 0.499744481322353 0.49592543732474836 0.47826508307191296 9
1.4706981332316 0.4957427419065162 0.49190783877726046 0.4742500741064787 0.4997427419065162 0.49590783877726047 0.4782500741064787 9
1.4685855189084 0.49574109813541306 0.49189046513820106 0.47423514869422456 0.49974109813541306 0.49589046513820106 0.47823514869422457 9
1.4664772816691 0.4957395598151904 0.4918732056159076 0.47422032697324484 0.4997395598151904 0.4958732056159076 0.47822032697324485 9
1.4643734071315 0.49573813538745026 0.4918560641032753 0.4742056884821224 0.49973813538745027 0.4958560641032753 0.4782056884821224 9
1.4622738809786 0.4957368278972329 0.491839025291226 0.47419120925554853 0.4997368278972329 0.495839025291226 0.47819120925554853 9
1.4601786889573 0.4957356013885088 0.49182210724178016 0.47417681409372925 0.4997356013885088 0.49582210724178016 0.47817681409372925 9
1.4580878168787 0.49573438900297634 0.491805239727758 0.47416247382438514 0.49973438900297634 0.49580523972775803 0.47816247382438515 9
1.4559994561257 0.4957331192399463 0.4917883539996839 0.474148179724668 0.4997331192399463 0.4957883539996839 0.478148179724668 9
1.4539131013219 0.4957317872142827 0.4917714425507687 0.47413393467288856 0.4997317872142827 0.4957714425507687 0.47813393467288856 9
1.4518310361173 0.49573042575364723 0.49175453325158475 0.4741197564275798 0.49973042575364723 0.49575453325158475 0.4781197564275798 9
1.4497532465293 0.49572900441104634 0.4917375936657816 0.4741056269119175 0.49972900441104634 0.49573759366578163 0.4781056269119175 9
1.4476797186377 0.49572753053167434 0.4917206639733038 0.47409150865300487 0.49972753053167435 0.4957206639733038 0.47809150865300487 9
1.4456104385843 0.49572609140801344 0.4917037319893178 0.4740773597941556 0.49972609140801344 0.49570373198931783 0.4780773597941556 9
1.4435453925725 0.4957247172582763 0.49168678547115185 0.47406315826077655 0.49972471725827633 0.49568678547115186 0.47806315826077656 9
1.4414845668672 0.49572330113536117 0.49166980488757234 0.4740489803599684 0.4997233011353612 0.49566980488757234 0.4780489803599684 9
1.439427947794 0.4957218249797266 0.4916527948072449 0.474034833524319 0.4997218249797266 0.4956527948072449 0.478034833524319 9
1.4373755217393 0.4957203074010086 0.49163576262738806 0.4740206905223623 0.4997203074010086 0.49563576262738807 0.4780206905223623 9
1.4353272751499 0.49571877115762447 0.49161873168639736 0.47400653626687467 0.4997187711576245 0.49561873168639736 0.47800653626687467 9
1.4332831945323 0.49571720843360756 0.49160171740839664 0.47399234900819437 0.49971720843360756 0.49560171740839665 0.4779923490081944 9
1.4312432664527 0.4957155974814854 0.49158470234451696 0.4739780948932099 0.4997155974814854 0.49558470234451696 0.4779780948932099 9
1.4292074775367 0.49571394765184235 0.49156770526210614 0.4739637825796704 0.49971394765184235 0.49556770526210614 0.4779637825796704 9
1.4271758144686 0.49571227424265185 0.4915507521978572 0.47394944466682287 0.49971227424265185 0.4955507521978572 0.4779494446668229 9
1.4251482639916 0.4957106135858469 0.4915338680197777 0.47393509992673477 0.4997106135858469 0.4955338680197777 0.4779350999267348 9
1.4231247155016 0.49570895588554725 0.4915170417862883 0.473920725978843 0.49970895588554726 0.4955170417862883 0.477920725978843 9
1.4211012529703 0.49570733484864593 0.4915003920341007 0.47390632847385966 0.49970733484864593 0.4955003920341007 0.47790632847385967 9
1.4190818752888 0.4957057387922944 0.491483958822922 0.47389200913086615 0.4997057387922944 0.495483958822922 0.47789200913086616 9
1.4170665693871 0.49570413443521577 0.49146771943026796 0.4738777666196972 0.4997041344352158 0.49546771943026796 0.4778777666196972 9
1.4150553222524 0.495702624792198 0.4914516048510552 0.4738635183786066 0.499702624792198 0.4954516048510552 0.4778635183786066 9
1.413048120929 0.4957012149630048 0.4914355818703996 0.4738493601487795 0.4997012149630048 0.4954355818703996 0.4778493601487795 9
1.4110449525174 0.4956998730901979 0.4914196521511433 0.4738353393389488 0.4996998730901979 0.4954196521511433 0.4778353393389488 9
1.4090458041747 0.495698590705639 0.49140380457714056 0.47382142977926467 0.499698590705639 0.49540380457714056 0.4778214297792647 9
1.4070506631139 0.4956973924584375 0.49138809088304836 0.47380763186040853 0.49969739245843753 0.49538809088304836 0.47780763186040853 9
1.4050595166036 0.4956962454811513 0.49137247523268635 0.4737939551897958 0.4996962454811513 0.49537247523268635 0.4777939551897958 9
1.4030723519676 0.4956951532318227 0.4913569212296245 0.4737804285154693 0.49969515323182273 0.4953569212296245 0.4777804285154693 9
1.4010891565851 0.4956940721555083 0.4913414218868496 0.4737670168746809 0.4996940721555083 0.4953414218868496 0.4777670168746809 9
1.3991100266588 0.4956929301108264 0.49132598324839766 0.47375364231631156 0.4996929301108264 0.49532598324839766 0.47775364231631157 9
1.3971346233588 0.4956917201449612 0.4913105728595738 0.4737402653192491 0.4996917201449612 0.4953105728595738 0.4777402653192491 9
1.3951632605671 0.4956904429217316 0.4912951910911802 0.47372689477966207 0.4996904429217316 0.4952951910911802 0.47772689477966207 9
1.3931958170782 0.4956891123851559 0.4912798029691117 0.4737135243470197 0.4996891123851559 0.4952798029691117 0.4777135243470197 9
1.3912322805527 0.49568775828044404 0.49126442251125885 0.4737001373898744 0.49968775828044404 0.49526442251125885 0.4777001373898744 9
1.3892713364085 0.4956864028203041 0.49124909596342115 0.47368670831420673 0.4996864028203041 0.49524909596342115 0.47768670831420673 9
1.3873114707173 0.495685042424868 0.4912338216634717 0.473673266339474 0.499685042424868 0.4952338216634717 0.477673266339474 9
1.3853554867459 0.49568367462207114 0.49121858871429186 0.473659793327448 0.49968367462207114 0.49521858871429186 0.477659793327448 9
1.3834033723124 0.4956823054813977 0.49120336060107234 0.47364628497896005 0.4996823054813977 0.49520336060107234 0.47764628497896006 9
1.3814551152875 0.4956809530436126 0.49118811844723004 0.47363273094290703 0.4996809530436126 0.49518811844723004 0.47763273094290704 9
1.3795107035936 0.49567960835107006 0.4911728966812127 0.4736190578099812 0.49967960835107006 0.4951728966812127 0.4776190578099812 9
1.377570125205 0.49567828776175105 0.49115771740065745 0.4736052559977868 0.49967828776175105 0.49515771740065745 0.4776052559977868 9
1.3756333681475 0.49567697060958843 0.4911425576415852 0.47359136125365847 0.49967697060958843 0.4951425576415852 0.4775913612536585 9
1.3737004204979 0.49567565116075063 0.4911273931646219 0.47357740130711584 0.49967565116075063 0.4951273931646219 0.47757740130711585 9
1.3717712703841 0.4956743435539151 0.49111219928425387 0.47356342739424273 0.4996743435539151 0.4951121992842539 0.47756342739424273 9
1.3698459059843 0.4956730841308147 0.4910969689235235 0.4735494338765926 0.4996730841308147 0.4950969689235235 0.4775494338765926 9
1.3679243155275 0.49567188481333607 0.4910816818608329 0.4735354823252381 0.4996718848133361 0.4950816818608329 0.4775354823252381 9
1.3660064872924 0.495670730755887 0.4910663342383626 0.47352161070747484 0.499670730755887 0.4950663342383626 0.47752161070747484 9
1.3640924096076 0.49566958072736667 0.491050941097355 0.4735078115680263 0.49966958072736667 0.495050941097355 0.4775078115680263 9
1.3621820708512 0.4956684066057613 0.4910355090746786 0.4734940709408908 0.4996684066057613 0.4950355090746786 0.4774940709408908 9
1.3602754594508 0.4956672047928108 0.4910200520813387 0.47348038328510006 0.4996672047928108 0.4950200520813387 0.47748038328510006 9
1.3583725638827 0.49566598773405074 0.49100457948536175 0.47346671247809613 0.49966598773405074 0.49500457948536175 0.47746671247809613 9
1.3564720771713 0.4956647568961436 0.49098903658540866 0.4734530235366263 0.4996647568961436 0.49498903658540866 0.47745302353662633 9
1.354572461194 0.495663543664944 0.49097338372915317 0.4734393369124868 0.499663543664944 0.49497338372915317 0.4774393369124868 9
1.3526765380818 0.4956623062323258 0.4909576453223797 0.4734256667446052 0.4996623062323258 0.4949576453223797 0.4774256667446052 9
1.3507842964634 0.4956610034151335 0.4909418248940055 0.4734120052855494 0.49966100341513353 0.4949418248940055 0.4774120052855494 9
1.3488957250153 0.4956596660716468 0.4909259332698022 0.47339833547033805 0.4996596660716468 0.4949259332698022 0.47739833547033805 9
1.3470108124615 0.4956582896122675 0.49090998851026324 0.4733846503596229 0.4996582896122675 0.49490998851026324 0.4773846503596229 9
1.3451295475735 0.49565688163875044 0.49089400925642657 0.4733709649005117 0.49965688163875044 0.49489400925642657 0.47737096490051173 9
1.3432519191701 0.49565543847172255 0.4908779995055331 0.4733572803652502 0.49965543847172256 0.49487799950553313 0.4773572803652502 9
1.3413779161166 0.49565398883304296 0.49086197690835587 0.47334357347244954 0.49965398883304296 0.49486197690835587 0.47734357347244954 9
1.3395075273253 0.49565250672627653 0.4908459880549647 0.473329847674512 0.49965250672627654 0.4948459880549647 0.47732984767451203 9
1.3376407417546 0.4956509927119056 0.49083001745674093 0.47331612099358567 0.4996509927119056 0.49483001745674093 0.47731612099358567 9
1.3357775484093 0.49564944297532265 0.49081406316922993 0.4733023731060668 0.49964944297532266 0.49481406316922993 0.4773023731060668 9
1.3339179363398 0.49564789322500397 0.49079813997441374 0.4732886025884594 0.49964789322500397 0.49479813997441374 0.4772886025884594 9
1.3320618946426 0.4956463494791472 0.4907822557747239 0.4732748120887435 0.4996463494791472 0.4947822557747239 0.4772748120887435 9
1.330209412459 0.49564482068862725 0.490766441275533 0.4732609935374692 0.49964482068862726 0.494766441275533 0.4772609935374692 9
1.3283604789761 0.49564331895075214 0.490750664011983 0.473247183397813 0.49964331895075215 0.494750664011983 0.477247183397813 9
1.3265150834254 0.49564189563192007 0.49073489874631787 0.4732334138991635 0.4996418956319201 0.4947348987463179 0.4772334138991635 9
1.324673161468 0.49564059466598503 0.4907191528789071 0.47321968726607994 0.49964059466598504 0.4947191528789071 0.47721968726607994 9
1.3228306777695 0.49563939364181636 0.4907034780939722 0.47320601733074 0.49963939364181637 0.4947034780939722 0.47720601733074003 9
1.320991711115 0.49563823880195756 0.4906879267718858 0.4731923684760694 0.49963823880195757 0.4946879267718858 0.4771923684760694 9
1.3191562508736 0.49563708671674994 0.49067249363984516 0.47317869236703053 0.49963708671674995 0.49467249363984517 0.47717869236703053 9
1.3173242864586 0.49563593769816455 0.4906571215795448 0.47316495243230994 0.49963593769816456 0.4946571215795448 0.47716495243230994 9
1.3154958073268 0.4956347288732446 0.4906417825435562 0.47315116460316814 0.4996347288732446 0.49464178254355623 0.47715116460316814 9
1.3136708029785 0.49563344170458873 0.49062648373536966 0.4731373243248319 0.49963344170458873 0.49462648373536966 0.4771373243248319 9
1.3118492629574 0.49563209699204447 0.4906111555021249 0.4731233955557323 0.49963209699204447 0.4946111555021249 0.4771233955557323 9
1.3100311768501 0.4956306773553116 0.4905958059868489 0.473109364738852 0.4996306773553116 0.4945958059868489 0.477109364738852 9
1.3082165342861 0.49562920421550616 0.49058047102046975 0.4730953094514197 0.49962920421550616 0.49458047102046976 0.4770953094514197 9
1.3064053249374 0.4956277084653134 0.49056510751686366 0.47308126271861833 0.4996277084653134 0.49456510751686367 0.47708126271861834 9
1.3045975385184 0.49562621313601324 0.4905496847753135 0.4730672591958874 0.49962621313601324 0.4945496847753135 0.4770672591958874 9
1.3027931647857 0.49562471397242375 0.49053422238555683 0.4730533058296131 0.49962471397242375 0.49453422238555683 0.4770533058296131 9
1.3009921935377 0.49562322102386613 0.4905187301520498 0.47303939062446865 0.49962322102386614 0.4945187301520498 0.47703939062446865 9
1.2991947137087 0.4956217455600643 0.490503203214348 0.473025520182596 0.4996217455600643 0.494503203214348 0.47702552018259603 9
1.2974004178884 0.49562025554383504 0.4904876542035375 0.47301169466752696 0.49962025554383505 0.4944876542035375 0.47701169466752696 9
1.2956095933115 0.4956187713440783 0.49047211186028433 0.4729979284668984 0.4996187713440783 0.49447211186028434 0.4769979284668984 9
1.2938221308182 0.4956172982927588 0.4904565814906421 0.4729842193755906 0.4996172982927588 0.4944565814906421 0.4769842193755906 9
1.2920363203018 0.4956158001787167 0.4904410493346655 0.47297054293537677 0.4996158001787167 0.4944410493346655 0.4769705429353768 9
1.2902514143641 0.4956142813377445 0.490425514029834 0.47295688472400904 0.4996142813377445 0.494425514029834 0.47695688472400904 9
1.2884698516169 0.4956127272345985 0.49040999431942367 0.47294322459473415 0.4996127272345985 0.4944099943194237 0.47694322459473415 9
1.2866916221477 0.4956111074281669 0.4903944610782479 0.4729295651554326 0.4996111074281669 0.4943944610782479 0.4769295651554326 9
1.2849167160844 0.4956094229609593 0.4903788755782378 0.47291592089177426 0.4996094229609593 0.4943788755782378 0.47691592089177426 9
1.2831451235949 0.49560769778855823 0.49036326986796497 0.47290227289960707 0.49960769778855824 0.49436326986796497 0.47690227289960707 9
1.2813768348867 0.49560594901444505 0.49034767971376925 0.47288861536492 0.49960594901444505 0.49434767971376925 0.47688861536492 9
1.2796118402072 0.49560419628879127 0.49033209324641414 0.47287497452654087 0.49960419628879127 0.49433209324641414 0.4768749745265409 9
1.2778501298427 0.4956024355565656 0.49031651167947654 0.47286137765521397 0.4996024355565656 0.49431651167947654 0.47686137765521397 9
1.2760916941191 0.49560066835254596 0.4903009440259762 0.47284779550773676 0.49960066835254596 0.4943009440259762 0.47684779550773676 9
1.2743365234011 0.4955989116517758 0.49028537667975347 0.47283422246012446 0.4995989116517758 0.4942853766797535 0.47683422246012447 9
1.272584608092 0.49559714968716545 0.49026979492536443 0.4728206698047258 0.49959714968716545 0.49426979492536444 0.4768206698047258 9
1.270835938634 0.4955954103879722 0.4902542117268394 0.47280713622830706 0.4995954103879722 0.4942542117268394 0.47680713622830706 9
1.2690905055075 0.4955936629653696 0.490238611495847 0.47279362436495664 0.4995936629653696 0.494238611495847 0.47679362436495665 9
1.267348299231 0.4955918928044135 0.4902229964338808 0.4727801047215986 0.4995918928044135 0.4942229964338808 0.4767801047215986 9
1.2656093103611 0.4955901344405314 0.49020740284331554 0.4727665819341349 0.4995901344405314 0.49420740284331555 0.4767665819341349 9
1.2638735294923 0.49558838285660717 0.4901918455094741 0.4727530434010916 0.49958838285660717 0.4941918455094741 0.4767530434010916 9
1.2621409472563 0.495586646125365 0.4901763355888069 0.47273948586014963 0.499586646125365 0.4941763355888069 0.47673948586014964 9
1.2604094669927 0.4955849247387687 0.49016085338249804 0.47272589746608074 0.4995849247387687 0.49416085338249804 0.47672589746608074 9
1.2586791077784 0.49558316884457193 0.49014537274915676 0.4727122623532891 0.49958316884457193 0.49414537274915676 0.4767122623532891 9
1.2569519301028 0.49558133530705295 0.4901298767418465 0.4726985907993418 0.49958133530705295 0.4941298767418465 0.4766985907993418 9
1.2552279247092 0.49557945413648413 0.4901143454195468 0.47268488379762996 0.49957945413648414 0.4941143454195468 0.47668488379762997 9
1.2535070823777 0.49557756040378986 0.4900987693883385 0.472671124579149 0.49957756040378987 0.4940987693883385 0.476671124579149 9
1.2517893939251 0.49557566269453696 0.4900831843980332 0.47265733945299826 0.49957566269453696 0.4940831843980332 0.47665733945299826 9
1.2500748502045 0.49557376962317606 0.49006757732947687 0.47264353954473415 0.49957376962317607 0.49406757732947687 0.47664353954473415 9
1.2483634421054 0.49557185329162246 0.4900519457951889 0.4726297462480431 0.49957185329162246 0.4940519457951889 0.4766297462480431 9
1.2466551605535 0.4955699114261348 0.49003629813526206 0.4726159702734312 0.4995699114261348 0.49403629813526206 0.4766159702734312 9
1.2449499965101 0.4955679487479454 0.49002062949113684 0.4726022098563924 0.4995679487479454 0.49402062949113684 0.4766022098563924 9
1.2432479409726 0.49556597681410625 0.4900049952025556 0.4725884800255616 0.49956597681410625 0.4940049952025556 0.4765884800255616 9
1.2415489849735 0.4955639925545525 0.48998940150173165 0.4725747745426108 0.4995639925545525 0.49398940150173165 0.4765747745426108 9
1.2398531195811 0.495561965340351 0.4899738368185427 0.47256107177036943 0.499561965340351 0.4939738368185427 0.47656107177036944 9
1.2381603358986 0.49555996466876834 0.48995830893245185 0.47254734265311554 0.49955996466876834 0.49395830893245185 0.47654734265311555 9
1.2364706250644 0.4955579655513381 0.4899428193395568 0.4725335943043798 0.4995579655513381 0.4939428193395568 0.4765335943043798 9
1.2347839782516 0.49555595505758465 0.48992734946939986 0.47251986725877837 0.49955595505758466 0.49392734946939987 0.4765198672587784 9
1.2331003866681 0.4955539468837725 0.48991187669151137 0.4725061563216432 0.4995539468837725 0.4939118766915114 0.4765061563216432 9
1.2314198415561 0.49555196509061883 0.4898964216115681 0.47249246370072695 0.49955196509061883 0.4938964216115681 0.47649246370072695 9
1.2297411394339 0.4955499928562313 0.48988097699587774 0.4724787685875569 0.4995499928562313 0.49388097699587774 0.4764787685875569 9
1.2280625035863 0.4955480051069726 0.4898655399435669 0.4724650811407939 0.4995480051069726 0.4938655399435669 0.4764650811407939 9
1.2263868987675 0.4955460266972041 0.4898501305226679 0.4724513965816609 0.4995460266972041 0.4938501305226679 0.4764513965816609 9
1.2247143163202 0.49554407718311455 0.4898347550832229 0.4724377299579767 0.49954407718311455 0.4938347550832229 0.47643772995797673 9
1.2230447476208 0.4955421842672125 0.48981941931289186 0.47242408074039643 0.49954218426721253 0.49381941931289186 0.47642408074039644 9
1.2213781840794 0.4955403572439613 0.4898041212996387 0.472410447551525 0.4995403572439613 0.4938041212996387 0.476410447551525 9
1.2197146171396 0.4955385797523266 0.4897888444742372 0.4723968267410136 0.49953857975232663 0.4937888444742372 0.4763968267410136 9
1.2180540382781 0.49553683199094734 0.48977356243549 0.47238323564768747 0.49953683199094734 0.49377356243549 0.4763832356476875 9
1.2163964390051 0.4955351081077751 0.4897582942295523 0.4723696770170461 0.4995351081077751 0.4937582942295523 0.4763696770170461 9
1.2147418108635 0.4955333786258707 0.4897430570890292 0.4723561362591675 0.4995333786258707 0.4937430570890292 0.4763561362591675 9
1.213090145429 0.4955316374797552 0.4897278487546684 0.47234260645357384 0.4995316374797552 0.4937278487546684 0.47634260645357385 9
1.2114414343101 0.49552988472345494 0.48971264532588077 0.47232908506183735 0.49952988472345494 0.4937126453258808 0.47632908506183735 9
1.2097956691477 0.4955281241700238 0.4896974446743831 0.47231557311284744 0.4995281241700238 0.4936974446743831 0.47631557311284745 9
1.2081528416152 0.4955263694598387 0.4896822521799833 0.4723020445835079 0.4995263694598387 0.4936822521799833 0.4763020445835079 9
1.2065129434178 0.4955246206710559 0.48966704728364535 0.47228850818556617 0.4995246206710559 0.49366704728364535 0.4762885081855662 9
1.2048759662932 0.4955228988424605 0.48965179353078364 0.4722749952187882 0.4995228988424605 0.49365179353078364 0.4762749952187882 9
1.2032419020105 0.495521213271918 0.4896364922405529 0.4722615126100244 0.499521213271918 0.4936364922405529 0.4762615126100244 9
1.2016107423709 0.4955195589153408 0.4896211616672241 0.4722480906659465 0.4995195589153408 0.4936211616672241 0.4762480906659465 9
1.1999826401527 0.4955179298065111 0.48960579446275454 0.4722347466608084 0.4995179298065111 0.49360579446275454 0.4762347466608084 9
1.198353932713 0.49551630296288407 0.4895904073144579 0.4722214993981364 0.4995163029628841 0.4935904073144579 0.4762214993981364 9
1.1967272773092 0.49551468814757177 0.4895750261221176 0.47220833767302445 0.4995146881475718 0.4935750261221176 0.47620833767302445 9
1.1951035044915 0.49551310328383474 0.48955966291468817 0.4721952253645589 0.49951310328383475 0.49355966291468817 0.4761952253645589 9
1.1934826061988 0.4955115567474007 0.4895443527983911 0.4721821619654549 0.4995115567474007 0.4935443527983911 0.47618216196545493 9
1.1918645743845 0.4955100494443425 0.48952911198886817 0.47216912612346523 0.4995100494443425 0.4935291119888682 0.47616912612346524 9
1.190249401033 0.4955085623289487 0.4895139234584074 0.47215608081167443 0.4995085623289487 0.4935139234584074 0.47615608081167443 9
1.188637078159 0.49550705103227227 0.4894987841029227 0.4721430438356978 0.4995070510322723 0.4934987841029227 0.4761430438356978 9
1.187027597808 0.4955055136137211 0.4894837072364608 0.47213001572347457 0.4995055136137211 0.4934837072364608 0.4761300157234746 9
1.1854209520559 0.49550393933375125 0.48946867864681126 0.47211699058696344 0.49950393933375126 0.49346867864681127 0.47611699058696344 9
1.1838171330084 0.4955023133656504 0.48945370765606167 0.4721039834109124 0.49950231336565043 0.49345370765606167 0.4761039834109124 9
1.1822161328017 0.4955006524902208 0.4894387820762598 0.47209099252416925 0.4995006524902208 0.4934387820762598 0.47609099252416925 9
1.1806179436016 0.4954989720330116 0.4894239051928007 0.47207801162331336 0.4994989720330116 0.4934239051928007 0.47607801162331337 9
1.1790225576037 0.49549726227741897 0.4894090732675478 0.4720650351359725 0.499497262277419 0.4934090732675478 0.4760650351359725 9
1.1774299670334 0.4954955329603601 0.48939430724749006 0.47205206913486275 0.4994955329603601 0.49339430724749006 0.47605206913486275 9
1.1758401641454 0.4954938088042476 0.48937962257541967 0.47203912187417996 0.4994938088042476 0.4933796225754197 0.47603912187417996 9
1.1742531412237 0.4954921330745784 0.4893650009010983 0.47202617836583816 0.4994921330745784 0.4933650009010983 0.47602617836583816 9
1.1726688905817 0.4954904470495589 0.4893504371480329 0.4720132339040949 0.4994904470495589 0.4933504371480329 0.4760132339040949 9
1.1710874045616 0.4954886985544112 0.4893359195993184 0.47200029395281295 0.4994886985544112 0.4933359195993184 0.47600029395281296 9
1.1695086755348 0.495486907635295 0.48932144486299756 0.47198736919925977 0.499486907635295 0.49332144486299756 0.47598736919925977 9
1.1679288506289 0.49548506451702107 0.4893070307551386 0.47197446375290525 0.49948506451702107 0.4933070307551386 0.47597446375290525 9
1.1663514460111 0.4954832105770283 0.4892926833752244 0.47196155680014 0.4994832105770283 0.4932926833752244 0.47596155680014 9
1.1647767859435 0.49548131477156027 0.4892783903019665 0.4719486771378881 0.49948131477156027 0.4932783903019665 0.4759486771378881 9
1.163204862878 0.49547940263346374 0.4892641513328072 0.47193585319471326 0.49947940263346374 0.4932641513328072 0.47593585319471327 9
1.1616356692949 0.49547750580025207 0.48924995743315586 0.4719230879112762 0.4994775058002521 0.49324995743315586 0.4759230879112762 9
1.160069197703 0.4954756512842372 0.48923576743523406 0.47191037535242353 0.4994756512842372 0.49323576743523406 0.47591037535242353 9
1.1585054406388 0.49547383037912357 0.48922158333470134 0.4718976671899197 0.4994738303791236 0.49322158333470134 0.4758976671899197 9
1.1569443906672 0.49547202856047284 0.4892074580042041 0.47188497921463884 0.49947202856047285 0.4932074580042041 0.47588497921463885 9
1.1553860403806 0.4954702182099812 0.489193406550758 0.47187229776115436 0.4994702182099812 0.493193406550758 0.47587229776115436 9
1.1538303823992 0.49546839006655413 0.4891793994449502 0.471859634490874 0.49946839006655414 0.4931793994449502 0.475859634490874 9
1.1522774093708 0.49546654691463404 0.48916540712004347 0.4718469867565025 0.49946654691463405 0.4931654071200435 0.4758469867565025 9
1.1507271139706 0.49546468525973264 0.4891514265955124 0.47183434933972856 0.49946468525973264 0.4931514265955124 0.47583434933972857 9
1.1491794889012 0.49546280958899686 0.48913746065043573 0.4718217190930382 0.49946280958899686 0.49313746065043573 0.4758217190930382 9
1.1476345268922 0.49546092900822813 0.4891234918651109 0.4718090948451068 0.49946092900822814 0.4931234918651109 0.4758090948451068 9
1.1460922207005 0.4954590444719644 0.48910952597173246 0.4717964686561104 0.49945904447196443 0.49310952597173247 0.4757964686561104 9
1.1445525631096 0.49545715480318686 0.4890955557257153 0.47178384017756986 0.49945715480318686 0.4930955557257153 0.47578384017756986 9
1.1430155469301 0.4954552645721636 0.4890815743306375 0.4717711965779564 0.4994552645721636 0.4930815743306375 0.4757711965779564 9
