8.133064319489 0.499054628100 0.510368717665 0.487758553480 0.502054628100 0.513368717665 0.490758553480 9
8.081884321479 0.499054238173 0.510334975099 0.487727493907 0.502054238173 0.513334975099 0.490727493907 9
8.031414886904 0.499036745376 0.510270395480 0.487692201644 0.502036745376 0.513270395480 0.490692201644 9
7.981641916115 0.499025355395 0.510216687000 0.487663904071 0.502025355395 0.513216687000 0.490663904071 9
7.932541710185 0.499024809983 0.510182777593 0.487633567291 0.502024809983 0.513182777593 0.490633567291 9
7.884109325646 0.499024405243 0.510148992956 0.487603334389 0.502024405243 0.513148992956 0.490603334389 9
7.836325687034 0.499024030074 0.510115395152 0.487573169188 0.502024030074 0.513115395152 0.490573169188 9
7.789178967037 0.499023652237 0.510081981323 0.487543210025 0.502023652237 0.513081981323 0.490543210025 9
7.742654351667 0.499023236971 0.510048644367 0.487513333105 0.502023236971 0.513048644367 0.490513333105 9
7.696739098153 0.499022781378 0.510015337078 0.487483598798 0.502022781378 0.513015337078 0.490483598798 9
7.651421538276 0.499022222386 0.509982139080 0.487453989325 0.502022222386 0.512982139080 0.490453989325 9
7.606687098563 0.499021764902 0.509949018536 0.487424419466 0.502021764902 0.512949018536 0.490424419466 9
7.562525883510 0.499021277357 0.509915992677 0.487394967977 0.502021277357 0.512915992677 0.490394967977 9
7.518925790086 0.499020845276 0.509883000014 0.487365651387 0.502020845276 0.512883000014 0.490365651387 9
7.475874280538 0.499020427712 0.509850081727 0.487336414213 0.502020427712 0.512850081727 0.490336414213 9
7.433362157132 0.499020031084 0.509817237122 0.487307308009 0.502020031084 0.512817237122 0.490307308009 9
7.391377466552 0.499019615274 0.509784461006 0.487278295641 0.502019615274 0.512784461006 0.490278295641 9
7.349909823956 0.499019203350 0.509751797670 0.487249431513 0.502019203350 0.512751797670 0.490249431513 9
7.308950283020 0.499018744936 0.509719226717 0.487220635224 0.502018744936 0.512719226717 0.490220635224 9
7.268487239157 0.499018335051 0.509686699461 0.487191926515 0.502018335051 0.512686699461 0.490191926515 9
7.228512102424 0.499017907166 0.509654189191 0.487163354811 0.502017907166 0.512654189191 0.490163354811 9
7.189016227241 0.499017577695 0.509621785339 0.487134881499 0.502017577695 0.512621785339 0.490134881499 9
7.149988411989 0.499017097430 0.509589432749 0.487106533315 0.502017097430 0.512589432749 0.490106533315 9
7.111421505870 0.499016760342 0.509557220454 0.487078255034 0.502016760342 0.512557220454 0.490078255034 9
7.073307227629 0.499016426808 0.509525036308 0.487050042333 0.502016426808 0.512525036308 0.490050042333 9
7.035634847354 0.499016085329 0.509492915050 0.487021979928 0.502016085329 0.512492915050 0.490021979928 9
6.998401839507 0.499015740259 0.509460875206 0.486993972251 0.502015740259 0.512460875206 0.489993972251 9
6.961589736869 0.499015285404 0.509428888410 0.486966036842 0.502015285404 0.512428888410 0.489966036842 9
6.925198991920 0.499014900953 0.509396891570 0.486938197610 0.502014900953 0.512396891570 0.489938197610 9
6.889220717047 0.499014534141 0.509364976097 0.486910546945 0.502014534141 0.512364976097 0.489910546945 9
6.853647604357 0.499014129018 0.509333213334 0.486882923450 0.502014129018 0.512333213334 0.489882923450 9
6.818470128488 0.499013753119 0.509301536603 0.486855426957 0.502013753119 0.512301536603 0.489855426957 9
6.783683304346 0.499013363031 0.509269926428 0.486828010507 0.502013363031 0.512269926428 0.489828010507 9
6.749280458093 0.499012966850 0.509238391979 0.486800658196 0.502012966850 0.512238391979 0.489800658196 9
6.715252823676 0.499012617491 0.509206966222 0.486773379309 0.502012617491 0.512206966222 0.489773379309 9
6.681595403068 0.499012263696 0.509175497045 0.486746200113 0.502012263696 0.512175497045 0.489746200113 9
6.648302272156 0.499011952919 0.509144104952 0.486719159297 0.502011952919 0.512144104952 0.489719159297 9
6.615365546191 0.499011614240 0.509112817813 0.486692193158 0.502011614240 0.512112817813 0.489692193158 9
6.582779832590 0.499011278112 0.509081458485 0.486665265094 0.502011278112 0.512081458485 0.489665265094 9
6.550540084729 0.499011016793 0.509050172108 0.486638543275 0.502011016793 0.512050172108 0.489638543275 9
6.518639434062 0.499010803936 0.509019124806 0.486611923531 0.502010803936 0.512019124806 0.489611923531 9
6.487071700291 0.499010437278 0.508988206012 0.486585314238 0.502010437278 0.511988206012 0.489585314238 9
6.455832854524 0.499010063757 0.508957277334 0.486558736815 0.502010063757 0.511957277334 0.489558736815 9
6.424917192314 0.499009628008 0.508926352273 0.486532247215 0.502009628008 0.511926352273 0.489532247215 9
6.394317339037 0.499009243085 0.508895331257 0.486505858844 0.502009243085 0.511895331257 0.489505858844 9
6.364030436405 0.499008996332 0.508864451462 0.486479635030 0.502008996332 0.511864451462 0.489479635030 9
6.334051396233 0.499008792393 0.508833641977 0.486453505071 0.502008792393 0.511833641977 0.489453505071 9
6.304373354371 0.499008566206 0.508802891318 0.486427475881 0.502008566206 0.511802891318 0.489427475881 9
6.274992662147 0.499008310041 0.508772177919 0.486401563303 0.502008310041 0.511772177919 0.489401563303 9
6.245905269310 0.499007961960 0.508741598894 0.486375641051 0.502007961960 0.511741598894 0.489375641051 9
6.217105768339 0.499007514868 0.508710998231 0.486349753930 0.502007514868 0.511710998231 0.489349753930 9
6.188588513864 0.499007148221 0.508680394730 0.486323971455 0.502007148221 0.511680394730 0.489323971455 9
6.160350928660 0.499006941785 0.508649772968 0.486298295570 0.502006941785 0.511649772968 0.489298295570 9
6.132388651493 0.499006748304 0.508619234672 0.486272732512 0.502006748304 0.511619234672 0.489272732512 9
6.104695379329 0.499006564053 0.508588801470 0.486247156315 0.502006564053 0.511588801470 0.489247156315 9
6.077268407450 0.499006368539 0.508558381145 0.486221525325 0.502006368539 0.511558381145 0.489221525325 9
6.050104242539 0.499006163159 0.508527960639 0.486196056335 0.502006163159 0.511527960639 0.489196056335 9
6.023198379808 0.499005986222 0.508497603859 0.486170752299 0.502005986222 0.511497603859 0.489170752299 9
5.996547570372 0.499005722978 0.508467164403 0.486145466269 0.502005722978 0.511467164403 0.489145466269 9
5.970143220897 0.499005505464 0.508436754756 0.486120289290 0.502005505464 0.511436754756 0.489120289290 9
5.943988493434 0.499005322241 0.508406419845 0.486095201999 0.502005322241 0.511406419845 0.489095201999 9
5.918075987336 0.499005140170 0.508376058674 0.486070138827 0.502005140170 0.511376058674 0.489070138827 9
5.892402266860 0.499004919374 0.508345638469 0.486045120366 0.502004919374 0.511345638469 0.489045120366 9
5.866965063809 0.499004670267 0.508315304003 0.486020282553 0.502004670267 0.511315304003 0.489020282553 9
5.841760912411 0.499004428857 0.508285011168 0.485995486047 0.502004428857 0.511285011168 0.488995486047 9
5.816784295607 0.499004075943 0.508254754519 0.485970656124 0.502004075943 0.511254754519 0.488970656124 9
5.792033474710 0.499003614450 0.508224407933 0.485945807306 0.502003614450 0.511224407933 0.488945807306 9
5.767505751253 0.499003089360 0.508194010929 0.485921078082 0.502003089360 0.511194010929 0.488921078082 9
5.743197926294 0.499002525170 0.508163599918 0.485896408856 0.502002525170 0.511163599918 0.488896408856 9
5.719104230657 0.499001882365 0.508133119418 0.485871735850 0.502001882365 0.511133119418 0.488871735850 9
5.695224191153 0.499001167892 0.508102773321 0.485847085018 0.502001167892 0.511102773321 0.488847085018 9
5.671554856395 0.499000436874 0.508072825944 0.485822371022 0.502000436874 0.511072825944 0.488822371022 9
5.648093043712 0.498999666502 0.508043021285 0.485797565894 0.501999666502 0.511043021285 0.488797565894 9
5.624833589504 0.498998831541 0.508013230664 0.485772802350 0.501998831541 0.511013230664 0.488772802350 9
5.601776168706 0.498997910883 0.507983448579 0.485748058383 0.501997910883 0.510983448579 0.488748058383 9
5.578917989262 0.498996866733 0.507953737295 0.485723432799 0.501996866733 0.510953737295 0.488723432799 9
5.556256016122 0.498995713684 0.507924146505 0.485698909199 0.501995713684 0.510924146505 0.488698909199 9
5.533785422829 0.498994577912 0.507894557622 0.485674338765 0.501994577912 0.510894557622 0.488674338765 9
5.511506038861 0.498993468243 0.507865106894 0.485649881929 0.501993468243 0.510865106894 0.488649881929 9
5.489415275297 0.498992265945 0.507835680949 0.485625532332 0.501992265945 0.510835680949 0.488625532332 9
5.467510451984 0.498990984799 0.507806299760 0.485601202636 0.501990984799 0.510806299760 0.488601202636 9
5.445786602353 0.498989705237 0.507777045969 0.485576860737 0.501989705237 0.510777045969 0.488576860737 9
5.424243921684 0.498988328851 0.507747868310 0.485552434605 0.501988328851 0.510747868310 0.488552434605 9
5.402880005716 0.498986868215 0.507718672440 0.485528085644 0.501986868215 0.510718672440 0.488528085644 9
5.381692493832 0.498985330366 0.507689635645 0.485503898189 0.501985330366 0.510689635645 0.488503898189 9
5.360676548593 0.498983670902 0.507660686735 0.485479679059 0.501983670902 0.510660686735 0.488479679059 9
5.339832190306 0.498981959403 0.507631709063 0.485455573917 0.501981959403 0.510631709063 0.488455573917 9
5.319157437492 0.498980193643 0.507602766236 0.485431558967 0.501980193643 0.510602766236 0.488431558967 9
5.298650093882 0.498978420293 0.507573951694 0.485407532798 0.501978420293 0.510573951694 0.488407532798 9
5.278306098303 0.498976564464 0.507545275824 0.485383426284 0.501976564464 0.510545275824 0.488383426284 9
5.258124370410 0.498974633036 0.507516656350 0.485359237423 0.501974633036 0.510516656350 0.488359237423 9
5.238103723837 0.498972729971 0.507488039710 0.485334982464 0.501972729971 0.510488039710 0.488334982464 9
5.218242112336 0.498970753542 0.507459428658 0.485310686699 0.501970753542 0.510459428658 0.488310686699 9
5.198536493911 0.498968825008 0.507430883747 0.485286461507 0.501968825008 0.510430883747 0.488286461507 9
5.178984157713 0.498966874529 0.507402409789 0.485262438004 0.501966874529 0.510402409789 0.488262438004 9
5.159584958801 0.498965016767 0.507373995285 0.485238580721 0.501965016767 0.510373995285 0.488238580721 9
5.140336988119 0.498963161405 0.507345651354 0.485214870021 0.501963161405 0.510345651354 0.488214870021 9
5.121238369173 0.498961261471 0.507317322785 0.485191305114 0.501961261471 0.510317322785 0.488191305114 9
5.102284538842 0.498959335559 0.507288995788 0.485167869766 0.501959335559 0.510288995788 0.488167869766 9
5.083476321968 0.498957300206 0.507260636618 0.485144596200 0.501957300206 0.510260636618 0.488144596200 9
5.064812045798 0.498955118439 0.507232300417 0.485121500665 0.501955118439 0.510232300417 0.488121500665 9
5.046289956807 0.498952854196 0.507204031217 0.485098574035 0.501952854196 0.510204031217 0.488098574035 9
5.027907003054 0.498950579412 0.507175806870 0.485075714826 0.501950579412 0.510175806870 0.488075714826 9
5.009661311128 0.498948281634 0.507147656470 0.485052835255 0.501948281634 0.510147656470 0.488052835255 9
4.991553709474 0.498945929234 0.507119616064 0.485029911245 0.501945929234 0.510119616064 0.488029911245 9
4.973579674609 0.498943586642 0.507091625177 0.485006884600 0.501943586642 0.510091625177 0.488006884600 9
4.955740475750 0.498941223336 0.507063602218 0.484983804286 0.501941223336 0.510063602218 0.487983804286 9
4.938031052502 0.498938834689 0.507035474715 0.484960749714 0.501938834689 0.510035474715 0.487960749714 9
4.920452026370 0.498936455792 0.507007295028 0.484937902898 0.501936455792 0.510007295028 0.487937902898 9
4.903002218681 0.498934072687 0.506979150415 0.484915206994 0.501934072687 0.509979150415 0.487915206994 9
4.885680117254 0.498931633897 0.506951060144 0.484892626822 0.501931633897 0.509951060144 0.487892626822 9
4.868483679461 0.498929183884 0.506923073003 0.484870175339 0.501929183884 0.509923073003 0.487870175339 9
4.851409670499 0.498926772494 0.506895195819 0.484847772057 0.501926772494 0.509895195819 0.487847772057 9
4.834459003746 0.498924351323 0.506867356518 0.484825389444 0.501924351323 0.509867356518 0.487825389444 9
4.817630260601 0.498921865348 0.506839531215 0.484802984455 0.501921865348 0.509839531215 0.487802984455 9
4.800922044796 0.498919310444 0.506811715293 0.484780535021 0.501919310444 0.509811715293 0.487780535021 9
4.784331787004 0.498916663257 0.506783906783 0.484758021618 0.501916663257 0.509783906783 0.487758021618 9
4.767857631165 0.498913935123 0.506756121084 0.484735398106 0.501913935123 0.509756121084 0.487735398106 9
4.751499972102 0.498911114290 0.506728382139 0.484712684469 0.501911114290 0.509728382139 0.487712684469 9
4.735257498147 0.498908259109 0.506700686358 0.484689965980 0.501908259109 0.509700686358 0.487689965980 9
4.719128917842 0.498905327845 0.506673032561 0.484667229279 0.501905327845 0.509673032561 0.487667229279 9
4.703111406275 0.498902327753 0.506645400454 0.484644500619 0.501902327753 0.509645400454 0.487644500619 9
4.687203908576 0.498899386321 0.506617758576 0.484621720358 0.501899386321 0.509617758576 0.487621720358 9
4.671406575776 0.498896377501 0.506590603019 0.484599024518 0.501896377501 0.509590603019 0.487599024518 9
4.655718193056 0.498893106503 0.506564213437 0.484576587217 0.501893106503 0.509564213437 0.487576587217 9
4.640137563940 0.498889624408 0.506538104735 0.484554194950 0.501889624408 0.509538104735 0.487554194950 9
4.624661890825 0.498885920986 0.506512035070 0.484531868276 0.501885920986 0.509512035070 0.487531868276 9
4.609290322647 0.498881995876 0.506485853713 0.484509533809 0.501881995876 0.509485853713 0.487509533809 9
4.594023053032 0.498877962820 0.506459633059 0.484487112702 0.501877962820 0.509459633059 0.487487112702 9
4.578858955073 0.498873897681 0.506433317934 0.484464608552 0.501873897681 0.509433317934 0.487464608552 9
4.563796918528 0.498869828271 0.506406801789 0.484442063397 0.501869828271 0.509406801789 0.487442063397 9
4.548834468836 0.498865759800 0.506380200573 0.484419494894 0.501865759800 0.509380200573 0.487419494894 9
4.533970338939 0.498861655772 0.506353558295 0.484396876968 0.501861655772 0.509353558295 0.487396876968 9
4.519205064150 0.498857476555 0.506326941063 0.484374241908 0.501857476555 0.509326941063 0.487374241908 9
4.504537597508 0.498853242408 0.506300378304 0.484351535480 0.501853242408 0.509300378304 0.487351535480 9
4.489966907233 0.498848900808 0.506273872696 0.484328773214 0.501848900808 0.509273872696 0.487328773214 9
4.475491151424 0.498844490135 0.506247457119 0.484305924189 0.501844490135 0.509247457119 0.487305924189 9
4.461108002254 0.498840026125 0.506221122218 0.484283009977 0.501840026125 0.509221122218 0.487283009977 9
4.446818649615 0.498835414238 0.506194818672 0.484260043629 0.501835414238 0.509194818672 0.487260043629 9
4.432622119387 0.498830677469 0.506168465952 0.484237017922 0.501830677469 0.509168465952 0.487237017922 9
4.418517451303 0.498825886452 0.506142159483 0.484213906467 0.501825886452 0.509142159483 0.487213906467 9
4.404503698699 0.498821021991 0.506115989243 0.484190673249 0.501821021991 0.509115989243 0.487190673249 9
4.390576986820 0.498816043681 0.506089947889 0.484167234675 0.501816043681 0.509089947889 0.487167234675 9
4.376739301785 0.498810992887 0.506064109952 0.484143528247 0.501810992887 0.509064109952 0.487143528247 9
4.362989798014 0.498805968258 0.506038454469 0.484119558512 0.501805968258 0.509038454469 0.487119558512 9
4.349327580542 0.498800996515 0.506012964956 0.484095343257 0.501800996515 0.509012964956 0.487095343257 9
4.335751766842 0.498796065682 0.505987644909 0.484070842969 0.501796065682 0.508987644909 0.487070842969 9
4.322259748362 0.498791156449 0.505962409677 0.484046073599 0.501791156449 0.508962409677 0.487046073599 9
4.308851135771 0.498786317226 0.505937230291 0.484021063959 0.501786317226 0.508937230291 0.487021063959 9
4.295526378179 0.498781537995 0.505912077841 0.483995733414 0.501781537995 0.508912077841 0.486995733414 9
4.282284640354 0.498776773814 0.505886910971 0.483970088185 0.501776773814 0.508886910971 0.486970088185 9
4.269125098456 0.498772049449 0.505861690423 0.483944150511 0.501772049449 0.508861690423 0.486944150511 9
4.256046765488 0.498767332066 0.505836364951 0.483917995207 0.501767332066 0.508836364951 0.486917995207 9
4.243046147322 0.498762554168 0.505810929700 0.483891704415 0.501762554168 0.508810929700 0.486891704415 9
4.230125346118 0.498757748206 0.505785403174 0.483865299628 0.501757748206 0.508785403174 0.486865299628 9
4.217283581376 0.498752959436 0.505759787164 0.483838860747 0.501752959436 0.508759787164 0.486838860747 9
4.204520083044 0.498748159995 0.505734099662 0.483812436686 0.501748159995 0.508734099662 0.486812436686 9
4.191834091349 0.498743342731 0.505708416328 0.483786127060 0.501743342731 0.508708416328 0.486786127060 9
4.179223547162 0.498738591770 0.505682752270 0.483759909345 0.501738591770 0.508682752270 0.486759909345 9
4.166687278013 0.498733896787 0.505657121841 0.483733741647 0.501733896787 0.508657121841 0.486733741647 9
4.154226321786 0.498729268063 0.505631483314 0.483707572115 0.501729268063 0.508631483314 0.486707572115 9
4.141839957810 0.498724736025 0.505605897525 0.483681377161 0.501724736025 0.508605897525 0.486681377161 9
4.129527474860 0.498720292453 0.505580408435 0.483655159353 0.501720292453 0.508580408435 0.486655159353 9
4.117288170997 0.498715978733 0.505555064059 0.483628863665 0.501715978733 0.508555064059 0.486628863665 9
4.105119254227 0.498711795686 0.505529864753 0.483602457353 0.501711795686 0.508529864753 0.486602457353 9
4.093021173723 0.498707738293 0.505504799062 0.483576007151 0.501707738293 0.508504799062 0.486576007151 9
4.080994245959 0.498703804265 0.505479868619 0.483549481775 0.501703804265 0.508479868619 0.486549481775 9
4.069037804359 0.498699955602 0.505455031730 0.483522891989 0.501699955602 0.508455031730 0.486522891989 9
4.057151190901 0.498696184387 0.505430308557 0.483496260082 0.501696184387 0.508430308557 0.486496260082 9
4.045333755977 0.498692437292 0.505405664179 0.483469617226 0.501692437292 0.508405664179 0.486469617226 9
4.033582326373 0.498688811788 0.505381103759 0.483443008147 0.501688811788 0.508381103759 0.486443008147 9
4.021898250315 0.498685343932 0.505356683717 0.483416470131 0.501685343932 0.508356683717 0.486416470131 9
4.010281477979 0.498682067957 0.505332370985 0.483390099523 0.501682067957 0.508332370985 0.486390099523 9
3.998732416679 0.498678963509 0.505308200760 0.483363982268 0.501678963509 0.508308200760 0.486363982268 9
3.987247381890 0.498675988801 0.505284155363 0.483338010510 0.501675988801 0.508284155363 0.486338010510 9
3.975828846378 0.498673182756 0.505260200808 0.483312142864 0.501673182756 0.508260200808 0.486312142864 9
3.964472595965 0.498670468967 0.505236264968 0.483286283515 0.501670468967 0.508236264968 0.486286283515 9
3.953180129765 0.498667857226 0.505212342001 0.483260416374 0.501667857226 0.508212342001 0.486260416374 9
3.941951400445 0.498665323581 0.505188448503 0.483234570355 0.501665323581 0.508188448503 0.486234570355 9
3.930785834944 0.498662913759 0.505164638856 0.483208745351 0.501662913759 0.508164638856 0.486208745351 9
3.919682867257 0.498660661535 0.505140942981 0.483182886261 0.501660661535 0.508140942981 0.486182886261 9
3.908641938328 0.498658582000 0.505117393363 0.483157061779 0.501658582000 0.508117393363 0.486157061779 9
3.897660223990 0.498656713509 0.505093894247 0.483131298118 0.501656713509 0.508093894247 0.486131298118 9
3.886738597059 0.498654957235 0.505070364724 0.483105598801 0.501654957235 0.508070364724 0.486105598801 9
3.875877396566 0.498653306764 0.505046812317 0.483079923498 0.501653306764 0.508046812317 0.486079923498 9
3.865076089930 0.498651788783 0.505023152027 0.483054303681 0.501651788783 0.508023152027 0.486054303681 9
3.854334150999 0.498650446996 0.504999369014 0.483028782646 0.501650446996 0.507999369014 0.486028782646 9
3.843651059953 0.498649174956 0.504975479007 0.483003492735 0.501649174956 0.507975479007 0.486003492735 9
3.833024754667 0.498647833764 0.504951493955 0.482978420583 0.501647833764 0.507951493955 0.485978420583 9
3.822454673033 0.498646509024 0.504927448364 0.482953556143 0.501646509024 0.507927448364 0.485953556143 9
3.811941940822 0.498645162256 0.504903338065 0.482928928866 0.501645162256 0.507903338065 0.485928928866 9
3.801486062350 0.498643779752 0.504879197696 0.482904473318 0.501643779752 0.507879197696 0.485904473318 9
3.791086547798 0.498642323346 0.504855034795 0.482880132282 0.501642323346 0.507855034795 0.485880132282 9
3.780742913129 0.498640782870 0.504830809312 0.482855868254 0.501640782870 0.507830809312 0.485855868254 9
3.770454273478 0.498639155887 0.504806534810 0.482831628377 0.501639155887 0.507806534810 0.485831628377 9
3.760217788309 0.498637473686 0.504782271622 0.482807349245 0.501637473686 0.507782271622 0.485807349245 9
3.750035788464 0.498635791772 0.504758019691 0.482782972479 0.501635791772 0.507758019691 0.485782972479 9
3.739907811944 0.498634108782 0.504733655763 0.482758565607 0.501634108782 0.507733655763 0.485758565607 9
3.729833402116 0.498632336511 0.504709063098 0.482734199945 0.501632336511 0.507709063098 0.485734199945 9
3.719812107635 0.498630430740 0.504684236470 0.482709855421 0.501630430740 0.507684236470 0.485709855421 9
3.709843482362 0.498628269520 0.504659148812 0.482685483517 0.501628269520 0.507659148812 0.485685483517 9
3.699925045634 0.498625898933 0.504633833214 0.482661091444 0.501625898933 0.507633833214 0.485661091444 9
3.690057251473 0.498623350815 0.504608297673 0.482636752766 0.501623350815 0.507608297673 0.485636752766 9
3.680240841897 0.498620587433 0.504582573704 0.482612518344 0.501620587433 0.507582573704 0.485612518344 9
3.670475390633 0.498617652892 0.504556726605 0.482588488685 0.501617652892 0.507556726605 0.485588488685 9
3.660760476253 0.498614503034 0.504530754432 0.482564733306 0.501614503034 0.507530754432 0.485564733306 9
3.651095682101 0.498611220727 0.504504702601 0.482541263194 0.501611220727 0.507504702601 0.485541263194 9
3.641480559708 0.498607805426 0.504478592010 0.482518037267 0.501607805426 0.507478592010 0.485518037267 9
3.631911550357 0.498604268479 0.504452415065 0.482494970444 0.501604268479 0.507452415065 0.485494970444 9
3.622391462341 0.498600643176 0.504426219338 0.482472133553 0.501600643176 0.507426219338 0.485472133553 9
3.612919897210 0.498596903651 0.504399878598 0.482449532536 0.501596903651 0.507399878598 0.485449532536 9
3.603496460958 0.498592932606 0.504373322223 0.482427164072 0.501592932606 0.507373322223 0.485427164072 9
3.594120763965 0.498588681264 0.504346467893 0.482404952182 0.501588681264 0.507346467893 0.485404952182 9
3.584792420930 0.498584250578 0.504319384681 0.482382976321 0.501584250578 0.507319384681 0.485382976321 9
3.575510232622 0.498579484018 0.504292117317 0.482361227910 0.501579484018 0.507292117317 0.485361227910 9
3.566272219141 0.498574498936 0.504264663496 0.482339645067 0.501574498936 0.507264663496 0.485339645067 9
3.557080451771 0.498569286116 0.504237156549 0.482318245747 0.501569286116 0.507237156549 0.485318245747 9
3.547934561686 0.498563834662 0.504209580740 0.482296953345 0.501563834662 0.507209580740 0.485296953345 9
3.538834184090 0.498558157729 0.504181898371 0.482275675367 0.501558157729 0.507181898371 0.485275675367 9
3.529778958160 0.498552261407 0.504154099323 0.482254354476 0.501552261407 0.507154099323 0.485254354476 9
3.520768526994 0.498546121466 0.504126146821 0.482232959219 0.501546121466 0.507126146821 0.485232959219 9
3.511801380251 0.498539803383 0.504098059353 0.482211519350 0.501539803383 0.507098059353 0.485211519350 9
3.502876225576 0.498533367375 0.504069857290 0.482190086867 0.501533367375 0.507069857290 0.485190086867 9
3.493995126803 0.498526965848 0.504041631530 0.482168700314 0.501526965848 0.507041631530 0.485168700314 9
3.485156882528 0.498520575485 0.504013367785 0.482147347078 0.501520575485 0.507013367785 0.485147347078 9
3.476362013947 0.498514136131 0.503984997948 0.482126045717 0.501514136131 0.506984997948 0.485126045717 9
3.467609899811 0.498507618986 0.503956569304 0.482104769685 0.501507618986 0.506956569304 0.485104769685 9
3.458900209020 0.498501029672 0.503928139137 0.482083461111 0.501501029672 0.506928139137 0.485083461111 9
3.450231576341 0.498494480935 0.503899759254 0.482062059082 0.501494480935 0.506899759254 0.485062059082 9
3.441602473612 0.498487987495 0.503871400462 0.482040548480 0.501487987495 0.506871400462 0.485040548480 9
3.433014843830 0.498481578762 0.503843026684 0.482018842792 0.501481578762 0.506843026684 0.485018842792 9
3.424468369438 0.498475265138 0.503814631067 0.481996993683 0.501475265138 0.506814631067 0.484996993683 9
3.415962736215 0.498469023602 0.503786239450 0.481975103031 0.501469023602 0.506786239450 0.484975103031 9
3.407497633226 0.498462736880 0.503757841166 0.481953208177 0.501462736880 0.506757841166 0.484953208177 9
3.399072752779 0.498456435319 0.503729474724 0.481931320514 0.501456435319 0.506729474724 0.484931320514 9
3.390687349234 0.498450196925 0.503701193871 0.481909416233 0.501450196925 0.506701193871 0.484909416233 9
3.382338699653 0.498444098656 0.503673032604 0.481887527449 0.501444098656 0.506673032604 0.484887527449 9
3.374029390398 0.498438238044 0.503645128879 0.481865710700 0.501438238044 0.506645128879 0.484865710700 9
3.365759126137 0.498432566711 0.503617466135 0.481844068110 0.501432566711 0.506617466135 0.484844068110 9
3.357527614575 0.498426978078 0.503589970487 0.481822496756 0.501426978078 0.506589970487 0.484822496756 9
3.349334566415 0.498421457743 0.503562623471 0.481800988341 0.501421457743 0.506562623471 0.484800988341 9
3.341179695320 0.498415989459 0.503535402665 0.481779481046 0.501415989459 0.506535402665 0.484779481046 9
3.333062717873 0.498410556275 0.503508328488 0.481757959023 0.501410556275 0.506508328488 0.484757959023 9
3.324980673714 0.498405156754 0.503481408104 0.481736345641 0.501405156754 0.506481408104 0.484736345641 9
3.316935334749 0.498399851042 0.503454697965 0.481714653341 0.501399851042 0.506454697965 0.484714653341 9
3.308927077727 0.498394639663 0.503428125249 0.481692886107 0.501394639663 0.506428125249 0.484692886107 9
3.300955630358 0.498389482971 0.503401583379 0.481671084037 0.501389482971 0.506401583379 0.484671084037 9
3.293020723091 0.498384349956 0.503375100504 0.481649278307 0.501384349956 0.506375100504 0.484649278307 9
3.285122089081 0.498379257919 0.503348759872 0.481627519862 0.501379257919 0.506348759872 0.484627519862 9
3.277259464152 0.498374112744 0.503322550361 0.481605846949 0.501374112744 0.506322550361 0.484605846949 9
3.269431487077 0.498368980279 0.503296483645 0.481584252007 0.501368980279 0.506296483645 0.484584252007 9
3.261636757248 0.498363833784 0.503270523364 0.481562822245 0.501363833784 0.506270523364 0.484562822245 9
3.253877280845 0.498358627896 0.503244709159 0.481541607831 0.501358627896 0.506244709159 0.484541607831 9
3.246152803859 0.498353326331 0.503219074242 0.481520598640 0.501353326331 0.506219074242 0.484520598640 9
3.238463074790 0.498347968047 0.503193688399 0.481499762118 0.501347968047 0.506193688399 0.484499762118 9
3.230807844614 0.498342579035 0.503168549085 0.481479052450 0.501342579035 0.506168549085 0.484479052450 9
3.223186866751 0.498337152748 0.503143613797 0.481458394737 0.501337152748 0.506143613797 0.484458394737 9
3.215599897040 0.498331647823 0.503118905857 0.481437780743 0.501331647823 0.506118905857 0.484437780743 9
3.208044337289 0.498326156820 0.503094273192 0.481417172213 0.501326156820 0.506094273192 0.484417172213 9
3.200521306907 0.498320654939 0.503069629965 0.481396658174 0.501320654939 0.506069629965 0.484396658174 9
3.193031587207 0.498315213262 0.503045057953 0.481376200112 0.501315213262 0.506045057953 0.484376200112 9
3.185574943216 0.498309832599 0.503020555525 0.481355769761 0.501309832599 0.506020555525 0.484355769761 9
3.178151142233 0.498304457083 0.502996190703 0.481335324608 0.501304457083 0.505996190703 0.484335324608 9
3.170759953802 0.498299094872 0.502972002119 0.481314791524 0.501299094872 0.505972002119 0.484314791524 9
3.163401149681 0.498293818620 0.502947957041 0.481294229712 0.501293818620 0.505947957041 0.484294229712 9
3.156074503817 0.498288623568 0.502924076111 0.481273665355 0.501288623568 0.505924076111 0.484273665355 9
3.148776689342 0.498283586431 0.502900374023 0.481253075647 0.501283586431 0.505900374023 0.484253075647 9
3.141510320093 0.498278647212 0.502876845973 0.481232370471 0.501278647212 0.505876845973 0.484232370471 9
3.134275464317 0.498273750026 0.502853469471 0.481211597350 0.501273750026 0.505853469471 0.484211597350 9
3.127071904289 0.498268941341 0.502830215724 0.481190719220 0.501268941341 0.505830215724 0.484190719220 9
3.119899424345 0.498264237641 0.502807076574 0.481169731129 0.501264237641 0.505807076574 0.484169731129 9
3.112757810856 0.498259685006 0.502783936918 0.481148691629 0.501259685006 0.505783936918 0.484148691629 9
3.105646852206 0.498255406248 0.502760720723 0.481127798901 0.501255406248 0.505760720723 0.484127798901 9
3.098566338768 0.498251369813 0.502737401810 0.481106997617 0.501251369813 0.505737401810 0.484106997617 9
3.091512740873 0.498247634759 0.502714007350 0.481086249820 0.501247634759 0.505714007350 0.484086249820 9
3.084489106742 0.498244006121 0.502690757722 0.481065342382 0.501244006121 0.505690757722 0.484065342382 9
3.077495320846 0.498240507428 0.502667398507 0.481044399524 0.501240507428 0.505667398507 0.484044399524 9
3.070531181113 0.498237129210 0.502644055495 0.481023383391 0.501237129210 0.505644055495 0.484023383391 9
3.063596487348 0.498233843309 0.502620692871 0.481002293859 0.501233843309 0.505620692871 0.484002293859 9
3.056691041209 0.498230616606 0.502597364046 0.480981063245 0.501230616606 0.505597364046 0.483981063245 9
3.049814646184 0.498227533777 0.502574045364 0.480959641686 0.501227533777 0.505574045364 0.483959641686 9
3.042967107570 0.498224656775 0.502550666038 0.480938048830 0.501224656775 0.505550666038 0.483938048830 9
3.036145238326 0.498221997513 0.502527231359 0.480916327266 0.501221997513 0.505527231359 0.483916327266 9
3.029351422556 0.498219493417 0.502503731421 0.480894551544 0.501219493417 0.505503731421 0.483894551544 9
3.022585909685 0.498217140593 0.502480123057 0.480872881657 0.501217140593 0.505480123057 0.483872881657 9
3.015848511883 0.498215094029 0.502456465835 0.480851394150 0.501215094029 0.505456465835 0.483851394150 9
3.009139043029 0.498213231000 0.502432697132 0.480830101545 0.501213231000 0.505432697132 0.483830101545 9
3.002457318690 0.498211481313 0.502408892327 0.480809059065 0.501211481313 0.505408892327 0.483809059065 9
2.995803401034 0.498209761576 0.502385081668 0.480788261916 0.501209761576 0.505385081668 0.483788261916 9
2.989176374131 0.498208046251 0.502361226269 0.480767596196 0.501208046251 0.505361226269 0.483767596196 9
2.982574695326 0.498206396003 0.502337282112 0.480747056185 0.501206396003 0.505337282112 0.483747056185 9
2.975998698716 0.498204735499 0.502313212962 0.480726629336 0.501204735499 0.505313212962 0.483726629336 9
2.969449568827 0.498203039579 0.502289113231 0.480706334157 0.501203039579 0.505289113231 0.483706334157 9
2.962927130807 0.498201297539 0.502265056599 0.480686174181 0.501201297539 0.505265056599 0.483686174181 9
2.956431211364 0.498199456924 0.502241021347 0.480666130104 0.501199456924 0.505241021347 0.483666130104 9
2.949961638748 0.498197472417 0.502216959167 0.480646196545 0.501197472417 0.505216959167 0.483646196545 9
2.943518242732 0.498195338661 0.502192825354 0.480626378593 0.501195338661 0.505192825354 0.483626378593 9
2.937100854598 0.498193090820 0.502168697701 0.480606629587 0.501193090820 0.505168697701 0.483606629587 9
2.930708696630 0.498190761182 0.502144575835 0.480587030368 0.501190761182 0.505144575835 0.483587030368 9
2.924339355746 0.498188448109 0.502120406103 0.480567611948 0.501188448109 0.505120406103 0.483567611948 9
2.917995544964 0.498186134520 0.502096151981 0.480548353600 0.501186134520 0.505096151981 0.483548353600 9
2.911677101280 0.498183752379 0.502071835045 0.480529195993 0.501183752379 0.505071835045 0.483529195993 9
2.905383863116 0.498181320181 0.502047489198 0.480510134766 0.501181320181 0.505047489198 0.483510134766 9
2.899115670307 0.498178836122 0.502023128494 0.480491238865 0.501178836122 0.505023128494 0.483491238865 9
2.892872364080 0.498176334735 0.501998752799 0.480472511228 0.501176334735 0.504998752799 0.483472511228 9
2.886653787042 0.498173797008 0.501974407714 0.480453916948 0.501173797008 0.504974407714 0.483453916948 9
2.880459783164 0.498171148839 0.501950062226 0.480435496970 0.501171148839 0.504950062226 0.483435496970 9
2.874288190908 0.498168314685 0.501925695028 0.480417188127 0.501168314685 0.504925695028 0.483417188127 9
2.868139389412 0.498165303006 0.501901220018 0.480398950921 0.501165303006 0.504901220018 0.483398950921 9
2.862014720198 0.498162227692 0.501876691730 0.480380770055 0.501162227692 0.504876691730 0.483380770055 9
2.855914032404 0.498159083180 0.501852146224 0.480362640480 0.501159083180 0.504852146224 0.483362640480 9
2.849837176462 0.498155825183 0.501827590096 0.480344584768 0.501155825183 0.504827590096 0.483344584768 9
2.843784004082 0.498152463266 0.501803106973 0.480326659909 0.501152463266 0.504803106973 0.483326659909 9
2.837754368237 0.498148999642 0.501778685468 0.480308851377 0.501148999642 0.504778685468 0.483308851377 9
2.831748123153 0.498145342017 0.501754341412 0.480291112882 0.501145342017 0.504754341412 0.483291112882 9
2.825765124292 0.498141513608 0.501730053414 0.480273438588 0.501141513608 0.504730053414 0.483273438588 9
2.819802417479 0.498137616570 0.501705837309 0.480255768323 0.501137616570 0.504705837309 0.483255768323 9
2.813861984693 0.498133646894 0.501681690416 0.480238093555 0.501133646894 0.504681690416 0.483238093555 9
2.807944390680 0.498129641184 0.501657624442 0.480220392701 0.501129641184 0.504657624442 0.483220392701 9
2.802049495585 0.498125600775 0.501633693977 0.480202566298 0.501125600775 0.504633693977 0.483202566298 9
2.796177160725 0.498121537447 0.501609873739 0.480184658738 0.501121537447 0.504609873739 0.483184658738 9
2.790327248581 0.498117401500 0.501586115476 0.480166694511 0.501117401500 0.504586115476 0.483166694511 9
2.784499622779 0.498113177787 0.501562347404 0.480148674362 0.501113177787 0.504562347404 0.483148674362 9
2.778694148083 0.498108897795 0.501538598975 0.480130613556 0.501108897795 0.504538598975 0.483130613556 9
2.772910690384 0.498104680723 0.501514968075 0.480112536314 0.501104680723 0.504514968075 0.483112536314 9
2.767146113732 0.498100603357 0.501491402929 0.480094481996 0.501100603357 0.504491402929 0.483094481996 9
2.761402774716 0.498096547278 0.501467866413 0.480076522871 0.501096547278 0.504467866413 0.483076522871 9
2.755681075595 0.498092573286 0.501444404690 0.480058721460 0.501092573286 0.504444404690 0.483058721460 9
2.749981453600 0.498088639516 0.501421070880 0.480041040592 0.501088639516 0.504421070880 0.483041040592 9
2.744302078603 0.498084684996 0.501397851268 0.480023494932 0.501084684996 0.504397851268 0.483023494932 9
2.738644524315 0.498080676735 0.501374719503 0.480006089662 0.501080676735 0.504374719503 0.483006089662 9
2.733008096785 0.498076608978 0.501351658046 0.479988755836 0.501076608978 0.504351658046 0.482988755836 9
2.727392670413 0.498072473871 0.501328631393 0.479971489657 0.501072473871 0.504328631393 0.482971489657 9
2.721798120567 0.498068261181 0.501305619122 0.479954292101 0.501068261181 0.504305619122 0.482954292101 9
2.716221762225 0.498064002409 0.501282620717 0.479937165148 0.501064002409 0.504282620717 0.482937165148 9
2.710665055125 0.498059703132 0.501259672568 0.479920113350 0.501059703132 0.504259672568 0.482920113350 9
2.705128875056 0.498055379137 0.501236776815 0.479903179661 0.501055379137 0.504236776815 0.482903179661 9
2.699613101252 0.498051013375 0.501213848790 0.479886351792 0.501051013375 0.504213848790 0.482886351792 9
2.694117613920 0.498046553665 0.501190882799 0.479869631753 0.501046553665 0.504190882799 0.482869631753 9
2.688642294232 0.498041949695 0.501167855166 0.479853044782 0.501041949695 0.504167855166 0.482853044782 9
2.683187024312 0.498037223076 0.501144794069 0.479836594028 0.501037223076 0.504144794069 0.482836594028 9
2.677751687229 0.498032433572 0.501121721958 0.479820274959 0.501032433572 0.504121721958 0.482820274959 9
2.672336166989 0.498027557578 0.501098537448 0.479804086831 0.501027557578 0.504098537448 0.482804086831 9
2.666938886138 0.498022539267 0.501075218096 0.479788046635 0.501022539267 0.504075218096 0.482788046635 9
2.661559088592 0.498017371965 0.501051686932 0.479772123244 0.501017371965 0.504051686932 0.482772123244 9
2.656198783551 0.498012114821 0.501027959184 0.479756301508 0.501012114821 0.504027959184 0.482756301508 9
2.650857858540 0.498006762661 0.501004054367 0.479740639391 0.501006762661 0.504004054367 0.482740639391 9
2.645536201975 0.498001292579 0.500979961824 0.479725213259 0.501001292579 0.503979961824 0.482725213259 9
2.640233703151 0.497995766532 0.500955672457 0.479709979334 0.500995766532 0.503955672457 0.482709979334 9
2.634950252233 0.497990257551 0.500931187906 0.479694855069 0.500990257551 0.503931187906 0.482694855069 9
2.629685740252 0.497984666052 0.500906536870 0.479679824207 0.500984666052 0.503906536870 0.482679824207 9
2.624440059092 0.497978979845 0.500881676574 0.479664880449 0.500978979845 0.503881676574 0.482664880449 9
2.619213101484 0.497973201083 0.500856612095 0.479650011293 0.500973201083 0.503856612095 0.482650011293 9
2.614001485030 0.497967406261 0.500831389498 0.479635192125 0.500967406261 0.503831389498 0.482635192125 9
2.608808077950 0.497961584033 0.500806088480 0.479620393786 0.500961584033 0.503806088480 0.482620393786 9
2.603633095426 0.497955688357 0.500780637382 0.479605626192 0.500955688357 0.503780637382 0.482605626192 9
2.598476433369 0.497949714108 0.500755003600 0.479590921843 0.500949714108 0.503755003600 0.482590921843 9
2.593337988496 0.497943779842 0.500729270437 0.479576229620 0.500943779842 0.503729270437 0.482576229620 9
2.588217658324 0.497937903077 0.500703506094 0.479561572737 0.500937903077 0.503703506094 0.482561572737 9
2.583115341157 0.497932052389 0.500677744641 0.479546906881 0.500932052389 0.503677744641 0.482546906881 9
2.578030936085 0.497926167720 0.500651974875 0.479532160870 0.500926167720 0.503651974875 0.482532160870 9
2.572964342968 0.497920233482 0.500626174969 0.479517258757 0.500920233482 0.503626174969 0.482517258757 9
2.567914648001 0.497914253231 0.500600335560 0.479502217982 0.500914253231 0.503600335560 0.482502217982 9
2.562879770753 0.497908181921 0.500574427811 0.479487058008 0.500908181921 0.503574427811 0.482487058008 9
2.557862427274 0.497902051449 0.500548406281 0.479471768787 0.500902051449 0.503548406281 0.482471768787 9
2.552862520337 0.497895931218 0.500522277920 0.479456354576 0.500895931218 0.503522277920 0.482456354576 9
2.547879953453 0.497889826965 0.500496084829 0.479440749246 0.500889826965 0.503496084829 0.482440749246 9
2.542914630864 0.497883789694 0.500469827861 0.479424963455 0.500883789694 0.503469827861 0.482424963455 9
2.537966457538 0.497877751345 0.500443501663 0.479409061703 0.500877751345 0.503443501663 0.482409061703 9
2.533035339159 0.497871714688 0.500417141938 0.479393095110 0.500871714688 0.503417141938 0.482393095110 9
2.528121182123 0.497865714390 0.500390693403 0.479377096480 0.500865714390 0.503390693403 0.482377096480 9
2.523223893529 0.497859733126 0.500364185058 0.479361022653 0.500859733126 0.503364185058 0.482361022653 9
2.518342120557 0.497853791760 0.500337590359 0.479344822230 0.500853791760 0.503337590359 0.482344822230 9
2.513474664151 0.497847869046 0.500310911291 0.479328520163 0.500847869046 0.503310911291 0.482328520163 9
2.508623819032 0.497841975777 0.500284153876 0.479312211430 0.500841975777 0.503284153876 0.482312211430 9
2.503789494939 0.497836100899 0.500257357607 0.479295873247 0.500836100899 0.503257357607 0.482295873247 9
2.498971980488 0.497830269043 0.500230622657 0.479279521430 0.500830269043 0.503230622657 0.482279521430 9
2.494170052099 0.497824492326 0.500203872045 0.479263190832 0.500824492326 0.503203872045 0.482263190832 9
2.489384756239 0.497818784820 0.500177073563 0.479246904882 0.500818784820 0.503177073563 0.482246904882 9
2.484615626977 0.497813158885 0.500150259450 0.479230659476 0.500813158885 0.503150259450 0.482230659476 9
2.479862577388 0.497807570265 0.500123424297 0.479214440161 0.500807570265 0.503123424297 0.482214440161 9
2.475125521149 0.497801977070 0.500096590047 0.479198230999 0.500801977070 0.503096590047 0.482198230999 9
2.470403376844 0.497796370859 0.500069760123 0.479182029244 0.500796370859 0.503069760123 0.482182029244 9
2.465694400677 0.497790698004 0.500042936589 0.479165864330 0.500790698004 0.503042936589 0.482165864330 9
2.461001179827 0.497784937341 0.500016114251 0.479149774136 0.500784937341 0.503016114251 0.482149774136 9
2.456323630368 0.497779187297 0.499989334708 0.479133686612 0.500779187297 0.502989334708 0.482133686612 9
2.451661668988 0.497773406507 0.499962616062 0.479117596404 0.500773406507 0.502962616062 0.482117596404 9
2.447015212981 0.497767526448 0.499935889894 0.479101460073 0.500767526448 0.502935889894 0.482101460073 9
2.442384180242 0.497761565727 0.499909113821 0.479085263285 0.500761565727 0.502909113821 0.482085263285 9
2.437768489263 0.497755521025 0.499882210206 0.479069120226 0.500755521025 0.502882210206 0.482069120226 9
2.433168059124 0.497749477205 0.499855201882 0.479052973136 0.500749477205 0.502855201882 0.482052973136 9
2.428582809492 0.497743502003 0.499828193678 0.479036730897 0.500743502003 0.502828193678 0.482036730897 9
2.424012660614 0.497737696033 0.499801212598 0.479020384369 0.500737696033 0.502801212598 0.482020384369 9
2.419453863736 0.497732001776 0.499774321057 0.479003895473 0.500732001776 0.502774321057 0.482003895473 9
2.414910021488 0.497726368138 0.499747533146 0.478987262243 0.500726368138 0.502747533146 0.481987262243 9
2.410381060985 0.497720823420 0.499720860420 0.478970495256 0.500720823420 0.502720860420 0.481970495256 9
2.405866904635 0.497715359831 0.499694237279 0.478953608678 0.500715359831 0.502694237279 0.481953608678 9
2.401367475401 0.497709961659 0.499667627276 0.478936613479 0.500709961659 0.502667627276 0.481936613479 9
2.396882696795 0.497704685072 0.499641019008 0.478919516630 0.500704685072 0.502641019008 0.481919516630 9
2.392412492872 0.497699522225 0.499614337463 0.478902305380 0.500699522225 0.502614337463 0.481902305380 9
2.387956788229 0.497694504429 0.499587586022 0.478884939022 0.500694504429 0.502587586022 0.481884939022 9
2.383515507996 0.497689566418 0.499560785222 0.478867484409 0.500689566418 0.502560785222 0.481867484409 9
2.379088577833 0.497684710804 0.499533867522 0.478850034033 0.500684710804 0.502533867522 0.481850034033 9
2.374673990927 0.497679930915 0.499506849307 0.478832683069 0.500679930915 0.502506849307 0.481832683069 9
2.370271854080 0.497675188466 0.499479755460 0.478815408775 0.500675188466 0.502479755460 0.481815408775 9
2.365883864053 0.497670487017 0.499452609364 0.478798185986 0.500670487017 0.502452609364 0.481798185986 9
2.361509948479 0.497665818679 0.499425496987 0.478781036539 0.500665818679 0.502425496987 0.481781036539 9
2.357150035497 0.497661102255 0.499398432941 0.478763922510 0.500661102255 0.502398432941 0.481763922510 9
2.352804053749 0.497656314935 0.499371389702 0.478746817791 0.500656314935 0.502371389702 0.481746817791 9
2.348471932375 0.497651461812 0.499344381453 0.478729709776 0.500651461812 0.502344381453 0.481729709776 9
2.344153601010 0.497646584054 0.499317346238 0.478712490737 0.500646584054 0.502317346238 0.481712490737 9
2.339848989777 0.497641666790 0.499290246858 0.478695186736 0.500641666790 0.502290246858 0.481695186736 9
2.335558029286 0.497636669129 0.499263138247 0.478677834104 0.500636669129 0.502263138247 0.481677834104 9
2.331280650626 0.497631559566 0.499235964792 0.478660414136 0.500631559566 0.502235964792 0.481660414136 9
2.327013661771 0.497626363884 0.499208643337 0.478642927194 0.500626363884 0.502208643337 0.481642927194 9
2.322759541456 0.497621140077 0.499181186904 0.478625345420 0.500621140077 0.502181186904 0.481625345420 9
2.318518815456 0.497615893962 0.499153620918 0.478607686175 0.500615893962 0.502153620918 0.481607686175 9
2.314291416646 0.497610631006 0.499125943734 0.478589950473 0.500610631006 0.502125943734 0.481589950473 9
2.310077278363 0.497605395301 0.499098183063 0.478572179984 0.500605395301 0.502098183063 0.481572179984 9
2.305876334398 0.497600155072 0.499070383814 0.478554395903 0.500600155072 0.502070383814 0.481554395903 9
2.301688518999 0.497594927602 0.499042557798 0.478536605823 0.500594927602 0.502042557798 0.481536605823 9
2.297513766860 0.497589718280 0.499014726239 0.478518846044 0.500589718280 0.502014726239 0.481518846044 9
2.293352013121 0.497584568247 0.498987014577 0.478501111883 0.500584568247 0.501987014577 0.481501111883 9
2.289203193363 0.497579458329 0.498959336265 0.478483411112 0.500579458329 0.501959336265 0.481483411112 9
2.285067243606 0.497574437058 0.498931637238 0.478465771864 0.500574437058 0.501931637238 0.481465771864 9
2.280940555818 0.497569438280 0.498903951165 0.478448266228 0.500569438280 0.501903951165 0.481448266228 9
2.276826437369 0.497564449428 0.498876292560 0.478430915667 0.500564449428 0.501876292560 0.481430915667 9
2.272725015692 0.497559503762 0.498848665632 0.478413686905 0.500559503762 0.501848665632 0.481413686905 9
2.268636228424 0.497554554244 0.498821014022 0.478396554122 0.500554554244 0.501821014022 0.481396554122 9
2.264560013624 0.497549630760 0.498793354418 0.478379496093 0.500549630760 0.501793354418 0.481379496093 9
2.260496309766 0.497544686169 0.498765695236 0.478362586456 0.500544686169 0.501765695236 0.481362586456 9
2.256445055736 0.497539663856 0.498738018993 0.478345784853 0.500539663856 0.501738018993 0.481345784853 9
2.252406190829 0.497534554339 0.498710339463 0.478329006166 0.500534554339 0.501710339463 0.481329006166 9
2.248379894875 0.497529377174 0.498682648253 0.478312185604 0.500529377174 0.501682648253 0.481312185604 9
2.244365387570 0.497524139247 0.498654916616 0.478295300860 0.500524139247 0.501654916616 0.481295300860 9
2.240363329870 0.497518807257 0.498627162172 0.478278362515 0.500518807257 0.501627162172 0.481278362515 9
2.236370251293 0.497513399498 0.498599369359 0.478261429410 0.500513399498 0.501599369359 0.481261429410 9
2.232388695751 0.497507986147 0.498571563420 0.478244537338 0.500507986147 0.501571563420 0.481244537338 9
2.228419189411 0.497502587444 0.498543779055 0.478227683048 0.500502587444 0.501543779055 0.481227683048 9
2.224461674247 0.497497224283 0.498515939504 0.478210835539 0.500497224283 0.501515939504 0.481210835539 9
2.220516092614 0.497491889760 0.498488105033 0.478194028566 0.500491889760 0.501488105033 0.481194028566 9
2.216582387249 0.497486547747 0.498460331081 0.478177265090 0.500486547747 0.501460331081 0.481177265090 9
2.212660501264 0.497481213787 0.498432608250 0.478160521393 0.500481213787 0.501432608250 0.481160521393 9
2.208750378144 0.497475871490 0.498404905998 0.478143773173 0.500475871490 0.501404905998 0.481143773173 9
2.204851961748 0.497470552419 0.498377237914 0.478127011074 0.500470552419 0.501377237914 0.481127011074 9
2.200965196296 0.497465271324 0.498349599507 0.478110279865 0.500465271324 0.501349599507 0.481110279865 9
2.197090026378 0.497459991563 0.498322020258 0.478093633233 0.500459991563 0.501322020258 0.481093633233 9
2.193224420133 0.497454702733 0.498294481522 0.478077064786 0.500454702733 0.501294481522 0.481077064786 9
2.189368512247 0.497449406926 0.498266941694 0.478060589160 0.500449406926 0.501266941694 0.481060589160 9
2.185524051517 0.497444116843 0.498239359256 0.478044251930 0.500444116843 0.501239359256 0.481044251930 9
2.181690983872 0.497438836534 0.498211790077 0.478028120619 0.500438836534 0.501211790077 0.481028120619 9
2.177869255588 0.497433612592 0.498184283463 0.478012127998 0.500433612592 0.501184283463 0.481012127998 9
2.174058813288 0.497428433198 0.498156821922 0.477996207763 0.500428433198 0.501156821922 0.480996207763 9
2.170259603940 0.497423213806 0.498129368861 0.477980408800 0.500423213806 0.501129368861 0.480980408800 9
2.166471574855 0.497417933224 0.498101941167 0.477964711742 0.500417933224 0.501101941167 0.480964711742 9
2.162694673679 0.497412567090 0.498074483997 0.477949086287 0.500412567090 0.501074483997 0.480949086287 9
2.158928848398 0.497407064035 0.498046920528 0.477933490161 0.500407064035 0.501046920528 0.480933490161 9
2.155174047328 0.497401490991 0.498019230466 0.477917934898 0.500401490991 0.501019230466 0.480917934898 9
2.151430219117 0.497395843658 0.497991411753 0.477902430604 0.500395843658 0.500991411753 0.480902430604 9
2.147693588748 0.497390128333 0.497963454598 0.477886974978 0.500390128333 0.500963454598 0.480886974978 9
2.143967777214 0.497384359312 0.497935367880 0.477871591712 0.500384359312 0.500935367880 0.480871591712 9
2.140252801880 0.497378489828 0.497907194610 0.477856256907 0.500378489828 0.500907194610 0.480856256907 9
2.136548612605 0.497372487416 0.497878908759 0.477840993499 0.500372487416 0.500878908759 0.480840993499 9
2.132855159565 0.497366388695 0.497850499255 0.477825798780 0.500366388695 0.500850499255 0.480825798780 9
2.129172393251 0.497360195185 0.497821960398 0.477810626285 0.500360195185 0.500821960398 0.480810626285 9
2.125500264470 0.497353919798 0.497793246124 0.477795459567 0.500353919798 0.500793246124 0.480795459567 9
2.121838724334 0.497347568714 0.497764357817 0.477780330111 0.500347568714 0.500764357817 0.480780330111 9
2.118187724268 0.497341171440 0.497735345673 0.477765305893 0.500341171440 0.500735345673 0.480765305893 9
2.114547215999 0.497334763934 0.497706333845 0.477750447618 0.500334763934 0.500706333845 0.480750447618 9
2.110917151558 0.497328306089 0.497677301931 0.477735747017 0.500328306089 0.500677301931 0.480735747017 9
2.107296655009 0.497321864379 0.497648271848 0.477721233633 0.500321864379 0.500648271848 0.480721233633 9
2.103683528453 0.497315440624 0.497619248598 0.477706902837 0.500315440624 0.500619248598 0.480706902837 9
2.100080718894 0.497309006535 0.497590233468 0.477692721218 0.500309006535 0.500590233468 0.480692721218 9
2.096488179469 0.497302553844 0.497561212171 0.477678671255 0.500302553844 0.500561212171 0.480678671255 9
2.092905863607 0.497296052716 0.497532185015 0.477664733084 0.500296052716 0.500532185015 0.480664733084 9
2.089333725026 0.497289535743 0.497503110364 0.477650876874 0.500289535743 0.500503110364 0.480650876874 9
2.085771717731 0.497283035859 0.497474011602 0.477637051962 0.500283035859 0.500474011602 0.480637051962 9
2.082219796010 0.497276502531 0.497444901412 0.477623301817 0.500276502531 0.500444901412 0.480623301817 9
2.078677914438 0.497269851696 0.497415757005 0.477609658072 0.500269851696 0.500415757005 0.480609658072 9
2.075146027865 0.497263115610 0.497386522199 0.477596086754 0.500263115610 0.500386522199 0.480596086754 9
2.071624091424 0.497256372866 0.497357201158 0.477582567864 0.500256372866 0.500357201158 0.480582567864 9
2.068112060520 0.497249608310 0.497327785188 0.477569095178 0.500249608310 0.500327785188 0.480569095178 9
2.064609029874 0.497242770606 0.497298261467 0.477555734552 0.500242770606 0.500298261467 0.480555734552 9
2.061112851716 0.497235880211 0.497268658923 0.477542489098 0.500235880211 0.500268658923 0.480542489098 9
2.057626462012 0.497228924309 0.497238967326 0.477529365774 0.500228924309 0.500238967326 0.480529365774 9
2.054149817170 0.497221859507 0.497209203291 0.477516391004 0.500221859507 0.500209203291 0.480516391004 9
2.050682873869 0.497214699896 0.497179363463 0.477503485201 0.500214699896 0.500179363463 0.480503485201 9
2.047225589047 0.497207502348 0.497149428277 0.477490620716 0.500207502348 0.500149428277 0.480490620716 9
2.043777919905 0.497200272990 0.497119400096 0.477477817530 0.500200272990 0.500119400096 0.480477817530 9
2.040339823907 0.497193004060 0.497089280504 0.477465114543 0.500193004060 0.500089280504 0.480465114543 9
2.036911258772 0.497185709216 0.497059220416 0.477452450302 0.500185709216 0.500059220416 0.480452450302 9
2.033492182474 0.497178362150 0.497029216761 0.477439806050 0.500178362150 0.500029216761 0.480439806050 9
2.030082553242 0.497170917537 0.496999199910 0.477427181544 0.500170917537 0.499999199910 0.480427181544 9
2.026682329559 0.497163411754 0.496969137279 0.477414624398 0.500163411754 0.499969137279 0.480414624398 9
2.023291466496 0.497155843859 0.496939011111 0.477402173674 0.500155843859 0.499939011111 0.480402173674 9
2.019906082911 0.497148180470 0.496908833907 0.477389873666 0.500148180470 0.499908833907 0.480389873666 9
2.016529996668 0.497140472814 0.496878654294 0.477377716430 0.500140472814 0.499878654294 0.480377716430 9
2.013163167161 0.497132705942 0.496848503028 0.477365689842 0.500132705942 0.499848503028 0.480365689842 9
2.009805554027 0.497124860501 0.496818366684 0.477353783882 0.500124860501 0.499818366684 0.480353783882 9
2.006457117142 0.497116925777 0.496788214640 0.477342001779 0.500116925777 0.499788214640 0.480342001779 9
2.003117816623 0.497108988571 0.496758080323 0.477330355245 0.500108988571 0.499758080323 0.480330355245 9
