8.1330643194892 0.4985981802644387 0.5099515244364429 0.4872488880612814 0.5025981802644387 0.5139515244364429 0.4912488880612814 9 
8.0818843214791 0.4985975464888547 0.5099175015201656 0.48721793560633714 0.5025975464888547 0.5139175015201656 0.49121793560633714 9 
8.0314148869044 0.4985970178293786 0.5098837466741818 0.48718695076143165 0.5025970178293786 0.5138837466741818 0.49118695076143165 9 
7.9816419161148 0.4985963421098246 0.509850056000506 0.487156146451503 0.5025963421098246 0.513850056000506 0.491156146451503 9 
7.9325417101846 0.49859587314943543 0.5098162824056521 0.4871258407331804 0.5025958731494354 0.5138162824056521 0.4911258407331804 9 
7.8841093256458 0.49859542774814913 0.5097825280585051 0.4870956240619113 0.5025954277481491 0.5137825280585051 0.4910956240619113 9 
7.8363256870345 0.49859498654199075 0.5097488403312361 0.48706555350740527 0.5025949865419908 0.5137488403312361 0.4910655535074053 9 
7.7891789670368 0.4985945624891047 0.5097153931134846 0.487035635094006 0.5025945624891047 0.5137153931134846 0.491035635094006 9 
7.7426543516668 0.498594161401397 0.5096820827407257 0.48700574432485594 0.502594161401397 0.5136820827407257 0.49100574432485594 9 
7.6967390981526 0.49859371491791127 0.5096488011165368 0.48697597924609554 0.5025937149179113 0.5136488011165368 0.49097597924609554 9 
7.6514215382762 0.4985932662456326 0.5096156106677844 0.4869463413633914 0.5025932662456326 0.5136156106677844 0.4909463413633914 9 
7.6066870985632 0.498592860016595 0.5095825561676471 0.48691689883031264 0.502592860016595 0.5135825561676471 0.49091689883031264 9 
7.56252588351 0.4985924502254965 0.5095497196108367 0.48688750214538384 0.5025924502254965 0.5135497196108367 0.49088750214538385 9 
7.5189257900861 0.49859208647586084 0.5095168409070754 0.4868582021895641 0.5025920864758608 0.5135168409070754 0.4908582021895641 9 
7.4758742805379 0.4985917266837888 0.509484152484941 0.48682896647648954 0.5025917266837888 0.5134841524849411 0.49082896647648955 9 
7.4333621571324 0.49859132488343105 0.5094515624098719 0.4867998285249847 0.5025913248834311 0.5134515624098719 0.4907998285249847 9 
7.3913774665521 0.49859095587793034 0.5094190545216554 0.4867707506771889 0.5025909558779303 0.5134190545216554 0.4907707506771889 9 
7.349909823956 0.49859059537638173 0.5093866297612505 0.48674181817395573 0.5025905953763817 0.5133866297612505 0.49074181817395574 9 
7.3089502830204 0.498590184323233 0.5093544618937419 0.48671295421098254 0.502590184323233 0.5133544618937419 0.49071295421098254 9 
7.2684872391571 0.4985899032415191 0.5093223671159121 0.4866841529475328 0.5025899032415191 0.5133223671159121 0.4906841529475328 9 
7.2285121024239 0.4985896353341175 0.5092902900474185 0.48665557137369586 0.5025896353341175 0.5132902900474186 0.49065557137369586 9 
7.1890162272408 0.4985893148591055 0.5092581792907288 0.4866270055356442 0.5025893148591055 0.5132581792907288 0.4906270055356442 9 
7.1499884119886 0.49858901061748595 0.5092261738215977 0.4865984801168804 0.502589010617486 0.5132261738215977 0.4905984801168804 9 
7.1114215058699 0.4985886672436223 0.5091942014967846 0.4865700863377887 0.5025886672436223 0.5131942014967846 0.4905700863377887 9 
7.0733072276286 0.49858829780102243 0.5091622675187104 0.4865417289524508 0.5025882978010224 0.5131622675187104 0.4905417289524508 9 
7.0356348473542 0.49858797589109416 0.5091304265432276 0.48651351915245866 0.5025879758910942 0.5131304265432276 0.49051351915245867 9 
6.9984018395066 0.49858765845697606 0.5090986647265238 0.486485388073703 0.5025876584569761 0.5130986647265238 0.490485388073703 9 
6.9615897368687 0.49858726205931914 0.5090669719568057 0.4864572917743755 0.5025872620593191 0.5130669719568057 0.4904572917743755 9 
6.9251989919202 0.4985869760827093 0.5090352864043869 0.48642929325554013 0.5025869760827093 0.5130352864043869 0.49042929325554013 9 
6.889220717047 0.4985867177817941 0.5090037657368459 0.48640151971714046 0.5025867177817941 0.5130037657368459 0.49040151971714047 9 
6.8536476043573 0.4985863451992659 0.5089722842873299 0.48637387097477075 0.5025863451992659 0.5129722842873299 0.49037387097477075 9 
6.8184701284878 0.4985859868585688 0.5089408843886403 0.4863461525401662 0.5025859868585688 0.5129408843886403 0.4903461525401662 9 
6.7836833043465 0.4985856881308247 0.5089096089239021 0.48631846076850876 0.5025856881308247 0.5129096089239021 0.49031846076850877 9 
6.7492804580935 0.49858531896225844 0.5088783494743733 0.4862909278670297 0.5025853189622584 0.5128783494743733 0.4902909278670297 9 
6.7152528236759 0.4985850255811737 0.5088471972051991 0.4862634275694109 0.5025850255811737 0.5128471972051991 0.4902634275694109 9 
6.6815954030677 0.4985848978720606 0.5088160435150237 0.48623602503595675 0.5025848978720606 0.5128160435150237 0.49023602503595676 9 
6.6483022721564 0.49858475517522804 0.5087849513781973 0.4862088134154086 0.502584755175228 0.5127849513781974 0.4902088134154086 9 
6.6153655461906 0.4985844618027355 0.508753995347018 0.4861816932989338 0.5025844618027355 0.512753995347018 0.4901816932989338 9 
6.58277983259 0.498584165135707 0.5087229742917984 0.486154688435132 0.502584165135707 0.5127229742917984 0.490154688435132 9 
6.5505400847295 0.49858387176166186 0.5086919975816021 0.48612771318182474 0.5025838717616619 0.5126919975816021 0.49012771318182474 9 
6.5186394340621 0.4985836378788566 0.5086611963646093 0.48610075495939575 0.5025836378788566 0.5126611963646093 0.49010075495939576 9 
6.4870717002914 0.49858342218659457 0.5086304150289618 0.48607390003376955 0.5025834221865946 0.5126304150289618 0.49007390003376955 9 
6.455832854524 0.4985832029519409 0.5085997077185305 0.4860471074961079 0.5025832029519409 0.5125997077185305 0.4900471074961079 9 
6.4249171923139 0.4985829811300255 0.5085690908589744 0.4860204281788732 0.5025829811300255 0.5125690908589744 0.4900204281788732 9 
6.394317339037 0.4985827565990578 0.5085385278291503 0.48599380608221354 0.5025827565990578 0.5125385278291503 0.48999380608221355 9 
6.3640304364049 0.49858255079874503 0.5085080147139087 0.48596731991788966 0.502582550798745 0.5125080147139087 0.48996731991788967 9 
6.3340513962328 0.49858242916154094 0.5084774545287075 0.48594090730540584 0.5025824291615409 0.5124774545287075 0.48994090730540585 9 
6.3043733543713 0.4985822997609318 0.5084469218830859 0.485914638348125 0.5025822997609318 0.5124469218830859 0.489914638348125 9 
6.2749926621466 0.49858218108822794 0.5084164849101853 0.48588844928402203 0.5025821810882279 0.5124164849101853 0.48988844928402203 9 
6.2459052693099 0.4985821276032314 0.508386034130387 0.4858623658141934 0.5025821276032314 0.512386034130387 0.4898623658141934 9 
6.2171057683393 0.49858191466262647 0.5083556609574013 0.48583637992042805 0.5025819146626265 0.5123556609574013 0.48983637992042806 9 
6.1885885138638 0.49858174294198887 0.508325369130509 0.485810449801372 0.5025817429419889 0.512325369130509 0.489810449801372 9 
6.1603509286601 0.49858163234048747 0.5082951138276137 0.48578459734010776 0.5025816323404875 0.5122951138276137 0.48978459734010776 9 
6.1323886514927 0.4985815033600983 0.5082648038008017 0.48575873130570624 0.5025815033600983 0.5122648038008017 0.48975873130570624 9 
6.104695379329 0.49858136635858696 0.508234572726775 0.4857328869180938 0.502581366358587 0.512234572726775 0.4897328869180938 9 
6.0772684074498 0.4985812717824818 0.5082043523381534 0.4857071888210899 0.5025812717824818 0.5122043523381534 0.4897071888210899 9 
6.0501042425386 0.4985811135178293 0.5081741944213823 0.48568160157357887 0.5025811135178293 0.5121741944213823 0.4896816015735789 9 
6.0231983798081 0.49858097933810797 0.508144011291848 0.48565602788451523 0.502580979338108 0.5121440112918481 0.48965602788451523 9 
5.9965475703719 0.4985809206421137 0.5081138318218817 0.4856305642226768 0.5025809206421137 0.5121138318218817 0.4896305642226768 9 
5.9701432208965 0.49858086006896374 0.5080836294430678 0.485605164743127 0.5025808600689637 0.5120836294430678 0.489605164743127 9 
5.9439884934335 0.4985808811530741 0.5080535101907719 0.48557993083456996 0.5025808811530741 0.5120535101907719 0.48957993083456997 9 
5.9180759873356 0.49858082080942934 0.5080234622600669 0.48555479112598754 0.5025808208094293 0.5120234622600669 0.48955479112598754 9 
5.89240226686 0.49858069544967165 0.5079935220386925 0.4855295742965716 0.5025806954496717 0.5119935220386925 0.4895295742965716 9 
5.8669650638089 0.49858055816481894 0.5079635995180833 0.48550437841439087 0.502580558164819 0.5119635995180833 0.4895043784143909 9 
5.8417609124107 0.498580395908491 0.5079336840080843 0.4854793230897946 0.502580395908491 0.5119336840080843 0.4894793230897946 9 
5.8167842956069 0.49858023384741235 0.5079037187356692 0.4854543892211831 0.5025802338474123 0.5119037187356692 0.4894543892211831 9 
5.7920334747095 0.4985800944301836 0.5078738030200926 0.4854294213771967 0.5025800944301836 0.5118738030200926 0.4894294213771967 9 
5.767505751253 0.4985799302809366 0.5078438052688383 0.4854044085394056 0.5025799302809366 0.5118438052688383 0.4894044085394056 9 
5.7431979262941 0.49857972270640905 0.5078137779103297 0.4853794649866396 0.502579722706409 0.5118137779103297 0.4893794649866396 9 
5.7191042306574 0.4985793900973542 0.5077837682850921 0.4853546152612984 0.5025793900973542 0.5117837682850921 0.4893546152612984 9 
5.695224191153 0.4985789426463487 0.5077536399289319 0.48532974115153726 0.5025789426463487 0.5117536399289319 0.48932974115153727 9 
5.6715548563947 0.4985783391156252 0.5077235789155992 0.48530485990136535 0.5025783391156252 0.5117235789155992 0.48930485990136535 9 
5.6480930437119 0.4985774569563559 0.5076936702693721 0.48527996608536955 0.5025774569563559 0.5116936702693721 0.48927996608536956 9 
5.6248335895041 0.49857644243974353 0.5076642744021256 0.4852550881874612 0.5025764424397435 0.5116642744021256 0.4892550881874612 9 
5.6017761687059 0.49857564618961914 0.5076349679240366 0.48523017054199075 0.5025756461896191 0.5116349679240366 0.48923017054199075 9 
5.5789179892623 0.4985747815887026 0.5076056267775013 0.48520536120458146 0.5025747815887026 0.5116056267775013 0.48920536120458147 9 
5.5562560161217 0.4985738719183278 0.5075764149751641 0.48518062546417906 0.5025738719183278 0.5115764149751642 0.48918062546417906 9 
5.5337854228291 0.4985728953882571 0.5075472011998008 0.4851558727081876 0.5025728953882571 0.5115472011998008 0.4891558727081876 9 
5.5115060388609 0.49857183361394364 0.5075180761116566 0.4851310664120619 0.5025718336139436 0.5115180761116566 0.4891310664120619 9 
5.4894152752971 0.49857075024041997 0.5074889759049112 0.4851061711611926 0.50257075024042 0.5114889759049112 0.4891061711611926 9 
5.4675104519837 0.49856965768138195 0.5074597813305212 0.4850812666371551 0.502569657681382 0.5114597813305212 0.4890812666371551 9 
5.4457866023531 0.49856844526802735 0.5074305882875796 0.4850564747164585 0.5025684452680274 0.5114305882875796 0.4890564747164585 9 
5.4242439216841 0.4985671358686078 0.5074014305817001 0.48503179372643407 0.5025671358686078 0.5114014305817001 0.48903179372643407 9 
5.4028800057157 0.49856570221815144 0.5073723381184861 0.4850071480972921 0.5025657022181514 0.5113723381184861 0.4890071480972921 9 
5.3816924938323 0.49856415288052447 0.5073433744756252 0.484982543996998 0.5025641528805245 0.5113433744756252 0.488982543996998 9 
5.3606765485932 0.4985625687646399 0.5073144064514769 0.48495798850696503 0.5025625687646399 0.5113144064514769 0.48895798850696504 9 
5.3398321903059 0.4985608969407761 0.5072855302796271 0.4849334709208141 0.5025608969407761 0.5112855302796271 0.48893347092081413 9 
5.3191574374925 0.4985592316756734 0.5072566898374389 0.48490901360522604 0.5025592316756734 0.5112566898374389 0.48890901360522604 9 
5.2986500938818 0.4985575065349084 0.5072279419675901 0.4848846211444467 0.5025575065349084 0.5112279419675901 0.4888846211444467 9 
5.2783060983026 0.49855578134761946 0.507199275284603 0.4848602840540728 0.5025557813476195 0.511199275284603 0.4888602840540728 9 
5.2581243704102 0.49855398540689566 0.5071706579147802 0.48483602918087587 0.5025539854068957 0.5111706579147802 0.4888360291808759 9 
5.2381037238371 0.49855206523677453 0.5071422220534179 0.4848119081197061 0.5025520652367745 0.5111422220534179 0.4888119081197061 9 
5.2182421123361 0.49854999726277105 0.5071137737701962 0.48478788000761763 0.502549997262771 0.5111137737701962 0.48878788000761764 9 
5.1985364939115 0.4985478347962434 0.5070854151717843 0.48476403648378397 0.5025478347962434 0.5110854151717843 0.48876403648378397 9 
5.1789841577134 0.4985456444574914 0.5070570884234018 0.48474029951280095 0.5025456444574914 0.5110570884234018 0.48874029951280096 9 
5.1595849588013 0.4985433630471914 0.5070287617933914 0.4847166655552762 0.5025433630471914 0.5110287617933914 0.4887166655552762 9 
5.1403369881188 0.49854108678714504 0.5070004307796983 0.4846932105506793 0.502541086787145 0.5110004307796983 0.4886932105506793 9 
5.1212383691729 0.49853884620515176 0.506972023864677 0.484669870636828 0.5025388462051518 0.510972023864677 0.488669870636828 9 
5.1022845388415 0.49853661117604076 0.5069436259306251 0.484646633282507 0.5025366111760408 0.5109436259306251 0.488646633282507 9 
5.0834763219681 0.4985344778299593 0.5069153499311889 0.48462350736726856 0.5025344778299593 0.5109153499311889 0.48862350736726856 9 
5.0648120457982 0.4985323615953082 0.5068870953472079 0.48460047762689373 0.5025323615953082 0.5108870953472079 0.48860047762689374 9 
5.0462899568069 0.49853013276888203 0.5068587503585421 0.4845774567922093 0.502530132768882 0.5108587503585421 0.4885774567922093 9 
5.027907003054 0.49852791725015255 0.5068305030947212 0.4845544554024709 0.5025279172501526 0.5108305030947212 0.4885544554024709 9 
5.0096613111284 0.4985257644259935 0.5068022784451366 0.4845313997990843 0.5025257644259935 0.5108022784451366 0.4885313997990843 9 
4.9915537094735 0.4985236294277474 0.5067740676342817 0.48450842505102354 0.5025236294277474 0.5107740676342817 0.48850842505102354 9 
4.9735796746086 0.4985214351371827 0.5067458987251038 0.4844854551473519 0.5025214351371827 0.5107458987251038 0.4884854551473519 9 
4.9557404757496 0.49851922167088314 0.5067177737074158 0.48446254952669227 0.5025192216708831 0.5107177737074158 0.48846254952669227 9 
4.9380310525019 0.49851707796828015 0.5066896150338323 0.4844396939347776 0.5025170779682802 0.5106896150338323 0.4884396939347776 9 
4.9204520263699 0.49851498657268567 0.506661353751398 0.4844167733040331 0.5025149865726857 0.510661353751398 0.4884167733040331 9 
4.9030022186814 0.49851297862576793 0.5066330810961509 0.4843936977288453 0.5025129786257679 0.5106330810961509 0.4883936977288453 9 
4.8856801172535 0.49851100604390874 0.5066049601990964 0.48437064309335937 0.5025110060439087 0.5106049601990964 0.48837064309335937 9 
4.8684836794612 0.4985088816498502 0.5065770798931354 0.48434763078207843 0.5025088816498502 0.5105770798931354 0.48834763078207843 9 
4.8514096704994 0.4985065954585223 0.5065494530709334 0.4843247192592685 0.5025065954585223 0.5105494530709334 0.4883247192592685 9 
4.834459003746 0.49850412103677366 0.5065219239087945 0.4843018571904021 0.5025041210367737 0.5105219239087945 0.4883018571904021 9 
4.8176302606012 0.4985015491709984 0.5064945379821751 0.48427901203836615 0.5025015491709984 0.5104945379821751 0.48827901203836616 9 
4.8009220447965 0.49849899227637307 0.5064671978630424 0.48425614173904424 0.5024989922763731 0.5104671978630424 0.48825614173904425 9 
4.784331787004 0.49849632993207593 0.5064397966462902 0.48423326629094327 0.5024963299320759 0.5104397966462902 0.48823326629094327 9 
4.7678576311648 0.49849359367330603 0.5064123521761926 0.4842103042504276 0.502493593673306 0.5104123521761926 0.4882103042504276 9 
4.7514999721025 0.49849074881104527 0.50638485717751 0.48418730427647866 0.5024907488110453 0.51038485717751 0.48818730427647866 9 
4.7352574981467 0.49848782380014933 0.5063572740710538 0.4841642052466496 0.5024878238001493 0.5103572740710538 0.4881642052466496 9 
4.719128917842 0.4984848201346279 0.5063297799032686 0.4841410485097472 0.5024848201346279 0.5103297799032686 0.4881410485097472 9 
4.7031114062749 0.4984816996439323 0.5063024481866029 0.48411795662111556 0.5024816996439323 0.5103024481866029 0.48811795662111557 9 
4.6872039085764 0.49847846521757944 0.5062752704303544 0.4840949279286004 0.5024784652175794 0.5102752704303544 0.48809492792860043 9 
4.6714065757758 0.49847514997880227 0.5062482245867694 0.48407195608883297 0.5024751499788023 0.5102482245867694 0.48807195608883297 9 
4.6557181930564 0.49847174575801456 0.5062212757651441 0.48404902176692344 0.5024717457580146 0.5102212757651441 0.48804902176692344 9 
4.6401375639397 0.49846822307883965 0.5061944166158993 0.4840260613305687 0.5024682230788396 0.5101944166158993 0.4880260613305687 9 
4.6246618908247 0.49846460244127844 0.506167519943164 0.48400305865970317 0.5024646024412784 0.510167519943164 0.48800305865970317 9 
4.609290322647 0.49846091329324893 0.5061405639392892 0.48397998639644035 0.5024609132932489 0.5101405639392892 0.48797998639644036 9 
4.5940230530324 0.4984572171034575 0.5061135609624188 0.4839568132915046 0.5024572171034575 0.5101135609624188 0.4879568132915046 9 
4.5788589550727 0.49845351387158177 0.5060865099148623 0.4839334459974045 0.5024535138715818 0.5100865099148623 0.4879334459974045 9 
4.5637969185282 0.4984497522981337 0.5060595117516439 0.48390992070348643 0.5024497522981337 0.5100595117516439 0.48790992070348643 9 
4.5488344688364 0.4984459374119352 0.506032608523062 0.4838862345961864 0.5024459374119352 0.510032608523062 0.4878862345961864 9 
4.5339703389387 0.49844209525495453 0.5060058663134716 0.4838624881326925 0.5024420952549545 0.5100058663134716 0.4878624881326925 9 
4.5192050641501 0.4984381786815095 0.5059792898609285 0.4838387413570893 0.5024381786815095 0.5099792898609286 0.4878387413570893 9 
4.5045375975085 0.49843412032919865 0.5059528249635039 0.48381500252516985 0.5024341203291987 0.5099528249635039 0.48781500252516985 9 
4.4899669072332 0.4984299252086125 0.5059264753209948 0.48379126264026073 0.5024299252086125 0.5099264753209948 0.48779126264026074 9 
4.4754911514238 0.49842568425945255 0.5059002503840213 0.48376744627724666 0.5024256842594526 0.5099002503840213 0.48776744627724666 9 
4.4611080022545 0.4984213731670889 0.5058741116838074 0.4837435804459604 0.5024213731670889 0.5098741116838074 0.4877435804459604 9 
4.4468186496149 0.4984170164083017 0.5058480377420039 0.48371973209777636 0.5024170164083017 0.5098480377420039 0.48771973209777636 9 
4.4326221193866 0.49841253822621256 0.5058219972316232 0.48369582572321623 0.5024125382262126 0.5098219972316232 0.48769582572321624 9 
4.4185174513027 0.4984079828804927 0.5057959935496988 0.4836719136242643 0.5024079828804927 0.5097959935496988 0.4876719136242643 9 
4.4045036986985 0.49840337991380024 0.5057700399733294 0.4836479367284457 0.5024033799138002 0.5097700399733294 0.4876479367284457 9 
4.3905769868197 0.49839869915679524 0.5057441096749514 0.48362383348583554 0.5023986991567952 0.5097441096749514 0.48762383348583554 9 
4.3767393017845 0.498393967880039 0.5057181842605677 0.4835995342736421 0.502393967880039 0.5097181842605677 0.4875995342736421 9 
4.3629897980136 0.49838919237652524 0.5056923741990746 0.4835749969160289 0.5023891923765252 0.5096923741990746 0.4875749969160289 9 
4.3493275805421 0.4983843968420236 0.5056666628748887 0.4835502421037084 0.5023843968420236 0.5096666628748887 0.4875502421037084 9 
4.3357517668425 0.49837959940332843 0.5056410086545906 0.4835252377463533 0.5023795994033284 0.5096410086545906 0.4875252377463533 9 
4.3222597483625 0.4983748032144715 0.5056153819591862 0.48350006060376294 0.5023748032144715 0.5096153819591862 0.48750006060376294 9 
4.3088511357715 0.4983699848543478 0.5055896662324173 0.4834747319165222 0.5023699848543478 0.5095896662324173 0.4874747319165222 9 
4.2955263781795 0.49836517013965176 0.5055637888372357 0.4834492710628801 0.5023651701396518 0.5095637888372357 0.4874492710628801 9 
4.2822846403544 0.49836038217226364 0.5055377589210809 0.4834237262289502 0.5023603821722636 0.5095377589210809 0.4874237262289502 9 
4.2691250984564 0.4983554815466449 0.5055116114839381 0.4833981409606949 0.5023554815466449 0.5095116114839381 0.4873981409606949 9 
4.256046765488 0.4983504752328568 0.5054854072689667 0.48337257239527714 0.5023504752328568 0.5094854072689667 0.48737257239527715 9 
4.2430461473216 0.49834541005993294 0.505459164901886 0.4833469657077283 0.5023454100599329 0.509459164901886 0.4873469657077283 9 
4.230125346118 0.49834027762010025 0.505432915456921 0.48332130353677033 0.5023402776201003 0.509432915456921 0.48732130353677033 9 
4.2172835813756 0.4983351107004127 0.5054066851990665 0.48329559172013387 0.5023351107004127 0.5094066851990665 0.48729559172013387 9 
4.2045200830444 0.49832994865874847 0.5053804835047195 0.48326977565538515 0.5023299486587485 0.5093804835047195 0.48726977565538515 9 
4.1918340913492 0.49832487652932234 0.5053543036286495 0.48324385628481087 0.5023248765293223 0.5093543036286495 0.4872438562848109 9 
4.1792235471624 0.49831984156749487 0.5053281648344015 0.48321781404915265 0.5023198415674949 0.5093281648344015 0.48721781404915265 9 
4.1666872780132 0.4983148732887689 0.5053021127294576 0.48319164321383695 0.5023148732887689 0.5093021127294576 0.48719164321383696 9 
4.1542263217858 0.49831004307814064 0.5052762133004086 0.48316540797167656 0.5023100430781406 0.5092762133004086 0.48716540797167657 9 
4.1418399578098 0.49830538099345967 0.5052504366342943 0.4831391195580214 0.5023053809934597 0.5092504366342943 0.4871391195580214 9 
4.1295274748596 0.49830084277734243 0.505224755797193 0.4831127765749655 0.5023008427773424 0.509224755797193 0.4871127765749655 9 
4.1172881709967 0.4982964436590993 0.5051992218093572 0.4830864460541901 0.5022964436590993 0.5091992218093572 0.4870864460541901 9 
4.1051192542267 0.4982922118565333 0.5051738010876642 0.4830601585032933 0.5022922118565333 0.5091738010876642 0.4870601585032933 9 
4.0930211737232 0.49828808702812966 0.5051485561943649 0.4830339229719352 0.5022880870281297 0.5091485561943649 0.4870339229719352 9 
4.0809942459588 0.4982840350206216 0.5051235077924776 0.48300777398886807 0.5022840350206216 0.5091235077924776 0.4870077739888681 9 
4.0690378043587 0.4982800565769937 0.505098599889746 0.4829817063520225 0.5022800565769937 0.509098599889746 0.4869817063520225 9 
4.0571511909009 0.4982761277388632 0.5050737919435236 0.4829557121870941 0.5022761277388632 0.5090737919435236 0.4869557121870941 9 
4.0453337559766 0.49827228379310295 0.5050490754550663 0.48292970147444175 0.502272283793103 0.5090490754550663 0.48692970147444176 9 
4.0335823263733 0.4982685348053032 0.5050244317246998 0.48290359509370595 0.5022685348053032 0.5090244317246998 0.48690359509370595 9 
4.021898250315 0.49826492256024013 0.5049998860595291 0.48287739174874594 0.5022649225602401 0.5089998860595291 0.48687739174874595 9 
4.0102814779793 0.49826143195627404 0.504975430516153 0.4828511296405947 0.502261431956274 0.508975430516153 0.4868511296405947 9 
3.9987324166792 0.49825805755518715 0.504951120683098 0.4828248661548746 0.5022580575551872 0.508951120683098 0.4868248661548746 9 
3.9872473818901 0.4982547899879425 0.5049269836468143 0.48279872554384057 0.5022547899879425 0.5089269836468143 0.48679872554384057 9 
3.975828846378 0.4982516490876786 0.5049029366148519 0.4827727042944224 0.5022516490876786 0.5089029366148519 0.4867727042944224 9 
3.9644725959655 0.49824868683318824 0.5048789302241138 0.4827467958449747 0.5022486868331882 0.5088789302241138 0.4867467958449747 9 
3.9531801297653 0.4982459025838286 0.5048550860039376 0.48272096518418417 0.5022459025838286 0.5088550860039376 0.4867209651841842 9 
3.9419514004454 0.4982433273867549 0.5048314386195769 0.4826952770397207 0.5022433273867549 0.5088314386195769 0.4866952770397207 9 
3.9307858349441 0.49824094507354444 0.5048079924770404 0.48266974233832427 0.5022409450735444 0.5088079924770404 0.4866697423383243 9 
3.9196828672572 0.4982386903385234 0.5047846463154293 0.4826443073062932 0.5022386903385234 0.5087846463154293 0.4866443073062932 9 
3.9086419383279 0.49823650689987486 0.5047613874848487 0.4826189641870442 0.5022365068998749 0.5087613874848487 0.4866189641870442 9 
3.8976602239897 0.4982344060546948 0.5047382027732007 0.4825937464029399 0.5022344060546948 0.5087382027732007 0.4865937464029399 9 
3.8867385970595 0.4982325567234387 0.5047149994917245 0.48256854907474583 0.5022325567234387 0.5087149994917245 0.48656854907474584 9 
3.8758773965664 0.4982309421536739 0.504691779662253 0.48254339305171473 0.5022309421536739 0.508691779662253 0.48654339305171473 9 
3.8650760899298 0.49822947488145597 0.5046685030561985 0.48251831124100886 0.502229474881456 0.5086685030561985 0.48651831124100886 9 
3.8543341509986 0.498228204546595 0.50464509030868 0.4824933293034305 0.502228204546595 0.50864509030868 0.4864933293034305 9 
3.8436510599535 0.4982270775700628 0.504621444278011 0.48246842318367933 0.5022270775700628 0.508621444278011 0.48646842318367933 9 
3.833024754667 0.4982259604353143 0.5045975673546421 0.482443555395736 0.5022259604353143 0.5085975673546421 0.486443555395736 9 
3.8224546730326 0.49822476035717056 0.5045734960175091 0.48241870170941364 0.5022247603571706 0.5085734960175091 0.48641870170941365 9 
3.8119419408224 0.4982234510686613 0.5045492372209406 0.4823938721030721 0.5022234510686613 0.5085492372209406 0.4863938721030721 9 
3.8014860623499 0.4982220362763461 0.5045248472000116 0.4823690488204903 0.5022220362763461 0.5085248472000116 0.4863690488204903 9 
3.7910865477977 0.49822054143386985 0.5045002864522555 0.4823442493532506 0.5022205414338698 0.5085002864522555 0.4863442493532506 9 
3.7807429131294 0.49821892128243184 0.5044755742981678 0.4823195497029523 0.5022189212824318 0.5084755742981678 0.4863195497029523 9 
3.7704542734784 0.4982171456828298 0.5044506349685925 0.4822949206099897 0.5022171456828298 0.5084506349685926 0.4862949206099897 9 
3.7602177883086 0.49821522272126983 0.5044254550377787 0.48227027585867016 0.5022152227212698 0.5084254550377787 0.48627027585867016 9 
3.7500357884639 0.4982132340045127 0.5044000701106 0.48224560111176507 0.5022132340045127 0.5084000701106 0.48624560111176507 9 
3.7399078119443 0.49821116897976814 0.5043745194894503 0.4822209385240981 0.5022111689797681 0.5083745194894503 0.4862209385240981 9 
3.7298334021165 0.49820902297258784 0.5043486967876996 0.482196309815399 0.5022090229725878 0.5083486967876996 0.486196309815399 9 
3.7198121076345 0.498206742315935 0.5043226233276475 0.4821717560397323 0.502206742315935 0.5083226233276475 0.4861717560397323 9 
3.7098434823625 0.49820436081320796 0.504296337025507 0.4821472506700849 0.502204360813208 0.508296337025507 0.4861472506700849 9 
3.6999250456339 0.4982018640442516 0.5042698790006799 0.48212286537164534 0.5022018640442516 0.5082698790006799 0.48612286537164534 9 
3.6900572514729 0.4981991522420848 0.5042432364137912 0.4820986633387996 0.5021991522420848 0.5082432364137912 0.4860986633387996 9 
3.6802408418972 0.4981961906859371 0.5042164252595986 0.4820747023660344 0.5021961906859371 0.5082164252595986 0.4860747023660344 9 
3.6704753906334 0.4981929972058705 0.504189447134935 0.48205096746368514 0.5021929972058705 0.508189447134935 0.48605096746368515 9 
3.6607604762527 0.4981896060286396 0.5041623416677726 0.4820273781827892 0.5021896060286396 0.5081623416677726 0.4860273781827892 9 
3.6510956821011 0.4981860142027247 0.5041351315110636 0.4820040077790166 0.5021860142027247 0.5081351315110636 0.4860040077790166 9 
3.6414805597078 0.49818210928630324 0.5041078015614868 0.4819808681524468 0.5021821092863032 0.5081078015614868 0.4859808681524468 9 
3.6319115503565 0.49817800834787884 0.5040802978310381 0.4819579095704747 0.5021780083478788 0.5080802978310381 0.4859579095704747 9 
3.6223914623408 0.4981738304673622 0.5040525751758408 0.48193509477361113 0.5021738304673622 0.5080525751758408 0.48593509477361113 9 
3.6129198972098 0.4981695981460127 0.504024705212451 0.48191234864971266 0.5021695981460127 0.508024705212451 0.48591234864971267 9 
3.6034964609584 0.49816529835207357 0.5039967924741517 0.4818896487219711 0.5021652983520736 0.5079967924741517 0.4858896487219711 9 
3.5941207639651 0.49816096832228285 0.503968908295086 0.4818670501385499 0.5021609683222829 0.507968908295086 0.4858670501385499 9 
3.5847924209296 0.4981565538447642 0.503941128273375 0.4818446235221354 0.5021565538447642 0.507941128273375 0.4858446235221354 9 
3.575510232622 0.4981519854934865 0.5039134316463082 0.48182244819578784 0.5021519854934865 0.5079134316463082 0.48582244819578785 9 
3.5662722191411 0.4981472664234111 0.5038857777321923 0.4818004910688894 0.5021472664234111 0.5078857777321923 0.4858004910688894 9 
3.5570804517714 0.49814245914101185 0.503858103087417 0.4817787146038673 0.5021424591410119 0.507858103087417 0.4857787146038673 9 
3.5479345616864 0.4981374957504694 0.5038303849025102 0.48175711740895794 0.5021374957504694 0.5078303849025102 0.48575711740895794 9 
3.5388341840899 0.4981322796160259 0.5038025620588545 0.48173567210083873 0.5021322796160259 0.5078025620588545 0.48573567210083873 9 
3.5297789581599 0.4981267531855068 0.5037746973846469 0.48171434332426843 0.5021267531855068 0.5077746973846469 0.48571434332426844 9 
3.5207685269939 0.4981209591848783 0.5037468175384473 0.481693082530476 0.5021209591848783 0.5077468175384473 0.485693082530476 9 
3.5118013802506 0.49811490735326924 0.5037188978166435 0.48167187143864737 0.5021149073532692 0.5077188978166435 0.4856718714386474 9 
3.5028762255762 0.4981086398295723 0.5036909551457207 0.4816506895474912 0.5021086398295723 0.5076909551457207 0.4856506895474912 9 
3.4939951268027 0.49810216738230784 0.5036629884923013 0.48162950046824854 0.5021021673823078 0.5076629884923013 0.48562950046824854 9 
3.4851568825282 0.49809560085537374 0.5036349456117497 0.48160818027967367 0.5020956008553737 0.5076349456117497 0.4856081802796737 9 
3.4763620139467 0.4980889979803007 0.5036068263343866 0.481586698985589 0.5020889979803007 0.5076068263343866 0.485586698985589 9 
3.467609899811 0.49808232352118076 0.5035786419582706 0.4815650934041224 0.5020823235211808 0.5075786419582706 0.4855650934041224 9 
3.4589002090205 0.4980755609778382 0.5035503781612979 0.4815433673922438 0.5020755609778382 0.5075503781612979 0.4855433673922438 9 
3.4502315763407 0.49806873748062064 0.5035220321647437 0.48152148628249525 0.5020687374806206 0.5075220321647437 0.48552148628249525 9 
3.4416024736124 0.49806181194750143 0.5034936106449338 0.4814995362737018 0.5020618119475014 0.5074936106449338 0.4854995362737018 9 
3.4330148438295 0.49805479863030133 0.5034650933737378 0.4814775425677279 0.5020547986303013 0.5074650933737378 0.4854775425677279 9 
3.4244683694379 0.4980477782428907 0.5034364750524468 0.4814555316701688 0.5020477782428907 0.5074364750524468 0.4854555316701688 9 
3.4159627362152 0.4980406747469732 0.5034078285219354 0.4814336635686572 0.5020406747469732 0.5074078285219354 0.4854336635686572 9 
3.4074976332263 0.4980335547900343 0.5033792925877818 0.4814119564062929 0.5020335547900343 0.5073792925877818 0.4854119564062929 9 
3.3990727527795 0.49802641116201896 0.5033508826837174 0.4813904826417269 0.502026411162019 0.5073508826837174 0.4853904826417269 9 
3.3906873492335 0.49801932511513636 0.5033225984246389 0.4813691955548198 0.5020193251151364 0.5073225984246389 0.4853691955548198 9 
3.3823386996526 0.498012384590115 0.5032944335279449 0.48134812485749734 0.502012384590115 0.5072944335279449 0.48534812485749734 9 
3.3740293903981 0.4980055630294026 0.5032663849107298 0.48132720086229774 0.5020055630294026 0.5072663849107298 0.48532720086229775 9 
3.3657591261373 0.4979989241434753 0.5032384932692247 0.48130626142603666 0.5019989241434752 0.5072384932692247 0.48530626142603667 9 
3.3575276145752 0.4979924605734905 0.5032108363651426 0.4812852955006261 0.5019924605734905 0.5072108363651426 0.4852852955006261 9 
3.3493345664152 0.4979861354018314 0.5031834158996933 0.48126421758237414 0.5019861354018313 0.5071834158996933 0.48526421758237415 9 
3.34117969532 0.49797992366024896 0.5031561765842353 0.4812429683893261 0.5019799236602489 0.5071561765842353 0.4852429683893261 9 
3.3330627178729 0.4979738494469522 0.5031290911413633 0.48122158454668346 0.5019738494469522 0.5071290911413633 0.48522158454668346 9 
3.3249806737144 0.49796791099055016 0.5031020892803442 0.48120011439569005 0.5019679109905502 0.5071020892803442 0.48520011439569005 9 
3.3169353347487 0.4979620545408331 0.5030752351964004 0.48117855068707277 0.5019620545408331 0.5070752351964004 0.4851785506870728 9 
3.3089270777267 0.49795622420629554 0.5030485795191414 0.48115691501736746 0.5019562242062955 0.5070485795191414 0.48515691501736746 9 
3.3009556303579 0.49795045305904406 0.5030220796602973 0.48113522377468415 0.5019504530590441 0.5070220796602973 0.48513522377468415 9 
3.2930207230915 0.49794479269721437 0.5029957713787163 0.48111346058481 0.5019447926972144 0.5069957713787163 0.48511346058481003 9 
3.2851220890813 0.497939256961936 0.5029696347958119 0.48109166881670873 0.501939256961936 0.5069696347958119 0.48509166881670873 9 
3.2772594641517 0.49793387362540015 0.502943643593877 0.48106985666126806 0.5019338736254001 0.506943643593877 0.48506985666126806 9 
3.2694314870768 0.4979285717138585 0.5029177499033183 0.48104808157241175 0.5019285717138585 0.5069177499033183 0.48504808157241175 9 
3.2616367572483 0.49792325554877603 0.5028919675227641 0.4810263531529511 0.501923255548776 0.5068919675227641 0.4850263531529511 9 
3.2538772808452 0.4979178610830289 0.5028663548567246 0.48100465478317767 0.5019178610830288 0.5068663548567246 0.48500465478317767 9 
3.2461528038593 0.4979124825953516 0.5028409220026426 0.48098310462754146 0.5019124825953516 0.5068409220026426 0.48498310462754146 9 
3.23846307479 0.4979071315161522 0.5028157323190251 0.4809616797546587 0.5019071315161522 0.5068157323190251 0.4849616797546587 9 
3.2308078446135 0.4979018378644781 0.5027907110456573 0.48094047955953706 0.5019018378644781 0.5067907110456573 0.48494047955953706 9 
3.2231868667511 0.4978965816023552 0.502765864223733 0.4809194621060873 0.5018965816023552 0.506765864223733 0.48491946210608733 9 
3.2155998970397 0.49789130405706306 0.5027412820196784 0.4808985995969322 0.5018913040570631 0.5067412820196784 0.4848985995969322 9 
3.2080443372893 0.49788606924164397 0.5027168730589762 0.48087786377217806 0.5018860692416439 0.5067168730589762 0.48487786377217806 9 
3.2005213069074 0.49788093389965776 0.5026926773206984 0.4808572254748711 0.5018809338996577 0.5066926773206984 0.4848572254748711 9 
3.1930315872069 0.49787587329837535 0.5026686580374425 0.48083660244393883 0.5018758732983754 0.5066686580374425 0.48483660244393884 9 
3.1855749432158 0.49787084558012235 0.502644772972599 0.48081597216783634 0.5018708455801223 0.506644772972599 0.48481597216783634 9 
3.1781511422332 0.4978659036231692 0.502620929378744 0.4807952994466202 0.5018659036231692 0.506620929378744 0.4847952994466202 9 
3.1707599538021 0.4978610469118015 0.5025971091360543 0.4807745242973479 0.5018610469118014 0.5065971091360543 0.4847745242973479 9 
3.1634011496809 0.4978561938873845 0.5025732898917915 0.4807537099969145 0.5018561938873844 0.5065732898917915 0.48475370999691453 9 
3.1560745038175 0.4978514157045745 0.5025495684857625 0.48073272154663355 0.5018514157045745 0.5065495684857625 0.48473272154663355 9 
3.148776689342 0.49784679799854964 0.5025259834841408 0.4807115513210311 0.5018467979985496 0.5065259834841408 0.4847115513210311 9 
3.1415103200926 0.4978423126156353 0.5025025308363641 0.4806903232145513 0.5018423126156353 0.5065025308363641 0.4846903232145513 9 
3.1342754643171 0.49783794555746474 0.502479298514913 0.4806690950931539 0.5018379455574647 0.506479298514913 0.4846690950931539 9 
3.1270719042894 0.49783372059204467 0.5024562196287199 0.48064793416698365 0.5018337205920447 0.5064562196287199 0.48464793416698365 9 
3.119899424345 0.49782964391779166 0.5024331885599326 0.4806267520607212 0.5018296439177916 0.5064331885599326 0.4846267520607212 9 
3.1127578108557 0.4978257215830455 0.5024100559913325 0.4806055268387115 0.5018257215830455 0.5064100559913325 0.4846055268387115 9 
3.1056468522058 0.4978219791943365 0.5023868286899408 0.4805842761449665 0.5018219791943365 0.5063868286899408 0.4845842761449665 9 
3.0985663387676 0.497818516133356 0.5023635518002966 0.48056303983591053 0.5018185161333559 0.5063635518002966 0.48456303983591054 9 
3.0915127408727 0.4978153634055146 0.5023402812643971 0.4805418692994353 0.5018153634055146 0.5063402812643971 0.4845418692994353 9 
3.0844891067424 0.4978124842276903 0.5023168956233169 0.4805207211805465 0.5018124842276903 0.5063168956233169 0.4845207211805465 9 
3.0774953208457 0.4978097244549334 0.5022934421015945 0.48049948664922987 0.5018097244549333 0.5062934421015945 0.48449948664922987 9 
3.0705311811127 0.497807017597126 0.5022698848508201 0.4804780866307715 0.501807017597126 0.5062698848508201 0.4844780866307715 9 
3.0635964873479 0.49780444964638865 0.5022462178847693 0.48045657683381016 0.5018044496463886 0.5062462178847693 0.48445657683381016 9 
3.0566910412088 0.4978019639662027 0.5022224296666011 0.4804349624483293 0.5018019639662027 0.5062224296666011 0.4844349624483293 9 
3.0498146461836 0.49779963207858596 0.5021985086309222 0.48041325891718595 0.5017996320785859 0.5061985086309222 0.48441325891718595 9 
3.0429671075699 0.49779741312924086 0.5021744598902464 0.4803916591817624 0.5017974131292409 0.5061744598902465 0.4843916591817624 9 
3.0361452383258 0.49779530184366333 0.5021503449734813 0.4803701092716255 0.5017953018436633 0.5061503449734813 0.4843701092716255 9 
3.029351422556 0.49779326886822306 0.5021261196497266 0.48034861664222617 0.5017932688682231 0.5061261196497266 0.48434861664222617 9 
3.0225859096847 0.4977912954444146 0.502101850921516 0.48032730411447283 0.5017912954444146 0.506101850921516 0.48432730411447283 9 
3.0158485118826 0.4977895059727619 0.5020774997171483 0.4803061434930596 0.5017895059727618 0.5060774997171483 0.4843061434930596 9 
3.0091390430286 0.4977877608456919 0.5020530520246618 0.4802850292975098 0.5017877608456919 0.5060530520246618 0.48428502929750983 9 
3.0024573186901 0.49778603809332195 0.5020286509826795 0.48026405281343904 0.5017860380933219 0.5060286509826795 0.48426405281343904 9 
2.995803401034 0.4977843166173086 0.502004267809 0.4802432357195489 0.5017843166173086 0.506004267809 0.4842432357195489 9 
