col1 col2 col3 col4 col5 col6 col7 col8
8.1330643194892 0.4990981802644387 0.5104515244364429 0.4877488880612814 0.5020981802644386 0.5134515244364428 0.4907488880612814 9
8.0818843214791 0.4990975464888547 0.5104175015201656 0.48771793560633714 0.5020975464888546 0.5134175015201655 0.49071793560633714 9
8.0314148869044 0.4990970178293786 0.5103837466741818 0.48768695076143165 0.5020970178293785 0.5133837466741817 0.49068695076143165 9
7.9816419161148 0.4990963421098246 0.5103500560005061 0.487656146451503 0.5020963421098246 0.513350056000506 0.490656146451503 9
7.9325417101846 0.49909587314943543 0.5103162824056522 0.4876258407331804 0.5020958731494354 0.5133162824056521 0.4906258407331804 9
7.8841093256458 0.49909542774814913 0.5102825280585052 0.4875956240619113 0.5020954277481491 0.513282528058505 0.4905956240619113 9
7.8363256870345 0.49909498654199075 0.5102488403312362 0.48756555350740527 0.5020949865419907 0.5132488403312361 0.49056555350740527 9
7.7891789670368 0.4990945624891047 0.5102153931134846 0.487535635094006 0.5020945624891047 0.5132153931134845 0.490535635094006 9
7.7426543516668 0.499094161401397 0.5101820827407257 0.48750574432485594 0.502094161401397 0.5131820827407256 0.49050574432485594 9
7.6967390981526 0.49909371491791127 0.5101488011165368 0.48747597924609554 0.5020937149179112 0.5131488011165367 0.49047597924609554 9
7.6514215382762 0.4990932662456326 0.5101156106677844 0.4874463413633914 0.5020932662456326 0.5131156106677843 0.4904463413633914 9
7.6066870985632 0.499092860016595 0.5100825561676472 0.48741689883031264 0.5020928600165949 0.5130825561676471 0.49041689883031264 9
7.56252588351 0.4990924502254965 0.5100497196108368 0.48738750214538384 0.5020924502254964 0.5130497196108367 0.49038750214538385 9
7.5189257900861 0.49909208647586084 0.5100168409070754 0.4873582021895641 0.5020920864758608 0.5130168409070753 0.4903582021895641 9
7.4758742805379 0.4990917266837888 0.5099841524849411 0.48732896647648954 0.5020917266837888 0.512984152484941 0.49032896647648955 9
7.4333621571324 0.49909132488343105 0.5099515624098719 0.4872998285249847 0.502091324883431 0.5129515624098718 0.4902998285249847 9
7.3913774665521 0.49909095587793034 0.5099190545216554 0.4872707506771889 0.5020909558779303 0.5129190545216553 0.4902707506771889 9
7.349909823956 0.49909059537638173 0.5098866297612505 0.48724181817395573 0.5020905953763817 0.5128866297612504 0.49024181817395573 9
7.3089502830204 0.499090184323233 0.509854461893742 0.48721295421098254 0.5020901843232329 0.5128544618937418 0.49021295421098254 9
7.2684872391571 0.4990899032415191 0.5098223671159121 0.4871841529475328 0.502089903241519 0.512822367115912 0.4901841529475328 9
7.2285121024239 0.4990896353341175 0.5097902900474186 0.48715557137369586 0.5020896353341174 0.5127902900474185 0.49015557137369586 9
7.1890162272408 0.4990893148591055 0.5097581792907289 0.4871270055356442 0.5020893148591055 0.5127581792907288 0.4901270055356442 9
7.1499884119886 0.49908901061748595 0.5097261738215978 0.4870984801168804 0.5020890106174859 0.5127261738215977 0.4900984801168804 9
7.1114215058699 0.4990886672436223 0.5096942014967847 0.4870700863377887 0.5020886672436222 0.5126942014967846 0.4900700863377887 9
7.0733072276286 0.49908829780102243 0.5096622675187105 0.4870417289524508 0.5020882978010224 0.5126622675187104 0.4900417289524508 9
7.0356348473542 0.49908797589109416 0.5096304265432277 0.48701351915245866 0.5020879758910941 0.5126304265432275 0.49001351915245867 9
6.9984018395066 0.49908765845697606 0.5095986647265238 0.486985388073703 0.502087658456976 0.5125986647265237 0.489985388073703 9
6.9615897368687 0.49908726205931914 0.5095669719568058 0.4869572917743755 0.5020872620593191 0.5125669719568057 0.4899572917743755 9
6.9251989919202 0.4990869760827093 0.509535286404387 0.48692929325554013 0.5020869760827092 0.5125352864043868 0.48992929325554013 9
6.889220717047 0.4990867177817941 0.509503765736846 0.48690151971714046 0.502086717781794 0.5125037657368459 0.48990151971714047 9
6.8536476043573 0.4990863451992659 0.5094722842873299 0.48687387097477075 0.5020863451992659 0.5124722842873298 0.48987387097477075 9
6.8184701284878 0.4990859868585688 0.5094408843886403 0.4868461525401662 0.5020859868585688 0.5124408843886402 0.4898461525401662 9
6.7836833043465 0.4990856881308247 0.5094096089239022 0.48681846076850877 0.5020856881308247 0.5124096089239021 0.48981846076850877 9
6.7492804580935 0.49908531896225844 0.5093783494743733 0.4867909278670297 0.5020853189622584 0.5123783494743732 0.4897909278670297 9
6.7152528236759 0.4990850255811737 0.5093471972051992 0.4867634275694109 0.5020850255811736 0.5123471972051991 0.4897634275694109 9
6.6815954030677 0.4990848978720606 0.5093160435150238 0.48673602503595675 0.5020848978720606 0.5123160435150237 0.48973602503595676 9
6.6483022721564 0.49908475517522805 0.5092849513781974 0.4867088134154086 0.502084755175228 0.5122849513781973 0.4897088134154086 9
6.6153655461906 0.4990844618027355 0.5092539953470181 0.4866816932989338 0.5020844618027355 0.512253995347018 0.4896816932989338 9
6.58277983259 0.499084165135707 0.5092229742917984 0.486654688435132 0.502084165135707 0.5122229742917983 0.489654688435132 9
6.5505400847295 0.49908387176166186 0.5091919975816022 0.48662771318182474 0.5020838717616618 0.512191997581602 0.48962771318182474 9
6.5186394340621 0.4990836378788566 0.5091611963646093 0.48660075495939575 0.5020836378788566 0.5121611963646092 0.48960075495939576 9
6.4870717002914 0.49908342218659457 0.5091304150289618 0.48657390003376955 0.5020834221865945 0.5121304150289617 0.48957390003376955 9
6.455832854524 0.4990832029519409 0.5090997077185305 0.4865471074961079 0.5020832029519409 0.5120997077185304 0.4895471074961079 9
6.4249171923139 0.4990829811300255 0.5090690908589744 0.4865204281788732 0.5020829811300255 0.5120690908589743 0.4895204281788732 9
6.394317339037 0.4990827565990578 0.5090385278291504 0.48649380608221354 0.5020827565990578 0.5120385278291503 0.48949380608221355 9
6.3640304364049 0.49908255079874503 0.5090080147139088 0.48646731991788966 0.502082550798745 0.5120080147139087 0.48946731991788966 9
6.3340513962328 0.49908242916154094 0.5089774545287076 0.48644090730540585 0.5020824291615409 0.5119774545287075 0.48944090730540585 9
6.3043733543713 0.4990822997609318 0.508946921883086 0.486414638348125 0.5020822997609318 0.5119469218830859 0.489414638348125 9
6.2749926621466 0.49908218108822794 0.5089164849101854 0.48638844928402203 0.5020821810882279 0.5119164849101853 0.48938844928402203 9
6.2459052693099 0.4990821276032314 0.508886034130387 0.4863623658141934 0.5020821276032313 0.5118860341303869 0.4893623658141934 9
6.2171057683393 0.49908191466262647 0.5088556609574013 0.48633637992042805 0.5020819146626264 0.5118556609574012 0.48933637992042806 9
6.1885885138638 0.49908174294198887 0.508825369130509 0.486310449801372 0.5020817429419888 0.5118253691305089 0.489310449801372 9
6.1603509286601 0.49908163234048747 0.5087951138276138 0.48628459734010776 0.5020816323404874 0.5117951138276137 0.48928459734010776 9
6.1323886514927 0.4990815033600983 0.5087648038008018 0.48625873130570624 0.5020815033600983 0.5117648038008017 0.48925873130570624 9
6.104695379329 0.49908136635858696 0.508734572726775 0.4862328869180938 0.5020813663585869 0.5117345727267749 0.4892328869180938 9
6.0772684074498 0.4990812717824818 0.5087043523381535 0.4862071888210899 0.5020812717824817 0.5117043523381534 0.4892071888210899 9
6.0501042425386 0.4990811135178293 0.5086741944213824 0.48618160157357887 0.5020811135178292 0.5116741944213823 0.4891816015735789 9
6.0231983798081 0.49908097933810797 0.5086440112918481 0.48615602788451523 0.5020809793381079 0.511644011291848 0.48915602788451523 9
5.9965475703719 0.4990809206421137 0.5086138318218818 0.4861305642226768 0.5020809206421136 0.5116138318218817 0.4891305642226768 9
5.9701432208965 0.49908086006896374 0.5085836294430679 0.486105164743127 0.5020808600689637 0.5115836294430678 0.489105164743127 9
5.9439884934335 0.4990808811530741 0.508553510190772 0.48607993083456996 0.502080881153074 0.5115535101907719 0.48907993083456996 9
5.9180759873356 0.49908082080942934 0.508523462260067 0.48605479112598754 0.5020808208094293 0.5115234622600668 0.48905479112598754 9
5.89240226686 0.49908069544967165 0.5084935220386926 0.4860295742965716 0.5020806954496716 0.5114935220386925 0.4890295742965716 9
5.8669650638089 0.49908055816481894 0.5084635995180834 0.48600437841439087 0.5020805581648189 0.5114635995180833 0.4890043784143909 9
5.8417609124107 0.499080395908491 0.5084336840080843 0.4859793230897946 0.502080395908491 0.5114336840080842 0.4889793230897946 9
5.8167842956069 0.49908023384741235 0.5084037187356693 0.4859543892211831 0.5020802338474123 0.5114037187356691 0.4889543892211831 9
5.7920334747095 0.4990800944301836 0.5083738030200926 0.4859294213771967 0.5020800944301835 0.5113738030200925 0.4889294213771967 9
5.767505751253 0.4990799302809366 0.5083438052688384 0.4859044085394056 0.5020799302809366 0.5113438052688383 0.4889044085394056 9
5.7431979262941 0.49907972270640905 0.5083137779103297 0.4858794649866396 0.502079722706409 0.5113137779103296 0.4888794649866396 9
5.7191042306574 0.4990793900973542 0.5082837682850921 0.4858546152612984 0.5020793900973541 0.511283768285092 0.4888546152612984 9
5.695224191153 0.4990789426463487 0.5082536399289319 0.48582974115153726 0.5020789426463487 0.5112536399289318 0.48882974115153727 9
5.6715548563947 0.4990783391156252 0.5082235789155992 0.48580485990136535 0.5020783391156252 0.5112235789155991 0.48880485990136535 9
5.6480930437119 0.4990774569563559 0.5081936702693721 0.48577996608536955 0.5020774569563559 0.511193670269372 0.48877996608536955 9
5.6248335895041 0.49907644243974353 0.5081642744021256 0.4857550881874612 0.5020764424397435 0.5111642744021255 0.4887550881874612 9
5.6017761687059 0.49907564618961914 0.5081349679240367 0.48573017054199075 0.5020756461896191 0.5111349679240366 0.48873017054199075 9
5.5789179892623 0.4990747815887026 0.5081056267775014 0.48570536120458147 0.5020747815887026 0.5111056267775013 0.48870536120458147 9
5.5562560161217 0.4990738719183278 0.5080764149751642 0.48568062546417906 0.5020738719183278 0.5110764149751641 0.48868062546417906 9
5.5337854228291 0.4990728953882571 0.5080472011998008 0.4856558727081876 0.5020728953882571 0.5110472011998007 0.4886558727081876 9
5.5115060388609 0.49907183361394364 0.5080180761116566 0.4856310664120619 0.5020718336139436 0.5110180761116565 0.4886310664120619 9
5.4894152752971 0.49907075024041997 0.5079889759049112 0.4856061711611926 0.5020707502404199 0.5109889759049111 0.4886061711611926 9
5.4675104519837 0.49906965768138195 0.5079597813305212 0.4855812666371551 0.5020696576813819 0.5109597813305211 0.4885812666371551 9
5.4457866023531 0.49906844526802735 0.5079305882875796 0.4855564747164585 0.5020684452680273 0.5109305882875795 0.4885564747164585 9
5.4242439216841 0.4990671358686078 0.5079014305817001 0.48553179372643407 0.5020671358686077 0.5109014305817 0.48853179372643407 9
5.4028800057157 0.49906570221815144 0.5078723381184862 0.4855071480972921 0.5020657022181514 0.5108723381184861 0.4885071480972921 9
5.3816924938323 0.49906415288052447 0.5078433744756252 0.485482543996998 0.5020641528805244 0.5108433744756251 0.488482543996998 9
5.3606765485932 0.4990625687646399 0.5078144064514769 0.48545798850696503 0.5020625687646398 0.5108144064514768 0.48845798850696504 9
5.3398321903059 0.4990608969407761 0.5077855302796271 0.4854334709208141 0.502060896940776 0.510785530279627 0.48843347092081413 9
5.3191574374925 0.4990592316756734 0.5077566898374389 0.48540901360522604 0.5020592316756733 0.5107566898374388 0.48840901360522604 9
5.2986500938818 0.4990575065349084 0.5077279419675902 0.4853846211444467 0.5020575065349083 0.5107279419675901 0.4883846211444467 9
5.2783060983026 0.49905578134761946 0.507699275284603 0.4853602840540728 0.5020557813476194 0.5106992752846029 0.4883602840540728 9
5.2581243704102 0.49905398540689566 0.5076706579147803 0.48533602918087587 0.5020539854068956 0.5106706579147802 0.4883360291808759 9
5.2381037238371 0.49905206523677453 0.5076422220534179 0.4853119081197061 0.5020520652367745 0.5106422220534178 0.4883119081197061 9
5.2182421123361 0.49904999726277105 0.5076137737701962 0.48528788000761763 0.502049997262771 0.5106137737701961 0.48828788000761764 9
5.1985364939115 0.49904783479624343 0.5075854151717843 0.48526403648378397 0.5020478347962434 0.5105854151717842 0.48826403648378397 9
5.1789841577134 0.4990456444574914 0.5075570884234019 0.48524029951280095 0.5020456444574913 0.5105570884234018 0.48824029951280096 9
5.1595849588013 0.4990433630471914 0.5075287617933915 0.4852166655552762 0.5020433630471913 0.5105287617933914 0.4882166655552762 9
5.1403369881188 0.49904108678714504 0.5075004307796983 0.4851932105506793 0.502041086787145 0.5105004307796982 0.4881932105506793 9
5.1212383691729 0.49903884620515176 0.507472023864677 0.485169870636828 0.5020388462051517 0.5104720238646769 0.488169870636828 9
5.1022845388415 0.49903661117604076 0.5074436259306252 0.485146633282507 0.5020366111760407 0.5104436259306251 0.488146633282507 9
5.0834763219681 0.4990344778299593 0.507415349931189 0.48512350736726856 0.5020344778299592 0.5104153499311889 0.48812350736726856 9
5.0648120457982 0.4990323615953082 0.5073870953472079 0.48510047762689373 0.5020323615953082 0.5103870953472078 0.48810047762689374 9
5.0462899568069 0.49903013276888203 0.5073587503585422 0.4850774567922093 0.502030132768882 0.5103587503585421 0.4880774567922093 9
5.027907003054 0.49902791725015255 0.5073305030947213 0.4850544554024709 0.5020279172501525 0.5103305030947212 0.4880544554024709 9
5.0096613111284 0.4990257644259935 0.5073022784451366 0.4850313997990843 0.5020257644259934 0.5103022784451365 0.4880313997990843 9
4.9915537094735 0.4990236294277474 0.5072740676342817 0.48500842505102354 0.5020236294277474 0.5102740676342816 0.48800842505102354 9
4.9735796746086 0.4990214351371827 0.5072458987251038 0.4849854551473519 0.5020214351371827 0.5102458987251037 0.4879854551473519 9
4.9557404757496 0.49901922167088314 0.5072177737074158 0.48496254952669227 0.5020192216708831 0.5102177737074157 0.48796254952669227 9
4.9380310525019 0.49901707796828015 0.5071896150338323 0.4849396939347776 0.5020170779682801 0.5101896150338322 0.4879396939347776 9
4.9204520263699 0.49901498657268567 0.507161353751398 0.4849167733040331 0.5020149865726856 0.5101613537513979 0.4879167733040331 9
4.9030022186814 0.49901297862576793 0.507133081096151 0.4848936977288453 0.5020129786257679 0.5101330810961509 0.4878936977288453 9
4.8856801172535 0.49901100604390874 0.5071049601990965 0.48487064309335937 0.5020110060439087 0.5101049601990963 0.48787064309335937 9
4.8684836794612 0.4990088816498502 0.5070770798931354 0.48484763078207843 0.5020088816498501 0.5100770798931353 0.48784763078207843 9
4.8514096704994 0.4990065954585223 0.5070494530709334 0.4848247192592685 0.5020065954585222 0.5100494530709333 0.4878247192592685 9
4.834459003746 0.49900412103677366 0.5070219239087945 0.4848018571904021 0.5020041210367736 0.5100219239087944 0.4878018571904021 9
4.8176302606012 0.4990015491709984 0.5069945379821752 0.48477901203836615 0.5020015491709984 0.5099945379821751 0.48777901203836616 9
4.8009220447965 0.49899899227637307 0.5069671978630425 0.48475614173904424 0.501998992276373 0.5099671978630423 0.48775614173904425 9
4.784331787004 0.49899632993207593 0.5069397966462903 0.48473326629094327 0.5019963299320759 0.5099397966462902 0.48773326629094327 9
4.7678576311648 0.49899359367330604 0.5069123521761927 0.4847103042504276 0.501993593673306 0.5099123521761926 0.4877103042504276 9
4.7514999721025 0.49899074881104527 0.5068848571775101 0.48468730427647866 0.5019907488110452 0.50988485717751 0.48768730427647866 9
4.7352574981467 0.49898782380014933 0.5068572740710539 0.4846642052466496 0.5019878238001493 0.5098572740710537 0.4876642052466496 9
4.719128917842 0.4989848201346279 0.5068297799032686 0.4846410485097472 0.5019848201346279 0.5098297799032685 0.4876410485097472 9
4.7031114062749 0.4989816996439323 0.5068024481866029 0.48461795662111556 0.5019816996439322 0.5098024481866028 0.48761795662111557 9
4.6872039085764 0.49897846521757944 0.5067752704303544 0.4845949279286004 0.5019784652175794 0.5097752704303543 0.48759492792860043 9
4.6714065757758 0.49897514997880227 0.5067482245867695 0.48457195608883297 0.5019751499788022 0.5097482245867694 0.48757195608883297 9
4.6557181930564 0.49897174575801456 0.5067212757651441 0.48454902176692344 0.5019717457580145 0.509721275765144 0.48754902176692344 9
4.6401375639397 0.49896822307883965 0.5066944166158993 0.4845260613305687 0.5019682230788396 0.5096944166158992 0.4875260613305687 9
4.6246618908247 0.49896460244127844 0.5066675199431641 0.48450305865970317 0.5019646024412784 0.509667519943164 0.48750305865970317 9
4.609290322647 0.49896091329324893 0.5066405639392892 0.48447998639644035 0.5019609132932489 0.5096405639392891 0.48747998639644036 9
4.5940230530324 0.4989572171034575 0.5066135609624188 0.4844568132915046 0.5019572171034574 0.5096135609624187 0.4874568132915046 9
4.5788589550727 0.49895351387158177 0.5065865099148623 0.4844334459974045 0.5019535138715817 0.5095865099148622 0.4874334459974045 9
4.5637969185282 0.4989497522981337 0.5065595117516439 0.48440992070348643 0.5019497522981337 0.5095595117516438 0.48740992070348643 9
4.5488344688364 0.4989459374119352 0.506532608523062 0.4843862345961864 0.5019459374119352 0.5095326085230619 0.4873862345961864 9
4.5339703389387 0.49894209525495453 0.5065058663134716 0.4843624881326925 0.5019420952549545 0.5095058663134715 0.4873624881326925 9
4.5192050641501 0.4989381786815095 0.5064792898609286 0.4843387413570893 0.5019381786815095 0.5094792898609285 0.4873387413570893 9
4.5045375975085 0.49893412032919865 0.506452824963504 0.48431500252516985 0.5019341203291986 0.5094528249635039 0.48731500252516985 9
4.4899669072332 0.4989299252086125 0.5064264753209948 0.48429126264026073 0.5019299252086125 0.5094264753209947 0.48729126264026074 9
4.4754911514238 0.49892568425945255 0.5064002503840214 0.48426744627724666 0.5019256842594525 0.5094002503840213 0.48726744627724666 9
4.4611080022545 0.4989213731670889 0.5063741116838074 0.4842435804459604 0.5019213731670888 0.5093741116838073 0.4872435804459604 9
4.4468186496149 0.4989170164083017 0.506348037742004 0.48421973209777636 0.5019170164083017 0.5093480377420039 0.48721973209777636 9
4.4326221193866 0.49891253822621257 0.5063219972316233 0.48419582572321623 0.5019125382262125 0.5093219972316232 0.48719582572321624 9
4.4185174513027 0.4989079828804927 0.5062959935496989 0.4841719136242643 0.5019079828804927 0.5092959935496988 0.4871719136242643 9
4.4045036986985 0.49890337991380024 0.5062700399733294 0.4841479367284457 0.5019033799138002 0.5092700399733293 0.4871479367284457 9
4.3905769868197 0.49889869915679524 0.5062441096749515 0.48412383348583554 0.5018986991567952 0.5092441096749514 0.48712383348583554 9
4.3767393017845 0.498893967880039 0.5062181842605677 0.4840995342736421 0.5018939678800389 0.5092181842605676 0.4870995342736421 9
4.3629897980136 0.49888919237652524 0.5061923741990747 0.4840749969160289 0.5018891923765252 0.5091923741990746 0.4870749969160289 9
4.3493275805421 0.4988843968420236 0.5061666628748888 0.4840502421037084 0.5018843968420236 0.5091666628748887 0.4870502421037084 9
4.3357517668425 0.49887959940332843 0.5061410086545907 0.4840252377463533 0.5018795994033284 0.5091410086545906 0.4870252377463533 9
4.3222597483625 0.4988748032144715 0.5061153819591863 0.48400006060376294 0.5018748032144714 0.5091153819591862 0.48700006060376294 9
4.3088511357715 0.4988699848543478 0.5060896662324174 0.4839747319165222 0.5018699848543478 0.5090896662324172 0.4869747319165222 9
4.2955263781795 0.49886517013965176 0.5060637888372358 0.4839492710628801 0.5018651701396517 0.5090637888372357 0.4869492710628801 9
4.2822846403544 0.49886038217226364 0.5060377589210809 0.4839237262289502 0.5018603821722636 0.5090377589210808 0.4869237262289502 9
4.2691250984564 0.4988554815466449 0.5060116114839381 0.4838981409606949 0.5018554815466448 0.509011611483938 0.4868981409606949 9
4.256046765488 0.4988504752328568 0.5059854072689668 0.48387257239527715 0.5018504752328568 0.5089854072689667 0.48687257239527715 9
4.2430461473216 0.49884541005993294 0.5059591649018861 0.4838469657077283 0.5018454100599329 0.508959164901886 0.4868469657077283 9
4.230125346118 0.49884027762010025 0.5059329154569211 0.48382130353677033 0.5018402776201002 0.508932915456921 0.48682130353677033 9
4.2172835813756 0.4988351107004127 0.5059066851990666 0.48379559172013387 0.5018351107004126 0.5089066851990665 0.48679559172013387 9
4.2045200830444 0.49882994865874847 0.5058804835047196 0.48376977565538515 0.5018299486587484 0.5088804835047195 0.48676977565538515 9
4.1918340913492 0.49882487652932234 0.5058543036286496 0.48374385628481087 0.5018248765293223 0.5088543036286495 0.48674385628481087 9
4.1792235471624 0.49881984156749487 0.5058281648344015 0.48371781404915265 0.5018198415674948 0.5088281648344014 0.48671781404915265 9
4.1666872780132 0.4988148732887689 0.5058021127294576 0.48369164321383695 0.5018148732887688 0.5088021127294575 0.48669164321383696 9
4.1542263217858 0.49881004307814064 0.5057762133004087 0.48366540797167656 0.5018100430781406 0.5087762133004086 0.48666540797167657 9
4.1418399578098 0.49880538099345967 0.5057504366342943 0.4836391195580214 0.5018053809934596 0.5087504366342942 0.4866391195580214 9
4.1295274748596 0.49880084277734243 0.505724755797193 0.4836127765749655 0.5018008427773424 0.5087247557971929 0.4866127765749655 9
4.1172881709967 0.4987964436590993 0.5056992218093572 0.4835864460541901 0.5017964436590993 0.5086992218093571 0.4865864460541901 9
4.1051192542267 0.4987922118565333 0.5056738010876642 0.4835601585032933 0.5017922118565332 0.5086738010876641 0.4865601585032933 9
4.0930211737232 0.49878808702812966 0.505648556194365 0.4835339229719352 0.5017880870281296 0.5086485561943649 0.4865339229719352 9
4.0809942459588 0.4987840350206216 0.5056235077924777 0.4835077739888681 0.5017840350206215 0.5086235077924776 0.4865077739888681 9
4.0690378043587 0.4987800565769937 0.5055985998897461 0.4834817063520225 0.5017800565769936 0.508598599889746 0.4864817063520225 9
4.0571511909009 0.4987761277388632 0.5055737919435237 0.4834557121870941 0.5017761277388632 0.5085737919435236 0.4864557121870941 9
4.0453337559766 0.49877228379310296 0.5055490754550663 0.48342970147444175 0.5017722837931029 0.5085490754550662 0.48642970147444176 9
4.0335823263733 0.4987685348053032 0.5055244317246999 0.48340359509370595 0.5017685348053031 0.5085244317246997 0.48640359509370595 9
4.021898250315 0.49876492256024013 0.5054998860595291 0.48337739174874594 0.5017649225602401 0.508499886059529 0.48637739174874595 9
4.0102814779793 0.49876143195627404 0.5054754305161531 0.4833511296405947 0.501761431956274 0.508475430516153 0.4863511296405947 9
3.9987324166792 0.49875805755518715 0.505451120683098 0.4833248661548746 0.5017580575551871 0.508451120683098 0.4863248661548746 9
3.9872473818901 0.4987547899879425 0.5054269836468144 0.48329872554384057 0.5017547899879424 0.5084269836468143 0.48629872554384057 9
3.975828846378 0.4987516490876786 0.5054029366148519 0.4832727042944224 0.5017516490876786 0.5084029366148518 0.4862727042944224 9
3.9644725959655 0.49874868683318824 0.5053789302241138 0.4832467958449747 0.5017486868331882 0.5083789302241137 0.4862467958449747 9
3.9531801297653 0.4987459025838286 0.5053550860039376 0.48322096518418417 0.5017459025838286 0.5083550860039375 0.4862209651841842 9
3.9419514004454 0.4987433273867549 0.505331438619577 0.4831952770397207 0.5017433273867549 0.5083314386195769 0.4861952770397207 9
3.9307858349441 0.49874094507354444 0.5053079924770405 0.48316974233832427 0.5017409450735444 0.5083079924770404 0.4861697423383243 9
3.9196828672572 0.4987386903385234 0.5052846463154294 0.4831443073062932 0.5017386903385234 0.5082846463154292 0.4861443073062932 9
3.9086419383279 0.49873650689987487 0.5052613874848487 0.4831189641870442 0.5017365068998748 0.5082613874848486 0.4861189641870442 9
3.8976602239897 0.4987344060546948 0.5052382027732008 0.4830937464029399 0.5017344060546948 0.5082382027732006 0.4860937464029399 9
3.8867385970595 0.4987325567234387 0.5052149994917245 0.48306854907474583 0.5017325567234386 0.5082149994917244 0.48606854907474584 9
3.8758773965664 0.4987309421536739 0.505191779662253 0.48304339305171473 0.5017309421536739 0.5081917796622529 0.48604339305171473 9
3.8650760899298 0.49872947488145597 0.5051685030561985 0.48301831124100886 0.5017294748814559 0.5081685030561984 0.48601831124100886 9
3.8543341509986 0.498728204546595 0.50514509030868 0.4829933293034305 0.501728204546595 0.5081450903086799 0.4859933293034305 9
3.8436510599535 0.4987270775700628 0.5051214442780111 0.48296842318367933 0.5017270775700627 0.508121444278011 0.48596842318367933 9
3.833024754667 0.4987259604353143 0.5050975673546422 0.482943555395736 0.5017259604353143 0.5080975673546421 0.485943555395736 9
3.8224546730326 0.49872476035717056 0.5050734960175092 0.48291870170941364 0.5017247603571705 0.5080734960175091 0.48591870170941365 9
3.8119419408224 0.4987234510686613 0.5050492372209406 0.4828938721030721 0.5017234510686612 0.5080492372209405 0.4858938721030721 9
3.8014860623499 0.4987220362763461 0.5050248472000116 0.4828690488204903 0.501722036276346 0.5080248472000115 0.4858690488204903 9
3.7910865477977 0.49872054143386985 0.5050002864522556 0.4828442493532506 0.5017205414338698 0.5080002864522555 0.4858442493532506 9
3.7807429131294 0.49871892128243184 0.5049755742981679 0.4828195497029523 0.5017189212824318 0.5079755742981678 0.4858195497029523 9
3.7704542734784 0.4987171456828298 0.5049506349685926 0.4827949206099897 0.5017171456828298 0.5079506349685925 0.4857949206099897 9
3.7602177883086 0.49871522272126984 0.5049254550377787 0.48277027585867016 0.5017152227212698 0.5079254550377786 0.48577027585867016 9
3.7500357884639 0.4987132340045127 0.5049000701106 0.48274560111176507 0.5017132340045126 0.5079000701105999 0.48574560111176507 9
3.7399078119443 0.49871116897976814 0.5048745194894504 0.4827209385240981 0.5017111689797681 0.5078745194894503 0.4857209385240981 9
3.7298334021165 0.49870902297258785 0.5048486967876996 0.482696309815399 0.5017090229725878 0.5078486967876995 0.485696309815399 9
3.7198121076345 0.498706742315935 0.5048226233276476 0.4826717560397323 0.5017067423159349 0.5078226233276475 0.4856717560397323 9
3.7098434823625 0.49870436081320796 0.5047963370255071 0.4826472506700849 0.5017043608132079 0.507796337025507 0.4856472506700849 9
3.6999250456339 0.4987018640442516 0.5047698790006799 0.48262286537164534 0.5017018640442515 0.5077698790006798 0.48562286537164534 9
3.6900572514729 0.4986991522420848 0.5047432364137913 0.4825986633387996 0.5016991522420847 0.5077432364137912 0.4855986633387996 9
3.6802408418972 0.4986961906859371 0.5047164252595987 0.4825747023660344 0.5016961906859371 0.5077164252595986 0.4855747023660344 9
3.6704753906334 0.4986929972058705 0.504689447134935 0.48255096746368514 0.5016929972058705 0.5076894471349349 0.48555096746368515 9
3.6607604762527 0.4986896060286396 0.5046623416677727 0.4825273781827892 0.5016896060286395 0.5076623416677726 0.4855273781827892 9
3.6510956821011 0.4986860142027247 0.5046351315110637 0.4825040077790166 0.5016860142027246 0.5076351315110635 0.4855040077790166 9
3.6414805597078 0.49868210928630324 0.5046078015614869 0.4824808681524468 0.5016821092863032 0.5076078015614868 0.4854808681524468 9
3.6319115503565 0.49867800834787884 0.5045802978310382 0.4824579095704747 0.5016780083478788 0.5075802978310381 0.4854579095704747 9
3.6223914623408 0.4986738304673622 0.5045525751758408 0.48243509477361113 0.5016738304673621 0.5075525751758407 0.48543509477361113 9
3.6129198972098 0.4986695981460127 0.5045247052124511 0.48241234864971266 0.5016695981460126 0.507524705212451 0.48541234864971267 9
3.6034964609584 0.49866529835207357 0.5044967924741518 0.4823896487219711 0.5016652983520735 0.5074967924741517 0.4853896487219711 9
3.5941207639651 0.49866096832228285 0.5044689082950861 0.4823670501385499 0.5016609683222828 0.507468908295086 0.4853670501385499 9
3.5847924209296 0.4986565538447642 0.5044411282733751 0.4823446235221354 0.5016565538447642 0.507441128273375 0.4853446235221354 9
3.575510232622 0.4986519854934865 0.5044134316463083 0.48232244819578785 0.5016519854934864 0.5074134316463081 0.48532244819578785 9
3.5662722191411 0.4986472664234111 0.5043857777321924 0.4823004910688894 0.5016472664234111 0.5073857777321923 0.4853004910688894 9
3.5570804517714 0.49864245914101185 0.504358103087417 0.4822787146038673 0.5016424591410118 0.5073581030874169 0.4852787146038673 9
3.5479345616864 0.4986374957504694 0.5043303849025103 0.48225711740895794 0.5016374957504693 0.5073303849025101 0.48525711740895794 9
3.5388341840899 0.4986322796160259 0.5043025620588546 0.48223567210083873 0.5016322796160259 0.5073025620588545 0.48523567210083873 9
3.5297789581599 0.4986267531855068 0.5042746973846469 0.48221434332426844 0.5016267531855068 0.5072746973846468 0.48521434332426844 9
3.5207685269939 0.4986209591848783 0.5042468175384474 0.482193082530476 0.5016209591848783 0.5072468175384472 0.485193082530476 9
3.5118013802506 0.49861490735326924 0.5042188978166435 0.48217187143864737 0.5016149073532692 0.5072188978166434 0.4851718714386474 9
3.5028762255762 0.4986086398295723 0.5041909551457208 0.4821506895474912 0.5016086398295723 0.5071909551457207 0.4851506895474912 9
3.4939951268027 0.49860216738230784 0.5041629884923013 0.48212950046824854 0.5016021673823078 0.5071629884923012 0.48512950046824854 9
3.4851568825282 0.49859560085537374 0.5041349456117498 0.48210818027967367 0.5015956008553737 0.5071349456117497 0.4851081802796737 9
3.4763620139467 0.4985889979803007 0.5041068263343866 0.482086698985589 0.5015889979803007 0.5071068263343865 0.485086698985589 9
3.467609899811 0.49858232352118076 0.5040786419582707 0.4820650934041224 0.5015823235211807 0.5070786419582706 0.4850650934041224 9
3.4589002090205 0.49857556097783823 0.5040503781612979 0.4820433673922438 0.5015755609778382 0.5070503781612978 0.4850433673922438 9
3.4502315763407 0.49856873748062064 0.5040220321647437 0.48202148628249525 0.5015687374806206 0.5070220321647436 0.48502148628249525 9
3.4416024736124 0.49856181194750143 0.5039936106449339 0.4819995362737018 0.5015618119475014 0.5069936106449338 0.4849995362737018 9
3.4330148438295 0.49855479863030133 0.5039650933737378 0.4819775425677279 0.5015547986303013 0.5069650933737377 0.4849775425677279 9
3.4244683694379 0.4985477782428907 0.5039364750524469 0.4819555316701688 0.5015477782428907 0.5069364750524468 0.4849555316701688 9
3.4159627362152 0.4985406747469732 0.5039078285219355 0.4819336635686572 0.5015406747469732 0.5069078285219354 0.4849336635686572 9
3.4074976332263 0.4985335547900343 0.5038792925877819 0.4819119564062929 0.5015335547900343 0.5068792925877817 0.4849119564062929 9
3.3990727527795 0.49852641116201896 0.5038508826837175 0.4818904826417269 0.5015264111620189 0.5068508826837174 0.4848904826417269 9
3.3906873492335 0.49851932511513636 0.503822598424639 0.4818691955548198 0.5015193251151363 0.5068225984246388 0.4848691955548198 9
3.3823386996526 0.498512384590115 0.503794433527945 0.48184812485749734 0.5015123845901149 0.5067944335279448 0.48484812485749734 9
3.3740293903981 0.4985055630294026 0.5037663849107299 0.48182720086229774 0.5015055630294025 0.5067663849107298 0.48482720086229775 9
3.3657591261373 0.49849892414347524 0.5037384932692247 0.48180626142603666 0.5014989241434752 0.5067384932692246 0.48480626142603667 9
3.3575276145752 0.49849246057349045 0.5037108363651427 0.4817852955006261 0.5014924605734904 0.5067108363651426 0.4847852955006261 9
3.3493345664152 0.49848613540183134 0.5036834158996933 0.48176421758237414 0.5014861354018313 0.5066834158996932 0.48476421758237415 9
3.34117969532 0.4984799236602489 0.5036561765842353 0.4817429683893261 0.5014799236602488 0.5066561765842352 0.4847429683893261 9
3.3330627178729 0.4984738494469522 0.5036290911413633 0.48172158454668346 0.5014738494469522 0.5066290911413632 0.48472158454668346 9
3.3249806737144 0.49846791099055016 0.5036020892803442 0.48170011439569005 0.5014679109905501 0.5066020892803441 0.48470011439569005 9
3.3169353347487 0.4984620545408331 0.5035752351964005 0.48167855068707277 0.501462054540833 0.5065752351964004 0.4846785506870728 9
3.3089270777267 0.4984562242062955 0.5035485795191414 0.48165691501736746 0.5014562242062954 0.5065485795191413 0.48465691501736746 9
3.3009556303579 0.49845045305904406 0.5035220796602974 0.48163522377468415 0.501450453059044 0.5065220796602973 0.48463522377468415 9
3.2930207230915 0.49844479269721437 0.5034957713787164 0.48161346058481 0.5014447926972143 0.5064957713787163 0.48461346058481003 9
3.2851220890813 0.498439256961936 0.503469634795812 0.48159166881670873 0.5014392569619359 0.5064696347958119 0.48459166881670873 9
3.2772594641517 0.4984338736254001 0.503443643593877 0.48156985666126806 0.5014338736254 0.506443643593877 0.48456985666126806 9
3.2694314870768 0.4984285717138585 0.5034177499033183 0.48154808157241175 0.5014285717138585 0.5064177499033182 0.48454808157241175 9
3.2616367572483 0.49842325554877603 0.5033919675227642 0.4815263531529511 0.501423255548776 0.506391967522764 0.4845263531529511 9
3.2538772808452 0.4984178610830288 0.5033663548567247 0.48150465478317767 0.5014178610830288 0.5063663548567245 0.48450465478317767 9
3.2461528038593 0.4984124825953516 0.5033409220026427 0.48148310462754146 0.5014124825953515 0.5063409220026426 0.48448310462754146 9
3.23846307479 0.4984071315161522 0.5033157323190252 0.4814616797546587 0.5014071315161521 0.506315732319025 0.4844616797546587 9
3.2308078446135 0.49840183786447806 0.5032907110456574 0.48144047955953706 0.501401837864478 0.5062907110456573 0.48444047955953706 9
3.2231868667511 0.49839658160235517 0.5032658642237331 0.4814194621060873 0.5013965816023551 0.506265864223733 0.48441946210608733 9
3.2155998970397 0.49839130405706306 0.5032412820196784 0.4813985995969322 0.501391304057063 0.5062412820196783 0.4843985995969322 9
3.2080443372893 0.4983860692416439 0.5032168730589762 0.48137786377217806 0.5013860692416439 0.5062168730589761 0.48437786377217806 9
3.2005213069074 0.4983809338996577 0.5031926773206985 0.4813572254748711 0.5013809338996577 0.5061926773206984 0.4843572254748711 9
3.1930315872069 0.49837587329837535 0.5031686580374426 0.48133660244393883 0.5013758732983753 0.5061686580374425 0.48433660244393884 9
3.1855749432158 0.4983708455801223 0.5031447729725991 0.48131597216783634 0.5013708455801222 0.506144772972599 0.48431597216783634 9
3.1781511422332 0.4983659036231692 0.5031209293787441 0.4812952994466202 0.5013659036231691 0.506120929378744 0.4842952994466202 9
3.1707599538021 0.49836104691180144 0.5030971091360543 0.4812745242973479 0.5013610469118014 0.5060971091360542 0.4842745242973479 9
3.1634011496809 0.49835619388738445 0.5030732898917916 0.4812537099969145 0.5013561938873844 0.5060732898917915 0.4842537099969145 9
3.1560745038175 0.4983514157045745 0.5030495684857625 0.48123272154663355 0.5013514157045744 0.5060495684857624 0.48423272154663355 9
3.148776689342 0.4983467979985496 0.5030259834841408 0.4812115513210311 0.5013467979985495 0.5060259834841407 0.4842115513210311 9
3.1415103200926 0.4983423126156353 0.5030025308363641 0.4811903232145513 0.5013423126156352 0.506002530836364 0.4841903232145513 9
3.1342754643171 0.49833794555746475 0.5029792985149131 0.4811690950931539 0.5013379455574647 0.505979298514913 0.4841690950931539 9
3.1270719042894 0.49833372059204467 0.50295621962872 0.48114793416698365 0.5013337205920446 0.5059562196287198 0.48414793416698365 9
3.119899424345 0.4983296439177916 0.5029331885599326 0.4811267520607212 0.5013296439177916 0.5059331885599325 0.4841267520607212 9
3.1127578108557 0.4983257215830455 0.5029100559913325 0.4811055268387115 0.5013257215830454 0.5059100559913324 0.4841055268387115 9
3.1056468522058 0.49832197919433646 0.5028868286899408 0.4810842761449665 0.5013219791943364 0.5058868286899407 0.4840842761449665 9
3.0985663387676 0.4983185161333559 0.5028635518002966 0.48106303983591053 0.5013185161333559 0.5058635518002965 0.48406303983591054 9
3.0915127408727 0.4983153634055146 0.5028402812643972 0.4810418692994353 0.5013153634055145 0.5058402812643971 0.4840418692994353 9
3.0844891067424 0.4983124842276903 0.502816895623317 0.4810207211805465 0.5013124842276903 0.5058168956233169 0.4840207211805465 9
3.0774953208457 0.4983097244549333 0.5027934421015946 0.48099948664922987 0.5013097244549333 0.5057934421015945 0.48399948664922987 9
3.0705311811127 0.498307017597126 0.5027698848508202 0.4809780866307715 0.5013070175971259 0.5057698848508201 0.4839780866307715 9
3.0635964873479 0.4983044496463886 0.5027462178847694 0.48095657683381016 0.5013044496463885 0.5057462178847693 0.48395657683381016 9
3.0566910412088 0.4983019639662027 0.5027224296666012 0.4809349624483293 0.5013019639662026 0.5057224296666011 0.4839349624483293 9
3.0498146461836 0.4982996320785859 0.5026985086309222 0.48091325891718595 0.5012996320785859 0.5056985086309221 0.48391325891718595 9
3.0429671075699 0.49829741312924086 0.5026744598902465 0.4808916591817624 0.5012974131292408 0.5056744598902464 0.4838916591817624 9
3.0361452383258 0.4982953018436633 0.5026503449734814 0.4808701092716255 0.5012953018436632 0.5056503449734813 0.4838701092716255 9
3.029351422556 0.49829326886822306 0.5026261196497267 0.48084861664222617 0.501293268868223 0.5056261196497266 0.48384861664222617 9
3.0225859096847 0.4982912954444146 0.5026018509215161 0.48082730411447283 0.5012912954444145 0.505601850921516 0.48382730411447283 9
3.0158485118826 0.49828950597276184 0.5025774997171484 0.4808061434930596 0.5012895059727618 0.5055774997171483 0.4838061434930596 9
3.0091390430286 0.4982877608456919 0.5025530520246618 0.4807850292975098 0.5012877608456918 0.5055530520246617 0.4837850292975098 9
3.0024573186901 0.4982860380933219 0.5025286509826795 0.48076405281343904 0.5012860380933218 0.5055286509826794 0.48376405281343904 9
2.995803401034 0.4982843166173086 0.502504267809 0.4807432357195489 0.5012843166173085 0.5055042678089999 0.4837432357195489 9
