8.1330643194892 0.49855462810017726 0.5098687176645451 0.48725855347990554 0.5025546281001773 0.5138687176645451 0.49125855347990555 9 
8.0818843214791 0.4985542381734237 0.5098349750985153 0.48722749390665115 0.5025542381734237 0.5138349750985153 0.49122749390665116 9 
8.0314148869044 0.4985367453759022 0.509770395479643 0.4871922016436236 0.5025367453759022 0.513770395479643 0.4911922016436236 9 
7.9816419161148 0.4985253553954623 0.5097166869996075 0.4871639040709082 0.5025253553954623 0.5137166869996075 0.4911639040709082 9 
7.9325417101846 0.49852480998250714 0.5096827775928022 0.4871335672914604 0.5025248099825071 0.5136827775928022 0.4911335672914604 9 
7.8841093256458 0.49852440524283703 0.5096489929557514 0.4871033343886715 0.502524405242837 0.5136489929557514 0.4911033343886715 9 
7.8363256870345 0.49852403007435264 0.5096153951520894 0.4870731691882411 0.5025240300743526 0.5136153951520894 0.4910731691882411 9 
7.7891789670368 0.4985236522365162 0.509581981322763 0.48704321002509215 0.5025236522365162 0.513581981322763 0.49104321002509216 9 
7.7426543516668 0.49852323697124834 0.5095486443666307 0.48701333310516814 0.5025232369712483 0.5135486443666307 0.49101333310516815 9 
7.6967390981526 0.4985227813784787 0.5095153370781788 0.4869835987977835 0.5025227813784787 0.5135153370781788 0.4909835987977835 9 
7.6514215382762 0.49852222238608224 0.5094821390803173 0.4869539893249945 0.5025222223860822 0.5134821390803173 0.4909539893249945 9 
7.6066870985632 0.4985217649022441 0.5094490185361196 0.4869244194663648 0.5025217649022441 0.5134490185361196 0.4909244194663648 9 
7.56252588351 0.4985212773567228 0.5094159926766416 0.48689496797685006 0.5025212773567228 0.5134159926766416 0.49089496797685006 9 
7.5189257900861 0.49852084527552243 0.5093830000142742 0.4868656513866769 0.5025208452755224 0.5133830000142742 0.4908656513866769 9 
7.4758742805379 0.49852042771170235 0.5093500817274028 0.4868364142133163 0.5025204277117024 0.5133500817274028 0.4908364142133163 9 
7.4333621571324 0.49852003108386966 0.5093172371222311 0.4868073080091018 0.5025200310838697 0.5133172371222311 0.49080730800910183 9 
7.3913774665521 0.49851961527401145 0.5092844610055156 0.48677829564108616 0.5025196152740115 0.5132844610055156 0.49077829564108616 9 
7.349909823956 0.4985192033497611 0.5092517976696311 0.4867494315132204 0.5025192033497611 0.5132517976696311 0.4907494315132204 9 
7.3089502830204 0.49851874493618364 0.5092192267166015 0.48672063522371367 0.5025187449361836 0.5132192267166015 0.4907206352237137 9 
7.2684872391571 0.4985183350513904 0.5091866994614425 0.4866919265151174 0.5025183350513904 0.5131866994614425 0.4906919265151174 9 
7.2285121024239 0.49851790716648137 0.5091541891912511 0.486663354810541 0.5025179071664814 0.5131541891912511 0.490663354810541 9 
7.1890162272408 0.49851757769487115 0.509121785338629 0.4866348814994962 0.5025175776948712 0.513121785338629 0.4906348814994962 9 
7.1499884119886 0.4985170974297095 0.5090894327493236 0.4866065333154946 0.5025170974297095 0.5130894327493236 0.4906065333154946 9 
7.1114215058699 0.49851676034238235 0.509057220454156 0.48657825503422014 0.5025167603423824 0.513057220454156 0.49057825503422015 9 
7.0733072276286 0.498516426808464 0.5090250363075334 0.48655004233345495 0.502516426808464 0.5130250363075334 0.49055004233345495 9 
7.0356348473542 0.49851608532935887 0.5089929150497006 0.48652197992801965 0.5025160853293589 0.5129929150497006 0.49052197992801966 9 
6.9984018395066 0.49851574025895273 0.508960875206088 0.486493972251145 0.5025157402589527 0.512960875206088 0.490493972251145 9 
6.9615897368687 0.49851528540392664 0.5089288884102405 0.4864660368420962 0.5025152854039266 0.5129288884102405 0.4904660368420962 9 
6.9251989919202 0.49851490095263185 0.5088968915698292 0.4864381976104986 0.5025149009526318 0.5128968915698292 0.4904381976104986 9 
6.889220717047 0.4985145341405357 0.5088649760970981 0.4864105469451996 0.5025145341405357 0.5128649760970981 0.4904105469451996 9 
6.8536476043573 0.4985141290181325 0.5088332133338261 0.48638292345042333 0.5025141290181325 0.5128332133338261 0.49038292345042334 9 
6.8184701284878 0.498513753119033 0.5088015366027813 0.486355426957032 0.502513753119033 0.5128015366027813 0.490355426957032 9 
6.7836833043465 0.49851336303053995 0.5087699264277553 0.48632801050673663 0.50251336303054 0.5127699264277553 0.49032801050673663 9 
6.7492804580935 0.49851296684963287 0.5087383919785622 0.48630065819593343 0.5025129668496329 0.5127383919785622 0.49030065819593344 9 
6.7152528236759 0.49851261749146303 0.5087069662218499 0.48627337930930015 0.502512617491463 0.5127069662218499 0.49027337930930015 9 
6.6815954030677 0.49851226369602397 0.5086754970450663 0.4862462001127734 0.502512263696024 0.5126754970450663 0.4902462001127734 9 
6.6483022721564 0.49851195291922834 0.5086441049522534 0.4862191592965415 0.5025119529192283 0.5126441049522534 0.49021915929654153 9 
6.6153655461906 0.498511614239564 0.5086128178126068 0.48619219315816786 0.502511614239564 0.5126128178126068 0.49019219315816787 9 
6.58277983259 0.4985112781122304 0.5085814584853228 0.4861652650936292 0.5025112781122304 0.5125814584853228 0.4901652650936292 9 
6.5505400847295 0.4985110167929041 0.5085501721080733 0.4861385432747725 0.5025110167929041 0.5125501721080733 0.4901385432747725 9 
6.5186394340621 0.4985108039363154 0.5085191248059336 0.4861119235307342 0.5025108039363154 0.5125191248059336 0.4901119235307342 9 
6.4870717002914 0.49851043727774824 0.5084882060117621 0.48608531423810764 0.5025104372777482 0.5124882060117621 0.49008531423810764 9 
6.455832854524 0.4985100637574983 0.5084572773342108 0.4860587368149446 0.5025100637574983 0.5124572773342108 0.4900587368149446 9 
6.4249171923139 0.4985096280075302 0.5084263522732153 0.4860322472145508 0.5025096280075302 0.5124263522732153 0.4900322472145508 9 
6.394317339037 0.4985092430849287 0.50839533125713 0.48600585884445285 0.5025092430849287 0.51239533125713 0.49000585884445286 9 
6.3640304364049 0.4985089963319669 0.5083644514620832 0.4859796350300679 0.5025089963319669 0.5123644514620832 0.4899796350300679 9 
6.3340513962328 0.4985087923930158 0.5083336419770516 0.48595350507062324 0.5025087923930158 0.5123336419770516 0.48995350507062324 9 
6.3043733543713 0.4985085662063484 0.5083028913175434 0.48592747588093743 0.5025085662063484 0.5123028913175434 0.48992747588093744 9 
6.2749926621466 0.4985083100412543 0.5082721779187085 0.4859015633031452 0.5025083100412543 0.5122721779187085 0.4899015633031452 9 
6.2459052693099 0.49850796196049485 0.5082415988937723 0.4858756410512119 0.5025079619604949 0.5122415988937723 0.4898756410512119 9 
6.2171057683393 0.4985075148684208 0.508210998231395 0.48584975393043994 0.5025075148684208 0.512210998231395 0.48984975393043995 9 
6.1885885138638 0.49850714822122644 0.5081803947300382 0.48582397145494666 0.5025071482212264 0.5121803947300382 0.48982397145494666 9 
6.1603509286601 0.4985069417853666 0.5081497729676993 0.4857982955696605 0.5025069417853666 0.5121497729676993 0.4897982955696605 9 
6.1323886514927 0.49850674830417774 0.5081192346718532 0.48577273251151504 0.5025067483041777 0.5121192346718532 0.48977273251151504 9 
6.104695379329 0.4985065640533626 0.5080888014702364 0.48574715631520154 0.5025065640533626 0.5120888014702364 0.48974715631520155 9 
6.0772684074498 0.49850636853918306 0.5080583811449143 0.48572152532469187 0.5025063685391831 0.5120583811449143 0.4897215253246919 9 
6.0501042425386 0.49850616315931207 0.5080279606393185 0.485696056335378 0.5025061631593121 0.5120279606393185 0.489696056335378 9 
6.0231983798081 0.49850598622197684 0.5079976038593871 0.4856707522989012 0.5025059862219768 0.5119976038593871 0.4896707522989012 9 
5.9965475703719 0.49850572297770435 0.5079671644030742 0.4856454662687066 0.5025057229777043 0.5119671644030742 0.4896454662687066 9 
5.9701432208965 0.4985055054644455 0.5079367547562532 0.4856202892904489 0.5025055054644455 0.5119367547562532 0.48962028929044893 9 
5.9439884934335 0.4985053222405643 0.507906419845378 0.4855952019985194 0.5025053222405643 0.511906419845378 0.4895952019985194 9 
5.9180759873356 0.4985051401699788 0.5078760586738393 0.48557013882748223 0.5025051401699788 0.5118760586738393 0.48957013882748224 9 
5.89240226686 0.49850491937387154 0.5078456384693786 0.48554512036636877 0.5025049193738715 0.5118456384693786 0.48954512036636877 9 
5.8669650638089 0.49850467026695633 0.5078153040030479 0.485520282553266 0.5025046702669563 0.5118153040030479 0.489520282553266 9 
5.8417609124107 0.4985044288568109 0.5077850111676878 0.4854954860471129 0.5025044288568109 0.5117850111676878 0.4894954860471129 9 
5.8167842956069 0.49850407594288326 0.507754754518766 0.48547065612446544 0.5025040759428833 0.511754754518766 0.48947065612446544 9 
5.7920334747095 0.4985036144502609 0.5077244079325024 0.48544580730597525 0.5025036144502609 0.5117244079325024 0.48944580730597526 9 
5.767505751253 0.49850308936019927 0.5076940109289538 0.48542107808219376 0.5025030893601993 0.5116940109289538 0.48942107808219376 9 
5.7431979262941 0.4985025251704025 0.5076635999177713 0.4853964088561838 0.5025025251704025 0.5116635999177713 0.4893964088561838 9 
5.7191042306574 0.4985018823645476 0.5076331194176102 0.48537173584977655 0.5025018823645476 0.5116331194176102 0.48937173584977656 9 
5.695224191153 0.4985011678917556 0.5076027733211872 0.4853470850176076 0.5025011678917556 0.5116027733211872 0.4893470850176076 9 
5.6715548563947 0.4985004368744935 0.5075728259444671 0.48532237102228204 0.5025004368744935 0.5115728259444671 0.48932237102228204 9 
5.6480930437119 0.4984996665016589 0.5075430212852793 0.48529756589421935 0.5024996665016589 0.5115430212852793 0.48929756589421936 9 
5.6248335895041 0.4984988315411154 0.5075132306643472 0.4852728023502606 0.5024988315411154 0.5115132306643472 0.4892728023502606 9 
5.6017761687059 0.4984979108827077 0.5074834485786085 0.4852480583834252 0.5024979108827077 0.5114834485786085 0.4892480583834252 9 
5.5789179892623 0.4984968667328177 0.5074537372948213 0.48522343279930497 0.5024968667328177 0.5114537372948214 0.48922343279930497 9 
5.5562560161217 0.4984957136842051 0.5074241465050494 0.4851989091986567 0.5024957136842051 0.5114241465050494 0.4891989091986567 9 
5.5337854228291 0.49849457791173135 0.5073945576220367 0.4851743387647669 0.5024945779117314 0.5113945576220367 0.4891743387647669 9 
5.5115060388609 0.4984934682434363 0.5073651068941789 0.4851498819294383 0.5024934682434363 0.5113651068941789 0.4891498819294383 9 
5.4894152752971 0.4984922659447679 0.5073356809491647 0.4851255323318414 0.5024922659447679 0.5113356809491647 0.4891255323318414 9 
5.4675104519837 0.49849098479908094 0.5073062997604568 0.4851012026359212 0.5024909847990809 0.5113062997604568 0.4891012026359212 9 
5.4457866023531 0.4984897052371491 0.5072770459688838 0.48507686073708706 0.5024897052371491 0.5112770459688838 0.48907686073708706 9 
5.4242439216841 0.4984883288510703 0.5072478683103888 0.485052434604566 0.5024883288510703 0.5112478683103888 0.489052434604566 9 
5.4028800057157 0.49848686821512656 0.5072186724397745 0.4850280856435777 0.5024868682151266 0.5112186724397745 0.4890280856435777 9 
5.3816924938323 0.49848533036630716 0.5071896356453669 0.48500389818904954 0.5024853303663072 0.5111896356453669 0.48900389818904955 9 
5.3606765485932 0.49848367090153944 0.5071606867348526 0.484979679058986 0.5024836709015394 0.5111606867348526 0.488979679058986 9 
5.3398321903059 0.49848195940286166 0.5071317090633367 0.484955573917472 0.5024819594028617 0.5111317090633367 0.488955573917472 9 
5.3191574374925 0.4984801936430354 0.5071027662363714 0.48493155896676465 0.5024801936430354 0.5111027662363714 0.48893155896676466 9 
5.2986500938818 0.49847842029282685 0.507073951694471 0.4849075327984652 0.5024784202928269 0.511073951694471 0.4889075327984652 9 
5.2783060983026 0.498476564463584 0.5070452758244253 0.4848834262840449 0.502476564463584 0.5110452758244253 0.4888834262840449 9 
5.2581243704102 0.49847463303553174 0.5070166563500199 0.4848592374234612 0.5024746330355317 0.5110166563500199 0.4888592374234612 9 
5.2381037238371 0.4984727299705157 0.506988039709624 0.4848349824637102 0.5024727299705157 0.510988039709624 0.4888349824637102 9 
5.2182421123361 0.49847075354241155 0.5069594286579373 0.48481068669938066 0.5024707535424116 0.5109594286579373 0.48881068669938066 9 
5.1985364939115 0.49846882500819034 0.5069308837471379 0.4847864615073504 0.5024688250081903 0.5109308837471379 0.4887864615073504 9 
5.1789841577134 0.49846687452912697 0.5069024097892756 0.4847624380038306 0.502466874529127 0.5109024097892756 0.4887624380038306 9 
5.1595849588013 0.49846501676740507 0.5068739952852169 0.4847385807205588 0.5024650167674051 0.5108739952852169 0.4887385807205588 9 
5.1403369881188 0.49846316140539315 0.5068456513543284 0.48471487002100777 0.5024631614053932 0.5108456513543284 0.4887148700210078 9 
5.1212383691729 0.4984612614714087 0.5068173227845115 0.48469130511377695 0.5024612614714087 0.5108173227845115 0.48869130511377695 9 
5.1022845388415 0.49845933555906874 0.5067889957880086 0.4846678697656023 0.5024593355590687 0.5107889957880086 0.4886678697656023 9 
5.0834763219681 0.49845730020596424 0.5067606366182104 0.4846445961998882 0.5024573002059642 0.5107606366182104 0.4886445961998882 9 
5.0648120457982 0.4984551184390814 0.50673230041666 0.484621500664988 0.5024551184390814 0.51073230041666 0.488621500664988 9 
5.0462899568069 0.4984528541958605 0.5067040312172366 0.4845985740347669 0.5024528541958605 0.5107040312172366 0.4885985740347669 9 
5.027907003054 0.4984505794118482 0.5066758068704746 0.48457571482619893 0.5024505794118482 0.5106758068704746 0.48857571482619894 9 
5.0096613111284 0.4984482816336899 0.5066476564701555 0.48455283525474757 0.5024482816336899 0.5106476564701555 0.4885528352547476 9 
4.9915537094735 0.49844592923375197 0.5066196160635992 0.4845299112454147 0.502445929233752 0.5106196160635992 0.4885299112454147 9 
4.9735796746086 0.4984435866421887 0.5065916251770834 0.4845068846004264 0.5024435866421887 0.5105916251770835 0.4885068846004264 9 
4.9557404757496 0.4984412233364769 0.5065636022182292 0.48448380428597715 0.5024412233364769 0.5105636022182292 0.48848380428597715 9 
4.9380310525019 0.498438834689091 0.506535474715028 0.48446074971373293 0.502438834689091 0.510535474715028 0.48846074971373293 9 
4.9204520263699 0.49843645579222007 0.5065072950276466 0.4844379028980052 0.5024364557922201 0.5105072950276466 0.4884379028980052 9 
4.9030022186814 0.4984340726868206 0.5064791504147349 0.48441520699422513 0.5024340726868206 0.5104791504147349 0.48841520699422514 9 
4.8856801172535 0.4984316338970818 0.5064510601442233 0.4843926268218347 0.5024316338970818 0.5104510601442233 0.4883926268218347 9 
4.8684836794612 0.49842918388428226 0.5064230730031625 0.48437017533940485 0.5024291838842823 0.5104230730031625 0.48837017533940486 9 
4.8514096704994 0.49842677249436784 0.5063951958194849 0.4843477720567506 0.5024267724943678 0.5103951958194849 0.4883477720567506 9 
4.834459003746 0.4984243513230383 0.5063673565179311 0.4843253894438423 0.5024243513230383 0.5103673565179311 0.4883253894438423 9 
4.8176302606012 0.4984218653484438 0.5063395312149894 0.4843029844548103 0.5024218653484438 0.5103395312149894 0.4883029844548103 9 
4.8009220447965 0.49841931044373267 0.5063117152932846 0.4842805350210709 0.5024193104437327 0.5103117152932846 0.4882805350210709 9 
4.784331787004 0.4984166632569397 0.5062839067827405 0.4842580216178179 0.5024166632569397 0.5102839067827405 0.4882580216178179 9 
4.7678576311648 0.49841393512295595 0.506256121083894 0.48423539810581606 0.502413935122956 0.510256121083894 0.48823539810581607 9 
4.7514999721025 0.49841111428992146 0.506228382138663 0.4842126844690338 0.5024111142899215 0.510228382138663 0.4882126844690338 9 
4.7352574981467 0.49840825910857256 0.5062006863578397 0.4841899659800946 0.5024082591085726 0.5102006863578397 0.4881899659800946 9 
4.719128917842 0.4984053278449072 0.506173032561036 0.4841672292789644 0.5024053278449072 0.510173032561036 0.4881672292789644 9 
4.7031114062749 0.4984023277530246 0.5061454004544997 0.4841445006185773 0.5024023277530246 0.5101454004544997 0.4881445006185773 9 
4.6872039085764 0.49839938632065384 0.5061177585759287 0.48412172035773016 0.5023993863206538 0.5101177585759287 0.48812172035773016 9 
4.6714065757758 0.4983963775007657 0.506090603018874 0.4840990245180049 0.5023963775007657 0.510090603018874 0.4880990245180049 9 
4.6557181930564 0.4983931065026934 0.506064213437381 0.48407658721738117 0.5023931065026934 0.510064213437381 0.4880765872173812 9 
4.6401375639397 0.49838962440762113 0.5060381047354732 0.48405419495005164 0.5023896244076211 0.5100381047354732 0.48805419495005165 9 
4.6246618908247 0.4983859209859304 0.506012035070328 0.484031868276475 0.5023859209859304 0.510012035070328 0.488031868276475 9 
4.609290322647 0.498381995875671 0.5059858537128774 0.48400953380890865 0.502381995875671 0.5099858537128774 0.48800953380890866 9 
4.5940230530324 0.4983779628203946 0.5059596330587094 0.4839871127021736 0.5023779628203946 0.5099596330587094 0.4879871127021736 9 
4.5788589550727 0.4983738976811083 0.505933317933652 0.4839646085523842 0.5023738976811083 0.509933317933652 0.4879646085523842 9 
4.5637969185282 0.4983698282711657 0.5059068017888914 0.48394206339731705 0.5023698282711657 0.5099068017888914 0.48794206339731705 9 
4.5488344688364 0.4983657597999894 0.5058802005725713 0.48391949489428104 0.5023657597999894 0.5098802005725713 0.48791949489428105 9 
4.5339703389387 0.4983616557720162 0.5058535582954075 0.4838968769684405 0.5023616557720162 0.5098535582954075 0.48789687696844053 9 
4.5192050641501 0.4983574765552028 0.5058269410626015 0.48387424190754613 0.5023574765552028 0.5098269410626015 0.48787424190754614 9 
4.5045375975085 0.49835324240807377 0.5058003783041629 0.4838515354795925 0.5023532424080738 0.5098003783041629 0.4878515354795925 9 
4.4899669072332 0.4983489008081603 0.5057738726956292 0.48382877321410744 0.5023489008081603 0.5097738726956292 0.48782877321410745 9 
4.4754911514238 0.4983444901347034 0.5057474571192624 0.4838059241890609 0.5023444901347034 0.5097474571192624 0.4878059241890609 9 
4.4611080022545 0.4983400261248999 0.5057211222175008 0.48378300997709867 0.5023400261248999 0.5097211222175008 0.48778300997709867 9 
4.4468186496149 0.49833541423795036 0.5056948186716881 0.48376004362875674 0.5023354142379504 0.5096948186716881 0.48776004362875675 9 
4.4326221193866 0.4983306774687075 0.5056684659519897 0.48373701792158613 0.5023306774687075 0.5096684659519897 0.48773701792158614 9 
4.4185174513027 0.4983258864523893 0.5056421594825319 0.4837139064673693 0.5023258864523893 0.5096421594825319 0.4877139064673693 9 
4.4045036986985 0.4983210219909566 0.5056159892432485 0.48369067324941484 0.5023210219909566 0.5096159892432485 0.48769067324941484 9 
4.3905769868197 0.498316043681043 0.5055899478894343 0.48366723467540024 0.502316043681043 0.5095899478894343 0.48766723467540024 9 
4.3767393017845 0.4983109928871692 0.5055641099524916 0.48364352824746676 0.5023109928871692 0.5095641099524916 0.48764352824746676 9 
4.3629897980136 0.4983059682579798 0.5055384544687301 0.48361955851202043 0.5023059682579798 0.5095384544687301 0.48761955851202043 9 
4.3493275805421 0.4983009965148426 0.5055129649559653 0.48359534325710135 0.5023009965148426 0.5095129649559653 0.48759534325710135 9 
4.3357517668425 0.4982960656823573 0.5054876449087452 0.48357084296853486 0.5022960656823573 0.5094876449087452 0.48757084296853487 9 
4.3222597483625 0.4982911564491477 0.5054624096767345 0.4835460735991356 0.5022911564491477 0.5094624096767345 0.4875460735991356 9 
4.3088511357715 0.49828631722648786 0.5054372302912765 0.48352106395873434 0.5022863172264879 0.5094372302912765 0.48752106395873435 9 
4.2955263781795 0.4982815379946133 0.5054120778408814 0.4834957334139001 0.5022815379946133 0.5094120778408814 0.4874957334139001 9 
4.2822846403544 0.4982767738143701 0.5053869109712582 0.4834700881845502 0.5022767738143701 0.5093869109712582 0.4874700881845502 9 
4.2691250984564 0.4982720494486461 0.5053616904232332 0.4834441505105712 0.5022720494486461 0.5093616904232332 0.4874441505105712 9 
4.256046765488 0.49826733206581697 0.505336364951207 0.48341799520738266 0.502267332065817 0.509336364951207 0.48741799520738266 9 
4.2430461473216 0.49826255416756593 0.5053109297004323 0.48339170441541757 0.5022625541675659 0.5093109297004323 0.48739170441541757 9 
4.230125346118 0.4982577482058608 0.505285403173599 0.48336529962815655 0.5022577482058608 0.509285403173599 0.48736529962815656 9 
4.2172835813756 0.4982529594359568 0.5052597871637637 0.4833388607468935 0.5022529594359568 0.5092597871637637 0.4873388607468935 9 
4.2045200830444 0.4982481599946381 0.5052340996620525 0.48331243668589013 0.5022481599946381 0.5092340996620525 0.48731243668589014 9 
4.1918340913492 0.498243342731054 0.5052084163279016 0.48328612705974106 0.502243342731054 0.5092084163279016 0.48728612705974106 9 
4.1792235471624 0.4982385917704032 0.5051827522698252 0.48325990934529867 0.5022385917704032 0.5091827522698252 0.48725990934529867 9 
4.1666872780132 0.49823389678664176 0.5051571218406847 0.4832337416474994 0.5022338967866418 0.5091571218406847 0.4872337416474994 9 
4.1542263217858 0.4982292680634116 0.505131483314046 0.48320757211514476 0.5022292680634116 0.509131483314046 0.48720757211514476 9 
4.1418399578098 0.49822473602509065 0.50510589752534 0.48318137716089804 0.5022247360250907 0.50910589752534 0.48718137716089804 9 
4.1295274748596 0.49822029245292954 0.5050804084354454 0.48315515935316833 0.5022202924529295 0.5090804084354454 0.48715515935316833 9 
4.1172881709967 0.49821597873263834 0.5050550640587639 0.4831288636646637 0.5022159787326383 0.5090550640587639 0.4871288636646637 9 
4.1051192542267 0.49821179568619156 0.5050298647532862 0.4831024573526629 0.5022117956861916 0.5090298647532862 0.4871024573526629 9 
4.0930211737232 0.49820773829272436 0.505004799062197 0.48307600715138616 0.5022077382927244 0.509004799062197 0.48707600715138616 9 
4.0809942459588 0.4982038042648149 0.504979868618972 0.4830494817754665 0.5022038042648149 0.508979868618972 0.48704948177546653 9 
4.0690378043587 0.4981999556021054 0.5049550317300054 0.4830228919888626 0.5021999556021054 0.5089550317300054 0.4870228919888626 9 
4.0571511909009 0.49819618438691615 0.5049303085573276 0.48299626008165286 0.5021961843869162 0.5089303085573276 0.48699626008165287 9 
4.0453337559766 0.4981924372923411 0.5049056641789866 0.48296961722628656 0.5021924372923411 0.5089056641789866 0.48696961722628657 9 
4.0335823263733 0.4981888117879182 0.5048811037594311 0.4829430081466672 0.5021888117879182 0.5088811037594311 0.4869430081466672 9 
4.021898250315 0.49818534393152125 0.5048566837166514 0.4829164701310038 0.5021853439315213 0.5088566837166514 0.4869164701310038 9 
4.0102814779793 0.49818206795666353 0.5048323709846795 0.4828900995234455 0.5021820679566635 0.5088323709846795 0.48689009952344553 9 
3.9987324166792 0.49817896350898494 0.504808200760028 0.48286398226751276 0.5021789635089849 0.508808200760028 0.48686398226751276 9 
3.9872473818901 0.4981759888006564 0.5047841553632768 0.4828380105104508 0.5021759888006564 0.5087841553632768 0.4868380105104508 9 
3.975828846378 0.4981731827564112 0.5047602008076985 0.48281214286374613 0.5021731827564112 0.5087602008076985 0.48681214286374613 9 
3.9644725959655 0.4981704689667955 0.5047362649682163 0.48278628351464037 0.5021704689667955 0.5087362649682163 0.48678628351464037 9 
3.9531801297653 0.4981678572264391 0.5047123420011442 0.482760416373756 0.5021678572264391 0.5087123420011442 0.486760416373756 9 
3.9419514004454 0.49816532358053467 0.5046884485031738 0.4827345703548093 0.5021653235805347 0.5086884485031739 0.4867345703548093 9 
3.9307858349441 0.4981629137590472 0.5046646388559224 0.48270874535136477 0.5021629137590472 0.5086646388559224 0.48670874535136477 9 
3.9196828672572 0.4981606615348525 0.5046409429805194 0.48268288626091244 0.5021606615348525 0.5086409429805194 0.48668288626091244 9 
3.9086419383279 0.4981585819998662 0.5046173933628713 0.48265706177874684 0.5021585819998662 0.5086173933628713 0.48665706177874685 9 
3.8976602239897 0.4981567135094733 0.5045938942470513 0.4826312981184428 0.5021567135094733 0.5085938942470513 0.4866312981184428 9 
3.8867385970595 0.49815495723503134 0.5045703647236507 0.48260559880075304 0.5021549572350313 0.5085703647236507 0.48660559880075305 9 
3.8758773965664 0.4981533067640507 0.5045468123172091 0.4825799234982047 0.5021533067640507 0.5085468123172091 0.4865799234982047 9 
3.8650760899298 0.49815178878264954 0.5045231520273024 0.48255430368119334 0.5021517887826495 0.5085231520273024 0.48655430368119335 9 
3.8543341509986 0.49815044699646793 0.5044993690140649 0.482528782645909 0.5021504469964679 0.5084993690140649 0.486528782645909 9 
3.8436510599535 0.49814917495610367 0.5044754790072077 0.4825034927351999 0.5021491749561037 0.5084754790072077 0.4865034927351999 9 
3.833024754667 0.4981478337639613 0.504451493954965 0.48247842058322826 0.5021478337639613 0.508451493954965 0.48647842058322827 9 
3.8224546730326 0.49814650902391866 0.5044274483635897 0.4824535561428055 0.5021465090239187 0.5084274483635897 0.4864535561428055 9 
3.8119419408224 0.49814516225570826 0.5044033380653405 0.48242892886626476 0.5021451622557083 0.5084033380653405 0.48642892886626476 9 
3.8014860623499 0.49814377975199997 0.5043791976956351 0.482404473317513 0.502143779752 0.5083791976956351 0.486404473317513 9 
3.7910865477977 0.49814232334634845 0.5043550347951252 0.4823801322815866 0.5021423233463485 0.5083550347951252 0.4863801322815866 9 
3.7807429131294 0.49814078287035257 0.5043308093122071 0.4823558682544581 0.5021407828703526 0.5083308093122071 0.4863558682544581 9 
3.7704542734784 0.49813915588746915 0.5043065348096873 0.4823316283774061 0.5021391558874692 0.5083065348096873 0.4863316283774061 9 
3.7602177883086 0.49813747368588446 0.5042822716215714 0.48230734924531854 0.5021374736858845 0.5082822716215714 0.48630734924531854 9 
3.7500357884639 0.4981357917724131 0.504258019691253 0.4822829724786832 0.5021357917724131 0.508258019691253 0.4862829724786832 9 
3.7399078119443 0.4981341087817621 0.5042336557632525 0.4822585656073367 0.5021341087817621 0.5082336557632525 0.4862585656073367 9 
3.7298334021165 0.49813233651103506 0.5042090630975039 0.48223419994518146 0.5021323365110351 0.5082090630975039 0.48623419994518147 9 
3.7198121076345 0.49813043073997965 0.5041842364695669 0.4822098554213474 0.5021304307399796 0.5081842364695669 0.4862098554213474 9 
3.7098434823625 0.49812826951974043 0.5041591488123104 0.4821854835165474 0.5021282695197404 0.5081591488123104 0.4861854835165474 9 
3.6999250456339 0.49812589893326675 0.5041338332143795 0.4821610914440674 0.5021258989332668 0.5081338332143795 0.4861610914440674 9 
3.6900572514729 0.49812335081474823 0.5041082976727357 0.48213675276557144 0.5021233508147482 0.5081082976727357 0.48613675276557144 9 
3.6802408418972 0.49812058743305065 0.5040825737038813 0.48211251834437086 0.5021205874330507 0.5080825737038813 0.48611251834437086 9 
3.6704753906334 0.4981176528920488 0.5040567266045046 0.48208848868515297 0.5021176528920488 0.5080567266045046 0.486088488685153 9 
3.6607604762527 0.4981145030335198 0.5040307544320918 0.4820647333061926 0.5021145030335198 0.5080307544320918 0.4860647333061926 9 
3.6510956821011 0.4981112207274052 0.5040047026014581 0.4820412631935341 0.5021112207274052 0.5080047026014581 0.4860412631935341 9 
3.6414805597078 0.4981078054258764 0.5039785920102315 0.4820180372669185 0.5021078054258764 0.5079785920102315 0.4860180372669185 9 
3.6319115503565 0.49810426847881506 0.5039524150651081 0.481994970444102 0.5021042684788151 0.5079524150651081 0.485994970444102 9 
3.6223914623408 0.4981006431756193 0.5039262193376756 0.48197213355321045 0.5021006431756193 0.5079262193376756 0.48597213355321045 9 
3.6129198972098 0.4980969036507621 0.5038998785977268 0.48194953253648176 0.5020969036507621 0.5078998785977268 0.48594953253648177 9 
3.6034964609584 0.49809293260636067 0.5038733222227695 0.48192716407227415 0.5020929326063607 0.5078733222227695 0.48592716407227415 9 
3.5941207639651 0.49808868126375083 0.5038464678929113 0.48190495218173357 0.5020886812637508 0.5078464678929113 0.4859049521817336 9 
3.5847924209296 0.4980842505781552 0.5038193846809972 0.481882976320717 0.5020842505781552 0.5078193846809972 0.48588297632071703 9 
3.575510232622 0.49807948401778457 0.5037921173173613 0.48186122790974484 0.5020794840177846 0.5077921173173613 0.48586122790974484 9 
3.5662722191411 0.49807449893571654 0.5037646634960176 0.48183964506660926 0.5020744989357165 0.5077646634960176 0.48583964506660926 9 
3.5570804517714 0.4980692861158641 0.5037371565490542 0.4818182457474436 0.5020692861158641 0.5077371565490542 0.4858182457474436 9 
3.5479345616864 0.498063834661825 0.5037095807398533 0.4817969533450956 0.502063834661825 0.5077095807398533 0.4857969533450956 9 
3.5388341840899 0.49805815772883044 0.5036818983712783 0.4817756753671235 0.5020581577288304 0.5076818983712783 0.4857756753671235 9 
3.5297789581599 0.49805226140747183 0.5036540993225179 0.481754354475745 0.5020522614074718 0.5076540993225179 0.485754354475745 9 
3.5207685269939 0.4980461214662174 0.5036261468213633 0.48173295921942544 0.5020461214662174 0.5076261468213633 0.48573295921942544 9 
3.5118013802506 0.4980398033833009 0.5035980593527272 0.4817115193499172 0.5020398033833009 0.5075980593527272 0.4857115193499172 9 
3.5028762255762 0.4980333673754539 0.5035698572904193 0.4816900868666802 0.5020333673754539 0.5075698572904193 0.4856900868666802 9 
3.4939951268027 0.4980269658475136 0.5035416315296753 0.48166870031358705 0.5020269658475136 0.5075416315296754 0.48566870031358705 9 
3.4851568825282 0.49802057548488277 0.5035133677847926 0.48164734707789314 0.5020205754848828 0.5075133677847926 0.48564734707789314 9 
3.4763620139467 0.49801413613077616 0.50348499794798 0.4816260457168634 0.5020141361307762 0.50748499794798 0.4856260457168634 9 
3.467609899811 0.4980076189860614 0.5034565693042121 0.4816047696847103 0.5020076189860614 0.5074565693042121 0.4856047696847103 9 
3.4589002090205 0.4980010296716689 0.5034281391365563 0.4815834611111272 0.5020010296716689 0.5074281391365563 0.4855834611111272 9 
3.4502315763407 0.4979944809350217 0.5033997592543361 0.48156205908192556 0.5019944809350216 0.5073997592543361 0.48556205908192557 9 
3.4416024736124 0.49798798749468387 0.5033714004618643 0.48154054847962224 0.5019879874946839 0.5073714004618644 0.48554054847962225 9 
3.4330148438295 0.4979815787620417 0.5033430266842317 0.48151884279173307 0.5019815787620416 0.5073430266842317 0.4855188427917331 9 
3.4244683694379 0.4979752651383559 0.5033146310674119 0.48149699368293475 0.5019752651383559 0.5073146310674119 0.48549699368293475 9 
3.4159627362152 0.49796902360162265 0.5032862394499384 0.4814751030310019 0.5019690236016227 0.5072862394499384 0.4854751030310019 9 
3.4074976332263 0.497962736879586 0.5032578411664872 0.4814532081767985 0.5019627368795859 0.5072578411664872 0.4854532081767985 9 
3.3990727527795 0.4979564353188364 0.5032294747239009 0.4814313205135933 0.5019564353188364 0.5072294747239009 0.4854313205135933 9 
3.3906873492335 0.4979501969245576 0.5032011938706501 0.48140941623256467 0.5019501969245576 0.5072011938706501 0.48540941623256467 9 
3.3823386996526 0.4979440986555498 0.5031730326036086 0.4813875274491518 0.5019440986555498 0.5071730326036086 0.4853875274491518 9 
3.3740293903981 0.49793823804444687 0.5031451288785751 0.48136571069961764 0.5019382380444468 0.5071451288785751 0.48536571069961765 9 
3.3657591261373 0.4979325667111564 0.503117466134533 0.48134406811004044 0.5019325667111564 0.507117466134533 0.48534406811004044 9 
3.3575276145752 0.4979269780783975 0.5030899704869082 0.48132249675639954 0.5019269780783975 0.5070899704869082 0.48532249675639955 9 
3.3493345664152 0.49792145774302204 0.5030626234708524 0.48130098834118606 0.501921457743022 0.5070626234708524 0.48530098834118607 9 
3.34117969532 0.4979159894585031 0.5030354026653886 0.481279481046072 0.5019159894585031 0.5070354026653886 0.485279481046072 9 
3.3330627178729 0.4979105562749743 0.5030083284883833 0.4812579590233023 0.5019105562749743 0.5070083284883833 0.4852579590233023 9 
3.3249806737144 0.49790515675441943 0.5029814081044919 0.4812363456409549 0.5019051567544194 0.5069814081044919 0.4852363456409549 9 
3.3169353347487 0.4978998510422659 0.502954697964913 0.48121465334120905 0.5018998510422659 0.506954697964913 0.48521465334120906 9 
3.3089270777267 0.4978946396627636 0.5029281252485235 0.48119288610672684 0.5018946396627636 0.5069281252485235 0.48519288610672684 9 
3.3009556303579 0.4978894829713148 0.5029015833794057 0.48117108403694137 0.5018894829713147 0.5069015833794057 0.48517108403694137 9 
3.2930207230915 0.4978843499563219 0.502875100504365 0.4811492783070144 0.5018843499563219 0.506875100504365 0.48514927830701443 9 
3.2851220890813 0.49787925791853116 0.5028487598718782 0.48112751986204993 0.5018792579185312 0.5068487598718782 0.48512751986204994 9 
3.2772594641517 0.4978741127438609 0.5028225503613225 0.48110584694899344 0.5018741127438608 0.5068225503613225 0.48510584694899345 9 
3.2694314870768 0.4978689802789428 0.5027964836454925 0.48108425200723165 0.5018689802789428 0.5067964836454925 0.48508425200723165 9 
3.2616367572483 0.49786383378396204 0.5027705233641551 0.4810628222448493 0.501863833783962 0.5067705233641551 0.4850628222448493 9 
3.2538772808452 0.49785862789552726 0.5027447091587741 0.4810416078311628 0.5018586278955273 0.5067447091587741 0.4850416078311628 9 
3.2461528038593 0.49785332633146717 0.5027190742420302 0.4810205986398634 0.5018533263314672 0.5067190742420302 0.4850205986398634 9 
3.23846307479 0.49784796804727777 0.5026936883990013 0.4809997621184716 0.5018479680472777 0.5066936883990013 0.4849997621184716 9 
3.2308078446135 0.49784257903485757 0.5026685490851079 0.4809790524498579 0.5018425790348575 0.5066685490851079 0.4849790524498579 9 
3.2231868667511 0.4978371527479839 0.5026436137974499 0.48095839473693275 0.5018371527479839 0.5066436137974499 0.48495839473693275 9 
3.2155998970397 0.49783164782280975 0.5026189058567948 0.48093778074327004 0.5018316478228098 0.5066189058567948 0.48493778074327004 9 
3.2080443372893 0.4978261568204684 0.5025942731921142 0.4809171722133258 0.5018261568204684 0.5065942731921143 0.4849171722133258 9 
3.2005213069074 0.49782065493904226 0.5025696299651707 0.48089665817437205 0.5018206549390423 0.5065696299651707 0.48489665817437205 9 
3.1930315872069 0.49781521326232564 0.5025450579531796 0.4808762001123231 0.5018152132623256 0.5065450579531796 0.48487620011232313 9 
3.1855749432158 0.4978098325989158 0.5025205555252472 0.4808557697612759 0.5018098325989158 0.5065205555252472 0.4848557697612759 9 
3.1781511422332 0.49780445708327137 0.5024961907032656 0.4808353246083949 0.5018044570832714 0.5064961907032656 0.4848353246083949 9 
3.1707599538021 0.4977990948718325 0.5024720021186463 0.4808147915241733 0.5017990948718325 0.5064720021186463 0.4848147915241733 9 
3.1634011496809 0.49779381861991645 0.5024479570413057 0.4807942297124303 0.5017938186199165 0.5064479570413057 0.4847942297124303 9 
3.1560745038175 0.49778862356763903 0.5024240761105319 0.48077366535525556 0.501788623567639 0.5064240761105319 0.48477366535525557 9 
3.148776689342 0.49778358643088033 0.5024003740234836 0.48075307564715425 0.5017835864308803 0.5064003740234836 0.48475307564715425 9 
3.1415103200926 0.49777864721159015 0.50237684597316 0.48073237047124456 0.5017786472115902 0.50637684597316 0.48473237047124457 9 
3.1342754643171 0.4977737500258592 0.5023534694709805 0.4807115973501658 0.5017737500258592 0.5063534694709805 0.4847115973501658 9 
3.1270719042894 0.49776894134097 0.5023302157241744 0.480690719220134 0.5017689413409699 0.5063302157241744 0.484690719220134 9 
3.119899424345 0.4977642376413142 0.5023070765741628 0.48066973112923606 0.5017642376413142 0.5063070765741629 0.48466973112923606 9 
3.1127578108557 0.497759685006443 0.5022839369180335 0.48064869162894924 0.501759685006443 0.5062839369180335 0.48464869162894925 9 
3.1056468522058 0.49775540624784786 0.5022607207234913 0.48062779890125457 0.5017554062478479 0.5062607207234913 0.48462779890125457 9 
3.0985663387676 0.49775136981316687 0.5022374018101826 0.4806069976166221 0.5017513698131668 0.5062374018101826 0.4846069976166221 9 
3.0915127408727 0.49774763475871026 0.5022140073502467 0.48058624981978576 0.5017476347587102 0.5062140073502467 0.48458624981978576 9 
3.0844891067424 0.4977440061213619 0.5021907577222586 0.48056534238246457 0.5017440061213618 0.5061907577222586 0.48456534238246457 9 
3.0774953208457 0.49774050742846304 0.5021673985068199 0.48054439952360567 0.501740507428463 0.5061673985068199 0.4845443995236057 9 
3.0705311811127 0.4977371292097602 0.5021440554946333 0.4805233833914945 0.5017371292097602 0.5061440554946333 0.4845233833914945 9 
3.0635964873479 0.497733843308956 0.5021206928711939 0.48050229385876314 0.501733843308956 0.5061206928711939 0.48450229385876314 9 
3.0566910412088 0.497730616606103 0.5020973640462033 0.48048106324490486 0.501730616606103 0.5060973640462033 0.48448106324490486 9 
3.0498146461836 0.4977275337773577 0.5020740453639078 0.48045964168629535 0.5017275337773577 0.5060740453639078 0.48445964168629535 9 
3.0429671075699 0.4977246567753998 0.5020506660379668 0.48043804882973296 0.5017246567753998 0.5060506660379668 0.48443804882973296 9 
3.0361452383258 0.49772199751279134 0.5020272313586297 0.48041632726553823 0.5017219975127913 0.5060272313586297 0.48441632726553824 9 
3.029351422556 0.4977194934169024 0.5020037314211513 0.4803945515443571 0.5017194934169024 0.5060037314211513 0.4843945515443571 9 
3.0225859096846 0.4977171405933297 0.5019801230567763 0.4803728816568499 0.5017171405933297 0.5059801230567763 0.4843728816568499 9 
3.0158485118825 0.4977150940285129 0.5019564658347937 0.4803513941502093 0.5017150940285129 0.5059564658347937 0.4843513941502093 9 
3.0091390430285 0.49771323100033166 0.5019326971320914 0.48033010154516254 0.5017132310003316 0.5059326971320914 0.48433010154516254 9 
3.00245731869 0.49771148131318865 0.5019088923272973 0.4803090590649203 0.5017114813131887 0.5059088923272973 0.4843090590649203 9 
2.995803401034 0.4977097615763467 0.5018850816683803 0.48028826191584184 0.5017097615763467 0.5058850816683803 0.48428826191584184 9 
2.9891763741311 0.497708046250715 0.5018612262690072 0.48026759619591525 0.501708046250715 0.5058612262690072 0.48426759619591525 9 
2.9825746953265 0.49770639600341754 0.5018372821122427 0.48024705618453956 0.5017063960034175 0.5058372821122427 0.48424705618453956 9 
2.9759986987165 0.49770473549898825 0.5018132129621172 0.48022662933632065 0.5017047354989882 0.5058132129621172 0.48422662933632066 9 
2.9694495688273 0.4977030395788826 0.501789113230528 0.48020633415693625 0.5017030395788826 0.505789113230528 0.48420633415693626 9 
2.9629271308073 0.4977012975391604 0.5017650565994807 0.4801861741808211 0.5017012975391604 0.5057650565994807 0.4841861741808211 9 
2.9564312113642 0.49769945692419165 0.5017410213472336 0.48016613010424863 0.5016994569241916 0.5057410213472336 0.48416613010424864 9 
2.9499616387477 0.4976974724166158 0.5017169591669953 0.4801461965454402 0.5016974724166158 0.5057169591669953 0.4841461965454402 9 
2.9435182427319 0.49769533866116855 0.5016928253539832 0.48012637859333035 0.5016953386611686 0.5056928253539832 0.48412637859333035 9 
2.9371008545982 0.4976930908203919 0.5016686977007884 0.48010662958668066 0.5016930908203919 0.5056686977007884 0.48410662958668066 9 
2.9307086966298 0.49769076118247196 0.5016445758347073 0.4800870303679045 0.5016907611824719 0.5056445758347073 0.4840870303679045 9 
2.9243393557459 0.4976884481089331 0.5016204061025511 0.48006761194765724 0.5016884481089331 0.5056204061025511 0.48406761194765724 9 
2.9179955449637 0.4976861345195346 0.5015961519808938 0.4800483535996307 0.5016861345195346 0.5055961519808938 0.4840483535996307 9 
2.9116771012796 0.49768375237855933 0.5015718350450227 0.48002919599295557 0.5016837523785593 0.5055718350450227 0.4840291959929556 9 
2.9053838631164 0.49768132018083183 0.5015474891976872 0.4800101347658296 0.5016813201808318 0.5055474891976872 0.4840101347658296 9 
2.8991156703071 0.4976788361217149 0.5015231284937799 0.47999123886450973 0.5016788361217148 0.5055231284937799 0.48399123886450973 9 
2.8928723640798 0.49767633473500605 0.5014987527986101 0.47997251122772155 0.5016763347350061 0.5054987527986101 0.48397251122772156 9 
2.8866537870416 0.4976737970082971 0.501474407714076 0.4799539169477316 0.5016737970082971 0.505474407714076 0.4839539169477316 9 
2.8804597831642 0.49767114883854385 0.5014500622262585 0.4799354969698964 0.5016711488385438 0.5054500622262585 0.4839354969698964 9 
2.8742881909077 0.4976683146847006 0.5014256950278958 0.47991718812738543 0.5016683146847005 0.5054256950278958 0.48391718812738543 9 
2.8681393894119 0.49766530300591644 0.5014012200179114 0.47989895092136275 0.5016653030059164 0.5054012200179114 0.48389895092136276 9 
2.8620147201978 0.4976622276915245 0.5013766917301885 0.4798807700548291 0.5016622276915245 0.5053766917301885 0.4838807700548291 9 
2.8559140324041 0.49765908317960017 0.5013521462235025 0.4798626404804633 0.5016590831796002 0.5053521462235026 0.4838626404804633 9 
2.8498371764622 0.4976558251833761 0.5013275900958658 0.479844584768132 0.501655825183376 0.5053275900958658 0.483844584768132 9 
2.8437840040818 0.49765246326561663 0.5013031069733351 0.47982665990855417 0.5016524632656166 0.5053031069733351 0.48382665990855417 9 
2.837754368237 0.49764899964214393 0.5012786854682801 0.4798088513767036 0.5016489996421439 0.5052786854682801 0.4838088513767036 9 
2.8317481231531 0.4976453420169544 0.5012543414123906 0.479791112881807 0.5016453420169543 0.5052543414123906 0.483791112881807 9 
2.8257651242924 0.49764151360806463 0.5012300534137359 0.4797734385883906 0.5016415136080646 0.505230053413736 0.4837734385883906 9 
2.8198024174793 0.4976376165701162 0.5012058373094983 0.4797557683226068 0.5016376165701162 0.5052058373094983 0.4837557683226068 9 
2.8138619846925 0.49763364689425144 0.5011816904163143 0.4797380935551597 0.5016336468942514 0.5051816904163143 0.4837380935551597 9 
2.8079443906796 0.49762964118399955 0.5011576244419005 0.4797203927006252 0.5016296411839996 0.5051576244419005 0.4837203927006252 9 
2.8020494955847 0.4976256007754992 0.5011336939765585 0.4797025662980611 0.5016256007754992 0.5051336939765585 0.4837025662980611 9 
2.7961771607254 0.4976215374469748 0.5011098737385248 0.4796846587378304 0.5016215374469748 0.5051098737385248 0.4836846587378304 9 
2.7903272485808 0.4976174014995614 0.5010861154757092 0.47966669451141053 0.5016174014995614 0.5050861154757093 0.48366669451141053 9 
2.7844996227786 0.4976131777870646 0.5010623474041902 0.47964867436206593 0.5016131777870646 0.5050623474041902 0.48364867436206593 9 
2.7786941480832 0.49760889779534945 0.501038598975405 0.47963061355630415 0.5016088977953495 0.505038598975405 0.48363061355630416 9 
2.7729106903838 0.4976046807227853 0.5010149680753321 0.4796125363136347 0.5016046807227853 0.5050149680753321 0.4836125363136347 9 
2.7671461137324 0.4976006033567795 0.5009914029287958 0.47959448199606286 0.5016006033567795 0.5049914029287959 0.48359448199606286 9 
2.7614027747164 0.4975965472782616 0.5009678664126241 0.4795765228711378 0.5015965472782615 0.5049678664126241 0.4835765228711378 9 
2.755681075595 0.49759257328602463 0.5009444046895549 0.4795587214597815 0.5015925732860246 0.5049444046895549 0.4835587214597815 9 
2.7499814536001 0.49758863951558807 0.5009210708803004 0.47954104059219077 0.5015886395155881 0.5049210708803004 0.4835410405921908 9 
2.7443020786027 0.49758468499600433 0.5008978512678466 0.47952349493201973 0.5015846849960043 0.5048978512678466 0.48352349493201974 9 
2.7386445243154 0.49758067673547435 0.5008747195027685 0.4795060896616959 0.5015806767354744 0.5048747195027685 0.4835060896616959 9 
2.7330080967851 0.4975766089779979 0.5008516580462282 0.4794887558362686 0.5015766089779978 0.5048516580462282 0.4834887558362686 9 
2.7273926704128 0.4975724738713078 0.5008286313934174 0.47947148965744796 0.5015724738713078 0.5048286313934174 0.48347148965744796 9 
2.7217981205674 0.4975682611814056 0.50080561912236 0.479454292100971 0.5015682611814056 0.50480561912236 0.483454292100971 9 
2.7162217622248 0.4975640024086741 0.5007826207173383 0.4794371651482506 0.501564002408674 0.5047826207173383 0.4834371651482506 9 
2.710665055125 0.4975597031320524 0.500759672567876 0.47942011335043666 0.5015597031320523 0.504759672567876 0.48342011335043666 9 
2.7051288750561 0.497555379137431 0.5007367768153661 0.47940317966116464 0.501555379137431 0.5047367768153661 0.48340317966116464 9 
2.699613101252 0.49755101337490365 0.5007138487904265 0.47938635179208255 0.5015510133749036 0.5047138487904265 0.48338635179208256 9 
2.6941176139201 0.4975465536647722 0.5006908827988061 0.479369631752851 0.5015465536647722 0.5046908827988061 0.483369631752851 9 
2.6886422942316 0.4975419496946694 0.5006678551659401 0.47935304478239954 0.5015419496946694 0.5046678551659401 0.48335304478239954 9 
2.6831870243116 0.4975372230759573 0.500644794068757 0.4793365940281969 0.5015372230759573 0.504644794068757 0.4833365940281969 9 
2.6777516872294 0.49753243357227656 0.5006217219577039 0.47932027495853463 0.5015324335722765 0.5046217219577039 0.48332027495853463 9 
2.6723361669889 0.49752755757839356 0.5005985374475452 0.4793040868306558 0.5015275575783935 0.5045985374475452 0.4833040868306558 9 
2.6669388861383 0.4975225392668539 0.5005752180958452 0.4792880466350647 0.5015225392668539 0.5045752180958452 0.4832880466350647 9 
2.6615590885918 0.49751737196532514 0.5005516869316133 0.4792721232444995 0.5015173719653251 0.5045516869316133 0.48327212324449953 9 
2.6561987835508 0.4975121148213241 0.5005279591840892 0.47925630150752296 0.5015121148213241 0.5045279591840892 0.48325630150752297 9 
2.6508578585405 0.49750676266082244 0.5005040543672086 0.479240639391091 0.5015067626608224 0.5045040543672086 0.483240639391091 9 
2.6455362019753 0.49750129257884024 0.5004799618244784 0.4792252132585525 0.5015012925788402 0.5044799618244784 0.4832252132585525 9 
2.6402337031506 0.4974957665316908 0.5004556724574165 0.47920997933415443 0.5014957665316908 0.5044556724574165 0.48320997933415444 9 
2.6349502522329 0.4974902575507273 0.5004311879062907 0.47919485506944504 0.5014902575507273 0.5044311879062907 0.48319485506944504 9 
2.6296857402522 0.4974846660516762 0.5004065368702212 0.4791798242068305 0.5014846660516762 0.5044065368702212 0.4831798242068305 9 
2.6244400590924 0.49747897984530737 0.5003816765740977 0.47916488044918293 0.5014789798453073 0.5043816765740977 0.48316488044918293 9 
2.6192131014838 0.49747320108267035 0.5003566120951163 0.479150011292838 0.5014732010826704 0.5043566120951163 0.483150011292838 9 
2.6140014850298 0.4974674062609434 0.5003313894975718 0.47913519212531736 0.5014674062609433 0.5043313894975718 0.48313519212531736 9 
2.6088080779502 0.4974615840325154 0.5003060884799339 0.4791203937858615 0.5014615840325154 0.5043060884799339 0.4831203937858615 9 
2.6036330954259 0.49745568835718584 0.5002806373822861 0.47910562619160113 0.5014556883571858 0.5042806373822861 0.48310562619160113 9 
2.5984764333688 0.497449714108099 0.5002550035995532 0.4790909218425011 0.501449714108099 0.5042550035995532 0.48309092184250113 9 
2.5933379884962 0.4974437798423384 0.5002292704367243 0.4790762296201058 0.5014437798423383 0.5042292704367243 0.4830762296201058 9 
2.5882176583238 0.4974379030770747 0.500203506094051 0.4790615727366917 0.5014379030770747 0.504203506094051 0.4830615727366917 9 
2.5831153411572 0.4974320523893517 0.5001777446411065 0.4790469068810919 0.5014320523893516 0.5041777446411065 0.4830469068810919 9 
2.5780309360845 0.4974261677198503 0.5001519748753959 0.4790321608695886 0.5014261677198503 0.5041519748753959 0.4830321608695886 9 
2.5729643429684 0.4974202334822991 0.5001261749690064 0.47901725875651074 0.501420233482299 0.5041261749690064 0.48301725875651075 9 
2.5679146480014 0.49741425323057264 0.5001003355604056 0.4790022179819142 0.5014142532305726 0.5041003355604056 0.48300221798191423 9 
2.5628797707525 0.4974081819214676 0.500074427811088 0.47898705800833796 0.5014081819214675 0.504074427811088 0.48298705800833797 9 
2.5578624272738 0.49740205144932864 0.5000484062813597 0.4789717687865126 0.5014020514493286 0.5040484062813597 0.4829717687865126 9 
2.5528625203371 0.4973959312182979 0.5000222779203158 0.478956354575759 0.5013959312182978 0.5040222779203158 0.48295635457575903 9 
2.5478799534532 0.49738982696536993 0.4999960848287559 0.4789407492462424 0.5013898269653699 0.5039960848287559 0.4829407492462424 9 
2.5429146308645 0.4973837896936157 0.499969827861221 0.4789249634547288 0.5013837896936156 0.503969827861221 0.4829249634547288 9 
2.5379664575381 0.4973777513453716 0.49994350166339974 0.47890906170299435 0.5013777513453715 0.5039435016633997 0.48290906170299436 9 
2.5330353391588 0.4973717146876366 0.4999171419378382 0.4788930951103171 0.5013717146876365 0.5039171419378382 0.4828930951103171 9 
2.5281211821226 0.49736571438961347 0.4998906934029056 0.4788770964800434 0.5013657143896134 0.5038906934029056 0.4828770964800434 9 
2.5232238935291 0.49735973312579385 0.49986418505844343 0.47886102265341535 0.5013597331257938 0.5038641850584434 0.48286102265341535 9 
2.5183421205572 0.49735379176035127 0.4998375903587172 0.4788448222301539 0.5013537917603512 0.5038375903587172 0.4828448222301539 9 
2.5134746641511 0.497347869045836 0.4998109112913195 0.4788285201630764 0.501347869045836 0.5038109112913195 0.4828285201630764 9 
2.5086238190324 0.4973419757774366 0.49978415387580744 0.47881221143020497 0.5013419757774366 0.5037841538758074 0.482812211430205 9 
2.5037894949392 0.49733610089862 0.49975735760725337 0.4787958732473301 0.50133610089862 0.5037573576072534 0.4827958732473301 9 
2.498971980488 0.4973302690427788 0.49973062265664736 0.4787795214295678 0.5013302690427788 0.5037306226566474 0.4827795214295678 9 
2.4941700520989 0.49732449232593146 0.49970387204544786 0.47876319083192065 0.5013244923259315 0.5037038720454479 0.48276319083192065 9 
2.4893847562387 0.4973187848197156 0.4996770735629197 0.4787469048818581 0.5013187848197156 0.5036770735629197 0.4827469048818581 9 
2.4846156269772 0.49731315888476235 0.4996502594498272 0.4787306594756535 0.5013131588847624 0.5036502594498272 0.4827306594756535 9 
2.4798625773882 0.4973075702650487 0.49962342429739315 0.47871444016082465 0.5013075702650487 0.5036234242973932 0.48271444016082465 9 
2.4751255211488 0.49730197706983936 0.49959659004660295 0.47869823099941144 0.5013019770698394 0.503596590046603 0.48269823099941145 9 
2.4704033768435 0.4972963708585871 0.4995697601234733 0.47868202924442443 0.501296370858587 0.5035697601234733 0.48268202924442444 9 
2.4656944006766 0.497290698004208 0.4995429365885784 0.47866586433038244 0.501290698004208 0.5035429365885784 0.48266586433038244 9 
2.4610011798267 0.4972849373407947 0.4995161142507025 0.47864977413570964 0.5012849373407947 0.5035161142507025 0.48264977413570964 9 
2.4563236303683 0.49727918729650494 0.49948933470783363 0.4786336866117382 0.5012791872965049 0.5034893347078336 0.4826336866117382 9 
2.4516616689885 0.4972734065067022 0.49946261606242337 0.4786175964038721 0.5012734065067022 0.5034626160624234 0.4826175964038721 9 
2.4470152129813 0.4972675264479333 0.49943588989411536 0.47860146007319526 0.5012675264479333 0.5034358898941154 0.48260146007319527 9 
2.4423841802423 0.4972615657266548 0.49940911382140496 0.4785852632849417 0.5012615657266548 0.503409113821405 0.4825852632849417 9 
2.4377684892625 0.4972555210251339 0.4993822102063309 0.47856912022626535 0.5012555210251338 0.5033822102063309 0.48256912022626536 9 
2.4331680591237 0.4972494772054851 0.49935520188165206 0.4785529731360016 0.5012494772054851 0.5033552018816521 0.4825529731360016 9 
2.4285828094924 0.4972435020033336 0.49932819367768755 0.4785367308968665 0.5012435020033336 0.5033281936776876 0.4825367308968665 9 
2.4240126606144 0.49723769603327544 0.49930121259845295 0.4785203843689107 0.5012376960332754 0.503301212598453 0.4825203843689107 9 
2.4194538637356 0.4972320017760241 0.4992743210570756 0.4785038954731442 0.5012320017760241 0.5032743210570756 0.4825038954731442 9 
2.4149100214878 0.4972263681377557 0.4992475331455024 0.47848726224339666 0.5012263681377557 0.5032475331455024 0.48248726224339666 9 
2.410381060985 0.49722082341995544 0.4992208604195981 0.4784704952559862 0.5012208234199554 0.5032208604195981 0.4824704952559862 9 
2.4058669046354 0.4972153598310911 0.4991942372787207 0.4784536086776843 0.5012153598310911 0.5031942372787207 0.4824536086776843 9 
2.4013674754014 0.4972099616593271 0.4991676272761729 0.4784366134789645 0.5012099616593271 0.5031676272761729 0.4824366134789645 9 
2.396882696795 0.4972046850722205 0.4991410190076002 0.478419516629954 0.5012046850722205 0.5031410190076002 0.482419516629954 9 
2.3924124928724 0.49719952222493785 0.4991143374628988 0.47840230537959716 0.5011995222249378 0.5031143374628988 0.48240230537959716 9 
2.3879567882293 0.49719450442914936 0.4990875860216726 0.4783849390217409 0.5011945044291494 0.5030875860216726 0.4823849390217409 9 
2.3835155079961 0.49718956641804146 0.4990607852222637 0.4783674844092095 0.5011895664180415 0.5030607852222637 0.4823674844092095 9 
2.3790885778331 0.49718471080431886 0.49903386752238676 0.47835003403294496 0.5011847108043188 0.5030338675223868 0.48235003403294496 9 
2.3746739909273 0.4971799309145032 0.49900684930667893 0.4783326830692126 0.5011799309145032 0.5030068493066789 0.4823326830692126 9 
2.3702718540797 0.4971751884656135 0.4989797554595239 0.47831540877451745 0.5011751884656135 0.5029797554595239 0.48231540877451745 9 
2.365883864053 0.49717048701654615 0.4989526093637485 0.4782981859855296 0.5011704870165461 0.5029526093637485 0.4822981859855296 9 
2.361509948479 0.4971658186789612 0.4989254969874165 0.47828103653899695 0.5011658186789612 0.5029254969874165 0.48228103653899695 9 
2.357150035497 0.49716110225534543 0.49889843294087644 0.4782639225096049 0.5011611022553454 0.5028984329408764 0.4822639225096049 9 
2.3528040537491 0.49715631493522366 0.49887138970243716 0.47824681779061695 0.5011563149352236 0.5028713897024372 0.48224681779061696 9 
2.3484719323754 0.4971514618124959 0.49884438145265275 0.4782297097755498 0.5011514618124959 0.5028443814526528 0.4822297097755498 9 
2.3441536010102 0.4971465840536282 0.4988173462380807 0.47821249073745437 0.5011465840536282 0.5028173462380807 0.48221249073745437 9 
2.3398489897773 0.4971416667902287 0.49879024685805584 0.47819518673574657 0.5011416667902286 0.5027902468580558 0.4821951867357466 9 
2.3355580292858 0.49713666912896354 0.49876313824745133 0.4781778341039754 0.5011366691289635 0.5027631382474513 0.4821778341039754 9 
2.3312806506255 0.4971315595659817 0.4987359647916568 0.4781604141360826 0.5011315595659817 0.5027359647916568 0.4821604141360826 9 
2.3270136617715 0.4971263638841049 0.49870864333729026 0.478142927194399 0.5011263638841049 0.5027086433372903 0.482142927194399 9 
2.3227595414562 0.49712114007658503 0.4986811869044706 0.47812534541956925 0.501121140076585 0.5026811869044706 0.48212534541956925 9 
2.3185188154561 0.49711589396231776 0.4986536209175868 0.47810768617466387 0.5011158939623177 0.5026536209175868 0.4821076861746639 9 
2.3142914166462 0.49711063100649794 0.49862594373440994 0.4780899504729513 0.5011106310064979 0.5026259437344099 0.4820899504729513 9 
2.3100772783626 0.4971053953008094 0.4985981830629289 0.4780721799841458 0.5011053953008093 0.5025981830629289 0.4820721799841458 9 
2.3058763343982 0.49710015507193667 0.498570383814139 0.47805439590259075 0.5011001550719366 0.502570383814139 0.48205439590259075 9 
2.3016885189989 0.4970949276015491 0.49854255779832357 0.47803660582323754 0.5010949276015491 0.5025425577983236 0.48203660582323754 9 
2.2975137668596 0.4970897182802281 0.49851472623935433 0.4780188460437707 0.5010897182802281 0.5025147262393543 0.4820188460437707 9 
2.2933520131206 0.4970845682474435 0.49848701457699507 0.47800111188299954 0.5010845682474435 0.5024870145769951 0.48200111188299954 9 
2.2892031933632 0.4970794583288483 0.4984593362648695 0.4779834111122748 0.5010794583288483 0.5024593362648695 0.48198341111227483 9 
2.2850672436064 0.49707443705791515 0.49843163723773043 0.4779657718635259 0.5010744370579151 0.5024316372377304 0.4819657718635259 9 
2.2809405558184 0.4970694382799378 0.4984039511654693 0.4779482662278298 0.5010694382799378 0.5024039511654693 0.4819482662278298 9 
2.2768264373691 0.4970644494277207 0.4983762925600618 0.4779309156669983 0.5010644494277207 0.5023762925600618 0.4819309156669983 9 
2.2727250156917 0.497059503762375 0.49834866563208746 0.47791368690472347 0.501059503762375 0.5023486656320875 0.48191368690472347 9 
2.2686362284241 0.49705455424405703 0.49832101402180773 0.4778965541219886 0.501054554244057 0.5023210140218077 0.4818965541219886 9 
2.2645600136242 0.49704963075950187 0.4982933544183855 0.4778794960927155 0.5010496307595018 0.5022933544183855 0.4818794960927155 9 
2.2604963097658 0.49704468616852365 0.4982656952359428 0.47786258645556956 0.5010446861685236 0.5022656952359428 0.48186258645556956 9 
2.2564450557355 0.4970396638556165 0.49823801899297726 0.47784578485254064 0.5010396638556165 0.5022380189929773 0.48184578485254065 9 
2.2524061908289 0.4970345543386033 0.4982103394629571 0.4778290061658606 0.5010345543386032 0.5022103394629571 0.4818290061658606 9 
2.2483798948754 0.4970293771738188 0.49818264825291914 0.4778121856041018 0.5010293771738188 0.5021826482529191 0.48181218560410183 9 
2.2443653875696 0.49702413924724886 0.49815491661580946 0.4777953008599814 0.5010241392472489 0.5021549166158095 0.4817953008599814 9 
2.2403633298703 0.4970188072565622 0.4981271621724168 0.4777783625146377 0.5010188072565622 0.5021271621724168 0.4817783625146377 9 
2.2363702512927 0.49701339949780826 0.4980993693589941 0.47776142941046057 0.5010133994978082 0.5020993693589941 0.4817614294104606 9 
2.2323886957508 0.49700798614671243 0.49807156341957526 0.47774453733782674 0.5010079861467124 0.5020715634195753 0.48174453733782674 9 
2.228419189411 0.49700258744360043 0.4980437790553932 0.47772768304774493 0.5010025874436004 0.5020437790553932 0.48172768304774494 9 
2.2244616742465 0.4969972242825255 0.49801593950391077 0.47771083553899196 0.5009972242825255 0.5020159395039108 0.48171083553899197 9 
2.2205160926137 0.49699188975980424 0.49798810503261676 0.47769402856568977 0.5009918897598042 0.5019881050326167 0.48169402856568977 9 
2.2165823872486 0.49698654774697626 0.49796033108097915 0.47767726508992325 0.5009865477469763 0.5019603310809791 0.48167726508992326 9 
2.2126605012635 0.49698121378704907 0.4979326082498389 0.47766052139255616 0.5009812137870491 0.5019326082498389 0.48166052139255616 9 
2.2087503781445 0.496975871490116 0.4979049059979634 0.4776437731728989 0.500975871490116 0.5019049059979633 0.4816437731728989 9 
2.2048519617476 0.4969705524187491 0.4978772379136292 0.47762701107374467 0.5009705524187491 0.5018772379136291 0.48162701107374467 9 
2.2009651962963 0.49696527132427815 0.4978495995067201 0.4776102798654747 0.5009652713242781 0.50184959950672 0.4816102798654747 9 
2.197090026378 0.49695999156302734 0.49782202025771544 0.47759363323318293 0.5009599915630273 0.5018220202577154 0.48159363323318294 9 
2.1932244201332 0.4969547027331846 0.4977944815221567 0.47757706478649325 0.5009547027331845 0.5017944815221567 0.48157706478649326 9 
2.1893685122466 0.496949406926233 0.4977669416939087 0.47756058916006794 0.500949406926233 0.5017669416939087 0.48156058916006794 9 
2.1855240515174 0.4969441168430764 0.49773935925552265 0.47754425193038696 0.5009441168430764 0.5017393592555226 0.48154425193038697 9 
2.1816909838723 0.49693883653399873 0.49771179007687927 0.4775281206192044 0.5009388365339987 0.5017117900768793 0.4815281206192044 9 
2.1778692555878 0.49693361259158864 0.4976842834634997 0.4775121279982747 0.5009336125915886 0.5016842834634997 0.4815121279982747 9 
2.1740588132877 0.4969284331982841 0.49765682192182165 0.4774962077630403 0.5009284331982841 0.5016568219218216 0.4814962077630403 9 
2.1702596039401 0.4969232138062357 0.49762936886087267 0.47748040879972925 0.5009232138062357 0.5016293688608726 0.48148040879972925 9 
2.1664715748545 0.4969179332243867 0.4976019411666237 0.47746471174223387 0.5009179332243867 0.5016019411666237 0.4814647117422339 9 
2.162694673679 0.4969125670904551 0.49757448399673615 0.4774490862872119 0.5009125670904551 0.5015744839967361 0.4814490862872119 9 
2.1589288483977 0.49690706403464857 0.49754692052755506 0.477433490160986 0.5009070640346486 0.501546920527555 0.481433490160986 9 
2.1551740473277 0.49690149099083464 0.4975192304664537 0.4774179348977402 0.5009014909908346 0.5015192304664536 0.4814179348977402 9 
2.1514302191168 0.4968958436577378 0.4974914117533427 0.47740243060421605 0.5008958436577378 0.5014914117533427 0.48140243060421606 9 
2.1476935887478 0.49689012833322704 0.49746345459846236 0.47738697497770116 0.500890128333227 0.5014634545984623 0.48138697497770117 9 
2.1439677772138 0.49688435931248115 0.4974353678796343 0.47737159171242277 0.5008843593124811 0.5014353678796343 0.4813715917124228 9 
2.1402528018799 0.49687848982809124 0.4974071946103216 0.47735625690662936 0.5008784898280912 0.5014071946103216 0.48135625690662937 9 
2.1365486126047 0.4968724874158211 0.4973789087591639 0.4773409934992085 0.500872487415821 0.5013789087591639 0.4813409934992085 9 
2.1328551595646 0.49686638869490213 0.49735049925520264 0.4773257987799387 0.5008663886949021 0.5013504992552026 0.4813257987799387 9 
2.1291723932513 0.4968601951854818 0.4973219603981243 0.47731062628523063 0.5008601951854817 0.5013219603981243 0.48131062628523064 9 
2.1255002644696 0.4968539197980398 0.49729324612401826 0.4772954595672412 0.5008539197980397 0.5012932461240183 0.4812954595672412 9 
2.1218387243342 0.4968475687140437 0.4972643578168758 0.4772803301106525 0.5008475687140437 0.5012643578168757 0.4812803301106525 9 
2.118187724268 0.4968411714395881 0.4972353456732535 0.477265305893336 0.5008411714395881 0.5012353456732535 0.481265305893336 9 
2.1145472159991 0.49683476393441744 0.4972063338445122 0.47725044761783936 0.5008347639344174 0.5012063338445122 0.48125044761783936 9 
2.1109171515583 0.49682830608915235 0.4971773019314214 0.4772357470167749 0.5008283060891523 0.5011773019314214 0.4812357470167749 9 
2.1072966550091 0.4968218643793095 0.4971482718478858 0.4772212336326381 0.5008218643793094 0.5011482718478858 0.4812212336326381 9 
2.1036835284525 0.4968154406235769 0.4971192485975702 0.47720690283687606 0.5008154406235769 0.5011192485975702 0.48120690283687606 9 
2.1000807188935 0.4968090065353483 0.49709023346824216 0.47719272121832157 0.5008090065353483 0.5010902334682421 0.4811927212183216 9 
2.0964881794689 0.4968025538440543 0.4970612121707962 0.47717867125545543 0.5008025538440543 0.5010612121707961 0.48117867125545544 9 
2.0929058636071 0.4967960527162579 0.49703218501529295 0.47716473308364177 0.5007960527162578 0.5010321850152929 0.48116473308364177 9 
2.0893337250261 0.4967895357427865 0.49700311036449774 0.4771508768743507 0.5007895357427865 0.5010031103644977 0.4811508768743507 9 
2.0857717177306 0.49678303585932626 0.4969740116023353 0.4771370519615231 0.5007830358593263 0.5009740116023352 0.4811370519615231 9 
2.0822197960104 0.49677650253132727 0.4969449014116229 0.47712330181684837 0.5007765025313272 0.5009449014116228 0.48112330181684837 9 
2.0786779144378 0.4967698516962817 0.496915757004989 0.47710965807214123 0.5007698516962816 0.500915757004989 0.48110965807214123 9 
2.0751460278654 0.4967631156098496 0.49688652219850205 0.4770960867542609 0.5007631156098495 0.500886522198502 0.4810960867542609 9 
2.0716240914239 0.4967563728663959 0.49685720115837956 0.4770825678635302 0.5007563728663958 0.5008572011583795 0.4810825678635302 9 
2.0681120605201 0.49674960831012394 0.49682778518769943 0.4770690951775279 0.5007496083101239 0.5008277851876994 0.4810690951775279 9 
2.0646090298741 0.4967427706063934 0.4967982614674783 0.4770557345517266 0.5007427706063934 0.5007982614674783 0.4810557345517266 9 
2.0611128517163 0.4967358802109051 0.4967686589229488 0.47704248909801034 0.5007358802109051 0.5007686589229488 0.48104248909801034 9 
2.0576264620118 0.49672892430860194 0.4967389673259323 0.47702936577366145 0.5007289243086019 0.5007389673259323 0.48102936577366145 9 
2.0541498171705 0.49672185950685976 0.4967092032908896 0.47701639100418947 0.5007218595068598 0.5007092032908895 0.48101639100418947 9 
2.0506828738688 0.49671469989644307 0.49667936346330555 0.4770034852009751 0.500714699896443 0.5006793634633055 0.4810034852009751 9 
2.0472255890465 0.4967075023475479 0.49664942827664293 0.47699062071608483 0.5007075023475479 0.5006494282766429 0.48099062071608484 9 
2.0437779199054 0.4967002729895672 0.496619400096015 0.47697781752983215 0.5007002729895672 0.500619400096015 0.48097781752983215 9 
2.0403398239073 0.49669300406028477 0.49658928050432394 0.47696511454309176 0.5006930040602847 0.5005892805043239 0.48096511454309177 9 
2.0369112587715 0.4966857092162747 0.49655922041615846 0.4769524503015019 0.5006857092162746 0.5005592204161584 0.4809524503015019 9 
2.0334921824735 0.4966783621501181 0.49652921676112155 0.4769398060498343 0.5006783621501181 0.5005292167611215 0.48093980604983433 9 
2.0300825532424 0.49667091753713166 0.4964991999103361 0.47692718154356867 0.5006709175371317 0.5004991999103361 0.48092718154356867 9 
2.0266823295594 0.49666341175436957 0.49646913727854974 0.47691462439812266 0.5006634117543696 0.5004691372785497 0.48091462439812266 9 
2.0232914664964 0.49665584385882716 0.49643901111089733 0.47690217367380905 0.5006558438588271 0.5004390111108973 0.48090217367380905 9 
2.0199060829107 0.49664818047042214 0.49640883390688506 0.47688987366576996 0.5006481804704221 0.5004088339068851 0.48088987366576996 9 
2.0165299966681 0.4966404728137977 0.4963786542939845 0.47687771643003496 0.5006404728137976 0.5003786542939844 0.48087771643003496 9 
2.0131631671614 0.4966327059420737 0.4963485030279281 0.47686568984189315 0.5006327059420737 0.5003485030279281 0.48086568984189315 9 
2.009805554027 0.49662486050147586 0.49631836668429824 0.4768537838819846 0.5006248605014758 0.5003183666842982 0.48085378388198463 9 
2.0064571171418 0.4966169257766953 0.49628821464044215 0.4768420017789015 0.5006169257766953 0.5002882146404422 0.4808420017789015 9 
2.0031178166226 0.49660898857055635 0.49625808032272195 0.4768303552453636 0.5006089885705564 0.5002580803227219 0.4808303552453636 9 
